Case_ID, Slide_ID, mae, mse, ssim
5266205, 1, 52.08549783549783, 14.148268398268398, 0.9992939829826355
5266205, 2, 50.760822510822514, 13.081168831168831, 0.9996578693389893
5266205, 3, 52.4534632034632, 12.418831168831169, 0.9996758699417114
5266205, 4, 46.16125541125541, 12.63961038961039, 0.9994919896125793
5266205, 5, 48.976190476190474, 12.382034632034632, 0.9996196627616882
5266205, 6, 49.17857142857143, 11.535714285714286, 0.9993477463722229
5266205, 7, 50.04329004329004, 10.670995670995671, 0.9993473887443542
5266205, 8, 48.95779220779221, 8.04004329004329, 0.9995317459106445
5266205, 9, 50.13528138528139, 10.79978354978355, 0.999372661113739
5266205, 10, 56.33549783549783, 13.964285714285714, 0.9990197420120239
5266205, 11, 56.298701298701296, 10.928571428571429, 0.9991793632507324
5266205, 12, 50.44805194805195, 8.316017316017316, 0.9993900060653687
5266205, 13, 41.85606060606061, 3.7716450216450217, 0.9995822906494141
5266205, 14, 46.510822510822514, 6.016233766233766, 0.9994745254516602
5266205, 15, 50.926406926406926, 8.168831168831169, 0.9993954300880432
5266205, 16, 49.52813852813853, 9.806277056277056, 0.9995147585868835
5266205, 17, 48.663419913419915, 8.941558441558442, 0.9995972514152527
5266205, 18, 46.89718614718615, 7.543290043290043, 0.9995911717414856
5266205, 19, 43.824675324675326, 7.028138528138528, 0.9996929168701172
5266205, 20, 40.21861471861472, 4.5995670995671, 0.999821126461029
5266205, 21, 41.54329004329004, 4.25, 0.9998346567153931
5266205, 22, 40.62337662337662, 3.79004329004329, 0.9998506307601929
5266205, 23, 40.25541125541125, 4.562770562770563, 0.9998582005500793
5266205, 24, 42.22402597402598, 3.4404761904761907, 0.9998542070388794
5266205, 25, 43.603896103896105, 2.75974025974026, 0.9998598098754883
5266205, 26, 44.96536796536797, 4.489177489177489, 0.9998336434364319
5266205, 27, 42.904761904761905, 7.1937229437229435, 0.9998509287834167
5266205, 28, 40.07142857142857, 7.81926406926407, 0.9998505115509033
5266205, 29, 40.56818181818182, 7.396103896103896, 0.999823272228241
5266205, 30, 50.15367965367965, 10.413419913419913, 0.999482274055481
5110047, 1, 43.806277056277054, 13.062770562770563, 0.999652624130249
5110047, 2, 43.18073593073593, 11.738095238095237, 0.9996221661567688
5110047, 3, 46.47402597402598, 13.007575757575758, 0.9995374083518982
5110047, 4, 46.38203463203463, 16.705627705627705, 0.999483585357666
5110047, 5, 44.22943722943723, 12.676406926406926, 0.9996679425239563
5110047, 6, 42.683982683982684, 11.49891774891775, 0.9996139407157898
5110047, 7, 42.003246753246756, 9.603896103896103, 0.9996541738510132
5110047, 8, 42.794372294372295, 10.063852813852813, 0.9996472597122192
5110047, 9, 44.81818181818182, 10.155844155844155, 0.9997356534004211
5110047, 10, 47.743506493506494, 10.818181818181818, 0.9997602105140686
5110047, 11, 43.603896103896105, 10.137445887445887, 0.9997328519821167
5110047, 12, 44.946969696969695, 8.683982683982684, 0.9997611045837402
5110047, 13, 43.438311688311686, 10.137445887445887, 0.9997568726539612
5110047, 14, 39.832251082251084, 8.481601731601732, 0.9997725486755371
5110047, 15, 49.693722943722946, 10.33982683982684, 0.9997178316116333
5110047, 16, 55.39718614718615, 11.002164502164502, 0.9997168183326721
5110047, 17, 51.625541125541126, 11.811688311688311, 0.9997613430023193
5110047, 18, 44.027056277056275, 8.463203463203463, 0.9997868537902832
5110047, 19, 42.18722943722944, 8.812770562770563, 0.999790370464325
5110047, 20, 38.61796536796537, 7.1017316017316015, 0.9997751116752625
5110047, 21, 42.518398268398265, 7.248917748917749, 0.9997872710227966
5110047, 22, 40.71536796536797, 6.770562770562771, 0.9998046159744263
5110047, 23, 37.29329004329004, 6.917748917748917, 0.9998169541358948
5110047, 24, 37.256493506493506, 8.886363636363637, 0.999819815158844
5110047, 25, 42.371212121212125, 12.4004329004329, 0.999819815158844
5110047, 26, 45.333333333333336, 12.786796536796537, 0.9998154640197754
5110047, 27, 46.124458874458874, 9.732683982683982, 0.9997859001159668
5110047, 28, 44.28463203463203, 9.953463203463203, 0.9996060132980347
5110047, 29, 42.29761904761905, 11.37012987012987, 0.999635636806488
5110047, 30, 40.54978354978355, 7.690476190476191, 0.9997671246528625
4954663, 1, 54.51406926406926, 11.83008658008658, 0.9995352029800415
4954663, 2, 50.90800865800866, 11.627705627705629, 0.9995459914207458
4954663, 3, 51.53354978354978, 12.75, 0.9995488524436951
4954663, 4, 45.62770562770563, 12.087662337662337, 0.9995457530021667
4954663, 5, 40.07142857142857, 14.166666666666666, 0.9991400241851807
4954663, 6, 41.94805194805195, 12.382034632034632, 0.9990805387496948
4954663, 7, 44.33982683982684, 11.296536796536797, 0.9994576573371887
4954663, 8, 40.78896103896104, 10.027056277056277, 0.9990507960319519
4954663, 9, 41.0465367965368, 10.487012987012987, 0.999223530292511
4954663, 10, 41.00974025974026, 9.438311688311689, 0.9994781017303467
4954663, 11, 36.557359307359306, 10.579004329004329, 0.999252200126648
4954663, 12, 46.510822510822514, 8.996753246753247, 0.9995396137237549
4954663, 13, 44.21103896103896, 8.831168831168831, 0.9995778203010559
4954663, 14, 36.53896103896104, 9.86147186147186, 0.9994986057281494
4954663, 15, 41.175324675324674, 10.10064935064935, 0.9995378255844116
4954663, 16, 38.1948051948052, 8.794372294372295, 0.999478280544281
4954663, 17, 47.48593073593074, 8.794372294372295, 0.9996576905250549
4954663, 18, 35.34307359307359, 8.316017316017316, 0.9995858073234558
4954663, 19, 35.12229437229437, 5.832251082251083, 0.9996156692504883
4954663, 20, 56.33549783549783, 9.843073593073592, 0.9996621608734131
4954663, 21, 39.997835497835496, 9.033549783549784, 0.9996209144592285
4954663, 22, 40.273809523809526, 7.911255411255412, 0.9997639656066895
4954663, 23, 36.88852813852814, 8.555194805194805, 0.9997270107269287
4954663, 24, 37.29329004329004, 9.1991341991342, 0.9997512102127075
4954663, 25, 38.9491341991342, 7.285714285714286, 0.999729335308075
4954663, 26, 43.23593073593074, 7.9480519480519485, 0.9996951818466187
4954663, 27, 43.45670995670996, 9.898268398268398, 0.9996384978294373
4954663, 28, 46.75, 10.68939393939394, 0.9996421933174133
4954663, 29, 43.107142857142854, 9.935064935064934, 0.9997134208679199
4954663, 30, 41.396103896103895, 9.971861471861471, 0.9997029900550842
4899760, 1, 44.50541125541125, 2.3733766233766236, 0.9994290471076965
4899760, 2, 55.010822510822514, 2.115800865800866, 0.9994798898696899
4899760, 3, 49.65692640692641, 4.305194805194805, 0.9995976686477661
4899760, 4, 48.25865800865801, 9.1991341991342, 0.9994837641716003
4899760, 5, 44.70779220779221, 8.463203463203463, 0.9995747804641724
4899760, 6, 53.18939393939394, 11.002164502164502, 0.9990264773368835
4899760, 7, 47.08116883116883, 4.691558441558442, 0.9995260238647461
4899760, 8, 44.15584415584416, 2.5573593073593073, 0.999579906463623
4899760, 9, 43.75108225108225, 5.409090909090909, 0.9995402693748474
4899760, 10, 54.93722943722944, 8.628787878787879, 0.9995096325874329
4899760, 11, 43.806277056277054, 7.083333333333333, 0.9995578527450562
4899760, 12, 50.55844155844156, 3.9740259740259742, 0.999560534954071
4899760, 13, 50.595238095238095, 7.690476190476191, 0.9993338584899902
4899760, 14, 46.0508658008658, 5.924242424242424, 0.9994823932647705
4899760, 15, 55.746753246753244, 9.953463203463203, 0.998948872089386
4899760, 16, 41.745670995671, 4.949134199134199, 0.9995027780532837
4899760, 17, 42.11363636363637, 6.108225108225108, 0.9995108842849731
4899760, 18, 44.836580086580085, 3.3852813852813854, 0.999606192111969
4899760, 19, 40.84415584415584, 6.991341991341991, 0.9994884729385376
4899760, 20, 41.32251082251082, 8.168831168831169, 0.999610960483551
4899760, 21, 51.938311688311686, 10.744588744588745, 0.9995467662811279
4899760, 22, 57.18181818181818, 10.928571428571429, 0.9994733333587646
4899760, 23, 50.04329004329004, 8.73917748917749, 0.9996103644371033
4899760, 24, 48.277056277056275, 6.108225108225108, 0.9996097683906555
4899760, 25, 57.23701298701299, 8.665584415584416, 0.9995269775390625
4899760, 26, 54.56926406926407, 12.566017316017316, 0.9994368553161621
4899760, 27, 58.81926406926407, 16.963203463203463, 0.9993504285812378
4899760, 28, 58.59848484848485, 14.479437229437229, 0.9993337392807007
4899760, 29, 59.150432900432904, 11.204545454545455, 0.9993653297424316
4899760, 30, 45.922077922077925, 5.5562770562770565, 0.999602735042572
5262914_2, 1, 45.55411255411256, 14.902597402597403, 0.998842716217041
5262914_2, 2, 47.30194805194805, 15.454545454545455, 0.9988021850585938
5262914_2, 3, 48.09307359307359, 17.386363636363637, 0.9990267753601074
5262914_2, 4, 47.32034632034632, 17.183982683982684, 0.9990271329879761
5262914_2, 5, 46.41883116883117, 13.761904761904763, 0.9992094039916992
5262914_2, 6, 46.0508658008658, 16.264069264069263, 0.9991001486778259
5262914_2, 7, 44.15584415584416, 16.356060606060606, 0.9990662336349487
5262914_2, 8, 45.66450216450217, 12.566017316017316, 0.9992565512657166
5262914_2, 9, 48.79220779220779, 12.86038961038961, 0.9993736743927002
5262914_2, 10, 44.57900432900433, 12.823593073593074, 0.9993942975997925
5262914_2, 11, 42.94155844155844, 11.222943722943723, 0.9994237422943115
5262914_2, 12, 43.9534632034632, 12.437229437229437, 0.9994580745697021
5262914_2, 13, 45.057359307359306, 12.970779220779221, 0.9995090961456299
5262914_2, 14, 43.8982683982684, 13.596320346320347, 0.9994698762893677
5262914_2, 15, 38.746753246753244, 13.504329004329005, 0.999302864074707
5262914_2, 16, 46.142857142857146, 10.56060606060606, 0.9994927048683167
5262914_2, 17, 51.22077922077922, 11.075757575757576, 0.999550461769104
5262914_2, 18, 58.26731601731602, 12.805194805194805, 0.9995376467704773
5262914_2, 19, 44.48701298701299, 12.878787878787879, 0.9995790719985962
5262914_2, 20, 43.824675324675326, 12.106060606060606, 0.9995971918106079
5262914_2, 21, 39.31709956709957, 10.45021645021645, 0.999520480632782
5262914_2, 22, 39.40909090909091, 10.762987012987013, 0.9995957612991333
5262914_2, 23, 41.782467532467535, 10.854978354978355, 0.999686062335968
5262914_2, 24, 42.29761904761905, 11.480519480519481, 0.9996795058250427
5262914_2, 25, 44.303030303030305, 11.646103896103897, 0.9997548460960388
5262914_2, 26, 39.85064935064935, 10.891774891774892, 0.9997220039367676
5262914_2, 27, 43.217532467532465, 12.878787878787879, 0.9996750950813293
5262914_2, 28, 40.54978354978355, 14.387445887445887, 0.9994246959686279
5262914_2, 29, 41.37770562770563, 14.387445887445887, 0.9994412660598755
5262914_2, 30, 44.06385281385281, 13.4491341991342, 0.9995073676109314
5216902, 1, 46.06926406926407, 8.573593073593074, 0.9994940161705017
5216902, 2, 42.02164502164502, 8.334415584415584, 0.9994878172874451
5216902, 3, 41.874458874458874, 10.229437229437229, 0.9995394945144653
5216902, 4, 40.29220779220779, 8.628787878787879, 0.9996999502182007
5216902, 5, 40.03463203463203, 10.376623376623376, 0.9996513724327087
5216902, 6, 39.15151515151515, 7.138528138528138, 0.9997122287750244
5216902, 7, 40.972943722943725, 6.5313852813852815, 0.9996639490127563
5216902, 8, 40.08982683982684, 7.6352813852813854, 0.9995372295379639
5216902, 9, 42.53679653679654, 6.825757575757576, 0.9996376633644104
5216902, 10, 43.107142857142854, 7.745670995670996, 0.9997161030769348
5216902, 11, 50.22727272727273, 6.273809523809524, 0.9997837543487549
5216902, 12, 39.05952380952381, 6.604978354978355, 0.9997910261154175
5216902, 13, 42.481601731601735, 8.518398268398268, 0.999710738658905
5216902, 14, 43.08874458874459, 7.322510822510822, 0.9998005032539368
5216902, 15, 44.26623376623377, 9.346320346320347, 0.9998024702072144
5216902, 16, 44.192640692640694, 8.518398268398268, 0.9998027682304382
5216902, 17, 41.54329004329004, 9.475108225108226, 0.9997954964637756
5216902, 18, 39.077922077922075, 9.051948051948052, 0.9998089075088501
5216902, 19, 35.65584415584416, 7.359307359307359, 0.999783992767334
5216902, 20, 37.38528138528139, 7.81926406926407, 0.9997774362564087
5216902, 21, 38.433982683982684, 6.696969696969697, 0.9997699856758118
5216902, 22, 43.8982683982684, 6.862554112554113, 0.999671995639801
5216902, 23, 42.70238095238095, 7.1017316017316015, 0.9997340440750122
5216902, 24, 43.29112554112554, 8.38961038961039, 0.9996841549873352
5216902, 25, 42.53679653679654, 7.432900432900433, 0.9997206926345825
5216902, 26, 43.05194805194805, 6.347402597402597, 0.9997507333755493
5216902, 27, 40.807359307359306, 7.083333333333333, 0.9996987581253052
5216902, 28, 40.108225108225106, 7.175324675324675, 0.9998082518577576
5216902, 29, 39.188311688311686, 9.217532467532468, 0.999813973903656
5216902, 30, 39.79545454545455, 9.125541125541126, 0.9998089075088501
5032506, 1, 59.53679653679654, 11.204545454545455, 0.9994511008262634
5032506, 2, 71.47727272727273, 9.971861471861471, 0.9989960789680481
5032506, 3, 64.68831168831169, 9.033549783549784, 0.9993041753768921
5032506, 4, 58.30411255411256, 8.444805194805195, 0.9994016885757446
5032506, 5, 63.29004329004329, 10.137445887445887, 0.9991171956062317
5032506, 6, 71.86363636363636, 13.467532467532468, 0.9986584186553955
5032506, 7, 74.40259740259741, 13.853896103896103, 0.9983933568000793
5032506, 8, 70.41017316017316, 10.468614718614718, 0.9988150000572205
5032506, 9, 64.70670995670996, 8.279220779220779, 0.9991984367370605
5032506, 10, 68.79112554112554, 9.08874458874459, 0.999051034450531
5032506, 11, 77.56709956709956, 9.530303030303031, 0.9986867904663086
5032506, 12, 71.07251082251082, 8.61038961038961, 0.9989566802978516
5032506, 13, 70.52056277056278, 11.075757575757576, 0.9990050196647644
5032506, 14, 70.77813852813853, 12.584415584415584, 0.9988963007926941
5032506, 15, 67.48484848484848, 9.971861471861471, 0.9990176558494568
5032506, 16, 72.23160173160173, 9.364718614718615, 0.9989813566207886
5032506, 17, 72.3603896103896, 10.229437229437229, 0.9989368915557861
5032506, 18, 74.53138528138528, 13.504329004329005, 0.9990177154541016
5032506, 19, 75.58008658008659, 14.221861471861471, 0.9990907907485962
5032506, 20, 75.98484848484848, 10.137445887445887, 0.9992034435272217
5032506, 21, 76.2056277056277, 12.676406926406926, 0.9992480278015137
5032506, 22, 75.1569264069264, 14.93939393939394, 0.9991645216941833
5032506, 23, 79.0021645021645, 17.3495670995671, 0.9990429878234863
5032506, 24, 77.53030303030303, 20.42207792207792, 0.9990786910057068
5032506, 25, 67.54004329004329, 15.178571428571429, 0.9994040727615356
5032506, 26, 51.25757575757576, 9.953463203463203, 0.9997684955596924
5032506, 27, 45.425324675324674, 10.192640692640692, 0.9998058080673218
5032506, 28, 60.86147186147186, 9.99025974025974, 0.9995459914207458
5032506, 29, 61.04545454545455, 10.579004329004329, 0.9995452165603638
5032506, 30, 42.003246753246756, 7.396103896103896, 0.9997809529304504
4862367, 1, 48.62662337662338, 12.106060606060606, 0.9995592832565308
4862367, 2, 48.2034632034632, 13.412337662337663, 0.9996598958969116
4862367, 3, 47.06277056277056, 12.621212121212121, 0.9995020627975464
4862367, 4, 46.823593073593074, 13.817099567099566, 0.9994584321975708
4862367, 5, 50.19047619047619, 12.087662337662337, 0.9993961453437805
4862367, 6, 46.989177489177486, 11.811688311688311, 0.999382495880127
4862367, 7, 42.849567099567096, 10.468614718614718, 0.9997140169143677
4862367, 8, 41.85606060606061, 10.56060606060606, 0.9997453093528748
4862367, 9, 44.28463203463203, 8.26082251082251, 0.9997220039367676
4862367, 10, 44.33982683982684, 10.321428571428571, 0.9995214939117432
4862367, 11, 44.11904761904762, 7.874458874458875, 0.9997498989105225
4862367, 12, 46.38203463203463, 6.788961038961039, 0.9997426271438599
4862367, 13, 40.20021645021645, 7.488095238095238, 0.9997428059577942
4862367, 14, 41.396103896103895, 6.329004329004329, 0.9995943307876587
4862367, 15, 46.78679653679654, 7.267316017316017, 0.9996107816696167
4862367, 16, 43.41991341991342, 8.003246753246753, 0.9997645020484924
4862367, 17, 41.70887445887446, 7.690476190476191, 0.999788761138916
4862367, 18, 41.02813852813853, 7.285714285714286, 0.9997954368591309
4862367, 19, 43.03354978354978, 8.076839826839826, 0.9998025894165039
4862367, 20, 41.0465367965368, 7.009740259740259, 0.999771237373352
4862367, 21, 41.48809523809524, 6.053030303030303, 0.9997967481613159
4862367, 22, 42.205627705627705, 6.08982683982684, 0.9998272657394409
4862367, 23, 41.65367965367965, 6.329004329004329, 0.999839723110199
4862367, 24, 41.41450216450217, 6.807359307359308, 0.9998517632484436
4862367, 25, 42.33441558441559, 10.247835497835498, 0.999843180179596
4862367, 26, 43.36471861471861, 8.279220779220779, 0.9998080730438232
4862367, 27, 42.75757575757576, 9.383116883116884, 0.9998226761817932
4862367, 28, 43.08874458874459, 7.856060606060606, 0.9997854828834534
4862367, 29, 37.86363636363637, 8.794372294372295, 0.9997506141662598
4862367, 30, 39.298701298701296, 6.788961038961039, 0.9997501373291016
1144246, 1, 56.79545454545455, 8.591991341991342, 0.9990853071212769
1144246, 2, 60.51190476190476, 5.5562770562770565, 0.9991585612297058
1144246, 3, 60.03354978354978, 5.225108225108225, 0.9991589784622192
1144246, 4, 59.27922077922078, 10.119047619047619, 0.9986533522605896
1144246, 5, 57.42099567099567, 10.818181818181818, 0.9989852905273438
1144246, 6, 66.36255411255411, 16.06168831168831, 0.9984159469604492
1144246, 7, 62.07575757575758, 11.738095238095237, 0.9982991218566895
1144246, 8, 60.217532467532465, 17.423160173160174, 0.9986370205879211
1144246, 9, 68.75432900432901, 19.63095238095238, 0.9980615973472595
1144246, 10, 66.16017316017316, 12.529220779220779, 0.9980798959732056
1144246, 11, 60.603896103896105, 11.333333333333334, 0.9983240365982056
1144246, 12, 78.68939393939394, 17.82792207792208, 0.9972238540649414
1144246, 13, 55.58116883116883, 6.181818181818182, 0.9988728165626526
1144246, 14, 50.04329004329004, 5.62987012987013, 0.999257504940033
1144246, 15, 50.57683982683983, 4.967532467532467, 0.9992441534996033
1144246, 16, 66.14177489177489, 10.726190476190476, 0.9981814622879028
1144246, 17, 58.984848484848484, 8.536796536796537, 0.998758852481842
1144246, 18, 52.60064935064935, 4.305194805194805, 0.9991236925125122
1144246, 19, 49.65692640692641, 3.4404761904761907, 0.9992225170135498
1144246, 20, 56.464285714285715, 4.286796536796537, 0.9993361830711365
1144246, 21, 59.518398268398265, 2.851731601731602, 0.99936842918396
1144246, 22, 46.768398268398265, 4.654761904761905, 0.9993457198143005
1144246, 23, 65.57142857142857, 8.8495670995671, 0.998479425907135
1144246, 24, 66.74891774891775, 12.786796536796537, 0.9985723495483398
1144246, 25, 63.566017316017316, 12.345238095238095, 0.9987905621528625
1144246, 26, 64.35714285714286, 14.553030303030303, 0.9986915588378906
1144246, 27, 57.49458874458875, 12.16125541125541, 0.9990084767341614
1144246, 28, 49.84090909090909, 9.824675324675324, 0.9994122982025146
1144246, 29, 52.858225108225106, 15.840909090909092, 0.9994741678237915
1144246, 30, 63.41883116883117, 24.083333333333332, 0.9984992146492004
4841237, 1, 45.84848484848485, 8.95995670995671, 0.9995409250259399
4841237, 2, 47.41233766233766, 7.892857142857143, 0.9996376633644104
4841237, 3, 54.51406926406926, 10.542207792207792, 0.9995891451835632
4841237, 4, 49.141774891774894, 8.665584415584416, 0.9996299147605896
4841237, 5, 46.8051948051948, 5.685064935064935, 0.9995983242988586
4841237, 6, 46.21645021645022, 7.782467532467533, 0.999634861946106
4841237, 7, 46.8051948051948, 5.869047619047619, 0.999656081199646
4841237, 8, 45.90367965367965, 7.46969696969697, 0.9996469020843506
4841237, 9, 45.14935064935065, 6.163419913419913, 0.9996615052223206
4841237, 10, 49.12337662337662, 8.481601731601732, 0.9996597170829773
4841237, 11, 50.22727272727273, 8.058441558441558, 0.9996448755264282
4841237, 12, 47.02597402597402, 7.064935064935065, 0.9996678233146667
4841237, 13, 44.247835497835496, 4.765151515151516, 0.9996373057365417
4841237, 14, 42.35281385281385, 2.7965367965367967, 0.9996560215950012
4841237, 15, 46.933982683982684, 3.403679653679654, 0.9997156262397766
4841237, 16, 43.9534632034632, 8.1504329004329, 0.9997090697288513
4841237, 17, 42.72077922077922, 4.489177489177489, 0.9996747970581055
4841237, 18, 43.806277056277054, 5.317099567099567, 0.9997568130493164
4841237, 19, 42.40800865800866, 5.666666666666667, 0.9997255802154541
4841237, 20, 40.95454545454545, 7.4145021645021645, 0.999614953994751
4841237, 21, 38.231601731601735, 6.365800865800866, 0.9996817111968994
4841237, 22, 39.79545454545455, 7.708874458874459, 0.9996892809867859
4841237, 23, 37.5508658008658, 7.451298701298701, 0.9997060894966125
4841237, 24, 39.574675324675326, 9.732683982683982, 0.999638020992279
4841237, 25, 39.574675324675326, 8.757575757575758, 0.9997362494468689
4841237, 26, 42.72077922077922, 7.23051948051948, 0.9997464418411255
4841237, 27, 42.72077922077922, 8.058441558441558, 0.9997090697288513
4841237, 28, 46.63961038961039, 12.584415584415584, 0.9994519352912903
4841237, 29, 49.84090909090909, 14.037878787878787, 0.9994302988052368
4841237, 30, 42.07683982683983, 11.7012987012987, 0.999724268913269
4151265, 1, 63.75, 15.380952380952381, 0.999335765838623
4151265, 2, 58.76406926406926, 13.964285714285714, 0.9996358752250671
4151265, 3, 55.78354978354978, 10.634199134199134, 0.9995242357254028
4151265, 4, 51.183982683982684, 7.285714285714286, 0.999617874622345
4151265, 5, 50.54004329004329, 10.781385281385282, 0.9997299313545227
4151265, 6, 47.743506493506494, 8.683982683982684, 0.9997838139533997
4151265, 7, 47.52272727272727, 4.636363636363637, 0.9997917413711548
4151265, 8, 56.22510822510822, 4.323593073593074, 0.9996050596237183
4151265, 9, 46.86038961038961, 4.691558441558442, 0.9997125864028931
4151265, 10, 51.09199134199134, 7.156926406926407, 0.999668538570404
4151265, 11, 55.78354978354978, 7.81926406926407, 0.9996455907821655
4151265, 12, 64.02597402597402, 10.487012987012987, 0.9995100498199463
4151265, 13, 58.94805194805195, 6.5313852813852815, 0.9996272325515747
4151265, 14, 51.90151515151515, 4.3603896103896105, 0.9997246861457825
4151265, 15, 59.13203463203463, 9.346320346320347, 0.9995653629302979
4151265, 16, 64.61471861471861, 11.977272727272727, 0.9993953704833984
4151265, 17, 65.18506493506493, 14.608225108225108, 0.9993898272514343
4151265, 18, 63.032467532467535, 11.38852813852814, 0.9994022846221924
4151265, 19, 66.491341991342, 11.25974025974026, 0.9992160797119141
4151265, 20, 45.701298701298704, 1.803030303030303, 0.9997656941413879
4151265, 21, 50.503246753246756, 5.16991341991342, 0.9996938705444336
4151265, 22, 58.58008658008658, 7.432900432900433, 0.9996050596237183
4151265, 23, 61.6525974025974, 6.807359307359308, 0.9995865821838379
4151265, 24, 48.332251082251084, 7.1017316017316015, 0.9998193383216858
4151265, 25, 47.246753246753244, 1.5638528138528138, 0.9997583031654358
4151265, 26, 49.472943722943725, 1.4166666666666667, 0.9997368454933167
4151265, 27, 57.25541125541125, 9.971861471861471, 0.9996085166931152
4151265, 28, 50.061688311688314, 5.482683982683983, 0.9997304081916809
4151265, 29, 53.134199134199136, 5.942640692640692, 0.9996758103370667
4151265, 30, 48.57142857142857, 9.383116883116884, 0.9997572302818298
4741590, 1, 58.892857142857146, 10.652597402597403, 0.9994398355484009
4741590, 2, 47.08116883116883, 5.924242424242424, 0.9996660351753235
4741590, 3, 58.13852813852814, 6.181818181818182, 0.9994487762451172
4741590, 4, 51.79112554112554, 6.770562770562771, 0.9995964169502258
4741590, 5, 50.760822510822514, 7.4145021645021645, 0.9996307492256165
4741590, 6, 77.36471861471861, 18.96861471861472, 0.9990907907485962
4741590, 7, 68.60714285714286, 18.324675324675326, 0.9993667602539062
4741590, 8, 58.24891774891775, 10.155844155844155, 0.9994055032730103
4741590, 9, 92.94805194805195, 28.866883116883116, 0.9982704520225525
4741590, 10, 51.993506493506494, 11.682900432900434, 0.9996292591094971
4741590, 11, 45.02056277056277, 9.511904761904763, 0.9996432065963745
4741590, 12, 42.16883116883117, 7.1937229437229435, 0.9996240139007568
4741590, 13, 50.282467532467535, 8.463203463203463, 0.9996228218078613
4741590, 14, 41.43290043290043, 9.327922077922079, 0.9996229410171509
4741590, 15, 95.48701298701299, 25.02164502164502, 0.9981054067611694
4741590, 16, 90.5930735930736, 21.857142857142858, 0.9985811114311218
4741590, 17, 42.70238095238095, 6.678571428571429, 0.9996783137321472
4741590, 18, 75.52489177489177, 13.927489177489177, 0.9992114901542664
4741590, 19, 55.746753246753244, 8.555194805194805, 0.9994868636131287
4741590, 20, 55.72835497835498, 5.077922077922078, 0.99956214427948
4741590, 21, 99.31385281385282, 43.8982683982684, 0.9977251887321472
4741590, 22, 98.63311688311688, 44.48701298701299, 0.9977288246154785
4741590, 23, 72.50757575757575, 13.117965367965368, 0.9992575645446777
4741590, 24, 82.18506493506493, 21.58116883116883, 0.998715877532959
4741590, 25, 88.18290043290044, 29.63961038961039, 0.9981066584587097
4741590, 26, 67.7608225108225, 18.83982683982684, 0.999219536781311
4741590, 27, 82.81060606060606, 26.475108225108226, 0.9984644651412964
4741590, 28, 81.7987012987013, 23.97294372294372, 0.998583972454071
4741590, 29, 60.29112554112554, 13.633116883116884, 0.9993649125099182
4741590, 30, 59.40800865800866, 14.093073593073592, 0.9994292259216309
4669030, 1, 43.714285714285715, 10.744588744588745, 0.9994901418685913
4669030, 2, 41.96645021645022, 10.10064935064935, 0.9995508790016174
4669030, 3, 45.27813852813853, 12.16125541125541, 0.999471127986908
4669030, 4, 44.32142857142857, 12.326839826839826, 0.999492883682251
4669030, 5, 46.06926406926407, 13.20995670995671, 0.9996476769447327
4669030, 6, 48.53463203463203, 12.566017316017316, 0.999625563621521
4669030, 7, 44.137445887445885, 10.670995670995671, 0.9994410276412964
4669030, 8, 42.003246753246756, 11.278138528138529, 0.999312698841095
4669030, 9, 45.811688311688314, 8.242424242424242, 0.9995217323303223
4669030, 10, 44.43181818181818, 8.573593073593074, 0.9996333718299866
4669030, 11, 42.70238095238095, 6.255411255411255, 0.9995794892311096
4669030, 12, 39.51948051948052, 6.457792207792208, 0.9995613694190979
4669030, 13, 42.481601731601735, 6.733766233766234, 0.9996601343154907
4669030, 14, 44.17424242424242, 7.984848484848484, 0.9996371269226074
4669030, 15, 50.26406926406926, 8.996753246753247, 0.9997117519378662
4669030, 16, 42.573593073593074, 8.867965367965368, 0.9996626377105713
4669030, 17, 44.11904761904762, 8.867965367965368, 0.9995652437210083
4669030, 18, 43.254329004329, 8.297619047619047, 0.9996901750564575
4669030, 19, 42.83116883116883, 7.892857142857143, 0.9996996521949768
4669030, 20, 42.46320346320346, 8.003246753246753, 0.9996437430381775
4669030, 21, 43.67748917748918, 10.063852813852813, 0.9997175335884094
4669030, 22, 42.07683982683983, 7.892857142857143, 0.9996999502182007
4669030, 23, 55.10281385281385, 14.277056277056277, 0.9995861649513245
4669030, 24, 46.0508658008658, 10.91017316017316, 0.9996938705444336
4669030, 25, 43.99025974025974, 11.719696969696969, 0.9997159838676453
4669030, 26, 41.69047619047619, 10.376623376623376, 0.9997203946113586
4669030, 27, 41.72727272727273, 8.352813852813853, 0.9996639490127563
4669030, 28, 43.27272727272727, 8.205627705627705, 0.9996921420097351
4669030, 29, 45.995670995671, 12.970779220779221, 0.999696671962738
4669030, 30, 44.11904761904762, 10.33982683982684, 0.9997187256813049
4876648, 1, 46.032467532467535, 12.51082251082251, 0.9996502995491028
4876648, 2, 47.89069264069264, 12.529220779220779, 0.9994148015975952
4876648, 3, 49.38095238095238, 11.333333333333334, 0.9994984269142151
4876648, 4, 54.69805194805195, 13.007575757575758, 0.9992415904998779
4876648, 5, 51.31277056277056, 13.154761904761905, 0.999404788017273
4876648, 6, 44.39502164502164, 11.462121212121213, 0.9995719790458679
4876648, 7, 49.71212121212121, 10.891774891774892, 0.9994582533836365
4876648, 8, 46.676406926406926, 10.247835497835498, 0.999578058719635
4876648, 9, 45.057359307359306, 9.5487012987013, 0.9996039271354675
4876648, 10, 52.47186147186147, 11.646103896103897, 0.9993902444839478
4876648, 11, 46.08766233766234, 9.07034632034632, 0.9996290802955627
4876648, 12, 48.185064935064936, 8.775974025974026, 0.9996553659439087
4876648, 13, 51.0, 11.590909090909092, 0.9994041919708252
4876648, 14, 43.65909090909091, 11.222943722943723, 0.999608039855957
4876648, 15, 46.78679653679654, 10.707792207792208, 0.9995681047439575
4876648, 16, 52.49025974025974, 12.069264069264069, 0.9993565678596497
4876648, 17, 44.00865800865801, 9.051948051948052, 0.9995936155319214
4876648, 18, 43.62229437229437, 7.616883116883117, 0.9997686743736267
4876648, 19, 50.392857142857146, 7.451298701298701, 0.9997022151947021
4876648, 20, 52.83982683982684, 8.5, 0.9995427131652832
4876648, 21, 46.8051948051948, 8.1504329004329, 0.9996896982192993
4876648, 22, 46.253246753246756, 9.30952380952381, 0.9997150897979736
4876648, 23, 51.6991341991342, 10.818181818181818, 0.9995715022087097
4876648, 24, 44.137445887445885, 7.543290043290043, 0.9998180866241455
4876648, 25, 49.87770562770563, 8.279220779220779, 0.9998087286949158
4876648, 26, 45.333333333333336, 6.586580086580087, 0.9998132586479187
4876648, 27, 47.55952380952381, 7.212121212121212, 0.9998114109039307
4876648, 28, 50.484848484848484, 11.278138528138529, 0.999739944934845
4876648, 29, 46.676406926406926, 10.836580086580087, 0.9997614026069641
4876648, 30, 51.239177489177486, 11.314935064935066, 0.999649167060852
4762480, 1, 51.496753246753244, 15.564935064935066, 0.9995559453964233
4762480, 2, 66.38095238095238, 24.764069264069263, 0.9992806315422058
4762480, 3, 53.37337662337662, 16.06168831168831, 0.9995272159576416
4762480, 4, 55.70995670995671, 16.006493506493506, 0.9995248317718506
4762480, 5, 56.243506493506494, 16.116883116883116, 0.999528706073761
4762480, 6, 57.88095238095238, 13.504329004329005, 0.9995442032814026
4762480, 7, 58.83766233766234, 17.202380952380953, 0.999466061592102
4762480, 8, 55.9491341991342, 12.106060606060606, 0.999596893787384
4762480, 9, 57.77056277056277, 15.031385281385282, 0.99951171875
4762480, 10, 64.8538961038961, 14.295454545454545, 0.9992955923080444
4762480, 11, 72.69155844155844, 28.075757575757574, 0.9989351034164429
4762480, 12, 73.62987012987013, 25.113636363636363, 0.9990028738975525
4762480, 13, 56.61147186147186, 16.06168831168831, 0.9995133876800537
4762480, 14, 53.35497835497836, 14.019480519480519, 0.9996102452278137
4762480, 15, 61.57900432900433, 16.466450216450216, 0.9994619488716125
4762480, 16, 53.68614718614719, 11.186147186147187, 0.9995813965797424
4762480, 17, 51.73593073593074, 14.258658008658008, 0.9996105432510376
4762480, 18, 58.0465367965368, 11.627705627705629, 0.9994770884513855
4762480, 19, 58.23051948051948, 18.37987012987013, 0.9993972182273865
4762480, 20, 61.358225108225106, 21.525974025974026, 0.9993314146995544
4762480, 21, 57.641774891774894, 17.717532467532468, 0.999396026134491
4762480, 22, 52.36147186147186, 13.20995670995671, 0.9996253848075867
4762480, 23, 49.23376623376623, 13.301948051948052, 0.9996362924575806
4762480, 24, 52.34307359307359, 13.743506493506494, 0.9996035099029541
4762480, 25, 51.66233766233766, 13.596320346320347, 0.9995754361152649
4762480, 26, 59.61038961038961, 19.5021645021645, 0.9993394613265991
4762480, 27, 50.926406926406926, 14.442640692640692, 0.9995886087417603
4762480, 28, 55.231601731601735, 16.135281385281385, 0.9995333552360535
4762480, 29, 50.484848484848484, 12.069264069264069, 0.9995923042297363
4762480, 30, 52.15909090909091, 14.93939393939394, 0.9995689392089844
5050023, 1, 45.222943722943725, 11.204545454545455, 0.9995501637458801
5050023, 2, 45.77489177489178, 11.443722943722944, 0.9995248317718506
5050023, 3, 47.19155844155844, 10.027056277056277, 0.9995255470275879
5050023, 4, 49.73051948051948, 12.16125541125541, 0.9995582699775696
5050023, 5, 46.71320346320346, 12.437229437229437, 0.9995576739311218
5050023, 6, 57.14502164502164, 15.141774891774892, 0.9995570778846741
5050023, 7, 69.30627705627705, 22.77705627705628, 0.9993939995765686
5050023, 8, 57.807359307359306, 14.166666666666666, 0.9996352195739746
5050023, 9, 51.404761904761905, 10.376623376623376, 0.9996792674064636
5050023, 10, 46.345238095238095, 11.14935064935065, 0.9997093081474304
5050023, 11, 47.467532467532465, 9.07034632034632, 0.9996777176856995
5050023, 12, 49.086580086580085, 10.45021645021645, 0.9996631145477295
5050023, 13, 74.86255411255411, 23.200216450216452, 0.9993212223052979
5050023, 14, 71.91883116883118, 14.58982683982684, 0.9993896484375
5050023, 15, 80.47402597402598, 19.446969696969695, 0.9991344213485718
5050023, 16, 82.40584415584415, 20.035714285714285, 0.9990930557250977
5050023, 17, 74.38419913419914, 15.454545454545455, 0.9991565942764282
5050023, 18, 75.41450216450217, 15.583333333333334, 0.9992157220840454
5050023, 19, 76.16883116883118, 17.82792207792208, 0.9991777539253235
5050023, 20, 66.69372294372295, 15.712121212121213, 0.9993239045143127
5050023, 21, 65.82900432900433, 14.00108225108225, 0.9993130564689636
5050023, 22, 69.47186147186147, 15.712121212121213, 0.9992756843566895
5050023, 23, 66.03138528138528, 15.16017316017316, 0.9993598461151123
5050023, 24, 56.04112554112554, 11.590909090909092, 0.9995148181915283
5050023, 25, 59.573593073593074, 13.062770562770563, 0.9994135499000549
5050023, 26, 54.51406926406926, 11.222943722943723, 0.9994661808013916
5050023, 27, 51.47835497835498, 9.843073593073592, 0.9995355606079102
5050023, 28, 52.26948051948052, 10.983766233766234, 0.9995511174201965
5050023, 29, 52.01190476190476, 8.904761904761905, 0.9995086193084717
5050023, 30, 48.79220779220779, 8.923160173160174, 0.9995559453964233
4794215, 1, 54.40367965367965, 16.043290043290042, 0.9995174407958984
4794215, 2, 50.61363636363637, 11.995670995670995, 0.9995219111442566
4794215, 3, 54.256493506493506, 13.541125541125542, 0.9995090365409851
4794215, 4, 54.495670995671, 13.467532467532468, 0.999468207359314
4794215, 5, 50.77922077922078, 13.136363636363637, 0.9994802474975586
4794215, 6, 46.01406926406926, 10.79978354978355, 0.9994949698448181
4794215, 7, 57.25541125541125, 8.555194805194805, 0.9993923306465149
4794215, 8, 72.93073593073593, 14.994588744588745, 0.9991248846054077
4794215, 9, 76.5, 15.969696969696969, 0.9990004301071167
4794215, 10, 42.02164502164502, 11.351731601731602, 0.9994667768478394
4794215, 11, 51.09199134199134, 13.007575757575758, 0.9995318651199341
4794215, 12, 52.28787878787879, 10.487012987012987, 0.9995456337928772
4794215, 13, 59.92316017316017, 10.21103896103896, 0.9994629621505737
4794215, 14, 60.824675324675326, 14.718614718614718, 0.9995480179786682
4794215, 15, 40.23701298701299, 11.83008658008658, 0.9995407462120056
4794215, 16, 42.97835497835498, 11.462121212121213, 0.9995831847190857
4794215, 17, 44.082251082251084, 11.37012987012987, 0.9996014833450317
4794215, 18, 49.23376623376623, 10.91017316017316, 0.9996145367622375
4794215, 19, 53.29978354978355, 12.915584415584416, 0.9995566010475159
4794215, 20, 50.88961038961039, 10.946969696969697, 0.9996271133422852
4794215, 21, 70.7965367965368, 15.454545454545455, 0.999160647392273
4794215, 22, 57.49458874458875, 11.204545454545455, 0.9994766116142273
4794215, 23, 44.5974025974026, 11.25974025974026, 0.9997095465660095
4794215, 24, 40.67857142857143, 9.953463203463203, 0.9997222423553467
4794215, 25, 52.06709956709957, 13.191558441558442, 0.9996395707130432
4794215, 26, 51.55194805194805, 13.780303030303031, 0.9996341466903687
4794215, 27, 41.70887445887446, 12.437229437229437, 0.9996944665908813
4794215, 28, 49.45454545454545, 11.664502164502165, 0.9996566772460938
4794215, 29, 50.68722943722944, 13.430735930735931, 0.9996517896652222
4794215, 30, 58.506493506493506, 16.356060606060606, 0.9994093775749207
5194805_2, 1, 51.38636363636363, 10.229437229437229, 0.9994094371795654
5194805_2, 2, 49.34415584415584, 8.923160173160174, 0.9992934465408325
5194805_2, 3, 51.14718614718615, 10.303030303030303, 0.9992700815200806
5194805_2, 4, 50.42965367965368, 8.996753246753247, 0.9993864297866821
5194805_2, 5, 49.196969696969695, 7.653679653679654, 0.999374270439148
5194805_2, 6, 49.141774891774894, 9.75108225108225, 0.9993901252746582
5194805_2, 7, 54.34848484848485, 6.016233766233766, 0.999419093132019
5194805_2, 8, 49.62012987012987, 5.740259740259741, 0.9994494318962097
5194805_2, 9, 45.71969696969697, 11.186147186147187, 0.9993568062782288
5194805_2, 10, 51.55194805194805, 9.383116883116884, 0.999411940574646
5194805_2, 11, 46.253246753246756, 9.953463203463203, 0.9994618892669678
5194805_2, 12, 38.13961038961039, 9.824675324675324, 0.9994088411331177
5194805_2, 13, 41.59848484848485, 9.824675324675324, 0.9994158148765564
5194805_2, 14, 53.134199134199136, 11.186147186147187, 0.9994546175003052
5194805_2, 15, 52.34307359307359, 12.308441558441558, 0.9995839595794678
5194805_2, 16, 39.16991341991342, 10.119047619047619, 0.9994555711746216
5194805_2, 17, 54.09090909090909, 11.25974025974026, 0.9995735287666321
5194805_2, 18, 59.88636363636363, 10.063852813852813, 0.9995321035385132
5194805_2, 19, 44.81818181818182, 10.027056277056277, 0.9996631741523743
5194805_2, 20, 44.22943722943723, 9.806277056277056, 0.9996039867401123
5194805_2, 21, 43.30952380952381, 11.130952380952381, 0.9996613264083862
5194805_2, 22, 39.942640692640694, 9.714285714285714, 0.9996168613433838
5194805_2, 23, 39.997835497835496, 10.744588744588745, 0.9996562004089355
5194805_2, 24, 40.71536796536797, 9.769480519480519, 0.9996644258499146
5194805_2, 25, 43.65909090909091, 9.843073593073592, 0.9996629357337952
5194805_2, 26, 42.02164502164502, 11.057359307359308, 0.9996623992919922
5194805_2, 27, 54.33008658008658, 11.204545454545455, 0.9996122121810913
5194805_2, 28, 62.79329004329004, 12.98917748917749, 0.9993964433670044
5194805_2, 29, 50.35606060606061, 11.443722943722944, 0.9995982050895691
5194805_2, 30, 46.142857142857146, 10.487012987012987, 0.999656617641449
4820624, 1, 44.96536796536797, 7.984848484848484, 0.9996942281723022
4820624, 2, 44.50541125541125, 8.26082251082251, 0.9997349977493286
4820624, 3, 43.86147186147186, 8.297619047619047, 0.9997144341468811
4820624, 4, 49.87770562770563, 9.456709956709958, 0.9994426965713501
4820624, 5, 46.27164502164502, 7.745670995670996, 0.999539852142334
4820624, 6, 51.128787878787875, 7.064935064935065, 0.9995394945144653
4820624, 7, 49.21536796536797, 7.175324675324675, 0.9996219873428345
4820624, 8, 53.64935064935065, 7.672077922077922, 0.999391496181488
4820624, 9, 47.81709956709957, 8.26082251082251, 0.9995421767234802
4820624, 10, 43.9534632034632, 9.217532467532468, 0.9996162056922913
4820624, 11, 40.99134199134199, 7.009740259740259, 0.999712347984314
4820624, 12, 51.25757575757576, 9.86147186147186, 0.9996910095214844
4820624, 13, 55.599567099567096, 11.60930735930736, 0.9996246099472046
4820624, 14, 38.765151515151516, 5.151515151515151, 0.9997909069061279
4820624, 15, 44.91017316017316, 7.616883116883117, 0.9998060464859009
4820624, 16, 46.84199134199134, 10.79978354978355, 0.9998082518577576
4820624, 17, 40.163419913419915, 6.696969696969697, 0.9998193383216858
4820624, 18, 39.832251082251084, 6.991341991341991, 0.9998096823692322
4820624, 19, 41.35930735930736, 8.334415584415584, 0.9998031854629517
4820624, 20, 42.481601731601735, 9.475108225108226, 0.999753475189209
4820624, 21, 43.935064935064936, 9.898268398268398, 0.999721348285675
4820624, 22, 43.03354978354978, 7.5064935064935066, 0.9997960925102234
4820624, 23, 42.53679653679654, 8.886363636363637, 0.999785304069519
4820624, 24, 40.51298701298701, 11.002164502164502, 0.9997775554656982
4820624, 25, 40.77056277056277, 10.413419913419913, 0.9997483491897583
4820624, 26, 38.3051948051948, 8.205627705627705, 0.9997662901878357
4820624, 27, 37.900432900432904, 10.21103896103896, 0.999770998954773
4820624, 28, 40.21861471861472, 9.1991341991342, 0.9997788667678833
4820624, 29, 39.298701298701296, 9.935064935064934, 0.9997813701629639
4820624, 30, 39.574675324675326, 9.033549783549784, 0.9997822642326355
4733553, 1, 64.33874458874459, 25.886363636363637, 0.998977780342102
4733553, 2, 68.03679653679653, 21.61796536796537, 0.9989904165267944
4733553, 3, 64.81709956709956, 25.076839826839826, 0.9989712238311768
4733553, 4, 63.36363636363637, 25.536796536796537, 0.9989932775497437
4733553, 5, 59.95995670995671, 24.00974025974026, 0.9991922974586487
4733553, 6, 64.46753246753246, 24.745670995670995, 0.9990907907485962
4733553, 7, 60.806277056277054, 18.0487012987013, 0.9992510080337524
4733553, 8, 64.35714285714286, 21.323593073593074, 0.9991593360900879
4733553, 9, 64.94588744588745, 22.445887445887447, 0.99915611743927
4733553, 10, 68.99350649350649, 24.46969696969697, 0.9990691542625427
4733553, 11, 65.92099567099567, 21.82034632034632, 0.9991792440414429
4733553, 12, 69.83982683982684, 27.321428571428573, 0.9989109635353088
4733553, 13, 71.49567099567099, 24.432900432900432, 0.9989424347877502
4733553, 14, 65.71861471861472, 24.67207792207792, 0.9989968538284302
4733553, 15, 70.11580086580086, 27.91017316017316, 0.9989103078842163
4733553, 16, 67.54004329004329, 28.756493506493506, 0.9990660548210144
4733553, 17, 65.4426406926407, 25.665584415584416, 0.9991633296012878
4733553, 18, 65.07467532467533, 26.383116883116884, 0.999096155166626
4733553, 19, 69.508658008658, 28.83008658008658, 0.9988240599632263
4733553, 20, 67.9448051948052, 24.32251082251082, 0.998916506767273
4733553, 21, 65.64502164502164, 17.147186147186147, 0.999049186706543
4733553, 22, 67.24567099567099, 31.350649350649352, 0.9988816380500793
4733553, 23, 64.50432900432901, 22.022727272727273, 0.9991286993026733
4733553, 24, 66.45454545454545, 27.78138528138528, 0.9988423585891724
4733553, 25, 62.002164502164504, 19.704545454545453, 0.999149739742279
4733553, 26, 60.51190476190476, 18.435064935064936, 0.9992069602012634
4733553, 27, 62.222943722943725, 21.452380952380953, 0.9989525675773621
4733553, 28, 57.07142857142857, 21.875541125541126, 0.9991575479507446
4733553, 29, 58.30411255411256, 20.79004329004329, 0.9991283416748047
4733553, 30, 60.65909090909091, 20.21969696969697, 0.9989987015724182
5036311, 1, 49.675324675324674, 21.26839826839827, 0.9987137317657471
5036311, 2, 52.08549783549783, 20.532467532467532, 0.9986147284507751
5036311, 3, 51.404761904761905, 20.274891774891774, 0.9985553026199341
5036311, 4, 49.45454545454545, 20.845238095238095, 0.9987451434135437
5036311, 5, 50.31926406926407, 20.826839826839826, 0.9991871118545532
5036311, 6, 53.31818181818182, 18.61904761904762, 0.9994502067565918
5036311, 7, 50.63203463203463, 16.19047619047619, 0.9994273781776428
5036311, 8, 48.553030303030305, 17.404761904761905, 0.99892258644104
5036311, 9, 47.94588744588744, 15.04978354978355, 0.9994126558303833
5036311, 10, 48.70021645021645, 14.24025974025974, 0.9994227886199951
5036311, 11, 47.853896103896105, 16.245670995670995, 0.9993223547935486
5036311, 12, 46.21645021645022, 15.270562770562771, 0.999458909034729
5036311, 13, 46.400432900432904, 15.583333333333334, 0.9993994235992432
5036311, 14, 45.333333333333336, 15.123376623376624, 0.9992547631263733
5036311, 15, 51.97510822510822, 14.405844155844155, 0.9990485906600952
5036311, 16, 40.66017316017316, 10.68939393939394, 0.999559223651886
5036311, 17, 45.48051948051948, 13.265151515151516, 0.9997092485427856
5036311, 18, 43.58549783549783, 12.86038961038961, 0.9995319247245789
5036311, 19, 42.38961038961039, 13.89069264069264, 0.9994504451751709
5036311, 20, 44.46861471861472, 11.995670995670995, 0.9992531538009644
5036311, 21, 45.90367965367965, 11.38852813852814, 0.9993113279342651
5036311, 22, 48.09307359307359, 12.308441558441558, 0.9994000792503357
5036311, 23, 47.504329004329, 12.694805194805195, 0.9995103478431702
5036311, 24, 51.55194805194805, 14.902597402597403, 0.9992750883102417
5036311, 25, 52.4534632034632, 16.87121212121212, 0.9990143179893494
5036311, 26, 55.857142857142854, 16.356060606060606, 0.9989629983901978
5036311, 27, 45.88528138528139, 11.811688311688311, 0.9996504783630371
5036311, 28, 50.650432900432904, 13.393939393939394, 0.9991939067840576
5036311, 29, 45.57251082251082, 12.382034632034632, 0.9995031356811523
5036311, 30, 48.277056277056275, 15.012987012987013, 0.9990919828414917
4739356, 1, 43.78787878787879, 11.406926406926408, 0.9995108842849731
4739356, 2, 46.032467532467535, 9.511904761904763, 0.9995131492614746
4739356, 3, 47.66991341991342, 8.38961038961039, 0.9995527267456055
4739356, 4, 44.45021645021645, 11.204545454545455, 0.9995535016059875
4739356, 5, 46.455627705627705, 11.03896103896104, 0.9992026090621948
4739356, 6, 47.19155844155844, 12.29004329004329, 0.9990478754043579
4739356, 7, 45.866883116883116, 11.60930735930736, 0.9991552829742432
4739356, 8, 37.642857142857146, 6.862554112554113, 0.9995033740997314
4739356, 9, 42.205627705627705, 11.554112554112555, 0.999209463596344
4739356, 10, 46.47402597402598, 9.585497835497835, 0.9995437264442444
4739356, 11, 41.561688311688314, 8.867965367965368, 0.9993000626564026
4739356, 12, 39.39069264069264, 6.8441558441558445, 0.9994544982910156
4739356, 13, 41.52489177489178, 8.1504329004329, 0.9992579221725464
4739356, 14, 38.13961038961039, 8.058441558441558, 0.9993635416030884
4739356, 15, 39.42748917748918, 8.279220779220779, 0.999393105506897
4739356, 16, 41.064935064935064, 6.880952380952381, 0.9996017813682556
4739356, 17, 39.81385281385281, 5.887445887445887, 0.9995456337928772
4739356, 18, 39.48268398268398, 7.708874458874459, 0.9994441270828247
4739356, 19, 40.31060606060606, 7.782467532467533, 0.9994182586669922
4739356, 20, 38.231601731601735, 7.543290043290043, 0.9994592070579529
4739356, 21, 40.42099567099567, 7.304112554112554, 0.9995884895324707
4739356, 22, 39.44588744588744, 7.4145021645021645, 0.9996815919876099
4739356, 23, 39.96103896103896, 7.138528138528138, 0.9996251463890076
4739356, 24, 36.00541125541125, 6.733766233766234, 0.999548077583313
4739356, 25, 40.01623376623377, 8.003246753246753, 0.9995827078819275
4739356, 26, 37.60606060606061, 7.304112554112554, 0.999600350856781
4739356, 27, 38.323593073593074, 7.046536796536796, 0.9995878338813782
4739356, 28, 38.066017316017316, 7.874458874458875, 0.9995962977409363
4739356, 29, 39.004329004329, 7.58008658008658, 0.9996582269668579
4739356, 30, 46.52922077922078, 9.843073593073592, 0.999560534954071
5125441, 1, 47.81709956709957, 11.83008658008658, 0.9992297887802124
5125441, 2, 46.0508658008658, 11.793290043290042, 0.9992855191230774
5125441, 3, 45.2965367965368, 9.475108225108226, 0.9996178150177002
5125441, 4, 43.40151515151515, 12.382034632034632, 0.9993272423744202
5125441, 5, 46.30844155844156, 13.062770562770563, 0.9992927312850952
5125441, 6, 46.38203463203463, 12.345238095238095, 0.9993192553520203
5125441, 7, 45.40692640692641, 10.413419913419913, 0.9993964433670044
5125441, 8, 47.41233766233766, 11.406926406926408, 0.9993622303009033
5125441, 9, 43.548701298701296, 11.958874458874458, 0.9995572566986084
5125441, 10, 44.303030303030305, 9.5487012987013, 0.9997504949569702
5125441, 11, 44.027056277056275, 7.911255411255412, 0.999686598777771
5125441, 12, 44.15584415584416, 6.402597402597403, 0.9997520446777344
5125441, 13, 44.5974025974026, 6.237012987012987, 0.9997997879981995
5125441, 14, 42.64718614718615, 10.652597402597403, 0.9998034834861755
5125441, 15, 42.81277056277056, 7.359307359307359, 0.9998152256011963
5125441, 16, 35.82142857142857, 5.5562770562770565, 0.999770998954773
5125441, 17, 39.81385281385281, 5.3354978354978355, 0.9998122453689575
5125441, 18, 38.83874458874459, 6.476190476190476, 0.9997883439064026
5125441, 19, 39.004329004329, 9.493506493506494, 0.9998093843460083
5125441, 20, 42.35281385281385, 6.071428571428571, 0.9998236298561096
5125441, 21, 45.09415584415584, 7.285714285714286, 0.9997671246528625
5125441, 22, 40.82575757575758, 4.4523809523809526, 0.9998090863227844
5125441, 23, 40.73376623376623, 5.813852813852814, 0.999819815158844
5125441, 24, 42.70238095238095, 8.426406926406926, 0.9998132586479187
5125441, 25, 41.616883116883116, 6.329004329004329, 0.9998124241828918
5125441, 26, 39.077922077922075, 7.745670995670996, 0.9998642206192017
5125441, 27, 48.95779220779221, 11.49891774891775, 0.9998142719268799
5125441, 28, 54.146103896103895, 15.123376623376624, 0.9997284412384033
5125441, 29, 43.86147186147186, 11.848484848484848, 0.9998385906219482
5125441, 30, 41.396103896103895, 8.941558441558442, 0.9998155236244202
4713006, 1, 48.81060606060606, 13.173160173160174, 0.9995635747909546
4713006, 2, 61.87337662337662, 17.883116883116884, 0.9989164471626282
4713006, 3, 60.41991341991342, 14.332251082251082, 0.9991977214813232
4713006, 4, 51.36796536796537, 10.946969696969697, 0.9996327757835388
4713006, 5, 50.31926406926407, 11.49891774891775, 0.999597430229187
4713006, 6, 47.72510822510822, 9.235930735930737, 0.9996793270111084
4713006, 7, 49.693722943722946, 10.431818181818182, 0.9994497299194336
4713006, 8, 50.04329004329004, 9.732683982683982, 0.9995045065879822
4713006, 9, 50.116883116883116, 7.800865800865801, 0.9995470643043518
4713006, 10, 45.49891774891775, 4.102813852813853, 0.9996933937072754
4713006, 11, 41.83766233766234, 4.010822510822511, 0.9997221827507019
4713006, 12, 44.37662337662338, 7.083333333333333, 0.9997568726539612
4713006, 13, 36.52056277056277, 3.734848484848485, 0.9997429847717285
4713006, 14, 36.57575757575758, 2.906926406926407, 0.9996659755706787
4713006, 15, 69.37987012987013, 15.104978354978355, 0.9994552135467529
4713006, 16, 45.97727272727273, 7.1017316017316015, 0.9997456669807434
4713006, 17, 44.68939393939394, 4.967532467532467, 0.9996788501739502
4713006, 18, 54.86363636363637, 6.163419913419913, 0.9995431900024414
4713006, 19, 51.47835497835498, 6.770562770562771, 0.9995641112327576
4713006, 20, 48.865800865800864, 5.077922077922078, 0.999737024307251
4713006, 21, 49.65692640692641, 7.764069264069264, 0.9997711181640625
4713006, 22, 42.11363636363637, 6.825757575757576, 0.9998289346694946
4713006, 23, 48.663419913419915, 4.470779220779221, 0.9997349977493286
4713006, 24, 62.756493506493506, 10.229437229437229, 0.9994827508926392
4713006, 25, 39.077922077922075, 1.9318181818181819, 0.9997971057891846
4713006, 26, 52.28787878787879, 9.180735930735931, 0.9996013045310974
4713006, 27, 78.57900432900433, 55.91233766233766, 0.9981281161308289
4713006, 28, 69.17748917748918, 69.03030303030303, 0.9972456693649292
4713006, 29, 40.77056277056277, 6.034632034632034, 0.9997603893280029
4713006, 30, 49.52813852813853, 10.174242424242424, 0.9996270537376404
4699088, 1, 45.866883116883116, 10.45021645021645, 0.9997115731239319
4699088, 2, 40.18181818181818, 11.793290043290042, 0.9996352195739746
4699088, 3, 40.66017316017316, 11.241341991341992, 0.9996696710586548
4699088, 4, 40.696969696969695, 8.867965367965368, 0.999625027179718
4699088, 5, 42.739177489177486, 11.517316017316018, 0.9995529651641846
4699088, 6, 43.51190476190476, 8.444805194805195, 0.9997145533561707
4699088, 7, 43.916666666666664, 7.322510822510822, 0.9996939897537231
4699088, 8, 42.095238095238095, 8.683982683982684, 0.9996143579483032
4699088, 9, 39.574675324675326, 9.898268398268398, 0.9996765851974487
4699088, 10, 38.765151515151516, 11.002164502164502, 0.999687910079956
4699088, 11, 40.73376623376623, 7.616883116883117, 0.9997182488441467
4699088, 12, 39.997835497835496, 4.525974025974026, 0.9997755885124207
4699088, 13, 39.16991341991342, 6.420995670995671, 0.9998120665550232
4699088, 14, 40.77056277056277, 6.163419913419913, 0.9998131990432739
4699088, 15, 40.32900432900433, 6.89935064935065, 0.9998244047164917
4699088, 16, 44.78138528138528, 9.143939393939394, 0.9998044967651367
4699088, 17, 43.64069264069264, 6.126623376623376, 0.9998330473899841
4699088, 18, 56.7034632034632, 8.591991341991342, 0.9997833967208862
4699088, 19, 43.29112554112554, 6.237012987012987, 0.9998289346694946
4699088, 20, 42.35281385281385, 5.62987012987013, 0.9998093247413635
4699088, 21, 41.24891774891775, 6.3106060606060606, 0.9997280836105347
4699088, 22, 36.57575757575758, 4.93073593073593, 0.999806821346283
4699088, 23, 41.34090909090909, 7.028138528138528, 0.999652624130249
4699088, 24, 40.03463203463203, 4.562770562770563, 0.9998427629470825
4699088, 25, 40.88095238095238, 4.967532467532467, 0.9998508095741272
4699088, 26, 39.39069264069264, 8.61038961038961, 0.9998252987861633
4699088, 27, 42.150432900432904, 8.334415584415584, 0.9997585415840149
4699088, 28, 46.6948051948052, 10.781385281385282, 0.999606192111969
4699088, 29, 45.756493506493506, 12.694805194805195, 0.9994690418243408
4699088, 30, 44.06385281385281, 10.983766233766234, 0.9996553659439087
4772763, 1, 60.9534632034632, 15.39935064935065, 0.9995893239974976
4772763, 2, 51.77272727272727, 12.658008658008658, 0.999625027179718
4772763, 3, 47.504329004329, 15.012987012987013, 0.9995895028114319
4772763, 4, 45.18614718614719, 14.405844155844155, 0.999252438545227
4772763, 5, 45.333333333333336, 13.117965367965368, 0.9993690252304077
4772763, 6, 47.17316017316017, 13.485930735930737, 0.9994586110115051
4772763, 7, 57.21861471861472, 12.841991341991342, 0.9995468258857727
4772763, 8, 42.904761904761905, 12.326839826839826, 0.99944007396698
4772763, 9, 44.56060606060606, 11.406926406926408, 0.9995684623718262
4772763, 10, 43.56709956709957, 9.162337662337663, 0.9996817111968994
4772763, 11, 48.81060606060606, 8.1504329004329, 0.9997128248214722
4772763, 12, 48.166666666666664, 8.573593073593074, 0.9997328519821167
4772763, 13, 40.56818181818182, 7.4145021645021645, 0.9996699690818787
4772763, 14, 40.641774891774894, 8.205627705627705, 0.9997203350067139
4772763, 15, 46.032467532467535, 9.291125541125542, 0.9997649788856506
4772763, 16, 42.205627705627705, 7.708874458874459, 0.9997554421424866
4772763, 17, 40.108225108225106, 8.113636363636363, 0.9997899532318115
4772763, 18, 40.163419913419915, 9.217532467532468, 0.999788761138916
4772763, 19, 41.59848484848485, 6.917748917748917, 0.9998036623001099
4772763, 20, 43.254329004329, 5.887445887445887, 0.9997846484184265
4772763, 21, 42.66558441558441, 6.2186147186147185, 0.9997656941413879
4772763, 22, 43.08874458874459, 8.04004329004329, 0.9997904896736145
4772763, 23, 42.996753246753244, 8.555194805194805, 0.9998030662536621
4772763, 24, 38.433982683982684, 7.543290043290043, 0.99980628490448
4772763, 25, 50.22727272727273, 13.265151515151516, 0.9997442364692688
4772763, 26, 59.628787878787875, 15.822510822510823, 0.9996219277381897
4772763, 27, 53.833333333333336, 11.14935064935065, 0.9997409582138062
4772763, 28, 53.07900432900433, 14.093073593073592, 0.9997201561927795
4772763, 29, 43.438311688311686, 14.277056277056277, 0.9996708035469055
4772763, 30, 38.967532467532465, 11.83008658008658, 0.9997534155845642
4850951, 1, 44.6525974025974, 5.979437229437229, 0.9997040629386902
4850951, 2, 65.79220779220779, 18.28787878787879, 0.9988465905189514
4850951, 3, 65.84740259740259, 14.35064935064935, 0.9991217851638794
4850951, 4, 63.21645021645022, 17.091991341991342, 0.9992263317108154
4850951, 5, 70.46536796536796, 22.556277056277057, 0.9986807107925415
4850951, 6, 60.34632034632035, 14.35064935064935, 0.9995076656341553
4850951, 7, 63.621212121212125, 16.337662337662337, 0.999269425868988
4850951, 8, 57.53138528138528, 13.228354978354979, 0.9995212554931641
4850951, 9, 65.82900432900433, 16.705627705627705, 0.999079167842865
4850951, 10, 47.78030303030303, 10.744588744588745, 0.9997607469558716
4850951, 11, 50.83441558441559, 9.732683982683982, 0.999582827091217
4850951, 12, 59.53679653679654, 8.518398268398268, 0.9992653131484985
4850951, 13, 65.47943722943722, 12.455627705627705, 0.9992005825042725
4850951, 14, 54.79004329004329, 8.775974025974026, 0.9995995163917542
4850951, 15, 49.71212121212121, 7.009740259740259, 0.9996476173400879
4850951, 16, 57.273809523809526, 6.936147186147186, 0.9994972348213196
4850951, 17, 57.01623376623377, 6.5313852813852815, 0.9993061423301697
4850951, 18, 74.71536796536796, 20.458874458874458, 0.9991183876991272
4850951, 19, 54.33008658008658, 12.069264069264069, 0.9995381236076355
4850951, 20, 47.4491341991342, 7.7272727272727275, 0.9996981024742126
4850951, 21, 41.83766233766234, 6.108225108225108, 0.9997106790542603
4850951, 22, 47.22835497835498, 8.831168831168831, 0.9997488856315613
4850951, 23, 47.08116883116883, 9.603896103896103, 0.9997599720954895
4850951, 24, 49.39935064935065, 6.4393939393939394, 0.9997490644454956
4850951, 25, 51.883116883116884, 5.077922077922078, 0.9995554685592651
4850951, 26, 55.176406926406926, 6.770562770562771, 0.9996193051338196
4850951, 27, 61.5974025974026, 15.804112554112555, 0.9993504881858826
4850951, 28, 51.55194805194805, 8.518398268398268, 0.9995733499526978
4850951, 29, 47.688311688311686, 9.235930735930737, 0.999772846698761
4850951, 30, 45.811688311688314, 6.770562770562771, 0.9997925758361816
2265761, 1, 48.976190476190474, 14.81060606060606, 0.9994786381721497
2265761, 2, 51.018398268398265, 17.717532467532468, 0.9991788268089294
2265761, 3, 59.59199134199134, 20.937229437229437, 0.9983046650886536
2265761, 4, 58.58008658008658, 20.07251082251082, 0.9987821578979492
2265761, 5, 61.946969696969695, 18.784632034632036, 0.99855637550354
2265761, 6, 57.108225108225106, 15.252164502164502, 0.998899519443512
2265761, 7, 55.82034632034632, 14.46103896103896, 0.9989254474639893
2265761, 8, 58.451298701298704, 13.044372294372295, 0.9989705681800842
2265761, 9, 58.59848484848485, 13.283549783549784, 0.9989499449729919
2265761, 10, 56.243506493506494, 11.995670995670995, 0.9991952776908875
2265761, 11, 54.93722943722944, 11.204545454545455, 0.9992725253105164
2265761, 12, 58.37770562770563, 10.634199134199134, 0.9991377592086792
2265761, 13, 41.58008658008658, 8.426406926406926, 0.9996523261070251
2265761, 14, 44.06385281385281, 5.5562770562770565, 0.999774694442749
2265761, 15, 46.8051948051948, 5.574675324675325, 0.9997601509094238
2265761, 16, 48.58982683982684, 7.138528138528138, 0.9997566342353821
2265761, 17, 46.29004329004329, 9.07034632034632, 0.9997379183769226
2265761, 18, 44.68939393939394, 9.86147186147186, 0.9997385144233704
2265761, 19, 47.467532467532465, 8.794372294372295, 0.9996725916862488
2265761, 20, 48.81060606060606, 8.95995670995671, 0.9997259974479675
2265761, 21, 46.345238095238095, 7.7272727272727275, 0.9998083114624023
2265761, 22, 45.66450216450217, 6.108225108225108, 0.9998103976249695
2265761, 23, 44.22943722943723, 4.765151515151516, 0.9997871518135071
2265761, 24, 48.24025974025974, 4.121212121212121, 0.9997268915176392
2265761, 25, 45.811688311688314, 6.365800865800866, 0.9998396039009094
2265761, 26, 45.866883116883116, 9.971861471861471, 0.9998174905776978
2265761, 27, 50.79761904761905, 11.130952380952381, 0.9996699094772339
2265761, 28, 44.726190476190474, 8.996753246753247, 0.9997989535331726
2265761, 29, 49.23376623376623, 10.707792207792208, 0.9996048212051392
2265761, 30, 51.03679653679654, 15.086580086580087, 0.9993197917938232
5038881, 1, 44.43181818181818, 10.891774891774892, 0.9987292885780334
5038881, 2, 45.314935064935064, 10.174242424242424, 0.9989111423492432
5038881, 3, 49.43614718614719, 9.806277056277056, 0.9991216659545898
5038881, 4, 40.32900432900433, 7.7272727272727275, 0.9990001916885376
5038881, 5, 40.54978354978355, 7.046536796536796, 0.9990010261535645
5038881, 6, 44.726190476190474, 10.836580086580087, 0.9988980293273926
5038881, 7, 53.391774891774894, 12.658008658008658, 0.9985752105712891
5038881, 8, 47.633116883116884, 10.781385281385282, 0.9986854195594788
5038881, 9, 44.85497835497836, 9.511904761904763, 0.9988318085670471
5038881, 10, 43.34632034632035, 9.530303030303031, 0.9988129734992981
5038881, 11, 40.696969696969695, 10.487012987012987, 0.9988712072372437
5038881, 12, 43.16233766233766, 11.49891774891775, 0.9988151788711548
5038881, 13, 41.23051948051948, 9.567099567099566, 0.9985933303833008
5038881, 14, 43.58549783549783, 9.806277056277056, 0.9991298317909241
5038881, 15, 40.365800865800864, 7.892857142857143, 0.9993973970413208
5038881, 16, 41.193722943722946, 6.954545454545454, 0.9994795322418213
5038881, 17, 42.5551948051948, 7.212121212121212, 0.999539852142334
5038881, 18, 38.433982683982684, 7.892857142857143, 0.9995593428611755
5038881, 19, 38.489177489177486, 8.775974025974026, 0.9995813965797424
5038881, 20, 40.08982683982684, 8.757575757575758, 0.9995583295822144
5038881, 21, 42.66558441558441, 10.008658008658008, 0.9995464086532593
5038881, 22, 45.002164502164504, 8.04004329004329, 0.9997246265411377
5038881, 23, 42.27922077922078, 8.279220779220779, 0.9996771216392517
5038881, 24, 39.90584415584416, 6.2186147186147185, 0.9996867179870605
5038881, 25, 39.74025974025974, 7.46969696969697, 0.9996272921562195
5038881, 26, 44.10064935064935, 7.764069264069264, 0.9995086789131165
5038881, 27, 41.451298701298704, 6.641774891774892, 0.9995073676109314
5038881, 28, 40.01623376623377, 8.923160173160174, 0.9994306564331055
5038881, 29, 41.506493506493506, 9.08874458874459, 0.9994772672653198
5038881, 30, 48.03787878787879, 13.246753246753247, 0.999187707901001
4785791, 1, 42.24242424242424, 10.33982683982684, 0.999682605266571
4785791, 2, 45.79329004329004, 10.670995670995671, 0.9996437430381775
4785791, 3, 51.42316017316017, 13.66991341991342, 0.9995510578155518
4785791, 4, 40.56818181818182, 8.886363636363637, 0.9996201395988464
4785791, 5, 45.79329004329004, 10.358225108225108, 0.9997006058692932
4785791, 6, 79.02056277056278, 21.286796536796537, 0.9988681077957153
4785791, 7, 43.18073593073593, 10.652597402597403, 0.9996950030326843
4785791, 8, 41.58008658008658, 10.487012987012987, 0.9996932148933411
4785791, 9, 65.07467532467533, 16.484848484848484, 0.999399721622467
4785791, 10, 52.76623376623377, 13.246753246753247, 0.999518632888794
4785791, 11, 56.15151515151515, 13.044372294372295, 0.9994954466819763
4785791, 12, 47.265151515151516, 11.278138528138529, 0.999692976474762
4785791, 13, 50.760822510822514, 11.351731601731602, 0.9996455907821655
4785791, 14, 46.36363636363637, 11.14935064935065, 0.9996890425682068
4785791, 15, 47.20995670995671, 10.303030303030303, 0.9996514916419983
4785791, 16, 60.1991341991342, 14.11147186147186, 0.999582827091217
4785791, 17, 41.892857142857146, 10.505411255411255, 0.9996881484985352
4785791, 18, 38.10281385281385, 7.285714285714286, 0.9996903538703918
4785791, 19, 47.4491341991342, 9.30952380952381, 0.9996708035469055
4785791, 20, 50.88961038961039, 10.56060606060606, 0.9996132254600525
4785791, 21, 54.12770562770563, 12.952380952380953, 0.9995774030685425
4785791, 22, 44.523809523809526, 10.983766233766234, 0.9997146725654602
4785791, 23, 43.824675324675326, 10.082251082251082, 0.9997513294219971
4785791, 24, 41.892857142857146, 9.364718614718615, 0.9997369050979614
4785791, 25, 74.25541125541126, 17.57034632034632, 0.9988991022109985
4785791, 26, 45.646103896103895, 11.333333333333334, 0.9996686577796936
4785791, 27, 41.58008658008658, 8.812770562770563, 0.9997299313545227
4785791, 28, 46.933982683982684, 11.535714285714286, 0.9996645450592041
4785791, 29, 58.782467532467535, 16.77922077922078, 0.9993912577629089
4785791, 30, 43.14393939393939, 10.119047619047619, 0.9996580481529236
1089412, 1, 49.39935064935065, 13.577922077922079, 0.9995720982551575
1089412, 2, 46.38203463203463, 11.186147186147187, 0.9995039701461792
1089412, 3, 44.615800865800864, 11.535714285714286, 0.9994582533836365
1089412, 4, 43.603896103896105, 11.112554112554113, 0.9994551539421082
1089412, 5, 46.8051948051948, 12.087662337662337, 0.9995156526565552
1089412, 6, 44.54220779220779, 11.793290043290042, 0.9994838237762451
1089412, 7, 46.19805194805195, 10.983766233766234, 0.9996786713600159
1089412, 8, 46.823593073593074, 10.652597402597403, 0.9995500445365906
1089412, 9, 45.88528138528139, 10.487012987012987, 0.9994282126426697
1089412, 10, 44.615800865800864, 8.941558441558442, 0.9995788335800171
1089412, 11, 42.61038961038961, 8.463203463203463, 0.9997029304504395
1089412, 12, 44.413419913419915, 7.432900432900433, 0.9996294379234314
1089412, 13, 39.188311688311686, 6.512987012987013, 0.9996445775032043
1089412, 14, 40.60497835497836, 10.045454545454545, 0.9996819496154785
1089412, 15, 41.064935064935064, 8.187229437229437, 0.9996890425682068
1089412, 16, 41.175324675324674, 7.46969696969697, 0.999749481678009
1089412, 17, 43.47510822510822, 8.886363636363637, 0.9997698068618774
1089412, 18, 44.06385281385281, 5.62987012987013, 0.9997555017471313
1089412, 19, 39.777056277056275, 5.151515151515151, 0.9997631907463074
1089412, 20, 39.997835497835496, 5.5562770562770565, 0.999738872051239
1089412, 21, 40.45779220779221, 5.813852813852814, 0.999689519405365
1089412, 22, 42.16883116883117, 5.6482683982683985, 0.9996731281280518
1089412, 23, 44.17424242424242, 7.4145021645021645, 0.9996557831764221
1089412, 24, 44.46861471861472, 6.862554112554113, 0.999717116355896
1089412, 25, 43.47510822510822, 9.383116883116884, 0.9996856451034546
1089412, 26, 42.83116883116883, 9.346320346320347, 0.9997432231903076
1089412, 27, 42.316017316017316, 9.769480519480519, 0.9997107982635498
1089412, 28, 43.41991341991342, 8.334415584415584, 0.9997390508651733
1089412, 29, 43.41991341991342, 9.033549783549784, 0.9996625185012817
1089412, 30, 41.193722943722946, 8.720779220779221, 0.999733567237854
4996894, 1, 53.26298701298701, 11.517316017316018, 0.9992526173591614
4996894, 2, 52.3982683982684, 11.406926406926408, 0.9992369413375854
4996894, 3, 43.41991341991342, 9.898268398268398, 0.9997023344039917
4996894, 4, 44.92857142857143, 7.653679653679654, 0.9995591044425964
4996894, 5, 60.47510822510822, 13.081168831168831, 0.9989291429519653
4996894, 6, 51.53354978354978, 10.21103896103896, 0.9993208050727844
4996894, 7, 43.23593073593074, 8.61038961038961, 0.9995321035385132
4996894, 8, 46.43722943722944, 11.627705627705629, 0.9992110729217529
4996894, 9, 56.72186147186147, 12.915584415584416, 0.9989325404167175
4996894, 10, 56.96103896103896, 11.480519480519481, 0.9990246295928955
4996894, 11, 49.693722943722946, 10.781385281385282, 0.999248743057251
4996894, 12, 42.83116883116883, 7.432900432900433, 0.9996263980865479
4996894, 13, 39.15151515151515, 5.758658008658009, 0.9997913837432861
4996894, 14, 40.752164502164504, 6.071428571428571, 0.999792754650116
4996894, 15, 42.22402597402598, 6.807359307359308, 0.9998242855072021
4996894, 16, 46.032467532467535, 5.6482683982683985, 0.9998274445533752
4996894, 17, 42.849567099567096, 5.372294372294372, 0.9998394846916199
4996894, 18, 40.82575757575758, 4.507575757575758, 0.999850332736969
4996894, 19, 45.49891774891775, 7.6352813852813854, 0.9997963309288025
4996894, 20, 45.2965367965368, 7.064935064935065, 0.9997754693031311
4996894, 21, 44.70779220779221, 7.9480519480519485, 0.9996938109397888
4996894, 22, 43.714285714285715, 8.316017316017316, 0.9996992945671082
4996894, 23, 56.31709956709957, 10.928571428571429, 0.9994551539421082
4996894, 24, 53.48376623376623, 10.670995670995671, 0.9995197057723999
4996894, 25, 47.06277056277056, 6.715367965367966, 0.999640166759491
4996894, 26, 51.496753246753244, 10.542207792207792, 0.9995758533477783
4996894, 27, 43.03354978354978, 8.279220779220779, 0.9998344779014587
4996894, 28, 42.61038961038961, 9.843073593073592, 0.9998381733894348
4996894, 29, 41.65367965367965, 6.420995670995671, 0.9998424053192139
4996894, 30, 43.8982683982684, 8.591991341991342, 0.9996955990791321
1217886, 1, 46.27164502164502, 6.7521645021645025, 0.9997934699058533
1217886, 2, 62.701298701298704, 14.185064935064934, 0.9991451501846313
1217886, 3, 54.91883116883117, 11.7012987012987, 0.9992947578430176
1217886, 4, 59.003246753246756, 12.768398268398268, 0.999109148979187
1217886, 5, 54.495670995671, 7.524891774891775, 0.9994063973426819
1217886, 6, 52.89502164502164, 7.7272727272727275, 0.999470055103302
1217886, 7, 63.47402597402598, 8.720779220779221, 0.9992902278900146
1217886, 8, 69.65584415584415, 11.167748917748918, 0.9990863800048828
1217886, 9, 66.12337662337663, 9.08874458874459, 0.9992589950561523
1217886, 10, 51.45995670995671, 4.1396103896103895, 0.9995911717414856
1217886, 11, 47.17316017316017, 2.0606060606060606, 0.9997205138206482
1217886, 12, 44.81818181818182, 1.8398268398268398, 0.9997982978820801
1217886, 13, 46.142857142857146, 1.8398268398268398, 0.9997923970222473
1217886, 14, 60.47510822510822, 6.08982683982684, 0.9994705319404602
1217886, 15, 69.0487012987013, 5.427489177489178, 0.9992643594741821
1217886, 16, 54.21969696969697, 2.814935064935065, 0.9996064305305481
1217886, 17, 49.91450216450217, 4.415584415584416, 0.9996922016143799
1217886, 18, 57.73376623376623, 6.255411255411255, 0.9995419979095459
1217886, 19, 69.36147186147186, 9.254329004329005, 0.9992653727531433
1217886, 20, 76.99675324675324, 11.25974025974026, 0.9990454912185669
1217886, 21, 69.54545454545455, 7.23051948051948, 0.9993943572044373
1217886, 22, 65.12987012987013, 4.838744588744588, 0.9994721412658691
1217886, 23, 65.2034632034632, 4.765151515151516, 0.9994943141937256
1217886, 24, 70.22619047619048, 6.936147186147186, 0.9993935227394104
1217886, 25, 65.00108225108225, 7.561688311688312, 0.9994115233421326
1217886, 26, 59.150432900432904, 11.167748917748918, 0.9994729161262512
1217886, 27, 50.88961038961039, 6.788961038961039, 0.999584972858429
1217886, 28, 68.45995670995671, 11.811688311688311, 0.9992059469223022
1217886, 29, 67.35606060606061, 14.70021645021645, 0.9990832805633545
1217886, 30, 50.90800865800866, 9.806277056277056, 0.999536395072937
4820909, 1, 70.99891774891775, 25.205627705627705, 0.9990219473838806
4820909, 2, 84.33766233766234, 52.103896103896105, 0.9976057410240173
4820909, 3, 50.981601731601735, 7.6352813852813854, 0.9995282292366028
4820909, 4, 55.489177489177486, 11.443722943722944, 0.9994208216667175
4820909, 5, 81.08116883116882, 33.52164502164502, 0.9983579516410828
4820909, 6, 80.67640692640693, 29.915584415584416, 0.9983273148536682
4820909, 7, 63.676406926406926, 20.293290043290042, 0.9991112351417542
4820909, 8, 70.52056277056278, 19.925324675324674, 0.9989010095596313
4820909, 9, 48.35064935064935, 10.615800865800866, 0.999515175819397
4820909, 10, 52.54545454545455, 12.98917748917749, 0.9995468854904175
4820909, 11, 81.55952380952381, 47.43073593073593, 0.9978485107421875
4820909, 12, 74.21861471861472, 43.75108225108225, 0.9985772371292114
4820909, 13, 62.756493506493506, 15.472943722943723, 0.9994063973426819
4820909, 14, 90.62987012987013, 44.70779220779221, 0.9976155161857605
4820909, 15, 42.53679653679654, 9.603896103896103, 0.9996583461761475
4820909, 16, 55.857142857142854, 12.234848484848484, 0.9994884133338928
4820909, 17, 77.38311688311688, 24.4512987012987, 0.9987693428993225
4820909, 18, 84.92640692640693, 27.303030303030305, 0.9983580112457275
4820909, 19, 50.705627705627705, 7.782467532467533, 0.9994939565658569
4820909, 20, 61.04545454545455, 11.535714285714286, 0.9993074536323547
4820909, 21, 81.59632034632034, 32.39935064935065, 0.9983089566230774
4820909, 22, 89.3051948051948, 41.96645021645022, 0.9978370070457458
4820909, 23, 67.52164502164503, 27.689393939393938, 0.9988950490951538
4820909, 24, 53.20779220779221, 12.713203463203463, 0.9995572566986084
4820909, 25, 70.88852813852814, 26.32792207792208, 0.9989176988601685
4820909, 26, 83.52813852813853, 38.433982683982684, 0.9983618855476379
4820909, 27, 69.58225108225108, 17.6991341991342, 0.9990997910499573
4820909, 28, 68.25757575757575, 21.912337662337663, 0.9988489151000977
4820909, 29, 72.83874458874459, 62.40692640692641, 0.9958285689353943
4820909, 30, 61.10064935064935, 63.10606060606061, 0.9962595105171204
1221647, 1, 45.68290043290043, 6.807359307359308, 0.9997935891151428
1221647, 2, 60.69588744588744, 14.387445887445887, 0.9991433024406433
1221647, 3, 55.10281385281385, 11.682900432900434, 0.9992972016334534
1221647, 4, 58.81926406926407, 12.786796536796537, 0.9991034865379333
1221647, 5, 52.527056277056275, 8.334415584415584, 0.9994052052497864
1221647, 6, 53.41017316017316, 7.6352813852813854, 0.9994665384292603
1221647, 7, 63.17965367965368, 7.856060606060606, 0.999291718006134
1221647, 8, 69.8030303030303, 11.112554112554113, 0.999085545539856
1221647, 9, 66.85930735930737, 8.95995670995671, 0.99925696849823
1221647, 10, 51.14718614718615, 4.010822510822511, 0.9995911121368408
1221647, 11, 46.989177489177486, 1.9318181818181819, 0.9997187256813049
1221647, 12, 45.02056277056277, 1.7846320346320346, 0.9997999668121338
1221647, 13, 46.124458874458874, 1.9134199134199135, 0.9997898936271667
1221647, 14, 60.9534632034632, 6.126623376623376, 0.9994686245918274
1221647, 15, 69.08549783549783, 5.298701298701299, 0.999264657497406
1221647, 16, 54.624458874458874, 4.121212121212121, 0.9996085166931152
1221647, 17, 49.87770562770563, 3.9004329004329006, 0.9996945858001709
1221647, 18, 57.42099567099567, 6.126623376623376, 0.9995427131652832
1221647, 19, 70.07900432900433, 9.1991341991342, 0.9992614984512329
1221647, 20, 77.08874458874459, 11.296536796536797, 0.9990432858467102
1221647, 21, 69.23268398268398, 7.23051948051948, 0.9993996620178223
1221647, 22, 65.16666666666667, 5.924242424242424, 0.9994747042655945
1221647, 23, 64.98268398268398, 2.134199134199134, 0.9994974136352539
1221647, 24, 69.8030303030303, 6.8441558441558445, 0.9993967413902283
1221647, 25, 64.7987012987013, 7.304112554112554, 0.9994148015975952
1221647, 26, 59.22402597402598, 11.112554112554113, 0.9994723796844482
1221647, 27, 51.20238095238095, 7.653679653679654, 0.9995852708816528
1221647, 28, 65.73701298701299, 11.646103896103897, 0.9992059469223022
1221647, 29, 67.66883116883118, 14.70021645021645, 0.9990840554237366
1221647, 30, 51.27597402597402, 9.971861471861471, 0.9995352029800415
5195398, 1, 51.0551948051948, 12.676406926406926, 0.9997038245201111
5195398, 2, 48.73701298701299, 11.333333333333334, 0.9996774792671204
5195398, 3, 47.55952380952381, 11.756493506493506, 0.9996407628059387
5195398, 4, 44.98376623376623, 12.805194805194805, 0.9995613694190979
5195398, 5, 45.3517316017316, 13.504329004329005, 0.9993265867233276
5195398, 6, 45.66450216450217, 10.321428571428571, 0.9993661046028137
5195398, 7, 43.40151515151515, 9.30952380952381, 0.9995092153549194
5195398, 8, 43.824675324675326, 8.61038961038961, 0.9996309280395508
5195398, 9, 42.904761904761905, 8.555194805194805, 0.999635636806488
5195398, 10, 44.37662337662338, 8.021645021645021, 0.999539852142334
5195398, 11, 42.46320346320346, 5.758658008658009, 0.9997246265411377
5195398, 12, 43.714285714285715, 4.654761904761905, 0.9997889399528503
5195398, 13, 44.027056277056275, 5.85064935064935, 0.9997660517692566
5195398, 14, 43.824675324675326, 5.51948051948052, 0.9997777342796326
5195398, 15, 45.07575757575758, 6.384199134199134, 0.9997352957725525
5195398, 16, 42.739177489177486, 6.494588744588745, 0.9998294115066528
5195398, 17, 44.17424242424242, 5.445887445887446, 0.9996936321258545
5195398, 18, 45.535714285714285, 5.004329004329004, 0.9997880458831787
5195398, 19, 46.10606060606061, 2.7781385281385282, 0.999869704246521
5195398, 20, 56.004329004329, 4.985930735930736, 0.9997982978820801
5195398, 21, 41.745670995671, 2.446969696969697, 0.9998471736907959
5195398, 22, 45.03896103896104, 4.654761904761905, 0.9998208284378052
5195398, 23, 47.688311688311686, 4.654761904761905, 0.9997779130935669
5195398, 24, 47.099567099567096, 3.4220779220779223, 0.9998024702072144
5195398, 25, 43.015151515151516, 4.397186147186147, 0.999835729598999
5195398, 26, 50.392857142857146, 5.353896103896104, 0.9997252225875854
5195398, 27, 48.442640692640694, 2.2261904761904763, 0.999774694442749
5195398, 28, 45.20454545454545, 4.654761904761905, 0.9998005628585815
5195398, 29, 41.63528138528139, 1.9686147186147187, 0.9998513460159302
5195398, 30, 42.29761904761905, 3.238095238095238, 0.9998471140861511
5007479, 1, 55.066017316017316, 7.138528138528138, 0.9995148181915283
5007479, 2, 53.90692640692641, 6.512987012987013, 0.9993576407432556
5007479, 3, 55.176406926406926, 7.764069264069264, 0.9991335272789001
5007479, 4, 59.13203463203463, 8.591991341991342, 0.9994370341300964
5007479, 5, 50.63203463203463, 9.346320346320347, 0.9992014169692993
5007479, 6, 51.018398268398265, 6.08982683982684, 0.9992685317993164
5007479, 7, 50.57683982683983, 6.512987012987013, 0.9994315505027771
5007479, 8, 52.34307359307359, 6.604978354978355, 0.9994450211524963
5007479, 9, 48.25865800865801, 5.666666666666667, 0.9994882345199585
5007479, 10, 51.625541125541126, 7.58008658008658, 0.9994772672653198
5007479, 11, 50.9448051948052, 6.494588744588745, 0.9994531869888306
5007479, 12, 47.98268398268398, 5.133116883116883, 0.9995031952857971
5007479, 13, 53.336580086580085, 6.494588744588745, 0.9994527697563171
5007479, 14, 47.08116883116883, 5.5562770562770565, 0.9994689226150513
5007479, 15, 54.60606060606061, 8.297619047619047, 0.9993339776992798
5007479, 16, 44.96536796536797, 4.746753246753247, 0.9994192123413086
5007479, 17, 50.54004329004329, 6.2186147186147185, 0.9995001554489136
5007479, 18, 53.0974025974026, 9.272727272727273, 0.9994894862174988
5007479, 19, 44.6525974025974, 6.145021645021645, 0.9995033740997314
5007479, 20, 48.976190476190474, 11.719696969696969, 0.9995630979537964
5007479, 21, 45.90367965367965, 3.882034632034632, 0.9995431900024414
5007479, 22, 59.150432900432904, 12.014069264069263, 0.99937903881073
5007479, 23, 66.93290043290044, 20.293290043290042, 0.999252200126648
5007479, 24, 63.124458874458874, 21.967532467532468, 0.9992830753326416
5007479, 25, 71.77164502164503, 23.77056277056277, 0.9990500211715698
5007479, 26, 79.07575757575758, 38.08441558441559, 0.9986410737037659
5007479, 27, 63.345238095238095, 49.5465367965368, 0.9984735250473022
5007479, 28, 58.94805194805195, 47.467532467532465, 0.9987289309501648
5007479, 29, 53.28138528138528, 9.235930735930737, 0.9995607733726501
5007479, 30, 51.22077922077922, 16.687229437229437, 0.99950110912323
4431350, 1, 47.81709956709957, 14.037878787878787, 0.9995293021202087
4431350, 2, 46.676406926406926, 14.755411255411255, 0.9995770454406738
4431350, 3, 46.878787878787875, 12.51082251082251, 0.999539852142334
4431350, 4, 51.53354978354978, 12.17965367965368, 0.9995876550674438
4431350, 5, 49.32575757575758, 12.547619047619047, 0.9995754361152649
4431350, 6, 57.62337662337662, 16.135281385281385, 0.9995989203453064
4431350, 7, 55.61796536796537, 14.424242424242424, 0.9995996356010437
4431350, 8, 56.133116883116884, 15.196969696969697, 0.9995920062065125
4431350, 9, 44.04545454545455, 10.266233766233766, 0.9996021389961243
4431350, 10, 47.044372294372295, 9.235930735930737, 0.9996117353439331
4431350, 11, 60.62229437229437, 11.480519480519481, 0.9994708895683289
4431350, 12, 77.38311688311688, 11.296536796536797, 0.9991276860237122
4431350, 13, 73.53787878787878, 15.675324675324676, 0.9993197917938232
4431350, 14, 52.4534632034632, 9.327922077922079, 0.9996178150177002
4431350, 15, 74.29220779220779, 23.126623376623378, 0.9992791414260864
4431350, 16, 49.06818181818182, 8.923160173160174, 0.9996823072433472
4431350, 17, 48.53463203463203, 11.590909090909092, 0.999678909778595
4431350, 18, 43.327922077922075, 11.222943722943723, 0.9996988773345947
4431350, 19, 42.260822510822514, 8.720779220779221, 0.9997305870056152
4431350, 20, 43.107142857142854, 10.266233766233766, 0.9997556209564209
4431350, 21, 41.451298701298704, 8.794372294372295, 0.9997371435165405
4431350, 22, 40.43939393939394, 9.125541125541126, 0.9997373223304749
4431350, 23, 49.38095238095238, 8.334415584415584, 0.999738335609436
4431350, 24, 43.86147186147186, 9.953463203463203, 0.9997870922088623
4431350, 25, 42.316017316017316, 11.002164502164502, 0.999768853187561
4431350, 26, 61.22943722943723, 12.492424242424242, 0.9996296763420105
4431350, 27, 45.68290043290043, 11.60930735930736, 0.9997501373291016
4431350, 28, 49.01298701298701, 10.854978354978355, 0.9997099041938782
4431350, 29, 39.26190476190476, 10.431818181818182, 0.9997677206993103
4431350, 30, 38.1948051948052, 9.585497835497835, 0.9997279047966003
5144366, 1, 46.823593073593074, 12.768398268398268, 0.9994415640830994
5144366, 2, 47.90909090909091, 13.007575757575758, 0.9994984865188599
5144366, 3, 51.883116883116884, 13.853896103896103, 0.9992202520370483
5144366, 4, 50.650432900432904, 12.694805194805195, 0.9993745684623718
5144366, 5, 52.25108225108225, 12.915584415584416, 0.9994213581085205
5144366, 6, 47.66991341991342, 12.51082251082251, 0.9995166063308716
5144366, 7, 45.25974025974026, 12.952380952380953, 0.9996636509895325
5144366, 8, 45.167748917748916, 11.480519480519481, 0.9997121095657349
5144366, 9, 47.13636363636363, 9.08874458874459, 0.9997517466545105
5144366, 10, 48.553030303030305, 7.892857142857143, 0.9997165203094482
5144366, 11, 53.57575757575758, 10.615800865800866, 0.9996312856674194
5144366, 12, 52.95021645021645, 13.927489177489177, 0.9995720982551575
5144366, 13, 49.43614718614719, 12.253246753246753, 0.9996461868286133
5144366, 14, 44.48701298701299, 10.376623376623376, 0.9996992945671082
5144366, 15, 44.137445887445885, 8.205627705627705, 0.9997603893280029
5144366, 16, 41.58008658008658, 10.726190476190476, 0.9997245669364929
5144366, 17, 43.107142857142854, 11.03896103896104, 0.999668300151825
5144366, 18, 50.650432900432904, 12.17965367965368, 0.9994360208511353
5144366, 19, 47.92748917748918, 11.793290043290042, 0.9994616508483887
5144366, 20, 49.98809523809524, 12.676406926406926, 0.9993463158607483
5144366, 21, 45.62770562770563, 11.443722943722944, 0.9995756149291992
5144366, 22, 45.48051948051948, 12.106060606060606, 0.9996005296707153
5144366, 23, 52.4534632034632, 13.835497835497835, 0.99951171875
5144366, 24, 50.760822510822514, 13.761904761904763, 0.9995772242546082
5144366, 25, 46.345238095238095, 12.805194805194805, 0.9996686577796936
5144366, 26, 49.45454545454545, 13.357142857142858, 0.9995656609535217
5144366, 27, 50.83441558441559, 16.3008658008658, 0.9995494484901428
5144366, 28, 50.245670995671, 18.600649350649352, 0.9994558095932007
5144366, 29, 50.650432900432904, 18.876623376623378, 0.9995412826538086
5144366, 30, 47.743506493506494, 18.545454545454547, 0.9995657801628113
5037673, 1, 56.92424242424242, 13.927489177489177, 0.9992325305938721
5037673, 2, 53.134199134199136, 13.283549783549784, 0.999356746673584
5037673, 3, 48.92099567099567, 10.983766233766234, 0.9996482729911804
5037673, 4, 50.88961038961039, 11.94047619047619, 0.9997164607048035
5037673, 5, 52.01190476190476, 12.124458874458874, 0.9994924664497375
5037673, 6, 49.693722943722946, 9.401515151515152, 0.9996289014816284
5037673, 7, 50.116883116883116, 9.714285714285714, 0.9996057748794556
5037673, 8, 50.83441558441559, 11.756493506493506, 0.9994333982467651
5037673, 9, 45.646103896103895, 9.622294372294371, 0.9994033575057983
5037673, 10, 46.36363636363637, 9.107142857142858, 0.9995130896568298
5037673, 11, 50.22727272727273, 12.566017316017316, 0.9993125200271606
5037673, 12, 47.044372294372295, 9.143939393939394, 0.9994108080863953
5037673, 13, 46.91558441558441, 8.408008658008658, 0.999635636806488
5037673, 14, 44.43181818181818, 7.92965367965368, 0.9997718334197998
5037673, 15, 49.10497835497836, 9.916666666666666, 0.9996533989906311
5037673, 16, 45.646103896103895, 8.38961038961039, 0.9997542500495911
5037673, 17, 46.91558441558441, 8.1504329004329, 0.9996247887611389
5037673, 18, 47.43073593073593, 5.188311688311688, 0.999607503414154
5037673, 19, 48.92099567099567, 7.782467532467533, 0.9996325969696045
5037673, 20, 49.141774891774894, 8.683982683982684, 0.9996639490127563
5037673, 21, 42.02164502164502, 4.397186147186147, 0.9998083114624023
5037673, 22, 42.628787878787875, 3.606060606060606, 0.9997938871383667
5037673, 23, 47.357142857142854, 3.9004329004329006, 0.9997369050979614
5037673, 24, 51.79112554112554, 6.034632034632034, 0.9996893405914307
5037673, 25, 46.41883116883117, 6.7521645021645025, 0.9997736811637878
5037673, 26, 49.693722943722946, 7.9480519480519485, 0.9996755719184875
5037673, 27, 44.96536796536797, 4.617965367965368, 0.999762773513794
5037673, 28, 52.36147186147186, 7.46969696969697, 0.9995147585868835
5037673, 29, 48.36904761904762, 7.58008658008658, 0.9996249675750732
5037673, 30, 45.25974025974026, 8.444805194805195, 0.9997013211250305
4766524, 1, 40.93614718614719, 13.191558441558442, 0.9995083808898926
4766524, 2, 48.277056277056275, 12.621212121212121, 0.9995841979980469
4766524, 3, 56.61147186147186, 14.442640692640692, 0.9995051622390747
4766524, 4, 58.85606060606061, 14.663419913419913, 0.9995110630989075
4766524, 5, 44.70779220779221, 12.86038961038961, 0.9995998740196228
4766524, 6, 65.11147186147186, 14.46103896103896, 0.9993724822998047
4766524, 7, 56.188311688311686, 12.326839826839826, 0.9994797110557556
4766524, 8, 47.17316017316017, 12.694805194805195, 0.9995731115341187
4766524, 9, 49.74891774891775, 10.68939393939394, 0.999592125415802
4766524, 10, 46.58441558441559, 11.793290043290042, 0.9995874762535095
4766524, 11, 58.892857142857146, 13.301948051948052, 0.9994888305664062
4766524, 12, 59.92316017316017, 14.405844155844155, 0.9995622038841248
4766524, 13, 66.6017316017316, 15.362554112554113, 0.999476969242096
4766524, 14, 62.995670995671, 15.04978354978355, 0.9994927048683167
4766524, 15, 62.535714285714285, 11.866883116883116, 0.999387800693512
4766524, 16, 69.56385281385282, 13.173160173160174, 0.9992891550064087
4766524, 17, 75.50649350649351, 21.783549783549784, 0.9991065263748169
4766524, 18, 69.1038961038961, 16.006493506493506, 0.9993686079978943
4766524, 19, 63.41883116883117, 14.424242424242424, 0.9994750022888184
4766524, 20, 73.79545454545455, 19.5021645021645, 0.9991267919540405
4766524, 21, 65.75541125541126, 14.792207792207792, 0.9993745684623718
4766524, 22, 68.27597402597402, 18.011904761904763, 0.9992287755012512
4766524, 23, 70.29978354978356, 18.50865800865801, 0.9990761280059814
4766524, 24, 65.81060606060606, 16.595238095238095, 0.9993563890457153
4766524, 25, 56.79545454545455, 14.332251082251082, 0.9995103478431702
4766524, 26, 49.62012987012987, 14.884199134199134, 0.9995741844177246
4766524, 27, 60.383116883116884, 17.404761904761905, 0.9993501901626587
4766524, 28, 53.87012987012987, 17.754329004329005, 0.9994509220123291
4766524, 29, 69.0487012987013, 28.903679653679653, 0.9988080859184265
4766524, 30, 53.53896103896104, 17.82792207792208, 0.9995012879371643
1262475, 1, 46.75, 13.357142857142858, 0.9996374249458313
1262475, 2, 49.10497835497836, 16.043290043290042, 0.9996013641357422
1262475, 3, 54.44047619047619, 18.435064935064936, 0.9990572929382324
1262475, 4, 53.68614718614719, 17.33116883116883, 0.9991022944450378
1262475, 5, 53.57575757575758, 14.626623376623376, 0.9991656541824341
1262475, 6, 48.663419913419915, 14.203463203463203, 0.999393880367279
1262475, 7, 52.60064935064935, 14.221861471861471, 0.9991863965988159
1262475, 8, 57.862554112554115, 13.0995670995671, 0.9989280700683594
1262475, 9, 57.384199134199136, 11.885281385281385, 0.9990120530128479
1262475, 10, 56.96103896103896, 9.125541125541126, 0.9990682005882263
1262475, 11, 55.9491341991342, 8.923160173160174, 0.9991970062255859
1262475, 12, 54.77164502164502, 7.524891774891775, 0.9994126558303833
1262475, 13, 49.17857142857143, 7.248917748917749, 0.999502956867218
1262475, 14, 47.00757575757576, 8.886363636363637, 0.9995903372764587
1262475, 15, 48.40584415584416, 7.359307359307359, 0.9996193051338196
1262475, 16, 50.04329004329004, 7.304112554112554, 0.999620795249939
1262475, 17, 60.86147186147186, 10.91017316017316, 0.9992014765739441
1262475, 18, 55.41558441558441, 7.064935064935065, 0.9993717074394226
1262475, 19, 66.2521645021645, 10.79978354978355, 0.9991116523742676
1262475, 20, 73.07792207792208, 11.572510822510823, 0.9990001320838928
1262475, 21, 63.95238095238095, 9.824675324675324, 0.9992722868919373
1262475, 22, 56.81385281385281, 5.62987012987013, 0.9994391202926636
1262475, 23, 63.86038961038961, 9.567099567099566, 0.9992596507072449
1262475, 24, 59.996753246753244, 8.187229437229437, 0.9992978572845459
1262475, 25, 48.64502164502164, 3.9004329004329006, 0.9996560215950012
1262475, 26, 42.29761904761905, 2.079004329004329, 0.9997809529304504
1262475, 27, 41.32251082251082, 2.5205627705627704, 0.9998026490211487
1262475, 28, 41.32251082251082, 4.470779220779221, 0.9997898936271667
1262475, 29, 50.79761904761905, 8.463203463203463, 0.9994506239891052
1262475, 30, 47.98268398268398, 9.567099567099566, 0.9995321035385132
5010602, 1, 55.10281385281385, 20.274891774891774, 0.9984992742538452
5010602, 2, 56.31709956709957, 21.433982683982684, 0.9982905983924866
5010602, 3, 54.66125541125541, 18.251082251082252, 0.998843252658844
5010602, 4, 52.324675324675326, 18.655844155844157, 0.9990234375
5010602, 5, 54.642857142857146, 15.914502164502165, 0.9991822242736816
5010602, 6, 55.9491341991342, 13.817099567099566, 0.9993602633476257
5010602, 7, 53.391774891774894, 11.314935064935066, 0.9994059205055237
5010602, 8, 55.28679653679654, 13.393939393939394, 0.999465823173523
5010602, 9, 53.0974025974026, 12.933982683982684, 0.9995449781417847
5010602, 10, 55.93073593073593, 12.474025974025974, 0.9993951916694641
5010602, 11, 53.31818181818182, 10.542207792207792, 0.9995371699333191
5010602, 12, 50.63203463203463, 10.79978354978355, 0.9995068311691284
5010602, 13, 48.01948051948052, 8.187229437229437, 0.9995353817939758
5010602, 14, 50.816017316017316, 8.73917748917749, 0.9995241761207581
5010602, 15, 52.527056277056275, 9.364718614718615, 0.9994361996650696
5010602, 16, 54.955627705627705, 9.787878787878787, 0.9992163181304932
5010602, 17, 61.22943722943723, 12.933982683982684, 0.9989917874336243
5010602, 18, 53.59415584415584, 8.352813852813853, 0.9994415640830994
5010602, 19, 55.69155844155844, 13.246753246753247, 0.9994451999664307
5010602, 20, 59.18722943722944, 18.085497835497836, 0.9991450905799866
5010602, 21, 56.62987012987013, 12.0508658008658, 0.9993386268615723
5010602, 22, 51.44155844155844, 8.04004329004329, 0.9994881749153137
5010602, 23, 51.515151515151516, 10.523809523809524, 0.9993133544921875
5010602, 24, 46.253246753246756, 7.156926406926407, 0.9994673728942871
5010602, 25, 46.29004329004329, 6.66017316017316, 0.9996174573898315
5010602, 26, 47.72510822510822, 7.285714285714286, 0.9995515942573547
5010602, 27, 52.15909090909091, 17.754329004329005, 0.9991861581802368
5010602, 28, 49.98809523809524, 12.676406926406926, 0.9991973042488098
5010602, 29, 52.06709956709957, 8.775974025974026, 0.9995919466018677
5010602, 30, 69.1038961038961, 19.74134199134199, 0.9992809891700745
4961513, 1, 49.583333333333336, 14.369047619047619, 0.9991236329078674
4961513, 2, 53.99891774891775, 18.453463203463205, 0.9988134503364563
4961513, 3, 50.503246753246756, 10.192640692640692, 0.9996554851531982
4961513, 4, 49.84090909090909, 12.326839826839826, 0.9996582269668579
4961513, 5, 43.16233766233766, 11.958874458874458, 0.999636173248291
4961513, 6, 46.823593073593074, 11.554112554112555, 0.9995127320289612
4961513, 7, 44.78138528138528, 9.806277056277056, 0.9997037649154663
4961513, 8, 45.07575757575758, 10.045454545454545, 0.9997196793556213
4961513, 9, 37.66125541125541, 9.898268398268398, 0.999739944934845
4961513, 10, 43.438311688311686, 10.063852813852813, 0.9994872808456421
4961513, 11, 46.84199134199134, 11.14935064935065, 0.9993851184844971
4961513, 12, 46.10606060606061, 8.61038961038961, 0.9997717142105103
4961513, 13, 60.69588744588744, 10.928571428571429, 0.9996727108955383
4961513, 14, 40.31060606060606, 6.126623376623376, 0.99980628490448
4961513, 15, 42.205627705627705, 8.003246753246753, 0.9997913837432861
4961513, 16, 41.396103896103895, 4.985930735930736, 0.9998173117637634
4961513, 17, 38.83874458874459, 5.7770562770562774, 0.9998434782028198
4961513, 18, 42.426406926406926, 5.685064935064935, 0.9997915625572205
4961513, 19, 45.443722943722946, 7.340909090909091, 0.9998244047164917
4961513, 20, 41.59848484848485, 6.8441558441558445, 0.9998432397842407
4961513, 21, 50.19047619047619, 9.806277056277056, 0.9997885227203369
4961513, 22, 41.00974025974026, 8.224025974025974, 0.9998416304588318
4961513, 23, 39.887445887445885, 7.488095238095238, 0.9998474717140198
4961513, 24, 39.777056277056275, 5.5562770562770565, 0.9998531937599182
4961513, 25, 41.451298701298704, 8.518398268398268, 0.9998540282249451
4961513, 26, 41.72727272727273, 7.212121212121212, 0.9998513460159302
4961513, 27, 38.91233766233766, 8.058441558441558, 0.99985671043396
4961513, 28, 39.97943722943723, 8.132034632034632, 0.9998447895050049
4961513, 29, 40.49458874458875, 7.524891774891775, 0.9998546838760376
4961513, 30, 41.083333333333336, 7.340909090909091, 0.9998236894607544
5059948, 1, 51.66233766233766, 10.431818181818182, 0.999536395072937
5059948, 2, 40.3474025974026, 6.807359307359308, 0.9994815587997437
5059948, 3, 40.108225108225106, 5.593073593073593, 0.9996068477630615
5059948, 4, 50.19047619047619, 8.5, 0.9994110465049744
5059948, 5, 76.94155844155844, 21.5995670995671, 0.9990902543067932
5059948, 6, 78.52380952380952, 20.91883116883117, 0.9991152882575989
5059948, 7, 71.07251082251082, 13.062770562770563, 0.9993647933006287
5059948, 8, 46.621212121212125, 2.8885281385281387, 0.9997193217277527
5059948, 9, 42.94155844155844, 2.2813852813852815, 0.9997260570526123
5059948, 10, 41.46969696969697, 2.3733766233766236, 0.9997393488883972
5059948, 11, 46.89718614718615, 2.502164502164502, 0.9997528195381165
5059948, 12, 46.58441558441559, 2.079004329004329, 0.9996692538261414
5059948, 13, 45.79329004329004, 6.053030303030303, 0.9997454285621643
5059948, 14, 47.13636363636363, 3.311688311688312, 0.999702513217926
5059948, 15, 56.31709956709957, 10.45021645021645, 0.9994739294052124
5059948, 16, 45.66450216450217, 5.317099567099567, 0.9997105002403259
5059948, 17, 51.77272727272727, 6.66017316017316, 0.999517023563385
5059948, 18, 60.27272727272727, 7.488095238095238, 0.999297559261322
5059948, 19, 55.28679653679654, 3.734848484848485, 0.999462366104126
5059948, 20, 56.464285714285715, 3.918831168831169, 0.9994319677352905
5059948, 21, 39.20670995670996, 1.067099567099567, 0.9998533725738525
5059948, 22, 42.75757575757576, 5.390692640692641, 0.9998669624328613
5059948, 23, 49.5465367965368, 7.92965367965368, 0.9997523427009583
5059948, 24, 42.77597402597402, 9.07034632034632, 0.9998418688774109
5059948, 25, 43.99025974025974, 8.224025974025974, 0.9998352527618408
5059948, 26, 56.188311688311686, 13.522727272727273, 0.9995741844177246
5059948, 27, 48.64502164502164, 10.762987012987013, 0.999782145023346
5059948, 28, 55.39718614718615, 14.221861471861471, 0.9995850324630737
5059948, 29, 56.574675324675326, 14.24025974025974, 0.9995707273483276
5059948, 30, 52.17748917748918, 15.325757575757576, 0.9995447397232056
4855738, 1, 46.823593073593074, 15.233766233766234, 0.9995760321617126
4855738, 2, 47.55952380952381, 15.325757575757576, 0.9994960427284241
4855738, 3, 49.951298701298704, 15.601731601731602, 0.9992125034332275
4855738, 4, 50.41125541125541, 15.417748917748918, 0.9990463256835938
4855738, 5, 50.35606060606061, 13.835497835497835, 0.9991720914840698
4855738, 6, 53.833333333333336, 13.872294372294371, 0.9990818500518799
4855738, 7, 54.66125541125541, 11.756493506493506, 0.9991186261177063
4855738, 8, 51.91991341991342, 10.726190476190476, 0.9992840886116028
4855738, 9, 61.137445887445885, 15.141774891774892, 0.9985069632530212
4855738, 10, 58.175324675324674, 13.780303030303031, 0.9988017678260803
4855738, 11, 57.07142857142857, 14.70021645021645, 0.9990130662918091
4855738, 12, 59.904761904761905, 15.675324675324676, 0.9988648295402527
4855738, 13, 47.504329004329, 12.4004329004329, 0.9994606971740723
4855738, 14, 48.64502164502164, 10.523809523809524, 0.999484121799469
4855738, 15, 51.79112554112554, 10.707792207792208, 0.9994524717330933
4855738, 16, 52.60064935064935, 9.438311688311689, 0.9995039701461792
4855738, 17, 51.53354978354978, 11.83008658008658, 0.9994604587554932
4855738, 18, 56.22510822510822, 11.130952380952381, 0.9994167685508728
4855738, 19, 56.51948051948052, 9.327922077922079, 0.9994199275970459
4855738, 20, 61.37662337662338, 10.579004329004329, 0.9992738366127014
4855738, 21, 56.81385281385281, 9.86147186147186, 0.9993496537208557
4855738, 22, 61.87337662337662, 12.658008658008658, 0.9991256594657898
4855738, 23, 58.23051948051948, 12.326839826839826, 0.9993374347686768
4855738, 24, 56.31709956709957, 10.413419913419913, 0.9994453191757202
4855738, 25, 57.03463203463203, 12.786796536796537, 0.9992731213569641
4855738, 26, 45.55411255411256, 9.5487012987013, 0.9996450543403625
4855738, 27, 44.17424242424242, 9.217532467532468, 0.9996455907821655
4855738, 28, 52.82142857142857, 10.854978354978355, 0.999377965927124
4855738, 29, 50.981601731601735, 13.909090909090908, 0.999424159526825
4855738, 30, 47.19155844155844, 13.393939393939394, 0.9994747042655945
