Case_ID, Slide_ID, mae, mse, ssim
image_99, 1, 0.07972409576177597, 0.022352062165737152, 0.9981403946876526
image_99, 1, 0.15867337584495544, 0.04389205202460289, 1.996521234512329
image_99, 1, 0.23667192459106445, 0.06464534997940063, 2.9950520992279053
image_99, 1, 0.3106490671634674, 0.0841391459107399, 3.993680000305176
image_99, 1, 0.38360872864723206, 0.10320687294006348, 4.992387294769287
image_99, 1, 0.45582592487335205, 0.12201394140720367, 5.991136074066162
image_99, 1, 0.525854229927063, 0.14029742777347565, 6.989873886108398
image_99, 1, 0.595594048500061, 0.1583920419216156, 7.9886088371276855
image_99, 1, 0.6641830801963806, 0.17592166364192963, 8.987508773803711
image_99, 1, 0.732976496219635, 0.19322767853736877, 9.986509323120117
image_99, 1, 0.802119255065918, 0.2107260674238205, 10.985464096069336
image_99, 1, 0.87168949842453, 0.2283172607421875, 11.98442554473877
image_99, 1, 0.941278338432312, 0.24613584578037262, 12.983288764953613
image_99, 1, 1.0134050846099854, 0.2644246816635132, 13.982147216796875
image_99, 1, 1.089730143547058, 0.2842267155647278, 14.980790138244629
image_99, 1, 1.1723119020462036, 0.3060455024242401, 15.979044914245605
image_99, 1, 1.2549803256988525, 0.3277342617511749, 16.977346420288086
image_99, 1, 1.3348604440689087, 0.34885257482528687, 17.97568130493164
image_99, 1, 1.418105125427246, 0.3713051378726959, 18.97393226623535
image_99, 1, 1.500640630722046, 0.39404863119125366, 19.972007751464844
image_99, 1, 1.58353853225708, 0.41608190536499023, 20.970226287841797
image_99, 1, 1.6643505096435547, 0.43682873249053955, 21.968761444091797
image_99, 1, 1.7394976615905762, 0.45573776960372925, 22.967519760131836
image_99, 1, 1.8129990100860596, 0.4745829999446869, 23.96630096435547
image_99, 1, 1.8884459733963013, 0.4943797290325165, 24.964609146118164
image_99, 1, 1.9584991931915283, 0.5125067234039307, 25.963443756103516
image_99, 1, 2.029336452484131, 0.5310983061790466, 26.962236404418945
image_99, 1, 2.101574659347534, 0.5505565404891968, 27.960988998413086
image_99, 1, 2.1741156578063965, 0.5701713562011719, 28.95960807800293
image_99, 1, 2.2474381923675537, 0.5899656414985657, 29.958309173583984
image_77, 2, 0.07510916143655777, 0.02161864936351776, 0.9980157017707825
image_77, 2, 0.1489925980567932, 0.04254157841205597, 1.9962599277496338
image_77, 2, 0.22344869375228882, 0.06381882727146149, 2.994460344314575
image_77, 2, 0.3026060461997986, 0.08665923774242401, 3.9921727180480957
image_77, 2, 0.37620121240615845, 0.1077306717634201, 4.990276336669922
image_77, 2, 0.44845277070999146, 0.12840895354747772, 5.988432884216309
image_77, 2, 0.5240541100502014, 0.14991243183612823, 6.986728668212891
image_77, 2, 0.598422110080719, 0.17077773809432983, 7.985087871551514
image_77, 2, 0.6697207689285278, 0.19078609347343445, 8.983317375183105
image_77, 2, 0.7413328886032104, 0.21104882657527924, 9.981498718261719
image_77, 2, 0.8192486763000488, 0.23317372798919678, 10.979671478271484
image_77, 2, 0.9036871194839478, 0.2577173113822937, 11.977568626403809
image_77, 2, 0.9869942665100098, 0.28214767575263977, 12.975486755371094
image_77, 2, 1.0639883279800415, 0.3044670522212982, 13.97362232208252
image_77, 2, 1.1413371562957764, 0.3267108201980591, 14.971502304077148
image_77, 2, 1.2184427976608276, 0.3484421372413635, 15.969578742980957
image_77, 2, 1.3727822303771973, 0.4139808118343353, 16.959617614746094
image_77, 2, 1.530226469039917, 0.4818320870399475, 17.949270248413086
image_77, 2, 1.689369559288025, 0.5509861707687378, 18.93869400024414
image_77, 2, 1.8490281105041504, 0.6205184459686279, 19.928050994873047
image_77, 2, 2.008553981781006, 0.6899384260177612, 20.91742706298828
image_77, 2, 2.1682193279266357, 0.7595047354698181, 21.90678596496582
image_77, 2, 2.3280320167541504, 0.8291618824005127, 22.8961238861084
image_77, 2, 2.4874565601348877, 0.8985277414321899, 23.88551902770996
image_77, 2, 2.6451287269592285, 0.9665302038192749, 24.875139236450195
image_77, 2, 2.719034194946289, 0.9884399771690369, 25.873416900634766
image_77, 2, 2.7916646003723145, 1.0095900297164917, 26.871801376342773
image_77, 2, 2.8628995418548584, 1.0297023057937622, 27.870277404785156
image_77, 2, 2.9377055168151855, 1.0503826141357422, 28.868831634521484
image_77, 2, 3.010472059249878, 1.0698904991149902, 29.867473602294922
image_150, 3, 0.08100132644176483, 0.02010061778128147, 0.9985033869743347
image_150, 3, 0.16264694929122925, 0.040216393768787384, 1.9970505237579346
image_150, 3, 0.24877387285232544, 0.061351075768470764, 2.995544195175171
image_150, 3, 0.32552027702331543, 0.07985702902078629, 3.9942972660064697
image_150, 3, 0.4051033854484558, 0.09895527362823486, 4.993032932281494
image_150, 3, 0.48250582814216614, 0.1173723116517067, 5.991832733154297
image_150, 3, 0.5622156262397766, 0.13633576035499573, 6.990604400634766
image_150, 3, 0.639778733253479, 0.15482422709465027, 7.9894208908081055
image_150, 3, 0.7172847986221313, 0.17350418865680695, 8.988190650939941
image_150, 3, 0.7946610450744629, 0.1918564736843109, 9.986955642700195
image_150, 3, 0.8723604679107666, 0.21023453772068024, 10.985701560974121
image_150, 3, 0.9471094608306885, 0.2286236435174942, 11.984390258789062
image_150, 3, 1.0235000848770142, 0.24729296565055847, 12.983101844787598
image_150, 3, 1.1015552282333374, 0.26636964082717896, 13.981826782226562
image_150, 3, 1.1805773973464966, 0.28561729192733765, 14.980584144592285
image_150, 3, 1.2562580108642578, 0.30386877059936523, 15.979451179504395
image_150, 3, 1.3326857089996338, 0.32213860750198364, 16.978351593017578
image_150, 3, 1.4076788425445557, 0.33992838859558105, 17.97730255126953
image_150, 3, 1.4841111898422241, 0.3583696782588959, 18.97618865966797
image_150, 3, 1.5586941242218018, 0.37635383009910583, 19.975095748901367
image_150, 3, 1.629860281944275, 0.3936949670314789, 20.974021911621094
image_150, 3, 1.700197458267212, 0.4109320640563965, 21.972881317138672
image_150, 3, 1.7734618186950684, 0.4286904036998749, 22.971782684326172
image_150, 3, 1.849855899810791, 0.44766515493392944, 23.970535278320312
image_150, 3, 1.9272524118423462, 0.46683019399642944, 24.96927833557129
image_150, 3, 2.0012972354888916, 0.4852011799812317, 25.96808433532715
image_150, 3, 2.076009511947632, 0.5038899183273315, 26.966880798339844
image_150, 3, 2.1513712406158447, 0.522978663444519, 27.965652465820312
image_150, 3, 2.228858709335327, 0.5425315499305725, 28.964397430419922
image_150, 3, 2.305241107940674, 0.5617806315422058, 29.963096618652344
image_26, 4, 0.0732320174574852, 0.01937594637274742, 0.9986326694488525
image_26, 4, 0.15056374669075012, 0.039568156003952026, 1.997246265411377
image_26, 4, 0.22281304001808167, 0.05869892239570618, 2.9959356784820557
image_26, 4, 0.2923785448074341, 0.07749523222446442, 3.9945931434631348
image_26, 4, 0.36343809962272644, 0.09692451357841492, 4.99323034286499
image_26, 4, 0.4383121728897095, 0.1173982098698616, 5.991789817810059
image_26, 4, 0.5124450922012329, 0.13777883350849152, 6.9903106689453125
image_26, 4, 0.588740885257721, 0.15893764793872833, 7.988725662231445
image_26, 4, 0.6625726222991943, 0.17930129170417786, 8.9871826171875
image_26, 4, 0.7386723160743713, 0.2000478357076645, 9.985595703125
image_26, 4, 0.8157951831817627, 0.2212965041399002, 10.983939170837402
image_26, 4, 0.8968523144721985, 0.24383676052093506, 11.982129096984863
image_26, 4, 0.9874885082244873, 0.27002960443496704, 12.979867935180664
image_26, 4, 1.082419991493225, 0.29747721552848816, 13.977441787719727
image_26, 4, 1.1802237033843994, 0.326067715883255, 14.97486686706543
image_26, 4, 1.265906810760498, 0.348782479763031, 15.972931861877441
image_26, 4, 1.3577643632888794, 0.37283411622047424, 16.9708251953125
image_26, 4, 1.4432028532028198, 0.3944012224674225, 17.969013214111328
image_26, 4, 1.5291416645050049, 0.4173952341079712, 18.96700096130371
image_26, 4, 1.6144665479660034, 0.44047513604164124, 19.964927673339844
image_26, 4, 1.7087979316711426, 0.4672735333442688, 20.962453842163086
image_26, 4, 1.8088405132293701, 0.4988084137439728, 21.95945930480957
image_26, 4, 1.908406138420105, 0.5296763777732849, 22.956546783447266
image_26, 4, 2.0044217109680176, 0.5588297843933105, 23.95381736755371
image_26, 4, 2.0972695350646973, 0.5872805118560791, 24.951190948486328
image_26, 4, 2.185077667236328, 0.613825798034668, 25.948833465576172
image_26, 4, 2.273146867752075, 0.6404034495353699, 26.946487426757812
image_26, 4, 2.3557076454162598, 0.6649764180183411, 27.94437026977539
image_26, 4, 2.4497647285461426, 0.6938179731369019, 28.941730499267578
image_26, 4, 2.541745901107788, 0.7218567132949829, 29.939178466796875
image_51, 5, 0.08195286244153976, 0.022491050884127617, 0.9982399344444275
image_51, 5, 0.16062390804290771, 0.043482456356287, 1.9966249465942383
image_51, 5, 0.2375345081090927, 0.06383946537971497, 2.99507474899292
image_51, 5, 0.3152851462364197, 0.08438616991043091, 3.993601083755493
image_51, 5, 0.39215511083602905, 0.10454583913087845, 4.992149353027344
image_51, 5, 0.4700613021850586, 0.12477365136146545, 5.99080228805542
image_51, 5, 0.5454508662223816, 0.144068643450737, 6.989493370056152
image_51, 5, 0.6189212203025818, 0.16266122460365295, 7.988272666931152
image_51, 5, 0.6907894015312195, 0.1807475984096527, 8.98712158203125
image_51, 5, 0.7625426054000854, 0.19858764111995697, 9.986063003540039
image_51, 5, 0.8325314521789551, 0.2157580554485321, 10.985015869140625
image_51, 5, 0.9058915972709656, 0.23427952826023102, 11.983818054199219
image_51, 5, 0.9816790819168091, 0.2536839544773102, 12.982412338256836
image_51, 5, 1.060004472732544, 0.2739267349243164, 13.980974197387695
image_51, 5, 1.1406036615371704, 0.2945064902305603, 14.979429244995117
image_51, 5, 1.229116678237915, 0.3180929720401764, 15.97757625579834
image_51, 5, 1.3159526586532593, 0.34069615602493286, 16.975811004638672
image_51, 5, 1.399743676185608, 0.3628913164138794, 17.97389793395996
image_51, 5, 1.4867767095565796, 0.3863416910171509, 18.97185516357422
image_51, 5, 1.572365403175354, 0.4096147418022156, 19.969816207885742
image_51, 5, 1.6589386463165283, 0.43260154128074646, 20.968158721923828
image_51, 5, 1.7407323122024536, 0.4535868167877197, 21.966463088989258
image_51, 5, 1.818075180053711, 0.4729207754135132, 22.965038299560547
image_51, 5, 1.895153522491455, 0.4928254187107086, 23.963727951049805
image_51, 5, 1.9697798490524292, 0.5118045210838318, 24.96253204345703
image_51, 5, 2.0422866344451904, 0.5299937725067139, 25.961402893066406
image_51, 5, 2.11381459236145, 0.548078715801239, 26.960256576538086
image_51, 5, 2.1854050159454346, 0.5664225220680237, 27.95905876159668
image_51, 5, 2.2583789825439453, 0.5852907299995422, 28.957624435424805
image_51, 5, 2.3319263458251953, 0.6043809056282043, 29.956348419189453
image_82, 6, 0.09216584265232086, 0.022615451365709305, 0.9982075095176697
image_82, 6, 0.1865258812904358, 0.04598373919725418, 1.9962948560714722
image_82, 6, 0.2802901864051819, 0.06912095099687576, 2.9943878650665283
image_82, 6, 0.35861116647720337, 0.08663950860500336, 3.9932050704956055
image_82, 6, 0.4312105178833008, 0.10263516008853912, 4.992201328277588
image_82, 6, 0.5199742913246155, 0.12363430857658386, 5.9905686378479
image_82, 6, 0.6035271883010864, 0.14255490899085999, 6.989243030548096
image_82, 6, 0.6863114237785339, 0.16121090948581696, 7.987949371337891
image_82, 6, 0.7611485719680786, 0.1774437129497528, 8.986961364746094
image_82, 6, 0.8412539958953857, 0.19536498188972473, 9.985767364501953
image_82, 6, 0.918319821357727, 0.21261301636695862, 10.984636306762695
image_82, 6, 1.000105381011963, 0.23162908852100372, 11.98326301574707
image_82, 6, 1.085551142692566, 0.25214385986328125, 12.981658935546875
image_82, 6, 1.1627835035324097, 0.2701658308506012, 13.980380058288574
image_82, 6, 1.2415363788604736, 0.28914639353752136, 14.978975296020508
image_82, 6, 1.3229531049728394, 0.3091711699962616, 15.977457046508789
image_82, 6, 1.410142183303833, 0.33120107650756836, 16.975627899169922
image_82, 6, 1.4876408576965332, 0.3498106896877289, 17.97420310974121
image_82, 6, 1.5646861791610718, 0.36809051036834717, 18.97283363342285
image_82, 6, 1.6470140218734741, 0.3883243501186371, 19.97124671936035
image_82, 6, 1.728553295135498, 0.40821391344070435, 20.96971893310547
image_82, 6, 1.8048017024993896, 0.4261438548564911, 21.96843910217285
image_82, 6, 1.8754537105560303, 0.44278234243392944, 22.96733856201172
image_82, 6, 1.9430363178253174, 0.45880305767059326, 23.96630859375
image_82, 6, 2.009786367416382, 0.4746321141719818, 24.965312957763672
image_82, 6, 2.082326889038086, 0.49156099557876587, 25.964242935180664
image_82, 6, 2.151435375213623, 0.5077607035636902, 26.96324920654297
image_82, 6, 2.2225444316864014, 0.5245524048805237, 27.96219253540039
image_82, 6, 2.2947518825531006, 0.5417206883430481, 28.961097717285156
image_82, 6, 2.3767755031585693, 0.5616135001182556, 29.959686279296875
image_80, 7, 0.08078210800886154, 0.02058572694659233, 0.9985144734382629
image_80, 7, 0.15803128480911255, 0.039924222975969315, 1.9971623420715332
image_80, 7, 0.22977358102798462, 0.057995736598968506, 2.995912551879883
image_80, 7, 0.302812397480011, 0.07622065395116806, 3.994675874710083
image_80, 7, 0.37197062373161316, 0.0932324230670929, 4.993550777435303
image_80, 7, 0.44453057646751404, 0.1104968786239624, 5.992434024810791
image_80, 7, 0.5190695524215698, 0.12815459072589874, 6.991286277770996
image_80, 7, 0.585913896560669, 0.14384038746356964, 7.990342617034912
image_80, 7, 0.6511867046356201, 0.1588795781135559, 8.98947811126709
image_80, 7, 0.7218379378318787, 0.17487384378910065, 9.988543510437012
image_80, 7, 0.7936441898345947, 0.19128543138504028, 10.987556457519531
image_80, 7, 0.8644009828567505, 0.20792609453201294, 11.986522674560547
image_80, 7, 0.9375852346420288, 0.2257990837097168, 12.985332489013672
image_80, 7, 1.0103727579116821, 0.2437867820262909, 13.984107971191406
image_80, 7, 1.0884132385253906, 0.2639310359954834, 14.98264217376709
image_80, 7, 1.1677179336547852, 0.28493812680244446, 15.981069564819336
image_80, 7, 1.2447426319122314, 0.3049705922603607, 16.979583740234375
image_80, 7, 1.3255459070205688, 0.3255807161331177, 17.978099822998047
image_80, 7, 1.401697039604187, 0.34422194957733154, 18.976776123046875
image_80, 7, 1.477304458618164, 0.3625696897506714, 19.975505828857422
image_80, 7, 1.5562494993209839, 0.38318371772766113, 20.974044799804688
image_80, 7, 1.631554126739502, 0.40203648805618286, 21.97274398803711
image_80, 7, 1.7072352170944214, 0.42114049196243286, 22.971458435058594
image_80, 7, 1.783196210861206, 0.44020503759384155, 23.970182418823242
image_80, 7, 1.8552067279815674, 0.4579162299633026, 24.969013214111328
image_80, 7, 1.9219088554382324, 0.4740452170372009, 25.96799087524414
image_80, 7, 1.9932321310043335, 0.4907550513744354, 26.96693229675293
image_80, 7, 2.0634405612945557, 0.5069031119346619, 27.965953826904297
image_80, 7, 2.1320011615753174, 0.5225867629051208, 28.965036392211914
image_80, 7, 2.205348253250122, 0.5394251942634583, 29.963985443115234
image_1, 8, 0.08458615094423294, 0.020449284464120865, 0.9985366463661194
image_1, 8, 0.1659999042749405, 0.039646316319704056, 1.9972565174102783
image_1, 8, 0.23863200843334198, 0.05687107890844345, 2.9961700439453125
image_1, 8, 0.30586618185043335, 0.07325999438762665, 3.9951279163360596
image_1, 8, 0.37513357400894165, 0.08904808014631271, 4.9942121505737305
image_1, 8, 0.44722720980644226, 0.10476747155189514, 5.993338584899902
image_1, 8, 0.5182298421859741, 0.12015539407730103, 6.9925055503845215
image_1, 8, 0.584784209728241, 0.13493381440639496, 7.991724967956543
image_1, 8, 0.6511217355728149, 0.14987073838710785, 8.990923881530762
image_1, 8, 0.7169166803359985, 0.16493210196495056, 9.990091323852539
image_1, 8, 0.7832817435264587, 0.1801804006099701, 10.98922061920166
image_1, 8, 0.8569666147232056, 0.19714535772800446, 11.988167762756348
image_1, 8, 0.9280863404273987, 0.2135787457227707, 12.987112998962402
image_1, 8, 0.998423159122467, 0.22980603575706482, 13.986041069030762
image_1, 8, 1.0746828317642212, 0.2475249022245407, 14.984837532043457
image_1, 8, 1.1532225608825684, 0.2664596140384674, 15.983466148376465
image_1, 8, 1.2332381010055542, 0.2856998145580292, 16.98198890686035
image_1, 8, 1.3098413944244385, 0.3044849634170532, 17.980478286743164
image_1, 8, 1.3858628273010254, 0.3231671154499054, 18.978973388671875
image_1, 8, 1.4638304710388184, 0.34159934520721436, 19.977577209472656
image_1, 8, 1.5464969873428345, 0.3618832528591156, 20.976022720336914
image_1, 8, 1.626623272895813, 0.38177230954170227, 21.97454833984375
image_1, 8, 1.7045217752456665, 0.40048161149024963, 22.973234176635742
image_1, 8, 1.7769503593444824, 0.41759970784187317, 23.972087860107422
image_1, 8, 1.8479807376861572, 0.4343022108078003, 24.971004486083984
image_1, 8, 1.9136106967926025, 0.4496883153915405, 25.970075607299805
image_1, 8, 1.9767204523086548, 0.46484899520874023, 26.969148635864258
image_1, 8, 2.0424840450286865, 0.4803203344345093, 27.968292236328125
image_1, 8, 2.108463764190674, 0.4957725703716278, 28.967430114746094
image_1, 8, 2.1802077293395996, 0.5123695135116577, 29.96647834777832
image_124, 9, 0.08808081597089767, 0.025797808542847633, 0.99793541431427
image_124, 9, 0.17880897223949432, 0.05463269352912903, 1.9957749843597412
image_124, 9, 0.26843875646591187, 0.08295723795890808, 2.993640899658203
image_124, 9, 0.3579825460910797, 0.11140874028205872, 3.991469621658325
image_124, 9, 0.44627368450164795, 0.13937212526798248, 4.989285469055176
image_124, 9, 0.5359825491905212, 0.16796565055847168, 5.987028121948242
image_124, 9, 0.6208502054214478, 0.19337546825408936, 6.984982013702393
image_124, 9, 0.7076629996299744, 0.22008392214775085, 7.982938766479492
image_124, 9, 0.7967580556869507, 0.24798156321048737, 8.98081111907959
image_124, 9, 0.8828960061073303, 0.2739599347114563, 9.978828430175781
image_124, 9, 0.9715203642845154, 0.30149081349372864, 10.976737022399902
image_124, 9, 1.0605823993682861, 0.32876455783843994, 11.97464370727539
image_124, 9, 1.1535016298294067, 0.3581160604953766, 12.9723539352417
image_124, 9, 1.245305061340332, 0.3862375020980835, 13.970171928405762
image_124, 9, 1.337222933769226, 0.41319748759269714, 14.968086242675781
image_124, 9, 1.4314594268798828, 0.44047650694847107, 15.96599292755127
image_124, 9, 1.5281623601913452, 0.46864259243011475, 16.963714599609375
image_124, 9, 1.6268659830093384, 0.497204452753067, 17.96124839782715
image_124, 9, 1.7254741191864014, 0.5254662036895752, 18.958723068237305
image_124, 9, 1.8225117921829224, 0.553030252456665, 19.956396102905273
image_124, 9, 1.9175626039505005, 0.5798956155776978, 20.9542179107666
image_124, 9, 2.0109479427337646, 0.6067432761192322, 21.952112197875977
image_124, 9, 2.1019937992095947, 0.633375346660614, 22.950098037719727
image_124, 9, 2.1889233589172363, 0.6585351824760437, 23.948240280151367
image_124, 9, 2.275074005126953, 0.6835877299308777, 24.946393966674805
image_124, 9, 2.361581802368164, 0.7090175747871399, 25.944528579711914
image_124, 9, 2.4461565017700195, 0.7337718605995178, 26.94274139404297
image_124, 9, 2.527984857559204, 0.75736004114151, 27.941057205200195
image_124, 9, 2.609147071838379, 0.7809728980064392, 28.93933868408203
image_124, 9, 2.6934962272644043, 0.8064022064208984, 29.93745994567871
image_65, 10, 0.07237128913402557, 0.019570142030715942, 0.998477578163147
image_65, 10, 0.14925555884838104, 0.04065759479999542, 1.9965564012527466
image_65, 10, 0.2271243929862976, 0.06202806532382965, 2.9945971965789795
image_65, 10, 0.29977619647979736, 0.08156212419271469, 3.993055820465088
image_65, 10, 0.3750106692314148, 0.10182169824838638, 4.991255283355713
image_65, 10, 0.4447813630104065, 0.12040063738822937, 5.989850044250488
image_65, 10, 0.5143309235572815, 0.13888487219810486, 6.988618850708008
image_65, 10, 0.5834262371063232, 0.1574079543352127, 7.987268924713135
image_65, 10, 0.6561276316642761, 0.17668038606643677, 8.985630989074707
image_65, 10, 0.7237244248390198, 0.19419662654399872, 9.9845609664917
image_65, 10, 0.790932834148407, 0.21146592497825623, 10.983470916748047
image_65, 10, 0.866393506526947, 0.23139889538288116, 11.981729507446289
image_65, 10, 0.9377540349960327, 0.2502593994140625, 12.9805326461792
image_65, 10, 1.010181188583374, 0.26924949884414673, 13.979216575622559
image_65, 10, 1.0860008001327515, 0.28938761353492737, 14.977807998657227
image_65, 10, 1.1636906862258911, 0.3099203109741211, 15.976358413696289
image_65, 10, 1.2475471496582031, 0.33252859115600586, 16.974533081054688
image_65, 10, 1.332937240600586, 0.35644829273223877, 17.972414016723633
image_65, 10, 1.416303277015686, 0.3799809217453003, 18.970399856567383
image_65, 10, 1.4980933666229248, 0.4021069407463074, 19.968585968017578
image_65, 10, 1.5859768390655518, 0.42700880765914917, 20.96611976623535
image_65, 10, 1.668670654296875, 0.44952529668807983, 21.964141845703125
image_65, 10, 1.7531285285949707, 0.47290608286857605, 22.9619140625
image_65, 10, 1.834231972694397, 0.4952540695667267, 23.959962844848633
image_65, 10, 1.9149504899978638, 0.5177910923957825, 24.95792007446289
image_65, 10, 1.9969044923782349, 0.5402926802635193, 25.95578956604004
image_65, 10, 2.0761988162994385, 0.5616079568862915, 26.953813552856445
image_65, 10, 2.1533260345458984, 0.5820088386535645, 27.95197105407715
image_65, 10, 2.228386402130127, 0.6020011901855469, 28.95024299621582
image_65, 10, 2.3038218021392822, 0.6223331689834595, 29.948413848876953
image_137, 11, 0.07915465533733368, 0.01878882758319378, 0.9984944462776184
image_137, 11, 0.16657878458499908, 0.0402209497988224, 1.9966185092926025
image_137, 11, 0.2516682744026184, 0.060703422874212265, 2.9948744773864746
image_137, 11, 0.3274436593055725, 0.0784061849117279, 3.993515968322754
image_137, 11, 0.40849438309669495, 0.09760023653507233, 4.991978168487549
image_137, 11, 0.48926860094070435, 0.11647558957338333, 5.990492343902588
image_137, 11, 0.569754958152771, 0.13517367839813232, 6.989047050476074
image_137, 11, 0.6401161551475525, 0.1515302211046219, 7.987910270690918
image_137, 11, 0.7092167139053345, 0.16767089068889618, 8.986802101135254
image_137, 11, 0.7880581021308899, 0.18611398339271545, 9.985376358032227
image_137, 11, 0.8604910969734192, 0.20326155424118042, 10.984101295471191
image_137, 11, 0.9338991641998291, 0.22088421881198883, 11.982748985290527
image_137, 11, 1.012265682220459, 0.23975534737110138, 12.981245040893555
image_137, 11, 1.105147123336792, 0.2641315460205078, 13.979020118713379
image_137, 11, 1.2047507762908936, 0.29222941398620605, 14.976332664489746
image_137, 11, 1.2935881614685059, 0.31582099199295044, 15.974267959594727
image_137, 11, 1.3707884550094604, 0.33499202132225037, 16.9727725982666
image_137, 11, 1.4542737007141113, 0.3566300570964813, 17.97092056274414
image_137, 11, 1.5403391122817993, 0.37895336747169495, 18.968957901000977
image_137, 11, 1.6237680912017822, 0.4001103937625885, 19.967159271240234
image_137, 11, 1.7029292583465576, 0.4197831153869629, 20.965557098388672
image_137, 11, 1.786766529083252, 0.44177836179733276, 21.963653564453125
image_137, 11, 1.8737962245941162, 0.4649730920791626, 22.961593627929688
image_137, 11, 1.955239176750183, 0.4859032928943634, 23.959821701049805
image_137, 11, 2.0383031368255615, 0.5067999362945557, 24.958051681518555
image_137, 11, 2.1285195350646973, 0.5294265747070312, 25.956035614013672
image_137, 11, 2.2155048847198486, 0.5502206683158875, 26.95427703857422
image_137, 11, 2.291792154312134, 0.5676664113998413, 27.952978134155273
image_137, 11, 2.369279384613037, 0.5854759812355042, 28.951627731323242
image_137, 11, 2.453268051147461, 0.6051297187805176, 29.950014114379883
image_14, 12, 0.07985135912895203, 0.021765444427728653, 0.9983648657798767
image_14, 12, 0.15732493996620178, 0.04237544909119606, 1.9968948364257812
image_14, 12, 0.2320832759141922, 0.06244359165430069, 2.99537992477417
image_14, 12, 0.30515530705451965, 0.08165398240089417, 3.9940056800842285
image_14, 12, 0.3783155083656311, 0.1006280928850174, 4.992763519287109
image_14, 12, 0.44932496547698975, 0.11911924183368683, 5.991541862487793
image_14, 12, 0.5196784734725952, 0.1376054286956787, 6.990177154541016
image_14, 12, 0.5895768404006958, 0.15542243421077728, 7.989097595214844
image_14, 12, 0.6576811671257019, 0.17283481359481812, 8.987970352172852
image_14, 12, 0.7245782613754272, 0.18956497311592102, 9.986966133117676
image_14, 12, 0.7910711169242859, 0.20633050799369812, 10.985939025878906
image_14, 12, 0.8582061529159546, 0.22320586442947388, 11.98496150970459
image_14, 12, 0.9260695576667786, 0.23989175260066986, 12.984014511108398
image_14, 12, 0.9951573610305786, 0.2572234869003296, 13.98291015625
image_14, 12, 1.0655490159988403, 0.27483025193214417, 14.981858253479004
image_14, 12, 1.1419974565505981, 0.2949644923210144, 15.980162620544434
image_14, 12, 1.2211068868637085, 0.31512323021888733, 16.978710174560547
image_14, 12, 1.301528811454773, 0.3357570767402649, 17.977252960205078
image_14, 12, 1.3813989162445068, 0.35682666301727295, 18.97549057006836
image_14, 12, 1.4615094661712646, 0.3775714039802551, 19.974071502685547
image_14, 12, 1.539691686630249, 0.3974955976009369, 20.97266387939453
image_14, 12, 1.615019679069519, 0.4168584644794464, 21.971134185791016
image_14, 12, 1.6869667768478394, 0.4352392554283142, 22.969995498657227
image_14, 12, 1.7560455799102783, 0.4526621699333191, 23.968955993652344
image_14, 12, 1.8243162631988525, 0.46977323293685913, 24.96796417236328
image_14, 12, 1.8922665119171143, 0.4867686629295349, 25.96699333190918
image_14, 12, 1.9582217931747437, 0.5034417510032654, 26.965972900390625
image_14, 12, 2.0251896381378174, 0.5202175974845886, 27.96498680114746
image_14, 12, 2.0916457176208496, 0.5366649031639099, 28.964033126831055
image_14, 12, 2.1594159603118896, 0.5531669855117798, 29.96305274963379
image_68, 13, 0.07115651667118073, 0.017863841727375984, 0.9987305998802185
image_68, 13, 0.1393643617630005, 0.03518008440732956, 1.9975018501281738
image_68, 13, 0.20793378353118896, 0.05228139087557793, 2.9963440895080566
image_68, 13, 0.27669790387153625, 0.06913378089666367, 3.995262622833252
image_68, 13, 0.35002440214157104, 0.08661812543869019, 4.994154453277588
image_68, 13, 0.41855600476264954, 0.1031470000743866, 5.99314022064209
image_68, 13, 0.483381986618042, 0.11909959465265274, 6.992146968841553
image_68, 13, 0.5516130924224854, 0.13539105653762817, 7.991175174713135
image_68, 13, 0.6267552375793457, 0.15316098928451538, 8.990043640136719
image_68, 13, 0.7027146816253662, 0.17137411236763, 9.988825798034668
image_68, 13, 0.7801624536514282, 0.1902829110622406, 10.987499237060547
image_68, 13, 0.8548969626426697, 0.20843592286109924, 11.986241340637207
image_68, 13, 0.9354373216629028, 0.22848644852638245, 12.984753608703613
image_68, 13, 1.00778329372406, 0.24615640938282013, 13.983488082885742
image_68, 13, 1.0886021852493286, 0.2667832672595978, 14.981873512268066
image_68, 13, 1.1676312685012817, 0.28678926825523376, 15.980310440063477
image_68, 13, 1.2397189140319824, 0.30382436513900757, 16.979093551635742
image_68, 13, 1.3109550476074219, 0.32065731287002563, 17.977798461914062
image_68, 13, 1.383858323097229, 0.33783650398254395, 18.976482391357422
image_68, 13, 1.4567776918411255, 0.3548544943332672, 19.975242614746094
image_68, 13, 1.5298187732696533, 0.372024804353714, 20.973987579345703
image_68, 13, 1.604865312576294, 0.39051997661590576, 21.972633361816406
image_68, 13, 1.6839420795440674, 0.4105161428451538, 22.971155166625977
image_68, 13, 1.7607218027114868, 0.42938587069511414, 23.969791412353516
image_68, 13, 1.8386718034744263, 0.4483434557914734, 24.968446731567383
image_68, 13, 1.910558819770813, 0.46548810601234436, 25.96734619140625
image_68, 13, 1.9757641553878784, 0.48108401894569397, 26.966407775878906
image_68, 13, 2.0385637283325195, 0.4961765706539154, 27.965482711791992
image_68, 13, 2.111163377761841, 0.5131369829177856, 28.96446418762207
image_68, 13, 2.1800570487976074, 0.5294448733329773, 29.963502883911133
image_96, 14, 0.07179290801286697, 0.018593426793813705, 0.9987288117408752
image_96, 14, 0.15336713194847107, 0.039208412170410156, 1.997335433959961
image_96, 14, 0.22198957204818726, 0.05720439553260803, 2.996094226837158
image_96, 14, 0.2899414896965027, 0.07502283155918121, 3.9948787689208984
image_96, 14, 0.3656083345413208, 0.09413829445838928, 4.993638515472412
image_96, 14, 0.44293180108070374, 0.11360769718885422, 5.992374897003174
image_96, 14, 0.5145909786224365, 0.13189508020877838, 6.99121618270874
image_96, 14, 0.5833913087844849, 0.14971239864826202, 7.9900665283203125
image_96, 14, 0.6540391445159912, 0.16763386130332947, 8.98891830444336
image_96, 14, 0.7280105948448181, 0.1864357888698578, 9.987659454345703
image_96, 14, 0.7974104881286621, 0.2047821283340454, 10.986323356628418
image_96, 14, 0.8683016896247864, 0.2235780656337738, 11.984844207763672
image_96, 14, 0.9412262439727783, 0.24312405288219452, 12.983139991760254
image_96, 14, 1.0143498182296753, 0.26268887519836426, 13.981465339660645
image_96, 14, 1.0930757522583008, 0.28358587622642517, 14.979533195495605
image_96, 14, 1.1757311820983887, 0.3051196038722992, 15.97754192352295
image_96, 14, 1.2604179382324219, 0.32682210206985474, 16.9757022857666
image_96, 14, 1.342099666595459, 0.3482316732406616, 17.973867416381836
image_96, 14, 1.4277111291885376, 0.3709397315979004, 18.971975326538086
image_96, 14, 1.511404037475586, 0.3926670551300049, 19.970203399658203
image_96, 14, 1.5962518453598022, 0.4157254993915558, 20.968355178833008
image_96, 14, 1.672009825706482, 0.4355261027812958, 21.966693878173828
image_96, 14, 1.7510780096054077, 0.457004576921463, 22.965036392211914
image_96, 14, 1.8222519159317017, 0.4762078523635864, 23.963590621948242
image_96, 14, 1.8924640417099, 0.494920939207077, 24.962146759033203
image_96, 14, 1.9631454944610596, 0.513787567615509, 25.96063232421875
image_96, 14, 2.035446882247925, 0.5333619117736816, 26.958965301513672
image_96, 14, 2.1079330444335938, 0.5530307292938232, 27.9572811126709
image_96, 14, 2.1810498237609863, 0.5728824734687805, 28.955541610717773
image_96, 14, 2.252063512802124, 0.5920222997665405, 29.953983306884766
image_27, 15, 0.07849705219268799, 0.022441070526838303, 0.9982056617736816
image_27, 15, 0.1559186577796936, 0.0440809428691864, 1.9964210987091064
image_27, 15, 0.22998884320259094, 0.06460142880678177, 2.9948744773864746
image_27, 15, 0.30587494373321533, 0.08515945076942444, 3.993211507797241
image_27, 15, 0.3856836259365082, 0.1068897396326065, 4.991234302520752
image_27, 15, 0.458034485578537, 0.12625718116760254, 5.989832401275635
image_27, 15, 0.5279926657676697, 0.1447928100824356, 6.988598823547363
image_27, 15, 0.5997424125671387, 0.1639026552438736, 7.987187385559082
image_27, 15, 0.6702575087547302, 0.1826571673154831, 8.985930442810059
image_27, 15, 0.7398062348365784, 0.20102663338184357, 9.984724998474121
image_27, 15, 0.8139551281929016, 0.22041893005371094, 10.983216285705566
image_27, 15, 0.8884730339050293, 0.24014616012573242, 11.981691360473633
image_27, 15, 0.9612444639205933, 0.2599622309207916, 12.980359077453613
image_27, 15, 1.0363749265670776, 0.27988767623901367, 13.978928565979004
image_27, 15, 1.1118336915969849, 0.29995521903038025, 14.977558135986328
image_27, 15, 1.1899851560592651, 0.32108280062675476, 15.976004600524902
image_27, 15, 1.2742573022842407, 0.34462055563926697, 16.974044799804688
image_27, 15, 1.3611176013946533, 0.36886104941368103, 17.972179412841797
image_27, 15, 1.4476672410964966, 0.3928671181201935, 18.97018051147461
image_27, 15, 1.5321818590164185, 0.41568127274513245, 19.96835708618164
image_27, 15, 1.6196203231811523, 0.4397411346435547, 20.966583251953125
image_27, 15, 1.7007166147232056, 0.4613872468471527, 21.965017318725586
image_27, 15, 1.7773085832595825, 0.4816701412200928, 22.963544845581055
image_27, 15, 1.8506470918655396, 0.500935435295105, 23.96232032775879
image_27, 15, 1.9223328828811646, 0.519935131072998, 24.961118698120117
image_27, 15, 1.9951280355453491, 0.5390675067901611, 25.959762573242188
image_27, 15, 2.0649495124816895, 0.5578128099441528, 26.958585739135742
image_27, 15, 2.1363112926483154, 0.5765342116355896, 27.957286834716797
image_27, 15, 2.2065236568450928, 0.5951134562492371, 28.956043243408203
image_27, 15, 2.275712251663208, 0.6138476729393005, 29.95479965209961
image_79, 16, 0.08544593304395676, 0.024560334160923958, 0.9975031614303589
image_79, 16, 0.16909854114055634, 0.048339664936065674, 1.995166301727295
image_79, 16, 0.24922849237918854, 0.07082553207874298, 2.993124485015869
image_79, 16, 0.3298238217830658, 0.09345035254955292, 3.9910693168640137
image_79, 16, 0.4104439616203308, 0.11603843420743942, 4.988980293273926
image_79, 16, 0.48712414503097534, 0.13704057037830353, 5.987218379974365
image_79, 16, 0.5635203719139099, 0.15800240635871887, 6.985475540161133
image_79, 16, 0.6387543678283691, 0.17851929366588593, 7.98384952545166
image_79, 16, 0.7159220576286316, 0.19964520633220673, 8.982046127319336
image_79, 16, 0.7900920510292053, 0.21998226642608643, 9.980499267578125
image_79, 16, 0.8661860227584839, 0.24100199341773987, 10.978759765625
image_79, 16, 0.9411532878875732, 0.26164454221725464, 11.97714614868164
image_79, 16, 1.0199921131134033, 0.2835734486579895, 12.975285530090332
image_79, 16, 1.1003087759017944, 0.3057902455329895, 13.973348617553711
image_79, 16, 1.1807773113250732, 0.32812923192977905, 14.971512794494629
image_79, 16, 1.2616477012634277, 0.35076847672462463, 15.969712257385254
image_79, 16, 1.3450676202774048, 0.37432345747947693, 16.967815399169922
image_79, 16, 1.4312249422073364, 0.3985835909843445, 17.965749740600586
image_79, 16, 1.5184637308120728, 0.4231368601322174, 18.96368980407715
image_79, 16, 1.6041170358657837, 0.44711363315582275, 19.961666107177734
image_79, 16, 1.6905453205108643, 0.47160959243774414, 20.959487915039062
image_79, 16, 1.77553129196167, 0.4955790638923645, 21.957439422607422
image_79, 16, 1.8569833040237427, 0.5177527666091919, 22.955617904663086
image_79, 16, 1.934599757194519, 0.5387892127037048, 23.95400619506836
image_79, 16, 2.0122852325439453, 0.5599138736724854, 24.952316284179688
image_79, 16, 2.092860698699951, 0.5820351839065552, 25.950302124023438
image_79, 16, 2.167189836502075, 0.6024159789085388, 26.948816299438477
image_79, 16, 2.2408807277679443, 0.6226661801338196, 27.947282791137695
image_79, 16, 2.316343307495117, 0.6433336734771729, 28.945573806762695
image_79, 16, 2.3891196250915527, 0.6630508303642273, 29.944128036499023
image_50, 17, 0.08723264187574387, 0.02360484190285206, 0.9981540441513062
image_50, 17, 0.1684626042842865, 0.04493552818894386, 1.9965624809265137
image_50, 17, 0.24038799107074738, 0.06359806656837463, 2.9951987266540527
image_50, 17, 0.31384119391441345, 0.0826403945684433, 3.993858814239502
image_50, 17, 0.3897275924682617, 0.10204081982374191, 4.9925456047058105
image_50, 17, 0.46440574526786804, 0.12084534764289856, 5.991287708282471
image_50, 17, 0.5360589027404785, 0.1387663185596466, 6.990101337432861
image_50, 17, 0.6064884066581726, 0.1562066376209259, 7.988953590393066
image_50, 17, 0.6749808192253113, 0.1730867326259613, 8.98783016204834
image_50, 17, 0.7438375353813171, 0.1897324174642563, 9.986756324768066
image_50, 17, 0.8157683610916138, 0.2072896808385849, 10.985599517822266
image_50, 17, 0.8912899494171143, 0.2260567545890808, 11.984292984008789
image_50, 17, 0.9684836268424988, 0.24535268545150757, 12.982888221740723
image_50, 17, 1.0476442575454712, 0.26537850499153137, 13.981369972229004
image_50, 17, 1.128220558166504, 0.2855101227760315, 14.979765892028809
image_50, 17, 1.2109628915786743, 0.3059386610984802, 15.978071212768555
image_50, 17, 1.2988667488098145, 0.3283325135707855, 16.976211547851562
image_50, 17, 1.3856806755065918, 0.35059887170791626, 17.97433090209961
image_50, 17, 1.4737120866775513, 0.37390971183776855, 18.97232437133789
image_50, 17, 1.5580824613571167, 0.39510172605514526, 19.970539093017578
image_50, 17, 1.64718759059906, 0.4191708564758301, 20.968461990356445
image_50, 17, 1.7273035049438477, 0.43904349207878113, 21.966896057128906
image_50, 17, 1.804671287536621, 0.45854493975639343, 22.96543312072754
image_50, 17, 1.8798797130584717, 0.47737234830856323, 23.964082717895508
image_50, 17, 1.9545352458953857, 0.49624553322792053, 24.96278190612793
image_50, 17, 2.027369260787964, 0.5146582126617432, 25.96156120300293
image_50, 17, 2.09722900390625, 0.5322006940841675, 26.96041488647461
image_50, 17, 2.167043447494507, 0.5498076677322388, 27.95926856994629
image_50, 17, 2.2399442195892334, 0.5683421492576599, 28.95804214477539
image_50, 17, 2.3132669925689697, 0.5872048735618591, 29.956775665283203
image_128, 18, 0.07238725572824478, 0.019003266468644142, 0.9985589385032654
image_128, 18, 0.1427728533744812, 0.037588123232126236, 1.9971424341201782
image_128, 18, 0.21573814749717712, 0.055824920535087585, 2.9959070682525635
image_128, 18, 0.28360801935195923, 0.07282806932926178, 3.994764804840088
image_128, 18, 0.3531501889228821, 0.08970797061920166, 4.993693828582764
image_128, 18, 0.42061418294906616, 0.10605987161397934, 5.9926862716674805
image_128, 18, 0.48536214232444763, 0.12203812599182129, 6.991706371307373
image_128, 18, 0.5550498366355896, 0.13872992992401123, 7.990752220153809
image_128, 18, 0.6200646758079529, 0.15440733730793, 8.98987102508545
image_128, 18, 0.6835842132568359, 0.16960445046424866, 9.989019393920898
image_128, 18, 0.7463619112968445, 0.18459796905517578, 10.988155364990234
image_128, 18, 0.8074021339416504, 0.19955480098724365, 11.987227439880371
image_128, 18, 0.871044933795929, 0.21470944583415985, 12.98628044128418
image_128, 18, 0.9388250112533569, 0.2305108606815338, 13.985284805297852
image_128, 18, 1.0074304342269897, 0.2465316206216812, 14.984257698059082
image_128, 18, 1.0786312818527222, 0.2632833421230316, 15.983132362365723
image_128, 18, 1.1540794372558594, 0.2814386785030365, 16.98183822631836
image_128, 18, 1.2250971794128418, 0.29785430431365967, 17.980710983276367
image_128, 18, 1.2982697486877441, 0.3151248097419739, 18.979507446289062
image_128, 18, 1.367593765258789, 0.3318730890750885, 19.97825050354004
image_128, 18, 1.4378995895385742, 0.34896788001060486, 20.97692108154297
image_128, 18, 1.5084190368652344, 0.3659036457538605, 21.975688934326172
image_128, 18, 1.5776396989822388, 0.38262420892715454, 22.974578857421875
image_128, 18, 1.6556477546691895, 0.40205225348472595, 23.973217010498047
image_128, 18, 1.7225769758224487, 0.41882139444351196, 24.97209930419922
image_128, 18, 1.7912874221801758, 0.43683987855911255, 25.97056770324707
image_128, 18, 1.8585149049758911, 0.4543158710002899, 26.969118118286133
image_128, 18, 1.9219647645950317, 0.47053804993629456, 27.96792984008789
image_128, 18, 1.9935014247894287, 0.4894968569278717, 28.966190338134766
image_128, 18, 2.06302809715271, 0.5078508257865906, 29.964563369750977
image_119, 19, 0.08058616518974304, 0.02000398188829422, 0.9986259341239929
image_119, 19, 0.15791717171669006, 0.038996621966362, 1.9973621368408203
image_119, 19, 0.23068714141845703, 0.05661022290587425, 2.9962379932403564
image_119, 19, 0.3007221221923828, 0.07354007661342621, 3.995190382003784
image_119, 19, 0.3665931820869446, 0.09024247527122498, 4.9940409660339355
image_119, 19, 0.43398576974868774, 0.10646023601293564, 5.99306583404541
image_119, 19, 0.4999169111251831, 0.12206562608480453, 6.992170333862305
image_119, 19, 0.5657309293746948, 0.13749149441719055, 7.991302490234375
image_119, 19, 0.6313003897666931, 0.15284064412117004, 8.99044418334961
image_119, 19, 0.6974507570266724, 0.16824938356876373, 9.98961353302002
image_119, 19, 0.7666377425193787, 0.18415267765522003, 10.988764762878418
image_119, 19, 0.8351232409477234, 0.20015063881874084, 11.987895011901855
image_119, 19, 0.9051147103309631, 0.21675866842269897, 12.98695182800293
image_119, 19, 0.9793516993522644, 0.234670490026474, 13.98588752746582
image_119, 19, 1.0553277730941772, 0.25379541516304016, 14.984667778015137
image_119, 19, 1.1312729120254517, 0.27334830164909363, 15.983325004577637
image_119, 19, 1.2063684463500977, 0.2927972674369812, 16.981977462768555
image_119, 19, 1.2847900390625, 0.31287646293640137, 17.980541229248047
image_119, 19, 1.3619167804718018, 0.3323439061641693, 18.979204177856445
image_119, 19, 1.4379963874816895, 0.3515010476112366, 19.977981567382812
image_119, 19, 1.5150831937789917, 0.3712693154811859, 20.9766788482666
image_119, 19, 1.591145396232605, 0.3908913731575012, 21.975444793701172
image_119, 19, 1.6634294986724854, 0.4088684320449829, 22.974397659301758
image_119, 19, 1.737732172012329, 0.42698273062705994, 23.97337532043457
image_119, 19, 1.808782935142517, 0.444210410118103, 24.972429275512695
image_119, 19, 1.87911057472229, 0.4612673223018646, 25.97151756286621
image_119, 19, 1.945225477218628, 0.4775957465171814, 26.9705867767334
image_119, 19, 2.0105960369110107, 0.4936857521533966, 27.96965789794922
image_119, 19, 2.0776138305664062, 0.5096865892410278, 28.968774795532227
image_119, 19, 2.144230365753174, 0.52571702003479, 29.967863082885742
image_103, 20, 0.07950273156166077, 0.020364925265312195, 0.9985039830207825
image_103, 20, 0.15448430180549622, 0.0391678661108017, 1.9972138404846191
image_103, 20, 0.22819256782531738, 0.05737432837486267, 2.9960272312164307
image_103, 20, 0.301874577999115, 0.07531120628118515, 3.994884490966797
image_103, 20, 0.3762064576148987, 0.09300798922777176, 4.993789196014404
image_103, 20, 0.4501321315765381, 0.11017661541700363, 5.992771148681641
image_103, 20, 0.5152026414871216, 0.12602049112319946, 6.991789817810059
image_103, 20, 0.5820770859718323, 0.14170248806476593, 7.990884780883789
image_103, 20, 0.6550945043563843, 0.15837514400482178, 8.989933013916016
image_103, 20, 0.7251372933387756, 0.1745956838130951, 9.989004135131836
image_103, 20, 0.7938794493675232, 0.19070574641227722, 10.988054275512695
image_103, 20, 0.8616039752960205, 0.20661309361457825, 11.987104415893555
image_103, 20, 0.9311454892158508, 0.223174050450325, 12.98608684539795
image_103, 20, 1.0027048587799072, 0.24043521285057068, 13.985003471374512
image_103, 20, 1.0742661952972412, 0.25794193148612976, 14.983892440795898
image_103, 20, 1.1451961994171143, 0.2752908170223236, 15.98267650604248
image_103, 20, 1.2184396982192993, 0.2932513952255249, 16.98128890991211
image_103, 20, 1.2921534776687622, 0.31185251474380493, 17.979772567749023
image_103, 20, 1.366715431213379, 0.33034875988960266, 18.97841453552246
image_103, 20, 1.443785548210144, 0.34924566745758057, 19.977035522460938
image_103, 20, 1.5175522565841675, 0.3672230541706085, 20.975767135620117
image_103, 20, 1.5925054550170898, 0.3852829337120056, 21.974536895751953
image_103, 20, 1.6630399227142334, 0.4019467532634735, 22.97346305847168
image_103, 20, 1.7332608699798584, 0.4186348617076874, 23.972421646118164
image_103, 20, 1.7997952699661255, 0.4345329999923706, 24.971412658691406
image_103, 20, 1.8645782470703125, 0.45064082741737366, 25.970277786254883
image_103, 20, 1.9296280145645142, 0.4662368893623352, 26.969390869140625
image_103, 20, 1.9969629049301147, 0.4826936721801758, 27.96844482421875
image_103, 20, 2.0666794776916504, 0.500100314617157, 28.967409133911133
image_103, 20, 2.1368038654327393, 0.5177369713783264, 29.96633529663086
image_24, 21, 0.08022063970565796, 0.02375423163175583, 0.9977999925613403
image_24, 21, 0.1593749076128006, 0.04701421409845352, 1.9956696033477783
image_24, 21, 0.24206167459487915, 0.0709107369184494, 2.9933297634124756
image_24, 21, 0.31611746549606323, 0.09211587905883789, 3.9915740489959717
image_24, 21, 0.39024683833122253, 0.11321386694908142, 4.989792823791504
image_24, 21, 0.4692400395870209, 0.13534250855445862, 5.9877166748046875
image_24, 21, 0.5403567552566528, 0.15492036938667297, 6.986198902130127
image_24, 21, 0.6098331809043884, 0.17380405962467194, 7.984825611114502
image_24, 21, 0.6783593893051147, 0.1925816684961319, 8.98355484008789
image_24, 21, 0.7489187121391296, 0.21207500994205475, 9.982121467590332
image_24, 21, 0.8187311291694641, 0.23132623732089996, 10.980802536010742
image_24, 21, 0.8894340991973877, 0.2510528862476349, 11.979449272155762
image_24, 21, 0.9615338444709778, 0.27146077156066895, 12.97797679901123
image_24, 21, 1.0345739126205444, 0.2918245196342468, 13.976451873779297
image_24, 21, 1.1092042922973633, 0.3128049671649933, 14.974896430969238
image_24, 21, 1.1903316974639893, 0.3355233669281006, 15.972968101501465
image_24, 21, 1.2763727903366089, 0.36036163568496704, 16.97089958190918
image_24, 21, 1.3636008501052856, 0.38548359274864197, 17.969005584716797
image_24, 21, 1.452246904373169, 0.4106922745704651, 18.967041015625
image_24, 21, 1.5405601263046265, 0.4361797869205475, 19.965024948120117
image_24, 21, 1.624319076538086, 0.46056145429611206, 20.963048934936523
image_24, 21, 1.703722596168518, 0.4837752878665924, 21.96133041381836
image_24, 21, 1.7821755409240723, 0.5059796571731567, 22.959548950195312
image_24, 21, 1.8581739664077759, 0.5271143317222595, 23.95789337158203
image_24, 21, 1.9339849948883057, 0.5478366017341614, 24.956235885620117
image_24, 21, 2.00522518157959, 0.5674716234207153, 25.954893112182617
image_24, 21, 2.075230360031128, 0.5868005752563477, 26.953582763671875
image_24, 21, 2.1454412937164307, 0.6062025427818298, 27.952220916748047
image_24, 21, 2.2170233726501465, 0.6262168288230896, 28.950820922851562
image_24, 21, 2.292029857635498, 0.6471483111381531, 29.94915008544922
image_143, 22, 0.07572479546070099, 0.019109956920146942, 0.9985893368721008
image_143, 22, 0.1502486765384674, 0.037886686623096466, 1.9972469806671143
image_143, 22, 0.22537744045257568, 0.05666232854127884, 2.9959335327148438
image_143, 22, 0.30090510845184326, 0.0751943290233612, 3.994687795639038
image_143, 22, 0.37665557861328125, 0.09370070695877075, 4.993462562561035
image_143, 22, 0.44822391867637634, 0.11138349026441574, 5.992332935333252
image_143, 22, 0.5188243389129639, 0.12899929285049438, 6.991218566894531
image_143, 22, 0.590109646320343, 0.14652502536773682, 7.99012565612793
image_143, 22, 0.6575149893760681, 0.1630123257637024, 8.9891357421875
image_143, 22, 0.7278131246566772, 0.17975743114948273, 9.988160133361816
image_143, 22, 0.7979044318199158, 0.1963619589805603, 10.987178802490234
image_143, 22, 0.8663012981414795, 0.21289774775505066, 11.986172676086426
image_143, 22, 0.9344785809516907, 0.2296464443206787, 12.985121726989746
image_143, 22, 1.0115511417388916, 0.24894097447395325, 13.983827590942383
image_143, 22, 1.087456464767456, 0.26811739802360535, 14.982564926147461
image_143, 22, 1.1653872728347778, 0.2877695858478546, 15.981229782104492
image_143, 22, 1.2415839433670044, 0.30679193139076233, 16.979883193969727
image_143, 22, 1.319582462310791, 0.3263924717903137, 17.978357315063477
image_143, 22, 1.396667242050171, 0.34653910994529724, 18.976680755615234
image_143, 22, 1.4731813669204712, 0.3658953905105591, 19.975296020507812
image_143, 22, 1.5493154525756836, 0.38542038202285767, 20.97394371032715
image_143, 22, 1.6265283823013306, 0.40553194284439087, 21.972606658935547
image_143, 22, 1.7037410736083984, 0.4250880181789398, 22.9713191986084
image_143, 22, 1.7817838191986084, 0.44495755434036255, 23.96995735168457
image_143, 22, 1.852913498878479, 0.46282970905303955, 24.968799591064453
image_143, 22, 1.9210656881332397, 0.4797152578830719, 25.96776580810547
image_143, 22, 1.992797613143921, 0.4970342516899109, 26.966754913330078
image_143, 22, 2.064573287963867, 0.5142948627471924, 27.965747833251953
image_143, 22, 2.1366682052612305, 0.5319782495498657, 28.964677810668945
image_143, 22, 2.2075161933898926, 0.5495724081993103, 29.96356201171875
image_12, 23, 0.0643349289894104, 0.020779350772500038, 0.9983101487159729
image_12, 23, 0.13375157117843628, 0.0411861315369606, 1.9965978860855103
image_12, 23, 0.1987616866827011, 0.06142011284828186, 2.9950032234191895
image_12, 23, 0.26472893357276917, 0.08098757266998291, 3.9935131072998047
image_12, 23, 0.3417210578918457, 0.10060228407382965, 4.992142200469971
image_12, 23, 0.41327938437461853, 0.12024467438459396, 5.9907026290893555
image_12, 23, 0.48454195261001587, 0.13938350975513458, 6.98937463760376
image_12, 23, 0.5503078103065491, 0.158599391579628, 7.988080024719238
image_12, 23, 0.635296106338501, 0.17787501215934753, 8.986676216125488
image_12, 23, 0.7000148296356201, 0.19661390781402588, 9.985308647155762
image_12, 23, 0.7673419713973999, 0.2160753756761551, 10.983697891235352
image_12, 23, 0.8304307460784912, 0.23535852134227753, 11.982226371765137
image_12, 23, 0.8987634778022766, 0.2550622224807739, 12.980756759643555
image_12, 23, 0.9617733955383301, 0.27552616596221924, 13.979228973388672
image_12, 23, 1.0359965562820435, 0.29569774866104126, 14.977775573730469
image_12, 23, 1.1185251474380493, 0.3168962597846985, 15.976078987121582
image_12, 23, 1.200839638710022, 0.33953794836997986, 16.974374771118164
image_12, 23, 1.2842333316802979, 0.3637533485889435, 17.97250747680664
image_12, 23, 1.3582711219787598, 0.3850730061531067, 18.97077751159668
image_12, 23, 1.4378628730773926, 0.4064429998397827, 19.96938705444336
image_12, 23, 1.5310897827148438, 0.42723092436790466, 20.967899322509766
image_12, 23, 1.6115113496780396, 0.44645342230796814, 21.966506958007812
image_12, 23, 1.6862120628356934, 0.46527183055877686, 22.96516227722168
image_12, 23, 1.7630540132522583, 0.48453792929649353, 23.963727951049805
image_12, 23, 1.8301044702529907, 0.5036696791648865, 24.962352752685547
image_12, 23, 1.9088016748428345, 0.5224165320396423, 25.96107292175293
image_12, 23, 1.9758892059326172, 0.540759265422821, 26.9598445892334
image_12, 23, 2.0520851612091064, 0.5588029623031616, 27.95865821838379
image_12, 23, 2.1186797618865967, 0.5767396688461304, 28.957368850708008
image_12, 23, 2.1869735717773438, 0.5945267677307129, 29.956207275390625
image_113, 24, 0.08314976096153259, 0.020112937316298485, 0.9986134171485901
image_113, 24, 0.15389789640903473, 0.037175826728343964, 1.9975121021270752
image_113, 24, 0.23192471265792847, 0.05513790249824524, 2.9963860511779785
image_113, 24, 0.3089493215084076, 0.07260960340499878, 3.9953105449676514
image_113, 24, 0.38250991702079773, 0.08928831666707993, 4.994307041168213
image_113, 24, 0.4504363238811493, 0.10489121824502945, 5.993384838104248
image_113, 24, 0.517052948474884, 0.12012438476085663, 6.992501735687256
image_113, 24, 0.5860445499420166, 0.13533176481723785, 7.991637229919434
image_113, 24, 0.6541495323181152, 0.1503160148859024, 8.990795135498047
image_113, 24, 0.7256473898887634, 0.16598059237003326, 9.989893913269043
image_113, 24, 0.800271213054657, 0.18230091035366058, 10.98892593383789
image_113, 24, 0.8720911741256714, 0.19816267490386963, 11.988022804260254
image_113, 24, 0.9446280598640442, 0.21482621133327484, 12.987058639526367
image_113, 24, 1.0119233131408691, 0.23081529140472412, 13.98613452911377
image_113, 24, 1.081286072731018, 0.24698670208454132, 14.985199928283691
image_113, 24, 1.1526803970336914, 0.26336970925331116, 15.984248161315918
image_113, 24, 1.2227063179016113, 0.27948322892189026, 16.983320236206055
image_113, 24, 1.2892429828643799, 0.2951933741569519, 17.982370376586914
image_113, 24, 1.3600555658340454, 0.312127947807312, 18.98126792907715
image_113, 24, 1.4343822002410889, 0.32994574308395386, 19.980039596557617
image_113, 24, 1.5050104856491089, 0.3468884825706482, 20.97890853881836
image_113, 24, 1.5721994638442993, 0.36293700337409973, 21.977842330932617
image_113, 24, 1.6443275213241577, 0.3802098035812378, 22.97672462463379
image_113, 24, 1.7130842208862305, 0.3964214324951172, 23.97572898864746
image_113, 24, 1.7876129150390625, 0.413227379322052, 24.974681854248047
image_113, 24, 1.8616712093353271, 0.42924219369888306, 25.973716735839844
image_113, 24, 1.9335426092147827, 0.4445013403892517, 26.972856521606445
image_113, 24, 2.0069334506988525, 0.4605501890182495, 27.971906661987305
image_113, 24, 2.072049140930176, 0.47546327114105225, 28.97104835510254
image_113, 24, 2.143794059753418, 0.49147942662239075, 29.9700927734375
image_112, 25, 0.07386194169521332, 0.019615493714809418, 0.9985994100570679
image_112, 25, 0.14608246088027954, 0.038715749979019165, 1.997191309928894
image_112, 25, 0.2186797559261322, 0.05793851613998413, 2.9956345558166504
image_112, 25, 0.2905222177505493, 0.07688582688570023, 3.9940731525421143
image_112, 25, 0.3593483865261078, 0.09439371526241302, 4.99299955368042
image_112, 25, 0.42737704515457153, 0.11153393238782883, 5.991969108581543
image_112, 25, 0.4943455755710602, 0.12837806344032288, 6.9909820556640625
image_112, 25, 0.5597995519638062, 0.14513050019741058, 7.989992618560791
image_112, 25, 0.625327467918396, 0.1620258092880249, 8.988975524902344
image_112, 25, 0.691139817237854, 0.1789005994796753, 9.987957000732422
image_112, 25, 0.7583939433097839, 0.19628500938415527, 10.986871719360352
image_112, 25, 0.827405571937561, 0.21425598859786987, 11.985726356506348
image_112, 25, 0.89871746301651, 0.23269641399383545, 12.984601020812988
image_112, 25, 0.968853771686554, 0.25087130069732666, 13.983320236206055
image_112, 25, 1.0431272983551025, 0.2704303562641144, 14.981797218322754
image_112, 25, 1.1224215030670166, 0.291260302066803, 15.98015308380127
image_112, 25, 1.204968810081482, 0.3126586079597473, 16.978445053100586
image_112, 25, 1.2877033948898315, 0.33441612124443054, 17.976703643798828
image_112, 25, 1.3660924434661865, 0.354522705078125, 18.97522735595703
image_112, 25, 1.4470700025558472, 0.37577879428863525, 19.973581314086914
image_112, 25, 1.5257062911987305, 0.3962101638317108, 20.972057342529297
image_112, 25, 1.60433030128479, 0.4167594313621521, 21.970508575439453
image_112, 25, 1.67961847782135, 0.43665409088134766, 22.96919059753418
image_112, 25, 1.7541322708129883, 0.45627009868621826, 23.967960357666016
image_112, 25, 1.827405571937561, 0.4754672050476074, 24.966468811035156
image_112, 25, 1.8967291116714478, 0.4936240017414093, 25.965232849121094
image_112, 25, 1.9647765159606934, 0.5116170048713684, 26.964027404785156
image_112, 25, 2.032498359680176, 0.5298106074333191, 27.962844848632812
image_112, 25, 2.1043076515197754, 0.5489223003387451, 28.961681365966797
image_112, 25, 2.174435615539551, 0.5673602223396301, 29.960533142089844
image_62, 26, 0.07634060829877853, 0.021753884851932526, 0.9982401728630066
image_62, 26, 0.15384942293167114, 0.04376663267612457, 1.9963208436965942
image_62, 26, 0.22705380618572235, 0.0638882964849472, 2.994736433029175
image_62, 26, 0.2975638210773468, 0.0828772485256195, 3.9933104515075684
image_62, 26, 0.36867669224739075, 0.10216505825519562, 4.991799354553223
image_62, 26, 0.4417533278465271, 0.12204619497060776, 5.990151405334473
image_62, 26, 0.5148658752441406, 0.14205147325992584, 6.988473415374756
image_62, 26, 0.5905675292015076, 0.16278597712516785, 7.986608028411865
image_62, 26, 0.6642738580703735, 0.18281221389770508, 8.984912872314453
image_62, 26, 0.7328517436981201, 0.2009713053703308, 9.983652114868164
image_62, 26, 0.8035554885864258, 0.2197987139225006, 10.98221492767334
image_62, 26, 0.8779808878898621, 0.23980194330215454, 11.980545043945312
image_62, 26, 0.9538171291351318, 0.26048097014427185, 12.978761672973633
image_62, 26, 1.0251659154891968, 0.2797519266605377, 13.977396965026855
image_62, 26, 1.1011382341384888, 0.30070409178733826, 14.975730895996094
image_62, 26, 1.1824153661727905, 0.32364895939826965, 15.9737548828125
image_62, 26, 1.2693226337432861, 0.3480113446712494, 16.971647262573242
image_62, 26, 1.35502290725708, 0.3719550669193268, 17.969858169555664
image_62, 26, 1.4389045238494873, 0.3954198658466339, 18.9678897857666
image_62, 26, 1.52364182472229, 0.4187313914299011, 19.965999603271484
image_62, 26, 1.6091678142547607, 0.442381352186203, 20.96409797668457
image_62, 26, 1.689743995666504, 0.4645155668258667, 21.96232032775879
image_62, 26, 1.7645293474197388, 0.48497632145881653, 22.96084976196289
image_62, 26, 1.836885690689087, 0.5043829679489136, 23.959508895874023
image_62, 26, 1.9075262546539307, 0.5230949521064758, 24.958213806152344
image_62, 26, 1.9766356945037842, 0.541277289390564, 25.956939697265625
image_62, 26, 2.045773506164551, 0.5593747496604919, 26.95561981201172
image_62, 26, 2.112990617752075, 0.576863169670105, 27.9544734954834
image_62, 26, 2.1799230575561523, 0.5941162109375, 28.953384399414062
image_62, 26, 2.2468509674072266, 0.6116596460342407, 29.95216941833496
image_10, 27, 0.07919008284807205, 0.021324053406715393, 0.9984225034713745
image_10, 27, 0.15806134045124054, 0.04255221039056778, 1.9968852996826172
image_10, 27, 0.23233480751514435, 0.062369346618652344, 2.9953725337982178
image_10, 27, 0.3066902756690979, 0.08189500123262405, 3.993990182876587
image_10, 27, 0.38269883394241333, 0.10170524567365646, 4.992640495300293
image_10, 27, 0.45369794964790344, 0.12019597738981247, 5.991359233856201
image_10, 27, 0.5244336128234863, 0.1385241150856018, 6.990135192871094
image_10, 27, 0.5935909152030945, 0.15646253526210785, 7.9889655113220215
image_10, 27, 0.6642143726348877, 0.17458556592464447, 8.987834930419922
image_10, 27, 0.7345436811447144, 0.19260312616825104, 9.986655235290527
image_10, 27, 0.8042839169502258, 0.21072712540626526, 10.985344886779785
image_10, 27, 0.8759270310401917, 0.22926035523414612, 11.983981132507324
image_10, 27, 0.9497603178024292, 0.24831001460552216, 12.982637405395508
image_10, 27, 1.0259461402893066, 0.2681497037410736, 13.98122501373291
image_10, 27, 1.1048495769500732, 0.28889530897140503, 14.979742050170898
image_10, 27, 1.1839749813079834, 0.30976009368896484, 15.978119850158691
image_10, 27, 1.2647720575332642, 0.33038201928138733, 16.9765682220459
image_10, 27, 1.3489371538162231, 0.3520357012748718, 17.974985122680664
image_10, 27, 1.433179259300232, 0.37415462732315063, 18.97323989868164
image_10, 27, 1.5164328813552856, 0.39571747183799744, 19.97149658203125
image_10, 27, 1.5995558500289917, 0.41704726219177246, 20.96982765197754
image_10, 27, 1.6829891204833984, 0.4384474456310272, 21.968217849731445
image_10, 27, 1.7621104717254639, 0.45921000838279724, 22.96672248840332
image_10, 27, 1.8379112482070923, 0.47919100522994995, 23.96533203125
image_10, 27, 1.9115614891052246, 0.4983444809913635, 24.964017868041992
image_10, 27, 1.9855560064315796, 0.5176368355751038, 25.96274757385254
image_10, 27, 2.059251070022583, 0.5368661880493164, 26.961517333984375
image_10, 27, 2.1319973468780518, 0.5556275844573975, 27.960355758666992
image_10, 27, 2.202423334121704, 0.5738976001739502, 28.95920181274414
image_10, 27, 2.272115468978882, 0.5920897722244263, 29.95795249938965
image_40, 28, 0.07218970358371735, 0.020160578191280365, 0.9983478784561157
image_40, 28, 0.14512711763381958, 0.04055450111627579, 1.9965848922729492
image_40, 28, 0.21659961342811584, 0.06023797765374184, 2.9949793815612793
image_40, 28, 0.291385293006897, 0.08067844808101654, 3.993138313293457
image_40, 28, 0.36190444231033325, 0.09978989511728287, 4.991569519042969
image_40, 28, 0.43456631898880005, 0.11955451965332031, 5.989850044250488
image_40, 28, 0.5031220316886902, 0.13805560767650604, 6.988359451293945
image_40, 28, 0.5692627429962158, 0.155671164393425, 7.987020969390869
image_40, 28, 0.6412956714630127, 0.1747579574584961, 8.985389709472656
image_40, 28, 0.7070647478103638, 0.19214090704917908, 9.984214782714844
image_40, 28, 0.7734725475311279, 0.20955795049667358, 10.982996940612793
image_40, 28, 0.8454586863517761, 0.22841273248195648, 11.981424331665039
image_40, 28, 0.9143849611282349, 0.24662359058856964, 12.98007869720459
image_40, 28, 0.9871262311935425, 0.2657414376735687, 13.978472709655762
image_40, 28, 1.0598002672195435, 0.2849581837654114, 14.976921081542969
image_40, 28, 1.1424462795257568, 0.3076900839805603, 15.97476577758789
image_40, 28, 1.2307175397872925, 0.3325335681438446, 16.97228240966797
image_40, 28, 1.3169734477996826, 0.3563452959060669, 17.970264434814453
image_40, 28, 1.4035450220108032, 0.38084515929222107, 18.967897415161133
image_40, 28, 1.4897769689559937, 0.40447893738746643, 19.965791702270508
image_40, 28, 1.5774134397506714, 0.4287428557872772, 20.963491439819336
image_40, 28, 1.6619831323623657, 0.4520162343978882, 21.961233139038086
image_40, 28, 1.7370619773864746, 0.4721361994743347, 22.959606170654297
image_40, 28, 1.8092215061187744, 0.49128758907318115, 23.95812225341797
image_40, 28, 1.878849744796753, 0.5095497369766235, 24.956809997558594
image_40, 28, 1.9484949111938477, 0.5279256701469421, 25.955419540405273
image_40, 28, 2.0217015743255615, 0.5472177267074585, 26.953784942626953
image_40, 28, 2.09159255027771, 0.5657012462615967, 27.95236587524414
image_40, 28, 2.166901111602783, 0.5858741998672485, 28.950571060180664
image_40, 28, 2.239741086959839, 0.6052325367927551, 29.948951721191406
image_132, 29, 0.08913395553827286, 0.025848418474197388, 0.9974044561386108
image_132, 29, 0.17726096510887146, 0.05115965008735657, 1.9949166774749756
image_132, 29, 0.2601720690727234, 0.07443171739578247, 2.9928908348083496
image_132, 29, 0.33899277448654175, 0.09653667360544205, 3.9912564754486084
image_132, 29, 0.416102796792984, 0.11800055205821991, 4.989751815795898
image_132, 29, 0.49092617630958557, 0.1383228451013565, 5.9883952140808105
image_132, 29, 0.5645538568496704, 0.15812022984027863, 6.987145900726318
image_132, 29, 0.6373655200004578, 0.177370086312294, 7.985945701599121
image_132, 29, 0.7103092670440674, 0.19653169810771942, 8.984720230102539
image_132, 29, 0.784605085849762, 0.21598513424396515, 9.983388900756836
image_132, 29, 0.8607813715934753, 0.23642121255397797, 10.981974601745605
image_132, 29, 0.9395332932472229, 0.2576303482055664, 11.980356216430664
image_132, 29, 1.0213040113449097, 0.28039929270744324, 12.978811264038086
image_132, 29, 1.1050305366516113, 0.30367082357406616, 13.977176666259766
image_132, 29, 1.1886221170425415, 0.3264487385749817, 14.97551155090332
image_132, 29, 1.2765191793441772, 0.35076844692230225, 15.973624229431152
image_132, 29, 1.3703581094741821, 0.37672752141952515, 16.971773147583008
image_132, 29, 1.462059497833252, 0.4017166197299957, 17.969772338867188
image_132, 29, 1.5589072704315186, 0.4289025664329529, 18.96739387512207
image_132, 29, 1.6531134843826294, 0.455417662858963, 19.965110778808594
image_132, 29, 1.7488163709640503, 0.482751727104187, 20.962980270385742
image_132, 29, 1.8405119180679321, 0.508580207824707, 21.96111297607422
image_132, 29, 1.9243742227554321, 0.5304600596427917, 22.959463119506836
image_132, 29, 2.006565809249878, 0.5526614785194397, 23.957904815673828
image_132, 29, 2.087648391723633, 0.575046956539154, 24.956390380859375
image_132, 29, 2.164771795272827, 0.5954394936561584, 25.954992294311523
image_132, 29, 2.2409839630126953, 0.6158915758132935, 26.953678131103516
image_132, 29, 2.3173410892486572, 0.6365904211997986, 27.952335357666016
image_132, 29, 2.3929283618927, 0.6571604013442993, 28.950942993164062
image_132, 29, 2.4681553840637207, 0.6778987646102905, 29.949501037597656
image_134, 30, 0.0811552107334137, 0.022955477237701416, 0.9983826875686646
image_134, 30, 0.15757696330547333, 0.0438850000500679, 1.996969223022461
image_134, 30, 0.23128142952919006, 0.06437033414840698, 2.995326042175293
image_134, 30, 0.3025386333465576, 0.08413369953632355, 3.9938979148864746
image_134, 30, 0.378792405128479, 0.10430707782506943, 4.992624282836914
image_134, 30, 0.44783541560173035, 0.1229315772652626, 5.9913530349731445
image_134, 30, 0.5219929218292236, 0.1419617235660553, 6.990156173706055
image_134, 30, 0.5901282429695129, 0.1603175699710846, 7.988940238952637
image_134, 30, 0.6590173244476318, 0.17861995100975037, 8.987817764282227
image_134, 30, 0.7298727631568909, 0.19676777720451355, 9.986777305603027
image_134, 30, 0.8041600584983826, 0.21611255407333374, 10.985618591308594
image_134, 30, 0.8787297010421753, 0.23605577647686005, 11.984352111816406
image_134, 30, 0.9548013806343079, 0.2569189965724945, 12.982932090759277
image_134, 30, 1.0328357219696045, 0.27845317125320435, 13.981379508972168
image_134, 30, 1.1182360649108887, 0.3030753433704376, 14.979620933532715
image_134, 30, 1.2005196809768677, 0.3260576128959656, 15.977746963500977
image_134, 30, 1.2861113548278809, 0.34941962361335754, 16.97583770751953
image_134, 30, 1.3714145421981812, 0.37230461835861206, 17.974164962768555
image_134, 30, 1.4515399932861328, 0.39280667901039124, 18.9726619720459
image_134, 30, 1.5317758321762085, 0.4133222699165344, 19.971187591552734
image_134, 30, 1.6142897605895996, 0.43534377217292786, 20.969343185424805
image_134, 30, 1.6959447860717773, 0.45788607001304626, 21.967741012573242
image_134, 30, 1.7746087312698364, 0.4790269136428833, 22.96634864807129
image_134, 30, 1.8513083457946777, 0.4997447431087494, 23.964981079101562
image_134, 30, 1.9252827167510986, 0.5202572345733643, 24.963645935058594
image_134, 30, 1.9977023601531982, 0.5399498343467712, 25.962444305419922
image_134, 30, 2.0681753158569336, 0.5585624575614929, 26.961355209350586
image_134, 30, 2.140782594680786, 0.5775721669197083, 27.960275650024414
image_134, 30, 2.2138662338256836, 0.596564769744873, 28.959177017211914
image_134, 30, 2.28936767578125, 0.6161692142486572, 29.95801544189453
