Case_ID, Slide_ID, mae, mse, ssim
image_99, 1, 0.05817015469074249, 0.009755712933838367, 0.999081552028656
image_99, 2, 0.11439377069473267, 0.01878168061375618, 1.9982337951660156
image_99, 3, 0.17114004492759705, 0.027795471251010895, 2.9973859786987305
image_99, 4, 0.2200840264558792, 0.03475010395050049, 3.9968953132629395
image_99, 5, 0.26600053906440735, 0.041018154472112656, 4.996511936187744
image_99, 6, 0.30985307693481445, 0.046939667314291, 5.996196746826172
image_99, 7, 0.3616798520088196, 0.05436983332037926, 6.9955339431762695
image_99, 8, 0.41793614625930786, 0.06305009126663208, 7.994661331176758
image_99, 9, 0.4707236886024475, 0.07086096704006195, 8.993967056274414
image_99, 10, 0.5200446844100952, 0.0778525322675705, 9.993425369262695
image_99, 11, 0.5575810074806213, 0.0825309008359909, 10.993158340454102
image_99, 12, 0.5928996801376343, 0.08682578802108765, 11.992919921875
image_99, 13, 0.6275628209114075, 0.0909385085105896, 12.992700576782227
image_99, 14, 0.6616388559341431, 0.09494681656360626, 13.992486953735352
image_99, 15, 0.6970288157463074, 0.09922623634338379, 14.99223518371582
image_99, 16, 0.7310418486595154, 0.10307546705007553, 15.99201488494873
image_99, 17, 0.7688105702400208, 0.10804706811904907, 16.99168586730957
image_99, 18, 0.8029283285140991, 0.11186160147190094, 17.991474151611328
image_99, 19, 0.8366308212280273, 0.11517710238695145, 18.991273880004883
image_99, 20, 0.8986960053443909, 0.12558823823928833, 19.990114212036133
image_99, 21, 0.9518255591392517, 0.13353294134140015, 20.98934555053711
image_99, 22, 1.0018426179885864, 0.1406984031200409, 21.98871612548828
image_99, 23, 1.0362578630447388, 0.14462366700172424, 22.988466262817383
image_99, 24, 1.0839406251907349, 0.15086722373962402, 23.987812042236328
image_99, 25, 1.1413050889968872, 0.1599891036748886, 24.986806869506836
image_99, 26, 1.1924349069595337, 0.16741833090782166, 25.98609733581543
image_99, 27, 1.2562273740768433, 0.17830659449100494, 26.984798431396484
image_99, 28, 1.3197424411773682, 0.18947872519493103, 27.983518600463867
image_99, 29, 1.3790709972381592, 0.19967365264892578, 28.98247528076172
image_99, 30, 1.441193699836731, 0.2111545354127884, 29.98127555847168
image_77, 1, 0.05832687020301819, 0.013103107921779156, 0.9987301826477051
image_77, 2, 0.1313883364200592, 0.029058787971735, 1.996821641921997
image_77, 3, 0.21505747735500336, 0.04782745614647865, 2.9943642616271973
image_77, 4, 0.27094778418540955, 0.060805901885032654, 3.9930760860443115
image_77, 5, 0.3280481696128845, 0.07385613769292831, 4.991776466369629
image_77, 6, 0.38831204175949097, 0.08714969456195831, 5.990389823913574
image_77, 7, 0.4463917315006256, 0.10067042708396912, 6.989026069641113
image_77, 8, 0.5042808055877686, 0.11437288671731949, 7.987628936767578
image_77, 9, 0.5590596795082092, 0.1272493600845337, 8.986279487609863
image_77, 10, 0.6165008544921875, 0.139812633395195, 9.984945297241211
image_77, 11, 0.6745148301124573, 0.1523786187171936, 10.983609199523926
image_77, 12, 0.7329413890838623, 0.1650395691394806, 11.982250213623047
image_77, 13, 0.7804955840110779, 0.17520621418952942, 12.9811429977417
image_77, 14, 0.8267996311187744, 0.1842944175004959, 13.980148315429688
image_77, 15, 0.884742259979248, 0.19458085298538208, 14.978859901428223
image_77, 16, 0.9735739827156067, 0.21320579946041107, 15.976112365722656
image_77, 17, 1.0274838209152222, 0.2228948175907135, 16.974950790405273
image_77, 18, 1.0759756565093994, 0.23165340721607208, 17.973949432373047
image_77, 19, 1.1230669021606445, 0.24024342000484467, 18.9730167388916
image_77, 20, 1.1724728345870972, 0.24877583980560303, 19.972036361694336
image_77, 21, 1.230379343032837, 0.26098763942718506, 20.97073745727539
image_77, 22, 1.2986767292022705, 0.2755252420902252, 21.969009399414062
image_77, 23, 1.3722723722457886, 0.29162082076072693, 22.966978073120117
image_77, 24, 1.4377754926681519, 0.3053673803806305, 23.965351104736328
image_77, 25, 1.5163750648498535, 0.3232119083404541, 24.963041305541992
image_77, 26, 1.6033726930618286, 0.3440927267074585, 25.9601993560791
image_77, 27, 1.6603971719741821, 0.35369712114334106, 26.95901870727539
image_77, 28, 1.7234013080596924, 0.3640883266925812, 27.957576751708984
image_77, 29, 1.7722570896148682, 0.3715275228023529, 28.956890106201172
image_77, 30, 1.8239275217056274, 0.3800126612186432, 29.956117630004883
image_150, 1, 0.07364542782306671, 0.01638619787991047, 0.9988844990730286
image_150, 2, 0.1455451399087906, 0.03299522399902344, 1.9978861808776855
image_150, 3, 0.21523413062095642, 0.04874289035797119, 2.996823787689209
image_150, 4, 0.28705185651779175, 0.06535331904888153, 3.995807409286499
image_150, 5, 0.3611820936203003, 0.08281321823596954, 4.994694232940674
image_150, 6, 0.4329209327697754, 0.09879755973815918, 5.993670463562012
image_150, 7, 0.506481409072876, 0.11561447381973267, 6.992518901824951
image_150, 8, 0.5865119099617004, 0.13512922823429108, 7.991092205047607
image_150, 9, 0.6612935066223145, 0.1521911770105362, 8.989959716796875
image_150, 10, 0.7437335252761841, 0.1711273491382599, 9.98824691772461
image_150, 11, 0.8115614652633667, 0.1851508468389511, 10.987190246582031
image_150, 12, 0.8798043131828308, 0.19977951049804688, 11.986109733581543
image_150, 13, 0.9515569806098938, 0.21549150347709656, 12.984898567199707
image_150, 14, 1.0150495767593384, 0.22800669074058533, 13.984010696411133
image_150, 15, 1.0776638984680176, 0.23998118937015533, 14.983146667480469
image_150, 16, 1.1565685272216797, 0.2572295069694519, 15.981554985046387
image_150, 17, 1.2350564002990723, 0.27468055486679077, 16.979957580566406
image_150, 18, 1.3068658113479614, 0.28950080275535583, 17.978681564331055
image_150, 19, 1.3586138486862183, 0.29825082421302795, 18.978078842163086
image_150, 20, 1.414844274520874, 0.3081629276275635, 19.97735595703125
image_150, 21, 1.4768513441085815, 0.31965014338493347, 20.976421356201172
image_150, 22, 1.5450729131698608, 0.3338114321231842, 21.975492477416992
image_150, 23, 1.6121516227722168, 0.3475461006164551, 22.974544525146484
image_150, 24, 1.6734825372695923, 0.3593483567237854, 23.973752975463867
image_150, 25, 1.7268941402435303, 0.3683459460735321, 24.973094940185547
image_150, 26, 1.7807494401931763, 0.37758171558380127, 25.972455978393555
image_150, 27, 1.828157901763916, 0.3851698935031891, 26.971939086914062
image_150, 28, 1.9032775163650513, 0.4015003442764282, 27.970169067382812
image_150, 29, 1.9527206420898438, 0.40953150391578674, 28.969453811645508
image_150, 30, 2.011474132537842, 0.41987285017967224, 29.968303680419922
image_26, 1, 0.048510145395994186, 0.006798493675887585, 0.9993460178375244
image_26, 2, 0.08947766572237015, 0.01173373218625784, 1.9989783763885498
image_26, 3, 0.13037657737731934, 0.01678316295146942, 2.998626470565796
image_26, 4, 0.17095354199409485, 0.022038720548152924, 3.998307943344116
image_26, 5, 0.21191619336605072, 0.027616310864686966, 4.997964382171631
image_26, 6, 0.251423180103302, 0.0327693335711956, 5.997669219970703
image_26, 7, 0.29150673747062683, 0.03801410645246506, 6.997358798980713
image_26, 8, 0.33158063888549805, 0.04293384402990341, 7.997067451477051
image_26, 9, 0.37199151515960693, 0.04789457842707634, 8.99675178527832
image_26, 10, 0.41215839982032776, 0.05299738794565201, 9.996465682983398
image_26, 11, 0.4529293179512024, 0.058542829006910324, 10.99616813659668
image_26, 12, 0.49463239312171936, 0.06416401267051697, 11.995859146118164
image_26, 13, 0.5358963012695312, 0.06969405710697174, 12.995563507080078
image_26, 14, 0.5658037066459656, 0.07285872101783752, 13.995396614074707
image_26, 15, 0.5957661271095276, 0.0759475827217102, 14.995223999023438
image_26, 16, 0.6344007849693298, 0.08060629665851593, 15.994885444641113
image_26, 17, 0.6651968955993652, 0.08381455391645432, 16.994707107543945
image_26, 18, 0.6978013515472412, 0.08725540339946747, 17.994483947753906
image_26, 19, 0.7382959723472595, 0.09195498377084732, 18.994049072265625
image_26, 20, 0.7758669257164001, 0.09601709991693497, 19.993682861328125
image_26, 21, 0.8080552220344543, 0.09906373172998428, 20.993444442749023
image_26, 22, 0.845038890838623, 0.10296296328306198, 21.993162155151367
image_26, 23, 0.8823508024215698, 0.10727477818727493, 22.99287986755371
image_26, 24, 0.9202705025672913, 0.11177429556846619, 23.992578506469727
image_26, 25, 0.9575985670089722, 0.11610019952058792, 24.992305755615234
image_26, 26, 0.9967767596244812, 0.12070159614086151, 25.991992950439453
image_26, 27, 1.0360609292984009, 0.1251853108406067, 26.991666793823242
image_26, 28, 1.0766733884811401, 0.12988880276679993, 27.991275787353516
image_26, 29, 1.120456576347351, 0.13532444834709167, 28.990772247314453
image_26, 30, 1.1667472124099731, 0.14161963760852814, 29.99019432067871
image_51, 1, 0.062074244022369385, 0.011678420938551426, 0.9990713596343994
image_51, 2, 0.12662579119205475, 0.023721981793642044, 1.9979948997497559
image_51, 3, 0.19316190481185913, 0.03637869283556938, 2.9966650009155273
image_51, 4, 0.2533847987651825, 0.04699011892080307, 3.9957048892974854
image_51, 5, 0.3079814016819, 0.05615837872028351, 4.995011329650879
image_51, 6, 0.3713926076889038, 0.06758908182382584, 5.993849754333496
image_51, 7, 0.4332175552845001, 0.07850326597690582, 6.992759704589844
image_51, 8, 0.5021337866783142, 0.09165926277637482, 7.991287708282471
image_51, 9, 0.5709062814712524, 0.10472771525382996, 8.989822387695312
image_51, 10, 0.6303325891494751, 0.11495376378297806, 9.988901138305664
image_51, 11, 0.6883895993232727, 0.12488822638988495, 10.988016128540039
image_51, 12, 0.743293821811676, 0.13394565880298615, 11.987305641174316
image_51, 13, 0.79635089635849, 0.14256325364112854, 12.986701965332031
image_51, 14, 0.851978063583374, 0.1520191878080368, 13.985987663269043
image_51, 15, 0.8936269283294678, 0.15795601904392242, 14.985672950744629
image_51, 16, 0.9378942251205444, 0.1641499251127243, 15.985272407531738
image_51, 17, 0.9810519814491272, 0.17043040692806244, 16.984899520874023
image_51, 18, 1.023490309715271, 0.17666105926036835, 17.984540939331055
image_51, 19, 1.0884219408035278, 0.18884870409965515, 18.98331069946289
image_51, 20, 1.1463053226470947, 0.19887319207191467, 19.982481002807617
image_51, 21, 1.2039316892623901, 0.20881544053554535, 20.981658935546875
image_51, 22, 1.2673323154449463, 0.22068704664707184, 21.98048210144043
image_51, 23, 1.3284224271774292, 0.23191894590854645, 22.979450225830078
image_51, 24, 1.4010634422302246, 0.2470228374004364, 23.977685928344727
image_51, 25, 1.470471978187561, 0.26082488894462585, 24.976104736328125
image_51, 26, 1.5190610885620117, 0.2686408758163452, 25.975603103637695
image_51, 27, 1.5786248445510864, 0.2794303297996521, 26.974576950073242
image_51, 28, 1.6416898965835571, 0.2913268804550171, 27.973365783691406
image_51, 29, 1.7086048126220703, 0.30471763014793396, 28.971939086914062
image_51, 30, 1.77863609790802, 0.3195050060749054, 29.97036361694336
image_82, 1, 0.04507926106452942, 0.007104282267391682, 0.9995756149291992
image_82, 2, 0.09597353637218475, 0.01622261106967926, 1.9989221096038818
image_82, 3, 0.15626034140586853, 0.02805444598197937, 2.9978675842285156
image_82, 4, 0.20729923248291016, 0.036811862140893936, 3.997220993041992
image_82, 5, 0.2581367492675781, 0.04530228301882744, 4.996616840362549
image_82, 6, 0.3071643114089966, 0.05328543484210968, 5.996086120605469
image_82, 7, 0.3634434640407562, 0.06346945464611053, 6.995258331298828
image_82, 8, 0.41719043254852295, 0.07280533760786057, 7.994515895843506
image_82, 9, 0.46235454082489014, 0.07966624200344086, 8.994112014770508
image_82, 10, 0.5077657103538513, 0.0866663008928299, 9.993700981140137
image_82, 11, 0.573929488658905, 0.09872599691152573, 10.992365837097168
image_82, 12, 0.6419047713279724, 0.11157529801130295, 11.99091625213623
image_82, 13, 0.7073522210121155, 0.1234409287571907, 12.989593505859375
image_82, 14, 0.7820753455162048, 0.1380738914012909, 13.98781967163086
image_82, 15, 0.849245548248291, 0.1501961052417755, 14.986394882202148
image_82, 16, 0.9209932088851929, 0.16394473612308502, 15.984725952148438
image_82, 17, 0.9762945771217346, 0.17278563976287842, 16.983783721923828
image_82, 18, 1.0328693389892578, 0.18185624480247498, 17.982797622680664
image_82, 19, 1.0784112215042114, 0.1879659742116928, 18.982227325439453
image_82, 20, 1.1233254671096802, 0.19474348425865173, 19.981746673583984
image_82, 21, 1.1648831367492676, 0.200344055891037, 20.981412887573242
image_82, 22, 1.207608699798584, 0.2060554027557373, 21.981050491333008
image_82, 23, 1.249912142753601, 0.21228919923305511, 22.98065185546875
image_82, 24, 1.2950103282928467, 0.21951188147068024, 23.9801025390625
image_82, 25, 1.3555163145065308, 0.2309928685426712, 24.978927612304688
image_82, 26, 1.3961445093154907, 0.23637832701206207, 25.978607177734375
image_82, 27, 1.4365984201431274, 0.24173836410045624, 26.978286743164062
image_82, 28, 1.4841159582138062, 0.24955934286117554, 27.97769546508789
image_82, 29, 1.5293278694152832, 0.25660455226898193, 28.977249145507812
image_82, 30, 1.5784517526626587, 0.2646355926990509, 29.976713180541992
image_80, 1, 0.050462398678064346, 0.00823205430060625, 0.9994768500328064
image_80, 2, 0.09955967962741852, 0.015720415860414505, 1.9989495277404785
image_80, 3, 0.1562090367078781, 0.025249117985367775, 2.9979915618896484
image_80, 4, 0.20420411229133606, 0.03235786408185959, 3.9974422454833984
image_80, 5, 0.2621302008628845, 0.04219905287027359, 4.996451377868652
image_80, 6, 0.32172974944114685, 0.05263470113277435, 5.995372772216797
image_80, 7, 0.38322755694389343, 0.0637415423989296, 6.994199275970459
image_80, 8, 0.4145050048828125, 0.06688159704208374, 7.994009017944336
image_80, 9, 0.4461086690425873, 0.06995156407356262, 8.993823051452637
image_80, 10, 0.47911760210990906, 0.07325442135334015, 9.993600845336914
image_80, 11, 0.5104495286941528, 0.0764349177479744, 10.993400573730469
image_80, 12, 0.5433974266052246, 0.07993753999471664, 11.99317741394043
image_80, 13, 0.5824329257011414, 0.0846656784415245, 12.992822647094727
image_80, 14, 0.6206023097038269, 0.08911605924367905, 13.992515563964844
image_80, 15, 0.6574020981788635, 0.09330394864082336, 14.992232322692871
image_80, 16, 0.6954138875007629, 0.09767606854438782, 15.99191665649414
image_80, 17, 0.7304901480674744, 0.10159396380186081, 16.99166488647461
image_80, 18, 0.7617940902709961, 0.10491792857646942, 17.991456985473633
image_80, 19, 0.7948738932609558, 0.10843201726675034, 18.99118423461914
image_80, 20, 0.8501631021499634, 0.11767668277025223, 19.9903507232666
image_80, 21, 0.8971316814422607, 0.12486553192138672, 20.98992919921875
image_80, 22, 0.9468181729316711, 0.13258475065231323, 21.989416122436523
image_80, 23, 1.001949667930603, 0.14165064692497253, 22.988689422607422
image_80, 24, 1.055708646774292, 0.15027177333831787, 23.98801612854004
image_80, 25, 1.1052271127700806, 0.1578056812286377, 24.987497329711914
image_80, 26, 1.153446912765503, 0.16513670980930328, 25.98700523376465
image_80, 27, 1.2023085355758667, 0.17272397875785828, 26.98647117614746
image_80, 28, 1.2550946474075317, 0.1814631074666977, 27.98576545715332
image_80, 29, 1.308983325958252, 0.19072262942790985, 28.985002517700195
image_80, 30, 1.3656073808670044, 0.2008650153875351, 29.984071731567383
image_1, 1, 0.03849519044160843, 0.00479847751557827, 0.999741792678833
image_1, 2, 0.07503359019756317, 0.009226752445101738, 1.9995081424713135
image_1, 3, 0.11812982708215714, 0.015209030359983444, 2.9990296363830566
image_1, 4, 0.16082803905010223, 0.02105765789747238, 3.9985616207122803
image_1, 5, 0.206654354929924, 0.027556704357266426, 4.9979987144470215
image_1, 6, 0.24650323390960693, 0.03263042867183685, 5.997652530670166
image_1, 7, 0.28866931796073914, 0.038347937166690826, 6.997224807739258
image_1, 8, 0.32760992646217346, 0.04327753558754921, 7.99691104888916
image_1, 9, 0.3643015921115875, 0.04749511927366257, 8.996692657470703
image_1, 10, 0.4016477167606354, 0.05171225219964981, 9.996320724487305
image_1, 11, 0.4742083251476288, 0.06481757014989853, 10.994617462158203
image_1, 12, 0.5433985590934753, 0.07675382494926453, 11.99307918548584
image_1, 13, 0.6111555099487305, 0.08839137107133865, 12.991597175598145
image_1, 14, 0.6771641373634338, 0.09958241134881973, 13.990203857421875
image_1, 15, 0.7459517121315002, 0.11176475137472153, 14.988678932189941
image_1, 16, 0.8153524994850159, 0.12445961683988571, 15.987089157104492
image_1, 17, 0.8893811106681824, 0.13885186612606049, 16.985214233398438
image_1, 18, 0.9555475115776062, 0.1503048688173294, 17.983749389648438
image_1, 19, 1.0096640586853027, 0.1583140790462494, 18.982803344726562
image_1, 20, 1.0453368425369263, 0.1623932421207428, 19.982555389404297
image_1, 21, 1.0809991359710693, 0.16667361557483673, 20.9822940826416
image_1, 22, 1.1279298067092896, 0.17331723868846893, 21.981693267822266
image_1, 23, 1.1744831800460815, 0.18001167476177216, 22.98105239868164
image_1, 24, 1.2093626260757446, 0.1840464323759079, 23.980772018432617
image_1, 25, 1.2427952289581299, 0.18764740228652954, 24.980571746826172
image_1, 26, 1.2775110006332397, 0.1918201744556427, 25.980327606201172
image_1, 27, 1.3155803680419922, 0.1968173235654831, 26.979951858520508
image_1, 28, 1.3522474765777588, 0.20142284035682678, 27.979616165161133
image_1, 29, 1.3869868516921997, 0.20548847317695618, 28.979352951049805
image_1, 30, 1.4220077991485596, 0.20955055952072144, 29.979108810424805
image_124, 1, 0.051097188144922256, 0.010171269066631794, 0.9991602301597595
image_124, 2, 0.10750041157007217, 0.021991975605487823, 1.998121738433838
image_124, 3, 0.17871710658073425, 0.0372047983109951, 2.9966981410980225
image_124, 4, 0.24393916130065918, 0.051633093506097794, 3.9955332279205322
image_124, 5, 0.30997878313064575, 0.06515692174434662, 4.994453430175781
image_124, 6, 0.3780890107154846, 0.07937214523553848, 5.99322509765625
image_124, 7, 0.4271719455718994, 0.08821728825569153, 6.992505073547363
image_124, 8, 0.47633641958236694, 0.09717052429914474, 7.9917893409729
image_124, 9, 0.5282590389251709, 0.10685690492391586, 8.990975379943848
image_124, 10, 0.579830527305603, 0.11635687947273254, 9.990194320678711
image_124, 11, 0.6398931741714478, 0.12934689223766327, 10.989067077636719
image_124, 12, 0.7001941800117493, 0.14248406887054443, 11.987934112548828
image_124, 13, 0.7598699927330017, 0.15534959733486176, 12.986862182617188
image_124, 14, 0.8140048980712891, 0.1656503677368164, 13.986083030700684
image_124, 15, 0.864789605140686, 0.17456504702568054, 14.98542594909668
image_124, 16, 0.9146626591682434, 0.1834883689880371, 15.984773635864258
image_124, 17, 0.9618358016014099, 0.19150389730930328, 16.984214782714844
image_124, 18, 1.0096354484558105, 0.1995898187160492, 17.983646392822266
image_124, 19, 1.062212347984314, 0.20950768887996674, 18.982913970947266
image_124, 20, 1.113358736038208, 0.21869845688343048, 19.982254028320312
image_124, 21, 1.1798807382583618, 0.23197031021118164, 20.98126220703125
image_124, 22, 1.247128963470459, 0.24531877040863037, 21.980209350585938
image_124, 23, 1.3107390403747559, 0.2575027048587799, 22.97934341430664
image_124, 24, 1.3754024505615234, 0.26968634128570557, 23.978452682495117
image_124, 25, 1.4427624940872192, 0.28287947177886963, 24.977331161499023
image_124, 26, 1.4906927347183228, 0.29065755009651184, 25.97675895690918
image_124, 27, 1.5377064943313599, 0.2986944317817688, 26.976213455200195
image_124, 28, 1.5836704969406128, 0.30611613392829895, 27.975717544555664
image_124, 29, 1.6280890703201294, 0.31298279762268066, 28.975313186645508
image_124, 30, 1.7026580572128296, 0.3287801146507263, 29.97382926940918
image_65, 1, 0.0699915811419487, 0.014933815225958824, 0.9985479712486267
image_65, 2, 0.1311504989862442, 0.026864968240261078, 1.9976849555969238
image_65, 3, 0.19392359256744385, 0.03909735381603241, 2.996678352355957
image_65, 4, 0.25894224643707275, 0.051842618733644485, 3.9955530166625977
image_65, 5, 0.3407410681247711, 0.07083934545516968, 4.993311405181885
image_65, 6, 0.41891270875930786, 0.08848472684621811, 5.991302490234375
image_65, 7, 0.4938587546348572, 0.10478442907333374, 6.989484786987305
image_65, 8, 0.5625557899475098, 0.11887966841459274, 7.988059043884277
image_65, 9, 0.6085381507873535, 0.12583544850349426, 8.987457275390625
image_65, 10, 0.6497631669044495, 0.13191364705562592, 9.987059593200684
image_65, 11, 0.6937020421028137, 0.13831859827041626, 10.986540794372559
image_65, 12, 0.7424972057342529, 0.14550092816352844, 11.985873222351074
image_65, 13, 0.7893932461738586, 0.15258361399173737, 12.985260963439941
image_65, 14, 0.8322704434394836, 0.15872308611869812, 13.984782218933105
image_65, 15, 0.8754523396492004, 0.16484178602695465, 14.984258651733398
image_65, 16, 0.9137340784072876, 0.16989590227603912, 15.983942985534668
image_65, 17, 0.9518411159515381, 0.1748327910900116, 16.98361587524414
image_65, 18, 0.9901832938194275, 0.17969168722629547, 17.9832706451416
image_65, 19, 1.0544692277908325, 0.19168294966220856, 18.981945037841797
image_65, 20, 1.1241283416748047, 0.20574603974819183, 19.98040771484375
image_65, 21, 1.184511661529541, 0.21652427315711975, 20.979238510131836
image_65, 22, 1.2290828227996826, 0.22276218235492706, 21.978700637817383
image_65, 23, 1.272318720817566, 0.22869369387626648, 22.978185653686523
image_65, 24, 1.3493198156356812, 0.24591350555419922, 23.97613525390625
image_65, 25, 1.4228397607803345, 0.26238182187080383, 24.974252700805664
image_65, 26, 1.474592924118042, 0.2706668972969055, 25.973371505737305
image_65, 27, 1.5179433822631836, 0.276676744222641, 26.972854614257812
image_65, 28, 1.583788275718689, 0.2897847592830658, 27.971454620361328
image_65, 29, 1.6535661220550537, 0.30482688546180725, 28.969913482666016
image_65, 30, 1.7281653881072998, 0.32171696424484253, 29.968046188354492
image_137, 1, 0.046322066336870193, 0.006784055847674608, 0.9995503425598145
image_137, 2, 0.09057717025279999, 0.012909727171063423, 1.9991455078125
image_137, 3, 0.13624301552772522, 0.01954016275703907, 2.9986696243286133
image_137, 4, 0.18204039335250854, 0.026204023510217667, 3.9982025623321533
image_137, 5, 0.22792519629001617, 0.032685935497283936, 4.997741222381592
image_137, 6, 0.2767520844936371, 0.039994172751903534, 5.997146129608154
image_137, 7, 0.3201037049293518, 0.046042706817388535, 6.996726989746094
image_137, 8, 0.3653514087200165, 0.05267350375652313, 7.996209621429443
image_137, 9, 0.406989723443985, 0.05848543345928192, 8.995811462402344
image_137, 10, 0.4491846263408661, 0.0644969791173935, 9.99538516998291
image_137, 11, 0.49530959129333496, 0.0715179294347763, 10.99481201171875
image_137, 12, 0.5412022471427917, 0.07829122245311737, 11.994283676147461
image_137, 13, 0.5966277122497559, 0.08667172491550446, 12.99332046508789
image_137, 14, 0.658667802810669, 0.0967823937535286, 13.992072105407715
image_137, 15, 0.7260710597038269, 0.10851696878671646, 14.990570068359375
image_137, 16, 0.7941635251045227, 0.12049317359924316, 15.989036560058594
image_137, 17, 0.865809440612793, 0.13369059562683105, 16.987329483032227
image_137, 18, 0.9248213171958923, 0.1428503841161728, 17.986209869384766
image_137, 19, 0.9657964110374451, 0.14818304777145386, 18.98583984375
image_137, 20, 1.0089800357818604, 0.15409120917320251, 19.98541259765625
image_137, 21, 1.0519440174102783, 0.16017210483551025, 20.984973907470703
image_137, 22, 1.0949980020523071, 0.16637322306632996, 21.984529495239258
image_137, 23, 1.1380889415740967, 0.17274124920368195, 22.98407745361328
image_137, 24, 1.18031644821167, 0.17907318472862244, 23.983625411987305
image_137, 25, 1.2217836380004883, 0.18527452647686005, 24.98316764831543
image_137, 26, 1.2619218826293945, 0.19103477895259857, 25.982746124267578
image_137, 27, 1.3018602132797241, 0.19668540358543396, 26.982330322265625
image_137, 28, 1.3421969413757324, 0.20232261717319489, 27.98192596435547
image_137, 29, 1.3836158514022827, 0.2081201672554016, 28.98151397705078
image_137, 30, 1.4268460273742676, 0.21434152126312256, 29.981069564819336
image_14, 1, 0.06096362695097923, 0.011327879503369331, 0.9989175796508789
image_14, 2, 0.10126146674156189, 0.016492810100317, 1.9986275434494019
image_14, 3, 0.1443348377943039, 0.022270124405622482, 2.998260021209717
image_14, 4, 0.18391180038452148, 0.027468401938676834, 3.9979774951934814
image_14, 5, 0.2202703058719635, 0.03209196776151657, 4.997739791870117
image_14, 6, 0.2764139175415039, 0.04161060228943825, 5.996881008148193
image_14, 7, 0.3150959014892578, 0.046386443078517914, 6.996523857116699
image_14, 8, 0.35470497608184814, 0.05154185742139816, 7.996167182922363
image_14, 9, 0.3921354115009308, 0.05639219656586647, 8.995908737182617
image_14, 10, 0.4298251271247864, 0.06113898381590843, 9.995627403259277
image_14, 11, 0.46778810024261475, 0.06604211032390594, 10.995391845703125
image_14, 12, 0.5063494443893433, 0.07114046812057495, 11.995131492614746
image_14, 13, 0.5491425395011902, 0.07700620591640472, 12.994789123535156
image_14, 14, 0.5945799946784973, 0.08347250521183014, 13.994377136230469
image_14, 15, 0.635755181312561, 0.08901572972536087, 14.994057655334473
image_14, 16, 0.6776914596557617, 0.09482916444540024, 15.993705749511719
image_14, 17, 0.7136783599853516, 0.09932130575180054, 16.99347686767578
image_14, 18, 0.7503470182418823, 0.10404307395219803, 17.99323844909668
image_14, 19, 0.7862608432769775, 0.10842905193567276, 18.992996215820312
image_14, 20, 0.8487462997436523, 0.12015794962644577, 19.991859436035156
image_14, 21, 0.9077492952346802, 0.13090819120407104, 20.99093246459961
image_14, 22, 0.964618980884552, 0.14104501903057098, 21.99013328552246
image_14, 23, 1.0245893001556396, 0.15208011865615845, 22.989151000976562
image_14, 24, 1.060011863708496, 0.15638436377048492, 23.988916397094727
image_14, 25, 1.121821403503418, 0.16838806867599487, 24.98771095275879
image_14, 26, 1.1598765850067139, 0.17364972829818726, 25.987300872802734
image_14, 27, 1.2423927783966064, 0.1933945268392563, 26.984804153442383
image_14, 28, 1.333957552909851, 0.2172650396823883, 27.981637954711914
image_14, 29, 1.4269260168075562, 0.24217775464057922, 28.97832679748535
image_14, 30, 1.5071226358413696, 0.2617619037628174, 29.975982666015625
image_68, 1, 0.043877117335796356, 0.006253113970160484, 0.9996500611305237
image_68, 2, 0.08480728417634964, 0.011669132858514786, 1.9993350505828857
image_68, 3, 0.12433992326259613, 0.016664603725075722, 2.999037981033325
image_68, 4, 0.16336815059185028, 0.021446499973535538, 3.998751401901245
image_68, 5, 0.2059604823589325, 0.027257751673460007, 4.998354911804199
image_68, 6, 0.2467586100101471, 0.03231770917773247, 5.998037815093994
image_68, 7, 0.2831389307975769, 0.036339789628982544, 6.997777938842773
image_68, 8, 0.31751078367233276, 0.039927538484334946, 7.997549057006836
image_68, 9, 0.3495219647884369, 0.04317018762230873, 8.99736213684082
image_68, 10, 0.38291022181510925, 0.04667709395289421, 9.997142791748047
image_68, 11, 0.4186539053916931, 0.050653450191020966, 10.996870994567871
image_68, 12, 0.45368802547454834, 0.054469168186187744, 11.996612548828125
image_68, 13, 0.4859652519226074, 0.05778716132044792, 12.996397972106934
image_68, 14, 0.5204710364341736, 0.06153126060962677, 13.996129989624023
image_68, 15, 0.5606619715690613, 0.06632718443870544, 14.995721817016602
image_68, 16, 0.5950762629508972, 0.07000383734703064, 15.995460510253906
image_68, 17, 0.6289008259773254, 0.07347667962312698, 16.995206832885742
image_68, 18, 0.6675379872322083, 0.07802120596170425, 17.99482536315918
image_68, 19, 0.702718198299408, 0.08198212832212448, 18.994571685791016
image_68, 20, 0.7423171997070312, 0.08676128834486008, 19.994224548339844
image_68, 21, 0.7804254293441772, 0.09156691282987595, 20.993915557861328
image_68, 22, 0.8193802237510681, 0.09663514047861099, 21.993602752685547
image_68, 23, 0.8587396144866943, 0.10153784602880478, 22.99329376220703
image_68, 24, 0.8976992964744568, 0.10662827640771866, 23.992979049682617
image_68, 25, 0.9413398504257202, 0.11229307949542999, 24.992523193359375
image_68, 26, 0.9802283048629761, 0.11722574383020401, 25.99220085144043
image_68, 27, 1.017681360244751, 0.12170150130987167, 26.991905212402344
image_68, 28, 1.0548200607299805, 0.12605121731758118, 27.991605758666992
image_68, 29, 1.0825846195220947, 0.1286003738641739, 28.991437911987305
image_68, 30, 1.1272531747817993, 0.134343683719635, 29.990901947021484
image_96, 1, 0.05157154053449631, 0.007703698240220547, 0.9992935657501221
image_96, 2, 0.09738041460514069, 0.01389876939356327, 1.9987868070602417
image_96, 3, 0.13697251677513123, 0.018838122487068176, 2.998478889465332
image_96, 4, 0.17898739874362946, 0.024533085525035858, 3.9980812072753906
image_96, 5, 0.22432871162891388, 0.03135931119322777, 4.997532844543457
image_96, 6, 0.2707766592502594, 0.03829080983996391, 5.996984958648682
image_96, 7, 0.3175043761730194, 0.04495828598737717, 6.996485710144043
image_96, 8, 0.37010377645492554, 0.05275466665625572, 7.995748043060303
image_96, 9, 0.4267653524875641, 0.06168412044644356, 8.994818687438965
image_96, 10, 0.4775867462158203, 0.06911850720643997, 9.994154930114746
image_96, 11, 0.5189655423164368, 0.07428637892007828, 10.993864059448242
image_96, 12, 0.560088038444519, 0.07976297289133072, 11.993565559387207
image_96, 13, 0.6028506755828857, 0.08541607856750488, 12.993221282958984
image_96, 14, 0.6450653672218323, 0.09098256379365921, 13.992890357971191
image_96, 15, 0.6897876858711243, 0.0972885936498642, 14.992486000061035
image_96, 16, 0.738244354724884, 0.10466381907463074, 15.991960525512695
image_96, 17, 0.7836236953735352, 0.11085914075374603, 16.991539001464844
image_96, 18, 0.8243958353996277, 0.11591219902038574, 17.991207122802734
image_96, 19, 0.857672929763794, 0.11970040202140808, 18.990924835205078
image_96, 20, 0.895045816898346, 0.12436028569936752, 19.990528106689453
image_96, 21, 0.9354560971260071, 0.12952417135238647, 20.990053176879883
image_96, 22, 0.9717700481414795, 0.13373927772045135, 21.98971176147461
image_96, 23, 1.004442811012268, 0.1374543160200119, 22.989450454711914
image_96, 24, 1.0357469320297241, 0.14096996188163757, 23.989219665527344
image_96, 25, 1.0831210613250732, 0.1475585550069809, 24.988645553588867
image_96, 26, 1.1257320642471313, 0.15320762991905212, 25.98822021484375
image_96, 27, 1.167115330696106, 0.15919384360313416, 26.98782730102539
image_96, 28, 1.2133392095565796, 0.1662289947271347, 27.987178802490234
image_96, 29, 1.255988597869873, 0.17261049151420593, 28.98675537109375
image_96, 30, 1.3005751371383667, 0.17945128679275513, 29.986286163330078
image_27, 1, 0.0748932808637619, 0.016815628856420517, 0.9983162879943848
image_27, 2, 0.14576947689056396, 0.032432738691568375, 1.9968020915985107
image_27, 3, 0.21816113591194153, 0.0484539270401001, 2.9951815605163574
image_27, 4, 0.26059335470199585, 0.05454903841018677, 3.9947550296783447
image_27, 5, 0.3054809272289276, 0.060745079070329666, 4.994225978851318
image_27, 6, 0.34570884704589844, 0.06672145426273346, 5.99390172958374
image_27, 7, 0.38625937700271606, 0.07288401573896408, 6.993590831756592
image_27, 8, 0.42794889211654663, 0.079454705119133, 7.993269443511963
image_27, 9, 0.47252604365348816, 0.08601031452417374, 8.992830276489258
image_27, 10, 0.5152225494384766, 0.09244351834058762, 9.9924955368042
image_27, 11, 0.5623652935028076, 0.09941209852695465, 10.991991996765137
image_27, 12, 0.6263585686683655, 0.11220886558294296, 11.990874290466309
image_27, 13, 0.6952399611473083, 0.1263480931520462, 12.98949146270752
image_27, 14, 0.762438178062439, 0.14005593955516815, 13.988214492797852
image_27, 15, 0.8050913214683533, 0.14611297845840454, 14.987807273864746
image_27, 16, 0.8448303937911987, 0.15185455977916718, 15.987520217895508
image_27, 17, 0.883780300617218, 0.15737642347812653, 16.987258911132812
image_27, 18, 0.9244085550308228, 0.1630595326423645, 17.98691749572754
image_27, 19, 0.9741249680519104, 0.17028892040252686, 18.986228942871094
image_27, 20, 1.0153805017471313, 0.1761389970779419, 19.985868453979492
image_27, 21, 1.0754855871200562, 0.187003493309021, 20.98481559753418
image_27, 22, 1.1314276456832886, 0.1957847774028778, 21.983867645263672
image_27, 23, 1.2121045589447021, 0.21491973102092743, 22.981605529785156
image_27, 24, 1.2918318510055542, 0.23379673063755035, 23.979406356811523
image_27, 25, 1.340802550315857, 0.24086320400238037, 24.978761672973633
image_27, 26, 1.4023445844650269, 0.2507269084453583, 25.97752571105957
image_27, 27, 1.4500415325164795, 0.25750482082366943, 26.976919174194336
image_27, 28, 1.539367437362671, 0.28048861026763916, 27.974048614501953
image_27, 29, 1.6209332942962646, 0.30029433965682983, 28.97175407409668
image_27, 30, 1.7060725688934326, 0.3216877579689026, 29.96921157836914
image_79, 1, 0.07856055349111557, 0.01884748972952366, 0.9980297088623047
image_79, 2, 0.15165258944034576, 0.035060763359069824, 1.9964148998260498
image_79, 3, 0.22153720259666443, 0.04991137236356735, 2.994993209838867
image_79, 4, 0.29824620485305786, 0.06717580556869507, 3.993145227432251
image_79, 5, 0.3422548472881317, 0.07348666340112686, 4.992700099945068
image_79, 6, 0.38818392157554626, 0.07999584823846817, 5.99215030670166
image_79, 7, 0.4357067048549652, 0.08718116581439972, 6.99159049987793
image_79, 8, 0.48063889145851135, 0.09376665949821472, 7.9911346435546875
image_79, 9, 0.527310311794281, 0.10053639858961105, 8.990577697753906
image_79, 10, 0.5758396983146667, 0.10750926285982132, 9.98991870880127
image_79, 11, 0.6223248839378357, 0.1141679584980011, 10.989348411560059
image_79, 12, 0.6672829389572144, 0.12064497172832489, 11.988844871520996
image_79, 13, 0.7105814814567566, 0.12683925032615662, 12.988471984863281
image_79, 14, 0.7539485692977905, 0.13314005732536316, 13.988118171691895
image_79, 15, 0.7964563369750977, 0.1391710788011551, 14.987753868103027
image_79, 16, 0.839894711971283, 0.14519546926021576, 15.987298011779785
image_79, 17, 0.8859817385673523, 0.15184397995471954, 16.98676109313965
image_79, 18, 0.9680930376052856, 0.17114728689193726, 17.984508514404297
image_79, 19, 1.0501725673675537, 0.19049613177776337, 18.982189178466797
image_79, 20, 1.1374244689941406, 0.21143938601016998, 19.979534149169922
image_79, 21, 1.2192761898040771, 0.23067839443683624, 20.977231979370117
image_79, 22, 1.2989377975463867, 0.24905727803707123, 21.975051879882812
image_79, 23, 1.3831307888031006, 0.2693154811859131, 22.972591400146484
image_79, 24, 1.4775837659835815, 0.29440832138061523, 23.969337463378906
image_79, 25, 1.5679099559783936, 0.3178604245185852, 24.96634292602539
image_79, 26, 1.648852825164795, 0.337475061416626, 25.96405601501465
image_79, 27, 1.6949076652526855, 0.34424272179603577, 26.963462829589844
image_79, 28, 1.7940893173217773, 0.371792733669281, 27.95980453491211
image_79, 29, 1.9005260467529297, 0.40278977155685425, 28.95558738708496
image_79, 30, 2.0102243423461914, 0.4358738958835602, 29.951051712036133
image_50, 1, 0.049259405583143234, 0.007188340649008751, 0.9994197487831116
image_50, 2, 0.0926702469587326, 0.013008659705519676, 1.9990348815917969
image_50, 3, 0.135396808385849, 0.018690932542085648, 2.9986484050750732
image_50, 4, 0.17626173794269562, 0.023945946246385574, 3.9983253479003906
image_50, 5, 0.21771526336669922, 0.02943994477391243, 4.997988224029541
image_50, 6, 0.2588764429092407, 0.034831829369068146, 5.997673988342285
image_50, 7, 0.300532728433609, 0.04026477038860321, 6.997361183166504
image_50, 8, 0.3438551425933838, 0.0459623746573925, 7.997005462646484
image_50, 9, 0.3867407441139221, 0.05139162763953209, 8.996665954589844
image_50, 10, 0.4302036762237549, 0.05761635676026344, 9.996145248413086
image_50, 11, 0.473846971988678, 0.0639910101890564, 10.995640754699707
image_50, 12, 0.5139549970626831, 0.06953570991754532, 11.995257377624512
image_50, 13, 0.5562050342559814, 0.07577944546937943, 12.994806289672852
image_50, 14, 0.6003610491752625, 0.08261093497276306, 13.994287490844727
image_50, 15, 0.6469791531562805, 0.09015075117349625, 14.993682861328125
image_50, 16, 0.6990989446640015, 0.09838902205228806, 15.9931058883667
image_50, 17, 0.7499468326568604, 0.10629544407129288, 16.992555618286133
image_50, 18, 0.79978346824646, 0.11400000005960464, 17.99199676513672
image_50, 19, 0.842083752155304, 0.11970005929470062, 18.991575241088867
image_50, 20, 0.8894301652908325, 0.12680064141750336, 19.991064071655273
image_50, 21, 0.9345946311950684, 0.13365037739276886, 20.990612030029297
image_50, 22, 0.9790412783622742, 0.14002995193004608, 21.990182876586914
image_50, 23, 1.0157685279846191, 0.1450604349374771, 22.989822387695312
image_50, 24, 1.0505205392837524, 0.1490582674741745, 23.989540100097656
image_50, 25, 1.0908523797988892, 0.15506193041801453, 24.98899269104004
image_50, 26, 1.1372156143188477, 0.16242413222789764, 25.988405227661133
image_50, 27, 1.1823104619979858, 0.16907188296318054, 26.9879093170166
image_50, 28, 1.2288705110549927, 0.17613552510738373, 27.987388610839844
image_50, 29, 1.2787830829620361, 0.1839294731616974, 28.986778259277344
image_50, 30, 1.337543249130249, 0.19441740214824677, 29.985715866088867
image_128, 1, 0.04958094283938408, 0.00787920318543911, 0.9994625449180603
image_128, 2, 0.0992647036910057, 0.015529483556747437, 1.9988868236541748
image_128, 3, 0.14336317777633667, 0.02165512554347515, 2.998533248901367
image_128, 4, 0.18693694472312927, 0.027705755084753036, 3.9981937408447266
image_128, 5, 0.23136356472969055, 0.033738262951374054, 4.997867584228516
image_128, 6, 0.27645501494407654, 0.03991572931408882, 5.997522830963135
image_128, 7, 0.3215523958206177, 0.04619081690907478, 6.997140884399414
image_128, 8, 0.3661401867866516, 0.052391864359378815, 7.996744155883789
image_128, 9, 0.40823957324028015, 0.057898495346307755, 8.996416091918945
image_128, 10, 0.4475254416465759, 0.06238624453544617, 9.996020317077637
image_128, 11, 0.48975396156311035, 0.06722254306077957, 10.995545387268066
image_128, 12, 0.5240793824195862, 0.07076641172170639, 11.995299339294434
image_128, 13, 0.5556071996688843, 0.07395234704017639, 12.995125770568848
image_128, 14, 0.5881764888763428, 0.07744112610816956, 13.994928359985352
image_128, 15, 0.6295655369758606, 0.08267715573310852, 14.99449634552002
image_128, 16, 0.6697975993156433, 0.0877636969089508, 15.994089126586914
image_128, 17, 0.706432044506073, 0.09202846139669418, 16.993793487548828
image_128, 18, 0.7576285600662231, 0.09941628575325012, 17.993053436279297
image_128, 19, 0.8113929629325867, 0.10756760835647583, 18.992204666137695
image_128, 20, 0.8651422262191772, 0.1158652976155281, 19.99135398864746
image_128, 21, 0.9147675037384033, 0.12308372557163239, 20.99065589904785
image_128, 22, 0.9565184116363525, 0.12844997644424438, 21.990320205688477
image_128, 23, 1.0044424533843994, 0.13500306010246277, 22.989727020263672
image_128, 24, 1.0467934608459473, 0.14037805795669556, 23.989334106445312
image_128, 25, 1.0870603322982788, 0.14539535343647003, 24.98899269104004
image_128, 26, 1.1290069818496704, 0.15071997046470642, 25.988584518432617
image_128, 27, 1.1708117723464966, 0.15601076185703278, 26.988174438476562
image_128, 28, 1.2136876583099365, 0.1615382730960846, 27.98773765563965
image_128, 29, 1.2556192874908447, 0.16691777110099792, 28.987348556518555
image_128, 30, 1.2998570203781128, 0.17296183109283447, 29.986902236938477
image_119, 1, 0.046098433434963226, 0.006036628503352404, 0.9994847774505615
image_119, 2, 0.09515878558158875, 0.012659739702939987, 1.9988646507263184
image_119, 3, 0.1371397227048874, 0.017750388011336327, 2.998471260070801
image_119, 4, 0.17986120283603668, 0.023573145270347595, 3.998152017593384
image_119, 5, 0.22404156625270844, 0.029210884124040604, 4.997710227966309
image_119, 6, 0.2639969289302826, 0.033812787383794785, 5.997386932373047
image_119, 7, 0.3050895631313324, 0.03886692225933075, 6.99702262878418
image_119, 8, 0.348063200712204, 0.04464023932814598, 7.996584892272949
image_119, 9, 0.39061790704727173, 0.05033320561051369, 8.996186256408691
image_119, 10, 0.4361301362514496, 0.05694906413555145, 9.995798110961914
image_119, 11, 0.47546401619911194, 0.06194091960787773, 10.99548625946045
image_119, 12, 0.5151643753051758, 0.06703334301710129, 11.995152473449707
image_119, 13, 0.5548494458198547, 0.07208428531885147, 12.994836807250977
image_119, 14, 0.5928698182106018, 0.07688558101654053, 13.994558334350586
image_119, 15, 0.6385232210159302, 0.08301268517971039, 14.994097709655762
image_119, 16, 0.677886962890625, 0.08789262175559998, 15.993803977966309
image_119, 17, 0.7168698310852051, 0.09265436232089996, 16.993505477905273
image_119, 18, 0.7556084990501404, 0.09727423638105392, 17.99321746826172
image_119, 19, 0.7932564616203308, 0.1016259416937828, 18.992958068847656
image_119, 20, 0.8436977863311768, 0.10962731391191483, 19.99239730834961
image_119, 21, 0.8941426873207092, 0.11769041419029236, 20.991819381713867
image_119, 22, 0.952730655670166, 0.12804779410362244, 21.9908504486084
image_119, 23, 1.0134468078613281, 0.13910259306430817, 22.989770889282227
image_119, 24, 1.0664798021316528, 0.14807365834712982, 23.98912811279297
image_119, 25, 1.1246321201324463, 0.15868157148361206, 24.988178253173828
image_119, 26, 1.1869279146194458, 0.17050814628601074, 25.98700523376465
image_119, 27, 1.2425721883773804, 0.1804567575454712, 26.986173629760742
image_119, 28, 1.2986396551132202, 0.19047811627388, 27.98537826538086
image_119, 29, 1.3553730249404907, 0.200997993350029, 28.984567642211914
image_119, 30, 1.4253095388412476, 0.2161237895488739, 29.982995986938477
image_103, 1, 0.05901046097278595, 0.009866139851510525, 0.9989566802978516
image_103, 2, 0.11098794639110565, 0.01768229342997074, 1.9982496500015259
image_103, 3, 0.1545180380344391, 0.023654252290725708, 2.9978721141815186
image_103, 4, 0.19713981449604034, 0.029283268377184868, 3.997509717941284
image_103, 5, 0.24110764265060425, 0.03505707159638405, 4.997084617614746
image_103, 6, 0.2855056822299957, 0.04092890024185181, 5.996627330780029
image_103, 7, 0.3285524249076843, 0.04653645306825638, 6.996220111846924
image_103, 8, 0.3702939450740814, 0.05187387019395828, 7.995886325836182
image_103, 9, 0.41049954295158386, 0.056810177862644196, 8.995589256286621
image_103, 10, 0.45933395624160767, 0.06333935260772705, 9.994916915893555
image_103, 11, 0.5069906711578369, 0.06956291198730469, 10.994283676147461
image_103, 12, 0.5480829477310181, 0.07448124140501022, 11.993857383728027
image_103, 13, 0.591587483882904, 0.07976624369621277, 12.993400573730469
image_103, 14, 0.629787802696228, 0.08422640711069107, 13.993087768554688
image_103, 15, 0.666585385799408, 0.08860395848751068, 14.992777824401855
image_103, 16, 0.701674222946167, 0.0925123542547226, 15.992513656616211
image_103, 17, 0.7338777780532837, 0.0957721471786499, 16.9923152923584
image_103, 18, 0.7644840478897095, 0.09870638698339462, 17.992141723632812
image_103, 19, 0.8057715892791748, 0.10394779592752457, 18.99180030822754
image_103, 20, 0.8463147878646851, 0.10933622717857361, 19.991500854492188
image_103, 21, 0.8894305229187012, 0.11484670639038086, 20.991117477416992
image_103, 22, 0.9346092939376831, 0.12075243890285492, 21.990652084350586
image_103, 23, 0.9818819761276245, 0.12710808217525482, 22.990074157714844
image_103, 24, 1.0204609632492065, 0.131869837641716, 23.989822387695312
image_103, 25, 1.0590176582336426, 0.13675306737422943, 24.98957061767578
image_103, 26, 1.100052833557129, 0.14251181483268738, 25.989242553710938
image_103, 27, 1.1415674686431885, 0.1481676697731018, 26.98891830444336
image_103, 28, 1.192964792251587, 0.15608197450637817, 27.98818016052246
image_103, 29, 1.241260051727295, 0.16346879303455353, 28.987579345703125
image_103, 30, 1.2967413663864136, 0.17316532135009766, 29.986631393432617
image_24, 1, 0.045920271426439285, 0.006584892515093088, 0.9994316697120667
image_24, 2, 0.1187625527381897, 0.023113686591386795, 1.997809886932373
image_24, 3, 0.1932409554719925, 0.0398150309920311, 2.9960250854492188
image_24, 4, 0.26026880741119385, 0.053882110863924026, 3.994694709777832
image_24, 5, 0.33754533529281616, 0.07153823226690292, 4.9927144050598145
image_24, 6, 0.40691399574279785, 0.08662854135036469, 5.991225242614746
image_24, 7, 0.4777911603450775, 0.10223934054374695, 6.989653587341309
image_24, 8, 0.5492091178894043, 0.11825350672006607, 7.9880757331848145
image_24, 9, 0.6154621243476868, 0.13259364664554596, 8.986807823181152
image_24, 10, 0.6789756417274475, 0.14586679637432098, 9.985761642456055
image_24, 11, 0.7426978349685669, 0.15897446870803833, 10.98469066619873
image_24, 12, 0.8052091002464294, 0.17187674343585968, 11.983685493469238
image_24, 13, 0.8745504021644592, 0.18641744554042816, 12.9822359085083
image_24, 14, 0.941302478313446, 0.20029956102371216, 13.980937004089355
image_24, 15, 1.0109652280807495, 0.21531721949577332, 14.979463577270508
image_24, 16, 1.082183599472046, 0.2311498075723648, 15.977843284606934
image_24, 17, 1.152338981628418, 0.24664930999279022, 16.976318359375
image_24, 18, 1.1953141689300537, 0.25262460112571716, 17.975814819335938
image_24, 19, 1.253688931465149, 0.26344019174575806, 18.974803924560547
image_24, 20, 1.3270665407180786, 0.2796538770198822, 19.97306251525879
image_24, 21, 1.4015436172485352, 0.29643505811691284, 20.971229553222656
image_24, 22, 1.4820888042449951, 0.3158099949359894, 21.968961715698242
image_24, 23, 1.5690234899520874, 0.33771249651908875, 22.96620750427246
image_24, 24, 1.6613410711288452, 0.36189454793930054, 23.963064193725586
image_24, 25, 1.7457187175750732, 0.3824457824230194, 24.960554122924805
image_24, 26, 1.8312643766403198, 0.4037177562713623, 25.95796012878418
image_24, 27, 1.9196066856384277, 0.42629244923591614, 26.955183029174805
image_24, 28, 2.01021409034729, 0.45027589797973633, 27.952125549316406
image_24, 29, 2.0619802474975586, 0.45839664340019226, 28.95121955871582
image_24, 30, 2.109333038330078, 0.4654621481895447, 29.950542449951172
image_143, 1, 0.05158555135130882, 0.00828575063496828, 0.9994338750839233
image_143, 2, 0.10291562229394913, 0.016702385619282722, 1.998823881149292
image_143, 3, 0.17463752627372742, 0.031190287321805954, 2.997121572494507
image_143, 4, 0.23040437698364258, 0.04063958302140236, 3.9962751865386963
image_143, 5, 0.2816227376461029, 0.04894531890749931, 4.995661735534668
image_143, 6, 0.33059167861938477, 0.0568549782037735, 5.995131015777588
image_143, 7, 0.379087895154953, 0.06451041251420975, 6.994627952575684
image_143, 8, 0.43406569957733154, 0.0736144632101059, 7.993825912475586
image_143, 9, 0.4725681245326996, 0.07837758958339691, 8.993484497070312
image_143, 10, 0.5104188323020935, 0.08299887180328369, 9.993188858032227
image_143, 11, 0.5588219165802002, 0.09021662920713425, 10.99260139465332
image_143, 12, 0.606581449508667, 0.09725261479616165, 11.99203872680664
image_143, 13, 0.6496606469154358, 0.10325682908296585, 12.991626739501953
image_143, 14, 0.6967545747756958, 0.11021509021520615, 13.991104125976562
image_143, 15, 0.7457778453826904, 0.11751911789178848, 14.990530014038086
image_143, 16, 0.7825016975402832, 0.12214150279760361, 15.990242958068848
image_143, 17, 0.8225946426391602, 0.12748505175113678, 16.989850997924805
image_143, 18, 0.8623984456062317, 0.132813960313797, 17.989553451538086
image_143, 19, 0.9024710655212402, 0.13812394440174103, 18.989273071289062
image_143, 20, 0.9401609301567078, 0.1426602154970169, 19.989013671875
image_143, 21, 0.9786432385444641, 0.1476186215877533, 20.98874855041504
image_143, 22, 1.0375049114227295, 0.15805934369564056, 21.987943649291992
image_143, 23, 1.0986576080322266, 0.16880442202091217, 22.986976623535156
image_143, 24, 1.1587954759597778, 0.1793653815984726, 23.986042022705078
image_143, 25, 1.215905785560608, 0.18907544016838074, 24.985252380371094
image_143, 26, 1.276350975036621, 0.19989028573036194, 25.984256744384766
image_143, 27, 1.33333158493042, 0.2097322940826416, 26.98345184326172
image_143, 28, 1.3908400535583496, 0.22019055485725403, 27.982643127441406
image_143, 29, 1.4574224948883057, 0.23361431062221527, 28.981306076049805
image_143, 30, 1.5330979824066162, 0.2503868341445923, 29.979354858398438
image_12, 1, 0.06426071375608444, 0.008360904641449451, 0.9994498491287231
image_12, 2, 0.12716177105903625, 0.01595292240381241, 1.9989259243011475
image_12, 3, 0.18821245431900024, 0.02328239381313324, 2.9984288215637207
image_12, 4, 0.24492719769477844, 0.030047887936234474, 3.998002052307129
image_12, 5, 0.2971440553665161, 0.036061182618141174, 4.997614860534668
image_12, 6, 0.350260466337204, 0.042256180197000504, 5.99722957611084
image_12, 7, 0.40317943692207336, 0.048507578670978546, 6.996749401092529
image_12, 8, 0.45696449279785156, 0.05457498878240585, 7.996354103088379
image_12, 9, 0.5169370770454407, 0.061394352465867996, 8.995929718017578
image_12, 10, 0.5723535418510437, 0.06794947385787964, 9.995523452758789
image_12, 11, 0.6522244215011597, 0.0807492583990097, 10.994443893432617
image_12, 12, 0.7334065437316895, 0.09439939260482788, 11.993474960327148
image_12, 13, 0.80538010597229, 0.10338298976421356, 12.992828369140625
image_12, 14, 0.864887535572052, 0.11043340712785721, 13.992345809936523
image_12, 15, 0.9168959856033325, 0.11756477504968643, 14.991978645324707
image_12, 16, 0.9755256175994873, 0.12480425834655762, 15.991559982299805
image_12, 17, 1.0296911001205444, 0.13236629962921143, 16.991167068481445
image_12, 18, 1.087283730506897, 0.1400327831506729, 17.990739822387695
image_12, 19, 1.1464790105819702, 0.14673249423503876, 18.99031639099121
image_12, 20, 1.2058117389678955, 0.15363630652427673, 19.989891052246094
image_12, 21, 1.2633442878723145, 0.16034148633480072, 20.989469528198242
image_12, 22, 1.3531384468078613, 0.17425940930843353, 21.98816680908203
image_12, 23, 1.4494495391845703, 0.18936623632907867, 22.986665725708008
image_12, 24, 1.5309869050979614, 0.2043246328830719, 23.98515510559082
image_12, 25, 1.6182688474655151, 0.2190435528755188, 24.983736038208008
image_12, 26, 1.7121375799179077, 0.23749996721744537, 25.981672286987305
image_12, 27, 1.7697083950042725, 0.2436857521533966, 26.98114585876465
image_12, 28, 1.8238824605941772, 0.24955186247825623, 27.980670928955078
image_12, 29, 1.8842860460281372, 0.25573453307151794, 28.980100631713867
image_12, 30, 1.9782336950302124, 0.2741853892803192, 29.97807502746582
image_113, 1, 0.052721042186021805, 0.008755721151828766, 0.9992967844009399
image_113, 2, 0.10435736179351807, 0.017160242423415184, 1.998670220375061
image_113, 3, 0.15298216044902802, 0.024641670286655426, 2.9982056617736816
image_113, 4, 0.2020971179008484, 0.03227096050977707, 3.9977502822875977
image_113, 5, 0.25311046838760376, 0.04046643525362015, 4.997258186340332
image_113, 6, 0.30294981598854065, 0.048432815819978714, 5.996816158294678
image_113, 7, 0.3509899973869324, 0.05581177771091461, 6.996397495269775
image_113, 8, 0.4008333384990692, 0.06360115855932236, 7.995919227600098
image_113, 9, 0.45081982016563416, 0.0708245187997818, 8.995321273803711
image_113, 10, 0.5047883987426758, 0.07890837639570236, 9.99457836151123
image_113, 11, 0.547737717628479, 0.0845404639840126, 10.994176864624023
image_113, 12, 0.5946020483970642, 0.09089582413434982, 11.993666648864746
image_113, 13, 0.6428918242454529, 0.09756865352392197, 12.993117332458496
image_113, 14, 0.6957857012748718, 0.10530029237270355, 13.992406845092773
image_113, 15, 0.7474174499511719, 0.11281406134366989, 14.99171257019043
image_113, 16, 0.7915120720863342, 0.11856599897146225, 15.991262435913086
image_113, 17, 0.8370890021324158, 0.1245851144194603, 16.990772247314453
image_113, 18, 0.8779041767120361, 0.1296626776456833, 17.990407943725586
image_113, 19, 0.918719470500946, 0.1350650042295456, 18.9901123046875
image_113, 20, 0.963252067565918, 0.14130310714244843, 19.989736557006836
image_113, 21, 1.0048747062683105, 0.14673973619937897, 20.989395141601562
image_113, 22, 1.049757719039917, 0.1529935747385025, 21.98893928527832
image_113, 23, 1.0950353145599365, 0.1593843698501587, 22.988483428955078
image_113, 24, 1.1422288417816162, 0.16622979938983917, 23.987953186035156
image_113, 25, 1.1908968687057495, 0.17365357279777527, 24.98734474182129
image_113, 26, 1.2357105016708374, 0.18053480982780457, 25.9869327545166
image_113, 27, 1.2816123962402344, 0.18765385448932648, 26.9864444732666
image_113, 28, 1.3338316679000854, 0.19647884368896484, 27.985652923583984
image_113, 29, 1.3818124532699585, 0.20434178411960602, 28.985090255737305
image_113, 30, 1.435723900794983, 0.21393567323684692, 29.98430061340332
image_112, 1, 0.040512025356292725, 0.004982924088835716, 0.9996782541275024
image_112, 2, 0.09056785702705383, 0.012750976718962193, 1.9991523027420044
image_112, 3, 0.14397147297859192, 0.021248526871204376, 2.998410701751709
image_112, 4, 0.19102349877357483, 0.028394654393196106, 3.997922420501709
image_112, 5, 0.24964511394500732, 0.03869879990816116, 4.996889591217041
image_112, 6, 0.3187989592552185, 0.05222509801387787, 5.995343208312988
image_112, 7, 0.38744497299194336, 0.0656309574842453, 6.993896484375
image_112, 8, 0.4548771381378174, 0.07891720533370972, 7.992494106292725
image_112, 9, 0.5239143371582031, 0.0928250104188919, 8.99097728729248
image_112, 10, 0.5934228897094727, 0.10680070519447327, 9.989482879638672
image_112, 11, 0.6310783624649048, 0.11141571402549744, 10.989218711853027
image_112, 12, 0.6679919362068176, 0.1157931312918663, 11.988869667053223
image_112, 13, 0.701284646987915, 0.11968614906072617, 12.988626480102539
image_112, 14, 0.7556363344192505, 0.12891651690006256, 13.987825393676758
image_112, 15, 0.809752345085144, 0.13783632218837738, 14.987058639526367
image_112, 16, 0.8608546257019043, 0.14593511819839478, 15.986464500427246
image_112, 17, 0.9004592299461365, 0.15090009570121765, 16.986148834228516
image_112, 18, 0.9357476830482483, 0.15515920519828796, 17.98590087890625
image_112, 19, 0.9694717526435852, 0.15900684893131256, 18.985658645629883
image_112, 20, 1.0029830932617188, 0.16268205642700195, 19.985429763793945
image_112, 21, 1.0518479347229004, 0.1701180785894394, 20.98484992980957
image_112, 22, 1.1102291345596313, 0.1802075207233429, 21.98379898071289
image_112, 23, 1.1676976680755615, 0.18984636664390564, 22.9827938079834
image_112, 24, 1.2212440967559814, 0.19849297404289246, 23.981975555419922
image_112, 25, 1.2688772678375244, 0.20592255890369415, 24.981435775756836
image_112, 26, 1.3157538175582886, 0.21342705190181732, 25.98090362548828
image_112, 27, 1.368883490562439, 0.22256675362586975, 26.980087280273438
image_112, 28, 1.4307663440704346, 0.2342139184474945, 27.97884750366211
image_112, 29, 1.500510811805725, 0.24874913692474365, 28.977161407470703
image_112, 30, 1.5675170421600342, 0.2622644603252411, 29.97570037841797
image_62, 1, 0.040527235716581345, 0.005470727104693651, 0.9996589422225952
image_62, 2, 0.09764686226844788, 0.015223905444145203, 1.9985947608947754
image_62, 3, 0.1633068025112152, 0.028210172429680824, 2.997324228286743
image_62, 4, 0.2321339249610901, 0.04239055886864662, 3.9958415031433105
image_62, 5, 0.30399414896965027, 0.057259637862443924, 4.994131565093994
image_62, 6, 0.3785419166088104, 0.07331440597772598, 5.992373943328857
image_62, 7, 0.44895654916763306, 0.08769886195659637, 6.990912437438965
image_62, 8, 0.5260372757911682, 0.10499972850084305, 7.988987922668457
image_62, 9, 0.5670414566993713, 0.11053284257650375, 8.988677024841309
image_62, 10, 0.608354389667511, 0.1162245124578476, 9.988343238830566
image_62, 11, 0.6487302184104919, 0.12151645123958588, 10.988009452819824
image_62, 12, 0.6904762983322144, 0.1270817518234253, 11.98758316040039
image_62, 13, 0.7306441068649292, 0.13247767090797424, 12.987269401550293
image_62, 14, 0.777121901512146, 0.13946375250816345, 13.986672401428223
image_62, 15, 0.8194315433502197, 0.14556770026683807, 14.986274719238281
image_62, 16, 0.8635506629943848, 0.15184544026851654, 15.985949516296387
image_62, 17, 0.9042513966560364, 0.15730059146881104, 16.985647201538086
image_62, 18, 0.945110023021698, 0.16266755759716034, 17.985305786132812
image_62, 19, 0.9873561859130859, 0.16838081181049347, 18.984922409057617
image_62, 20, 1.0288203954696655, 0.1740299016237259, 19.98457908630371
image_62, 21, 1.0882470607757568, 0.18480642139911652, 20.98361587524414
image_62, 22, 1.1606546640396118, 0.20043332874774933, 21.981929779052734
image_62, 23, 1.2435853481292725, 0.22039157152175903, 22.979516983032227
image_62, 24, 1.2874927520751953, 0.22631874680519104, 23.9789981842041
image_62, 25, 1.3330885171890259, 0.23269058763980865, 24.978431701660156
image_62, 26, 1.4245496988296509, 0.25674593448638916, 25.975337982177734
image_62, 27, 1.5077192783355713, 0.2772953510284424, 26.972917556762695
image_62, 28, 1.5958163738250732, 0.29997485876083374, 27.970090866088867
image_62, 29, 1.685198426246643, 0.32324156165122986, 28.967201232910156
image_62, 30, 1.7708173990249634, 0.34473925828933716, 29.96463966369629
image_10, 1, 0.048009708523750305, 0.006943225860595703, 0.9994536638259888
image_10, 2, 0.092780202627182, 0.012978064827620983, 1.9990308284759521
image_10, 3, 0.13518008589744568, 0.018581334501504898, 2.998688220977783
image_10, 4, 0.17766554653644562, 0.02407139353454113, 3.9983532428741455
image_10, 5, 0.22314605116844177, 0.03013993240892887, 4.997864246368408
image_10, 6, 0.27259117364883423, 0.037046391516923904, 5.997219562530518
image_10, 7, 0.3178279995918274, 0.04301891475915909, 6.9967803955078125
image_10, 8, 0.3560199737548828, 0.04769068956375122, 7.996468544006348
image_10, 9, 0.401914119720459, 0.05360390990972519, 8.995986938476562
image_10, 10, 0.4495042860507965, 0.059828341007232666, 9.995420455932617
image_10, 11, 0.4910428822040558, 0.0649397075176239, 10.995112419128418
image_10, 12, 0.5320420265197754, 0.06987348943948746, 11.99479866027832
image_10, 13, 0.5698602795600891, 0.07409366220235825, 12.994466781616211
image_10, 14, 0.6078275442123413, 0.07835498452186584, 13.994128227233887
image_10, 15, 0.6444767713546753, 0.0823701024055481, 14.9938325881958
image_10, 16, 0.6927623152732849, 0.0889664962887764, 15.99316120147705
image_10, 17, 0.7297817468643188, 0.09307581186294556, 16.99283218383789
image_10, 18, 0.7704936265945435, 0.09812280535697937, 17.992401123046875
image_10, 19, 0.8192687630653381, 0.10513672232627869, 18.991716384887695
image_10, 20, 0.8562860488891602, 0.10944802314043045, 19.991403579711914
image_10, 21, 0.8915571570396423, 0.1134643480181694, 20.991119384765625
image_10, 22, 0.9351186156272888, 0.1190042495727539, 21.990694046020508
image_10, 23, 0.9674484729766846, 0.12241622060537338, 22.990489959716797
image_10, 24, 1.001884937286377, 0.12610241770744324, 23.99022102355957
image_10, 25, 1.0715842247009277, 0.13889868557453156, 24.988567352294922
image_10, 26, 1.1328532695770264, 0.1489587277173996, 25.987388610839844
image_10, 27, 1.1894512176513672, 0.15754148364067078, 26.986431121826172
image_10, 28, 1.2388604879379272, 0.16449379920959473, 27.98578453063965
image_10, 29, 1.2746684551239014, 0.16872486472129822, 28.985496520996094
image_10, 30, 1.31751549243927, 0.17425160109996796, 29.985002517700195
image_40, 1, 0.0934353917837143, 0.024590205401182175, 0.9969586133956909
image_40, 2, 0.14116013050079346, 0.03262860327959061, 1.9962704181671143
image_40, 3, 0.1831979900598526, 0.03885577619075775, 2.995811700820923
image_40, 4, 0.2624635100364685, 0.05704116076231003, 3.9938268661499023
image_40, 5, 0.3401668667793274, 0.07490033656358719, 4.991881370544434
image_40, 6, 0.4266491234302521, 0.09576378017663956, 5.989335060119629
image_40, 7, 0.5087965726852417, 0.11482217907905579, 6.987128734588623
image_40, 8, 0.5891294479370117, 0.13351842761039734, 7.985054969787598
image_40, 9, 0.6672854423522949, 0.15124888718128204, 8.983102798461914
image_40, 10, 0.7388489246368408, 0.16691921651363373, 9.981575012207031
image_40, 11, 0.8175464272499084, 0.18479710817337036, 10.979584693908691
image_40, 12, 0.8598099946975708, 0.19079072773456573, 11.979126930236816
image_40, 13, 0.9078131914138794, 0.19772092998027802, 12.978452682495117
image_40, 14, 0.9549524784088135, 0.20446383953094482, 13.97780704498291
image_40, 15, 0.9951797723770142, 0.21000820398330688, 14.977421760559082
image_40, 16, 1.0337103605270386, 0.21534156799316406, 15.977107048034668
image_40, 17, 1.0725833177566528, 0.2204347401857376, 16.976762771606445
image_40, 18, 1.1131354570388794, 0.22547505795955658, 17.976322174072266
image_40, 19, 1.1497349739074707, 0.22974556684494019, 18.975990295410156
image_40, 20, 1.2149887084960938, 0.24228769540786743, 19.97471809387207
image_40, 21, 1.2831881046295166, 0.2556265592575073, 20.973190307617188
image_40, 22, 1.3525468111038208, 0.27019134163856506, 21.97164535522461
image_40, 23, 1.4368681907653809, 0.290436714887619, 22.9691104888916
image_40, 24, 1.5186482667922974, 0.3094075918197632, 23.966766357421875
image_40, 25, 1.6024689674377441, 0.3289199769496918, 24.964305877685547
image_40, 26, 1.6818374395370483, 0.3467676043510437, 25.96211814880371
image_40, 27, 1.7631226778030396, 0.36578744649887085, 26.95977210998535
image_40, 28, 1.8393797874450684, 0.3829957842826843, 27.957738876342773
image_40, 29, 1.9142876863479614, 0.39987632632255554, 28.955713272094727
image_40, 30, 2.009819269180298, 0.42584916949272156, 29.952173233032227
image_132, 1, 0.05501949042081833, 0.009529681876301765, 0.9993178844451904
image_132, 2, 0.10412894189357758, 0.017360247671604156, 1.9987921714782715
image_132, 3, 0.15593333542346954, 0.0262177512049675, 2.9981751441955566
image_132, 4, 0.20947961509227753, 0.03548256307840347, 3.997514247894287
image_132, 5, 0.25838834047317505, 0.04373105242848396, 4.996971607208252
image_132, 6, 0.3304491937160492, 0.0581912025809288, 5.9957594871521
image_132, 7, 0.4042067527770996, 0.07318291068077087, 6.994417667388916
image_132, 8, 0.4821121394634247, 0.08966326713562012, 7.992757797241211
image_132, 9, 0.562687873840332, 0.10716033726930618, 8.991006851196289
image_132, 10, 0.6403054594993591, 0.12414947897195816, 9.989609718322754
image_132, 11, 0.717222273349762, 0.1406533122062683, 10.988204956054688
image_132, 12, 0.788802981376648, 0.15551167726516724, 11.987075805664062
image_132, 13, 0.8600954413414001, 0.17021524906158447, 12.985960960388184
image_132, 14, 0.9166288375854492, 0.17985518276691437, 13.985270500183105
image_132, 15, 0.9751803874969482, 0.1900709867477417, 14.984511375427246
image_132, 16, 1.0325371026992798, 0.20000511407852173, 15.983781814575195
image_132, 17, 1.081116795539856, 0.20768946409225464, 16.983264923095703
image_132, 18, 1.127948522567749, 0.2147444784641266, 17.982818603515625
image_132, 19, 1.1976232528686523, 0.22827646136283875, 18.9816837310791
image_132, 20, 1.2659378051757812, 0.24148796498775482, 19.98063087463379
image_132, 21, 1.3129243850708008, 0.24881502985954285, 20.980180740356445
image_132, 22, 1.3592897653579712, 0.2560243010520935, 21.97977066040039
image_132, 23, 1.4038727283477783, 0.26277124881744385, 22.979398727416992
image_132, 24, 1.4502332210540771, 0.2696262001991272, 23.978939056396484
image_132, 25, 1.499535083770752, 0.27760574221611023, 24.978519439697266
image_132, 26, 1.544353723526001, 0.28434863686561584, 25.978164672851562
image_132, 27, 1.5920593738555908, 0.2917133569717407, 26.97774887084961
image_132, 28, 1.6389421224594116, 0.29913967847824097, 27.977344512939453
image_132, 29, 1.684029221534729, 0.30612125992774963, 28.97697639465332
image_132, 30, 1.7317557334899902, 0.31401699781417847, 29.976566314697266
image_134, 1, 0.05917727202177048, 0.009856709279119968, 0.9990622401237488
image_134, 2, 0.1187661737203598, 0.020017609000205994, 1.9981024265289307
image_134, 3, 0.1992797553539276, 0.037547074258327484, 2.9963583946228027
image_134, 4, 0.2711622416973114, 0.05296739190816879, 3.9952244758605957
image_134, 5, 0.3416489362716675, 0.06789019703865051, 4.994104862213135
image_134, 6, 0.41586172580718994, 0.08373141288757324, 5.992762088775635
image_134, 7, 0.5052492618560791, 0.1048901230096817, 6.990399360656738
image_134, 8, 0.5859196186065674, 0.12272404134273529, 7.988656997680664
image_134, 9, 0.6309608221054077, 0.12992873787879944, 8.98822021484375
image_134, 10, 0.6800019145011902, 0.1386890411376953, 9.987738609313965
image_134, 11, 0.7412012815475464, 0.15074270963668823, 10.986898422241211
image_134, 12, 0.801110565662384, 0.16203022003173828, 11.98611831665039
image_134, 13, 0.8598803877830505, 0.17278829216957092, 12.985392570495605
image_134, 14, 0.9189069271087646, 0.18297015130519867, 13.984685897827148
image_134, 15, 0.9767032265663147, 0.1926843672990799, 14.98401927947998
image_134, 16, 1.0332435369491577, 0.20232030749320984, 15.983366966247559
image_134, 17, 1.0777305364608765, 0.2090533971786499, 16.983020782470703
image_134, 18, 1.119107961654663, 0.21489518880844116, 17.98268699645996
image_134, 19, 1.1631118059158325, 0.22139322757720947, 18.98230743408203
image_134, 20, 1.2063792943954468, 0.22720471024513245, 19.981870651245117
image_134, 21, 1.260733723640442, 0.23605307936668396, 20.98125457763672
image_134, 22, 1.3058140277862549, 0.24275098741054535, 21.980886459350586
image_134, 23, 1.3517948389053345, 0.2494731992483139, 22.980510711669922
image_134, 24, 1.40269935131073, 0.25714120268821716, 23.979995727539062
image_134, 25, 1.450534462928772, 0.264057993888855, 24.979557037353516
image_134, 26, 1.5022038221359253, 0.2719435691833496, 25.979000091552734
image_134, 27, 1.5449978113174438, 0.27759432792663574, 26.978647232055664
image_134, 28, 1.5895917415618896, 0.28361761569976807, 27.978256225585938
image_134, 29, 1.6328206062316895, 0.2897304892539978, 28.977869033813477
image_134, 30, 1.7063653469085693, 0.3054603636264801, 29.976343154907227
