Case_ID, Slide_ID, mae, mse, ssim
image_99, 1, 0.0814204290509224, 0.026220422238111496, 0.9976066946983337
image_99, 2, 0.1479172557592392, 0.04376772791147232, 1.9962410926818848
image_99, 3, 0.2260572910308838, 0.06726398319005966, 2.9942522048950195
image_99, 4, 0.3103576898574829, 0.09400225430727005, 3.9917123317718506
image_99, 5, 0.39422446489334106, 0.1203535944223404, 4.989099979400635
image_99, 6, 0.4782388210296631, 0.14691317081451416, 5.986423015594482
image_99, 7, 0.5642157793045044, 0.17494869232177734, 6.9834771156311035
image_99, 8, 0.6486603021621704, 0.20250219106674194, 7.980618476867676
image_99, 9, 0.678786039352417, 0.20571108162403107, 8.980401992797852
image_99, 10, 0.706389307975769, 0.20861856639385223, 9.980245590209961
image_99, 11, 0.73414146900177, 0.21163566410541534, 10.980073928833008
image_99, 12, 0.7621135115623474, 0.2150028496980667, 11.97988510131836
image_99, 13, 0.7911193370819092, 0.21859577298164368, 12.979655265808105
image_99, 14, 0.8217651844024658, 0.2224915623664856, 13.979432106018066
image_99, 15, 0.8569900989532471, 0.2273923009634018, 14.9791259765625
image_99, 16, 0.9377584457397461, 0.2532099187374115, 15.976823806762695
image_99, 17, 1.0179858207702637, 0.27868226170539856, 16.974689483642578
image_99, 18, 1.1001523733139038, 0.30539801716804504, 17.972475051879883
image_99, 19, 1.1816848516464233, 0.3312363922595978, 18.970460891723633
image_99, 20, 1.2647019624710083, 0.35818466544151306, 19.968181610107422
image_99, 21, 1.3405015468597412, 0.3809314966201782, 20.966358184814453
image_99, 22, 1.4117109775543213, 0.4005468785762787, 21.964921951293945
image_99, 23, 1.4850234985351562, 0.4208548665046692, 22.96343231201172
image_99, 24, 1.520902395248413, 0.426043838262558, 23.96312141418457
image_99, 25, 1.5586987733840942, 0.43094080686569214, 24.96261978149414
image_99, 26, 1.587931752204895, 0.43456676602363586, 25.962379455566406
image_99, 27, 1.6696112155914307, 0.45901376008987427, 26.960145950317383
image_99, 28, 1.7506327629089355, 0.48314303159713745, 27.957950592041016
image_99, 29, 1.8360443115234375, 0.5102649331092834, 28.955350875854492
image_99, 30, 1.9172942638397217, 0.5346643924713135, 29.953163146972656
image_77, 1, 0.09782177954912186, 0.0355953611433506, 0.9958646297454834
image_77, 2, 0.18834128975868225, 0.06634636223316193, 1.9925644397735596
image_77, 3, 0.2755899727344513, 0.09534799307584763, 2.9895124435424805
image_77, 4, 0.3241591155529022, 0.10400641709566116, 3.988413095474243
image_77, 5, 0.36377090215682983, 0.1110241487622261, 4.987612724304199
image_77, 6, 0.4606495499610901, 0.1452060341835022, 5.983706474304199
image_77, 7, 0.5426842570304871, 0.1710851639509201, 6.981070518493652
image_77, 8, 0.6259995698928833, 0.1971033215522766, 7.978407382965088
image_77, 9, 0.7248589992523193, 0.23185019195079803, 8.974445343017578
image_77, 10, 0.7678918838500977, 0.23979398608207703, 9.973526000976562
image_77, 11, 0.80999356508255, 0.24978101253509521, 10.972403526306152
image_77, 12, 0.8582562208175659, 0.26175937056541443, 11.971004486083984
image_77, 13, 0.9037913084030151, 0.2728167772293091, 12.96972370147705
image_77, 14, 0.9435518980026245, 0.2814449369907379, 13.968779563903809
image_77, 15, 0.9870781302452087, 0.289163738489151, 14.96786117553711
image_77, 16, 1.027510404586792, 0.2965233027935028, 15.967069625854492
image_77, 17, 1.1431519985198975, 0.33538711071014404, 16.96071434020996
image_77, 18, 1.2642781734466553, 0.37816938757896423, 17.953659057617188
image_77, 19, 1.3928076028823853, 0.4279501736164093, 18.945556640625
image_77, 20, 1.5268020629882812, 0.4895584285259247, 19.935983657836914
image_77, 21, 1.658968210220337, 0.5435335636138916, 20.927207946777344
image_77, 22, 1.7901043891906738, 0.596010684967041, 21.918739318847656
image_77, 23, 1.9212632179260254, 0.6478074789047241, 22.910472869873047
image_77, 24, 2.0690536499023438, 0.7259246706962585, 23.899127960205078
image_77, 25, 2.195617198944092, 0.7728667259216309, 24.89140510559082
image_77, 26, 2.227674722671509, 0.7789365649223328, 25.890827178955078
image_77, 27, 2.259434700012207, 0.7846484780311584, 26.89030647277832
image_77, 28, 2.336658477783203, 0.8068000674247742, 27.88817596435547
image_77, 29, 2.407672166824341, 0.8253892064094543, 28.886600494384766
image_77, 30, 2.4793405532836914, 0.8442047238349915, 29.884841918945312
image_150, 1, 0.0818341001868248, 0.026054879650473595, 0.9980359673500061
image_150, 2, 0.16161984205245972, 0.050631601363420486, 1.9962193965911865
image_150, 3, 0.23709459602832794, 0.07276789098978043, 2.994719982147217
image_150, 4, 0.31764107942581177, 0.09768150746822357, 3.9926602840423584
image_150, 5, 0.3922658860683441, 0.11960798501968384, 4.991019248962402
image_150, 6, 0.4684716463088989, 0.1426185965538025, 5.989330291748047
image_150, 7, 0.5452624559402466, 0.16587837040424347, 6.987804412841797
image_150, 8, 0.6228380799293518, 0.18995401263237, 7.986207485198975
image_150, 9, 0.7020957469940186, 0.2150251418352127, 8.984500885009766
image_150, 10, 0.7786199450492859, 0.23889580368995667, 9.982819557189941
image_150, 11, 0.8588331937789917, 0.26448267698287964, 10.981042861938477
image_150, 12, 0.895636796951294, 0.27008041739463806, 11.980711936950684
image_150, 13, 0.9699144959449768, 0.2921062111854553, 12.979085922241211
image_150, 14, 1.0056096315383911, 0.2971506416797638, 13.978759765625
image_150, 15, 1.0433310270309448, 0.30279961228370667, 14.978379249572754
image_150, 16, 1.0787278413772583, 0.3078498840332031, 15.978062629699707
image_150, 17, 1.1156357526779175, 0.3131522536277771, 16.97770881652832
image_150, 18, 1.1510971784591675, 0.3180182874202728, 17.977407455444336
image_150, 19, 1.1879777908325195, 0.323278546333313, 18.97707748413086
image_150, 20, 1.2238490581512451, 0.32833510637283325, 19.97676658630371
image_150, 21, 1.2580170631408691, 0.3330059349536896, 20.976476669311523
image_150, 22, 1.2904332876205444, 0.3369760513305664, 21.97622299194336
image_150, 23, 1.3258038759231567, 0.3418211042881012, 22.975915908813477
image_150, 24, 1.3624143600463867, 0.3471662104129791, 23.975566864013672
image_150, 25, 1.4033520221710205, 0.3539755046367645, 24.975187301635742
image_150, 26, 1.4806861877441406, 0.3773512840270996, 25.97344398498535
image_150, 27, 1.557694673538208, 0.400298535823822, 26.97185707092285
image_150, 28, 1.636089563369751, 0.4240490794181824, 27.970125198364258
image_150, 29, 1.6733077764511108, 0.4295809268951416, 28.969816207885742
image_150, 30, 1.75173020362854, 0.4536152184009552, 29.967975616455078
image_26, 1, 0.0802299827337265, 0.023552296683192253, 0.9980551600456238
image_26, 2, 0.15497353672981262, 0.04427425563335419, 1.996486783027649
image_26, 3, 0.23292756080627441, 0.06654191017150879, 2.994673490524292
image_26, 4, 0.3142894506454468, 0.0905122458934784, 3.992523193359375
image_26, 5, 0.3918837308883667, 0.11226179450750351, 4.990609169006348
image_26, 6, 0.4652501046657562, 0.13165900111198425, 5.988893985748291
image_26, 7, 0.5383419990539551, 0.1504760980606079, 6.9871978759765625
image_26, 8, 0.6109204888343811, 0.1688804179430008, 7.985567092895508
image_26, 9, 0.6847329139709473, 0.1877710223197937, 8.98388671875
image_26, 10, 0.7494701743125916, 0.20293034613132477, 9.982662200927734
image_26, 11, 0.7861021757125854, 0.2084747850894928, 10.982006072998047
image_26, 12, 0.8269789218902588, 0.21516616642475128, 11.98119068145752
image_26, 13, 0.8820196986198425, 0.22565007209777832, 12.979827880859375
image_26, 14, 0.9409602284431458, 0.23779365420341492, 13.978238105773926
image_26, 15, 1.0118039846420288, 0.25580263137817383, 14.976585388183594
image_26, 16, 1.0767173767089844, 0.27071425318717957, 15.975257873535156
image_26, 17, 1.1489887237548828, 0.2886376976966858, 16.973772048950195
image_26, 18, 1.2114542722702026, 0.3025471270084381, 17.972591400146484
image_26, 19, 1.2718960046768188, 0.31569337844848633, 18.971349716186523
image_26, 20, 1.3265677690505981, 0.32705676555633545, 19.970197677612305
image_26, 21, 1.3829313516616821, 0.3400067985057831, 20.968809127807617
image_26, 22, 1.4416868686676025, 0.35435205698013306, 21.96693229675293
image_26, 23, 1.5041974782943726, 0.3693472445011139, 22.964908599853516
image_26, 24, 1.5625941753387451, 0.3829658031463623, 23.963064193725586
image_26, 25, 1.6175708770751953, 0.3958347737789154, 24.961326599121094
image_26, 26, 1.6680126190185547, 0.4074355959892273, 25.959762573242188
image_26, 27, 1.7200853824615479, 0.4194733798503876, 26.958114624023438
image_26, 28, 1.8000184297561646, 0.44217947125434875, 27.955852508544922
image_26, 29, 1.8756481409072876, 0.4642511308193207, 28.953577041625977
image_26, 30, 1.9538909196853638, 0.48713067173957825, 29.951173782348633
image_51, 1, 0.07604430615901947, 0.022820107638835907, 0.9979119300842285
image_51, 2, 0.15512818098068237, 0.04714669659733772, 1.9956591129302979
image_51, 3, 0.23665782809257507, 0.07289241254329681, 2.993121385574341
image_51, 4, 0.3150646388530731, 0.09702658653259277, 3.9908571243286133
image_51, 5, 0.39732617139816284, 0.12325019389390945, 4.988284111022949
image_51, 6, 0.47269704937934875, 0.14545905590057373, 5.986326217651367
image_51, 7, 0.5523542761802673, 0.16995017230510712, 6.984051704406738
image_51, 8, 0.6323989033699036, 0.19455328583717346, 7.981884956359863
image_51, 9, 0.7097640633583069, 0.21783491969108582, 8.97991943359375
image_51, 10, 0.7838196158409119, 0.23962336778640747, 9.978267669677734
image_51, 11, 0.8119544386863708, 0.24271181225776672, 10.978111267089844
image_51, 12, 0.8408545851707458, 0.2458575814962387, 11.977949142456055
image_51, 13, 0.8714923858642578, 0.24915216863155365, 12.977720260620117
image_51, 14, 0.9025366902351379, 0.25273728370666504, 13.977518081665039
image_51, 15, 0.9341188669204712, 0.2563357651233673, 14.977304458618164
image_51, 16, 0.9686897397041321, 0.2608383595943451, 15.977045059204102
image_51, 17, 1.0411790609359741, 0.28188395500183105, 16.97551918029785
image_51, 18, 1.122098684310913, 0.30805879831314087, 17.973209381103516
image_51, 19, 1.2025372982025146, 0.33389490842819214, 18.97087860107422
image_51, 20, 1.2891039848327637, 0.3642547130584717, 19.96796417236328
image_51, 21, 1.3647465705871582, 0.3871992528438568, 20.966350555419922
image_51, 22, 1.3982195854187012, 0.39112168550491333, 21.966081619262695
image_51, 23, 1.4286894798278809, 0.3944604992866516, 22.965890884399414
image_51, 24, 1.4600303173065186, 0.3983986973762512, 23.965665817260742
image_51, 25, 1.4892394542694092, 0.4018036425113678, 24.965496063232422
image_51, 26, 1.5176048278808594, 0.4049127995967865, 25.96534538269043
image_51, 27, 1.546641230583191, 0.4081451892852783, 26.96515464782715
image_51, 28, 1.6264605522155762, 0.4324187934398651, 27.96289825439453
image_51, 29, 1.7145359516143799, 0.46191027760505676, 28.95998764038086
image_51, 30, 1.7926121950149536, 0.4850238263607025, 29.958023071289062
image_82, 1, 0.06075583025813103, 0.01547242421656847, 0.9991060495376587
image_82, 2, 0.1185888722538948, 0.029928211122751236, 1.9983174800872803
image_82, 3, 0.17465338110923767, 0.043451182544231415, 2.9976072311401367
image_82, 4, 0.23760530352592468, 0.0587809719145298, 3.9965312480926514
image_82, 5, 0.30331993103027344, 0.07520990073680878, 4.9952497482299805
image_82, 6, 0.35954129695892334, 0.08823081851005554, 5.9944891929626465
image_82, 7, 0.41709384322166443, 0.10160417854785919, 6.993649005889893
image_82, 8, 0.47264209389686584, 0.11413022875785828, 7.9928717613220215
image_82, 9, 0.5337032675743103, 0.12875932455062866, 8.991808891296387
image_82, 10, 0.575600802898407, 0.13462872803211212, 9.991186141967773
image_82, 11, 0.6141345500946045, 0.13942384719848633, 10.99068832397461
image_82, 12, 0.6573923230171204, 0.14534971117973328, 11.989992141723633
image_82, 13, 0.7057458162307739, 0.15255378186702728, 12.989092826843262
image_82, 14, 0.7422002553939819, 0.15681782364845276, 13.98865795135498
image_82, 15, 0.7778211236000061, 0.16102595627307892, 14.988266944885254
image_82, 16, 0.8193767070770264, 0.1667426973581314, 15.987661361694336
image_82, 17, 0.8798977136611938, 0.18078099191188812, 16.986799240112305
image_82, 18, 0.9456225037574768, 0.1970839649438858, 17.985637664794922
image_82, 19, 0.9829068779945374, 0.20173399150371552, 18.985183715820312
image_82, 20, 1.026904821395874, 0.20848871767520905, 19.984458923339844
image_82, 21, 1.0922741889953613, 0.22480720281600952, 20.983440399169922
image_82, 22, 1.1303249597549438, 0.22968624532222748, 21.982954025268555
image_82, 23, 1.1597932577133179, 0.23265734314918518, 22.982723236083984
image_82, 24, 1.1852781772613525, 0.2348654717206955, 23.982582092285156
image_82, 25, 1.210487723350525, 0.23709818720817566, 24.982444763183594
image_82, 26, 1.2408761978149414, 0.2404128760099411, 25.98219108581543
image_82, 27, 1.3105555772781372, 0.25849759578704834, 26.980716705322266
image_82, 28, 1.378684163093567, 0.2757358253002167, 27.979324340820312
image_82, 29, 1.4465326070785522, 0.29301002621650696, 28.97791862487793
image_82, 30, 1.5098825693130493, 0.3082941472530365, 29.976831436157227
image_80, 1, 0.07042208313941956, 0.019100895151495934, 0.9985483288764954
image_80, 2, 0.1435643881559372, 0.039152391254901886, 1.9969515800476074
image_80, 3, 0.2216082215309143, 0.061622828245162964, 2.9949676990509033
image_80, 4, 0.29663246870040894, 0.08237634599208832, 3.9932448863983154
image_80, 5, 0.3748181164264679, 0.1045682281255722, 4.9912896156311035
image_80, 6, 0.4471529722213745, 0.12383723258972168, 5.9897918701171875
image_80, 7, 0.5170994997024536, 0.14205743372440338, 6.9884490966796875
image_80, 8, 0.5890373587608337, 0.16137723624706268, 7.986868858337402
image_80, 9, 0.6147746443748474, 0.16377168893814087, 8.986706733703613
image_80, 10, 0.6495428681373596, 0.16779786348342896, 9.986292839050293
image_80, 11, 0.6851736307144165, 0.17192904651165009, 10.985847473144531
image_80, 12, 0.7184414863586426, 0.17560844123363495, 11.985479354858398
image_80, 13, 0.7534432411193848, 0.17970840632915497, 12.985057830810547
image_80, 14, 0.7839199304580688, 0.18280340731143951, 13.984782218933105
image_80, 15, 0.8164541125297546, 0.18641933798789978, 14.98445987701416
image_80, 16, 0.8844637870788574, 0.20377223193645477, 15.983274459838867
image_80, 17, 0.9542148113250732, 0.22243104875087738, 16.98183250427246
image_80, 18, 1.023017168045044, 0.24042046070098877, 17.980527877807617
image_80, 19, 1.101049542427063, 0.2632918953895569, 18.97855567932129
image_80, 20, 1.176965594291687, 0.2844564914703369, 19.976898193359375
image_80, 21, 1.2494488954544067, 0.303296834230423, 20.97565460205078
image_80, 22, 1.320651888847351, 0.3215788006782532, 21.974384307861328
image_80, 23, 1.3891676664352417, 0.3385656476020813, 22.973304748535156
image_80, 24, 1.4283936023712158, 0.34392982721328735, 23.97275733947754
image_80, 25, 1.4633896350860596, 0.34806638956069946, 24.972352981567383
image_80, 26, 1.4928498268127441, 0.35094717144966125, 25.97211456298828
image_80, 27, 1.529360294342041, 0.35511818528175354, 26.971668243408203
image_80, 28, 1.5636752843856812, 0.3588792383670807, 27.971281051635742
image_80, 29, 1.6339579820632935, 0.37703031301498413, 28.969934463500977
image_80, 30, 1.702830195426941, 0.3947148621082306, 29.96864891052246
image_1, 1, 0.066438227891922, 0.017382152378559113, 0.9986583590507507
image_1, 2, 0.13366490602493286, 0.03508829325437546, 1.997277021408081
image_1, 3, 0.2066154181957245, 0.0556216686964035, 2.9954404830932617
image_1, 4, 0.28479209542274475, 0.07892730832099915, 3.993162155151367
image_1, 5, 0.3591970205307007, 0.09980780631303787, 4.991229057312012
image_1, 6, 0.42846739292144775, 0.11793497204780579, 5.989704132080078
image_1, 7, 0.4951002597808838, 0.13484631478786469, 6.9882988929748535
image_1, 8, 0.5192273855209351, 0.1370450109243393, 7.988182067871094
image_1, 9, 0.539969265460968, 0.13870446383953094, 8.988090515136719
image_1, 10, 0.5597028732299805, 0.14026081562042236, 9.988003730773926
image_1, 11, 0.5797198414802551, 0.14169888198375702, 10.987920761108398
image_1, 12, 0.6056406497955322, 0.14398980140686035, 11.9877290725708
image_1, 13, 0.6275017857551575, 0.14562606811523438, 12.987619400024414
image_1, 14, 0.6486386060714722, 0.14715886116027832, 13.987520217895508
image_1, 15, 0.6748529672622681, 0.1494922637939453, 14.987321853637695
image_1, 16, 0.702140212059021, 0.15205393731594086, 15.98710823059082
image_1, 17, 0.7662195563316345, 0.1682414412498474, 16.985742568969727
image_1, 18, 0.8447809815406799, 0.19236691296100616, 17.983314514160156
image_1, 19, 0.9220463037490845, 0.21549716591835022, 18.981048583984375
image_1, 20, 0.9930425882339478, 0.23488810658454895, 19.979368209838867
image_1, 21, 1.0544018745422363, 0.2495129406452179, 20.978321075439453
image_1, 22, 1.0832698345184326, 0.25239259004592896, 21.978038787841797
image_1, 23, 1.1125770807266235, 0.25531303882598877, 22.97774314880371
image_1, 24, 1.1365846395492554, 0.2573128044605255, 23.977575302124023
image_1, 25, 1.1594821214675903, 0.2591346800327301, 24.977432250976562
image_1, 26, 1.1791658401489258, 0.2605550289154053, 25.977352142333984
image_1, 27, 1.2581111192703247, 0.28376197814941406, 26.9749755859375
image_1, 28, 1.3291338682174683, 0.30251288414001465, 27.973190307617188
image_1, 29, 1.3955469131469727, 0.31913936138153076, 28.971601486206055
image_1, 30, 1.4468845129013062, 0.3295210003852844, 29.970783233642578
image_124, 1, 0.06951601803302765, 0.01750040054321289, 0.9985259175300598
image_124, 2, 0.15332499146461487, 0.04203707352280617, 1.99650239944458
image_124, 3, 0.24364465475082397, 0.06997016817331314, 2.994175910949707
image_124, 4, 0.33556893467903137, 0.09909462928771973, 3.9917824268341064
image_124, 5, 0.4293258786201477, 0.1287023276090622, 4.989178657531738
image_124, 6, 0.5225347876548767, 0.15796290338039398, 5.9867167472839355
image_124, 7, 0.6116696000099182, 0.184133842587471, 6.9843902587890625
image_124, 8, 0.6977441310882568, 0.20859821140766144, 7.982337951660156
image_124, 9, 0.7806406021118164, 0.23168250918388367, 8.980451583862305
image_124, 10, 0.8668743968009949, 0.2562195062637329, 9.978337287902832
image_124, 11, 0.9194781184196472, 0.2679572105407715, 10.977221488952637
image_124, 12, 0.9716045260429382, 0.2791372537612915, 11.97616195678711
image_124, 13, 1.0305280685424805, 0.29266053438186646, 12.974815368652344
image_124, 14, 1.0843286514282227, 0.3043326735496521, 13.97370433807373
image_124, 15, 1.1347942352294922, 0.3144177496433258, 14.972801208496094
image_124, 16, 1.1843949556350708, 0.32435929775238037, 15.9719877243042
image_124, 17, 1.2631515264511108, 0.3461357355117798, 16.97028350830078
image_124, 18, 1.3256701231002808, 0.3602654039859772, 17.96921157836914
image_124, 19, 1.4033561944961548, 0.38141903281211853, 18.967519760131836
image_124, 20, 1.4818308353424072, 0.40302589535713196, 19.965871810913086
image_124, 21, 1.5482358932495117, 0.4192298352718353, 20.964771270751953
image_124, 22, 1.6308928728103638, 0.44236934185028076, 21.963001251220703
image_124, 23, 1.6827664375305176, 0.45284217596054077, 22.962080001831055
image_124, 24, 1.731535792350769, 0.462056040763855, 23.961252212524414
image_124, 25, 1.78006112575531, 0.4709964692592621, 24.960447311401367
image_124, 26, 1.8305089473724365, 0.48037078976631165, 25.959596633911133
image_124, 27, 1.8798142671585083, 0.4892762303352356, 26.958784103393555
image_124, 28, 1.958125352859497, 0.510039746761322, 27.957111358642578
image_124, 29, 2.0368480682373047, 0.5311381816864014, 28.955387115478516
image_124, 30, 2.110940933227539, 0.5503150224685669, 29.953969955444336
image_65, 1, 0.08512912690639496, 0.0288985762745142, 0.9974020719528198
image_65, 2, 0.1816028356552124, 0.0655517503619194, 1.993593692779541
image_65, 3, 0.2779771685600281, 0.10187321901321411, 2.9898014068603516
image_65, 4, 0.36945509910583496, 0.1341361105442047, 3.986722469329834
image_65, 5, 0.4646618366241455, 0.16875231266021729, 4.98306131362915
image_65, 6, 0.553165853023529, 0.1981213390827179, 5.980202674865723
image_65, 7, 0.6353416442871094, 0.2234748899936676, 6.977920055389404
image_65, 8, 0.7215508818626404, 0.2513979375362396, 7.975135803222656
image_65, 9, 0.7722684741020203, 0.2607495188713074, 8.974173545837402
image_65, 10, 0.8041217923164368, 0.26504626870155334, 9.973930358886719
image_65, 11, 0.8350098133087158, 0.2688126266002655, 10.973718643188477
image_65, 12, 0.875321090221405, 0.2742147743701935, 11.973136901855469
image_65, 13, 0.9083551168441772, 0.27865317463874817, 12.972888946533203
image_65, 14, 0.9417668581008911, 0.2831416726112366, 13.972620010375977
image_65, 15, 0.9777577519416809, 0.2884211838245392, 14.972282409667969
image_65, 16, 1.0158312320709229, 0.2942805290222168, 15.971904754638672
image_65, 17, 1.056225061416626, 0.3007465898990631, 16.971424102783203
image_65, 18, 1.1186809539794922, 0.3161478042602539, 17.97012710571289
image_65, 19, 1.2138357162475586, 0.35125401616096497, 18.966829299926758
image_65, 20, 1.3060957193374634, 0.38372594118118286, 19.963701248168945
image_65, 21, 1.4091166257858276, 0.4232105612754822, 20.959379196166992
image_65, 22, 1.5060877799987793, 0.4585914611816406, 21.95586395263672
image_65, 23, 1.568589687347412, 0.4736335277557373, 22.954471588134766
image_65, 24, 1.6091376543045044, 0.47997766733169556, 23.95393180847168
image_65, 25, 1.6510027647018433, 0.4864036440849304, 24.953304290771484
image_65, 26, 1.6952630281448364, 0.49286478757858276, 25.952594757080078
image_65, 27, 1.73774254322052, 0.4988541603088379, 26.95195198059082
image_65, 28, 1.778245210647583, 0.5044006109237671, 27.951372146606445
image_65, 29, 1.8300292491912842, 0.5142138600349426, 28.95040512084961
image_65, 30, 1.931426763534546, 0.551734447479248, 29.946168899536133
image_137, 1, 0.0676598846912384, 0.01724506914615631, 0.9988899827003479
image_137, 2, 0.1303894817829132, 0.03285043314099312, 1.9979708194732666
image_137, 3, 0.18845205008983612, 0.046253565698862076, 2.997199058532715
image_137, 4, 0.2519580125808716, 0.06134238466620445, 3.996239185333252
image_137, 5, 0.3172520399093628, 0.07732371985912323, 4.995256423950195
image_137, 6, 0.3851000964641571, 0.09401275962591171, 5.994182109832764
image_137, 7, 0.45260682702064514, 0.11054693162441254, 6.993077754974365
image_137, 8, 0.5245826244354248, 0.12867921590805054, 7.9916887283325195
image_137, 9, 0.5979885458946228, 0.1473998725414276, 8.990251541137695
image_137, 10, 0.6473442316055298, 0.15475055575370789, 9.989328384399414
image_137, 11, 0.689289391040802, 0.16001851856708527, 10.988702774047852
image_137, 12, 0.732927680015564, 0.16567109525203705, 11.988033294677734
image_137, 13, 0.7834391593933105, 0.17312085628509521, 12.98709487915039
image_137, 14, 0.8503136038780212, 0.18597272038459778, 13.985320091247559
image_137, 15, 0.9233516454696655, 0.2014644742012024, 14.98316478729248
image_137, 16, 0.9827988147735596, 0.21223492920398712, 15.981772422790527
image_137, 17, 1.0556985139846802, 0.23023974895477295, 16.98044776916504
image_137, 18, 1.1207032203674316, 0.24474065005779266, 17.979272842407227
image_137, 19, 1.1916500329971313, 0.26188406348228455, 18.978044509887695
image_137, 20, 1.2606724500656128, 0.27801138162612915, 19.976905822753906
image_137, 21, 1.3354231119155884, 0.2966300845146179, 20.97554588317871
image_137, 22, 1.4087278842926025, 0.3145208954811096, 21.97422218322754
image_137, 23, 1.4771430492401123, 0.3301660418510437, 22.972929000854492
image_137, 24, 1.5293081998825073, 0.3384004235267639, 23.971927642822266
image_137, 25, 1.5835888385772705, 0.34705933928489685, 24.97081756591797
image_137, 26, 1.6484665870666504, 0.3590743839740753, 25.969158172607422
image_137, 27, 1.710062026977539, 0.3699851930141449, 26.967695236206055
image_137, 28, 1.7815591096878052, 0.3882494568824768, 27.966463088989258
image_137, 29, 1.8507927656173706, 0.40556392073631287, 28.965312957763672
image_137, 30, 1.8995507955551147, 0.4141339063644409, 29.964529037475586
image_14, 1, 0.06726507097482681, 0.019284134730696678, 0.9985257983207703
image_14, 2, 0.13600951433181763, 0.03912430629134178, 1.9969298839569092
image_14, 3, 0.21839694678783417, 0.06638487428426743, 2.994314670562744
image_14, 4, 0.3028299808502197, 0.09493842720985413, 3.991633176803589
image_14, 5, 0.3828510642051697, 0.12053832411766052, 4.989299774169922
image_14, 6, 0.46444976329803467, 0.14659586548805237, 5.986682415008545
image_14, 7, 0.5535463094711304, 0.1772756576538086, 6.983356952667236
image_14, 8, 0.631792426109314, 0.2016165852546692, 7.981112957000732
image_14, 9, 0.6620090007781982, 0.20524300634860992, 8.980854034423828
image_14, 10, 0.688453733921051, 0.20797424018383026, 9.980704307556152
image_14, 11, 0.7146808505058289, 0.21060991287231445, 10.980558395385742
image_14, 12, 0.7407458424568176, 0.21337643265724182, 11.980429649353027
image_14, 13, 0.7675689458847046, 0.2161366492509842, 12.980299949645996
image_14, 14, 0.7956061363220215, 0.21926957368850708, 13.980113983154297
image_14, 15, 0.824950635433197, 0.22266656160354614, 14.979941368103027
image_14, 16, 0.8652618527412415, 0.22835692763328552, 15.979316711425781
image_14, 17, 0.9009378552436829, 0.23308280110359192, 16.97896957397461
image_14, 18, 0.9768530130386353, 0.25678613781929016, 17.977108001708984
image_14, 19, 1.0561076402664185, 0.28270089626312256, 18.974760055541992
image_14, 20, 1.1311211585998535, 0.3062891662120819, 19.973005294799805
image_14, 21, 1.2093487977981567, 0.3310580849647522, 20.970867156982422
image_14, 22, 1.245551586151123, 0.33571258187294006, 21.970426559448242
image_14, 23, 1.2762583494186401, 0.3394869267940521, 22.97022247314453
image_14, 24, 1.3037655353546143, 0.3425144553184509, 23.97007179260254
image_14, 25, 1.330830454826355, 0.34547916054725647, 24.969932556152344
image_14, 26, 1.3577476739883423, 0.3484202027320862, 25.96978759765625
image_14, 27, 1.3842672109603882, 0.3513098955154419, 26.969636917114258
image_14, 28, 1.4581788778305054, 0.37291431427001953, 27.967790603637695
image_14, 29, 1.5329184532165527, 0.3949541747570038, 28.965892791748047
image_14, 30, 1.6071726083755493, 0.4168769419193268, 29.963987350463867
image_68, 1, 0.023840006440877914, 0.0024663754738867283, 0.9998438954353333
image_68, 2, 0.09836255013942719, 0.023159785196185112, 1.997867465019226
image_68, 3, 0.15192478895187378, 0.034274421632289886, 2.996948719024658
image_68, 4, 0.19915533065795898, 0.04315924644470215, 3.9962871074676514
image_68, 5, 0.2401977926492691, 0.05028507858514786, 4.9958391189575195
image_68, 6, 0.287553608417511, 0.05904543772339821, 5.995141506195068
image_68, 7, 0.35393819212913513, 0.0752006396651268, 6.993548393249512
image_68, 8, 0.425102561712265, 0.09335833042860031, 7.991867542266846
image_68, 9, 0.4581753611564636, 0.09765707701444626, 8.991584777832031
image_68, 10, 0.4931965172290802, 0.10165713727474213, 9.991147994995117
image_68, 11, 0.528963029384613, 0.10597609728574753, 10.990678787231445
image_68, 12, 0.5604807138442993, 0.10941775888204575, 11.990346908569336
image_68, 13, 0.5996864438056946, 0.11457624286413193, 12.989784240722656
image_68, 14, 0.6280103921890259, 0.11771398782730103, 13.989579200744629
image_68, 15, 0.6846020221710205, 0.1300271898508072, 14.988773345947266
image_68, 16, 0.7480724453926086, 0.1451234519481659, 15.987794876098633
image_68, 17, 0.8192092776298523, 0.16412904858589172, 16.986331939697266
image_68, 18, 0.8995769619941711, 0.1890903264284134, 17.983991622924805
image_68, 19, 0.9795272946357727, 0.21340380609035492, 18.981740951538086
image_68, 20, 1.054543137550354, 0.23457440733909607, 19.979949951171875
image_68, 21, 1.127009391784668, 0.25471174716949463, 20.97832679748535
image_68, 22, 1.1948264837265015, 0.2721317410469055, 21.976970672607422
image_68, 23, 1.2585548162460327, 0.2875217795372009, 22.975814819335938
image_68, 24, 1.3118441104888916, 0.29813170433044434, 23.97506332397461
image_68, 25, 1.348317265510559, 0.30254310369491577, 24.97461700439453
image_68, 26, 1.3797518014907837, 0.3057997226715088, 25.974327087402344
image_68, 27, 1.404755711555481, 0.30794379115104675, 26.97418212890625
image_68, 28, 1.4274684190750122, 0.3097222149372101, 27.97407341003418
image_68, 29, 1.4593249559402466, 0.3131718337535858, 28.973758697509766
image_68, 30, 1.485751986503601, 0.3161357343196869, 29.97359275817871
image_96, 1, 0.07781287282705307, 0.02215871401131153, 0.9979914426803589
image_96, 2, 0.1430450677871704, 0.03784637898206711, 1.9968656301498413
image_96, 3, 0.22198285162448883, 0.060482434928417206, 2.9947614669799805
image_96, 4, 0.3006100058555603, 0.08255258202552795, 3.992738962173462
image_96, 5, 0.372023344039917, 0.10058841854333878, 4.9913010597229
image_96, 6, 0.44256430864334106, 0.11831635236740112, 5.989899158477783
image_96, 7, 0.5177651643753052, 0.13816921412944794, 6.988154888153076
image_96, 8, 0.5448116660118103, 0.14168453216552734, 7.987861156463623
image_96, 9, 0.5750618577003479, 0.14575184881687164, 8.987486839294434
image_96, 10, 0.6093385815620422, 0.15060998499393463, 9.9869966506958
image_96, 11, 0.6362748146057129, 0.15400484204292297, 10.986699104309082
image_96, 12, 0.6640956997871399, 0.1574319303035736, 11.986396789550781
image_96, 13, 0.6958178877830505, 0.16125257313251495, 12.986017227172852
image_96, 14, 0.7270121574401855, 0.16488876938819885, 13.985678672790527
image_96, 15, 0.7621271014213562, 0.1690419763326645, 14.985240936279297
image_96, 16, 0.7985160946846008, 0.17381209135055542, 15.984793663024902
image_96, 17, 0.8768014907836914, 0.19588249921798706, 16.98279571533203
image_96, 18, 0.962024986743927, 0.22248831391334534, 17.98012351989746
image_96, 19, 1.042155146598816, 0.24635262787342072, 18.977819442749023
image_96, 20, 1.121623158454895, 0.2696613669395447, 19.975582122802734
image_96, 21, 1.1594934463500977, 0.27631744742393494, 20.97489356994629
image_96, 22, 1.1917698383331299, 0.28062212467193604, 21.97445297241211
image_96, 23, 1.2299940586090088, 0.286981999874115, 22.973791122436523
image_96, 24, 1.2595245838165283, 0.2914457321166992, 23.97338104248047
image_96, 25, 1.287542700767517, 0.2954231798648834, 24.9730167388916
image_96, 26, 1.3177762031555176, 0.29970380663871765, 25.972583770751953
image_96, 27, 1.352372169494629, 0.30465105175971985, 26.97203254699707
image_96, 28, 1.3894116878509521, 0.3102583885192871, 27.971416473388672
image_96, 29, 1.48747718334198, 0.3440481126308441, 28.967525482177734
image_96, 30, 1.5793404579162598, 0.37383127212524414, 29.964221954345703
image_27, 1, 0.09036310762166977, 0.032058779150247574, 0.9968761205673218
image_27, 2, 0.18125244975090027, 0.06367158889770508, 1.9936554431915283
image_27, 3, 0.2709346413612366, 0.09454461187124252, 2.990581750869751
image_27, 4, 0.3660045266151428, 0.12909790873527527, 3.986896514892578
image_27, 5, 0.46670398116111755, 0.16805598139762878, 4.982632637023926
image_27, 6, 0.5594736933708191, 0.20068109035491943, 5.979429244995117
image_27, 7, 0.6507714986801147, 0.232077956199646, 6.976346015930176
image_27, 8, 0.7459802627563477, 0.26581674814224243, 7.972826957702637
image_27, 9, 0.8342869281768799, 0.2952602207660675, 8.970117568969727
image_27, 10, 0.8641104102134705, 0.2988798916339874, 9.969955444335938
image_27, 11, 0.8970913887023926, 0.3028648793697357, 10.969676971435547
image_27, 12, 0.9303976893424988, 0.3070620894432068, 11.969388961791992
image_27, 13, 0.961791455745697, 0.3113516569137573, 12.969206809997559
image_27, 14, 0.9947198629379272, 0.3158668875694275, 13.968961715698242
image_27, 15, 1.0275541543960571, 0.3204347491264343, 14.96873664855957
image_27, 16, 1.0638991594314575, 0.32584649324417114, 15.968401908874512
image_27, 17, 1.1054162979125977, 0.33253371715545654, 16.967863082885742
image_27, 18, 1.1880769729614258, 0.3611913025379181, 17.965436935424805
image_27, 19, 1.2724252939224243, 0.39067357778549194, 18.96281623840332
image_27, 20, 1.3552085161209106, 0.4192071259021759, 19.960281372070312
image_27, 21, 1.4351835250854492, 0.44666042923927307, 20.958181381225586
image_27, 22, 1.4743720293045044, 0.4528968632221222, 21.957794189453125
image_27, 23, 1.5102174282073975, 0.4580024182796478, 22.957475662231445
image_27, 24, 1.542887806892395, 0.4624919891357422, 23.957260131835938
image_27, 25, 1.5745937824249268, 0.46678492426872253, 24.957056045532227
image_27, 26, 1.6074711084365845, 0.470948725938797, 25.956777572631836
image_27, 27, 1.638551950454712, 0.4749448299407959, 26.95657730102539
image_27, 28, 1.6714699268341064, 0.4790414571762085, 27.9563045501709
image_27, 29, 1.7030373811721802, 0.48289188742637634, 28.956085205078125
image_27, 30, 1.7906394004821777, 0.5119361877441406, 29.953266143798828
image_79, 1, 0.10187109559774399, 0.039733923971652985, 0.9952664375305176
image_79, 2, 0.2037014365196228, 0.08003975450992584, 1.990652084350586
image_79, 3, 0.30044931173324585, 0.1172364354133606, 2.9867074489593506
image_79, 4, 0.39717328548431396, 0.15476171672344208, 3.982776165008545
image_79, 5, 0.4949025809764862, 0.1925508975982666, 4.978739261627197
image_79, 6, 0.5874525904655457, 0.22582153975963593, 5.97530460357666
image_79, 7, 0.6851937770843506, 0.26239997148513794, 6.971395492553711
image_79, 8, 0.7804808616638184, 0.2975558638572693, 7.967846393585205
image_79, 9, 0.8184033036231995, 0.3028109669685364, 8.967386245727539
image_79, 10, 0.8516734838485718, 0.3071501553058624, 9.967133522033691
image_79, 11, 0.887065589427948, 0.31188100576400757, 10.966765403747559
image_79, 12, 0.9222586154937744, 0.3168378174304962, 11.966442108154297
image_79, 13, 0.9611986875534058, 0.3226718306541443, 12.965974807739258
image_79, 14, 1.0012151002883911, 0.3286573588848114, 13.965449333190918
image_79, 15, 1.0388027429580688, 0.3340528905391693, 14.965052604675293
image_79, 16, 1.0764763355255127, 0.3397050201892853, 15.964694023132324
image_79, 17, 1.1169096231460571, 0.3461079001426697, 16.964282989501953
image_79, 18, 1.1613167524337769, 0.35359376668930054, 17.963720321655273
image_79, 19, 1.2072148323059082, 0.36156320571899414, 18.963083267211914
image_79, 20, 1.2983856201171875, 0.39680102467536926, 19.95990562438965
image_79, 21, 1.3419002294540405, 0.4037220776081085, 20.959369659423828
image_79, 22, 1.3843644857406616, 0.4104600250720978, 21.958890914916992
image_79, 23, 1.4242993593215942, 0.4164898693561554, 22.958477020263672
image_79, 24, 1.461301565170288, 0.4217350482940674, 23.95816421508789
image_79, 25, 1.4973878860473633, 0.4266430139541626, 24.957813262939453
image_79, 26, 1.537584900856018, 0.43247202038764954, 25.95724105834961
image_79, 27, 1.5718930959701538, 0.43716704845428467, 26.956987380981445
image_79, 28, 1.606526494026184, 0.4420027732849121, 27.956697463989258
image_79, 29, 1.6926488876342773, 0.47130444645881653, 28.953872680664062
image_79, 30, 1.7765116691589355, 0.4990905523300171, 29.95125389099121
image_50, 1, 0.06525806337594986, 0.016953792423009872, 0.9986370801925659
image_50, 2, 0.13490837812423706, 0.03558924049139023, 1.997018575668335
image_50, 3, 0.21632903814315796, 0.06008072942495346, 2.9944534301757812
image_50, 4, 0.2934912443161011, 0.08225293457508087, 3.9922726154327393
image_50, 5, 0.36468178033828735, 0.10129428654909134, 4.9905686378479
image_50, 6, 0.43713098764419556, 0.12082544714212418, 5.988805294036865
image_50, 7, 0.5119476914405823, 0.1413125842809677, 6.986835479736328
image_50, 8, 0.5874349474906921, 0.1620570421218872, 7.984817981719971
image_50, 9, 0.6650991439819336, 0.18417982757091522, 8.98259449005127
image_50, 10, 0.6902392506599426, 0.18667469918727875, 9.982450485229492
image_50, 11, 0.7165588736534119, 0.18945138156414032, 10.98227310180664
image_50, 12, 0.745184063911438, 0.1927284449338913, 11.982023239135742
image_50, 13, 0.7752901315689087, 0.1963050663471222, 12.98172378540039
image_50, 14, 0.8071070313453674, 0.2002200484275818, 13.98138427734375
image_50, 15, 0.8372683525085449, 0.20359067618846893, 14.98111343383789
image_50, 16, 0.8660940527915955, 0.206519216299057, 15.980902671813965
image_50, 17, 0.9315376281738281, 0.22332999110221863, 16.979598999023438
image_50, 18, 1.004091501235962, 0.24377159774303436, 17.97774314880371
image_50, 19, 1.0731239318847656, 0.2620302736759186, 18.976221084594727
image_50, 20, 1.1434776782989502, 0.2811897099018097, 19.97467803955078
image_50, 21, 1.1820727586746216, 0.28690391778945923, 20.97414207458496
image_50, 22, 1.211652398109436, 0.2901759445667267, 21.973901748657227
image_50, 23, 1.2414121627807617, 0.2935205101966858, 22.973628997802734
image_50, 24, 1.2687939405441284, 0.29640379548072815, 23.973417282104492
image_50, 25, 1.2964378595352173, 0.2993555963039398, 24.973194122314453
image_50, 26, 1.3224198818206787, 0.3019718527793884, 25.973018646240234
image_50, 27, 1.3955433368682861, 0.32136958837509155, 26.97110939025879
image_50, 28, 1.4668798446655273, 0.33986330032348633, 27.96926498413086
image_50, 29, 1.533716082572937, 0.3562334477901459, 28.967693328857422
image_50, 30, 1.6031584739685059, 0.37411001324653625, 29.96603775024414
image_128, 1, 0.08333638310432434, 0.02623808942735195, 0.9975597262382507
image_128, 2, 0.1713995337486267, 0.055392228066921234, 1.9946609735488892
image_128, 3, 0.24862554669380188, 0.07789547741413116, 2.992771625518799
image_128, 4, 0.3264017701148987, 0.10078870505094528, 3.9907290935516357
image_128, 5, 0.3567669987678528, 0.10463855415582657, 4.990506649017334
image_128, 6, 0.3849887549877167, 0.10794772207736969, 5.990320205688477
image_128, 7, 0.4384666681289673, 0.11913648247718811, 6.989321708679199
image_128, 8, 0.4883871078491211, 0.12927576899528503, 7.988565444946289
image_128, 9, 0.5154150724411011, 0.13211877644062042, 8.988395690917969
image_128, 10, 0.5415536761283875, 0.13471218943595886, 9.988245010375977
image_128, 11, 0.5671074986457825, 0.13718494772911072, 10.988100051879883
image_128, 12, 0.5920639038085938, 0.13954570889472961, 11.987963676452637
image_128, 13, 0.6188645362854004, 0.14208287000656128, 12.987807273864746
image_128, 14, 0.6483903527259827, 0.14510565996170044, 13.987591743469238
image_128, 15, 0.678013026714325, 0.14818957448005676, 14.987372398376465
image_128, 16, 0.7089995741844177, 0.1515108197927475, 15.987112998962402
image_128, 17, 0.7721620798110962, 0.16631415486335754, 16.986024856567383
image_128, 18, 0.8451634049415588, 0.1864367127418518, 17.9842586517334
image_128, 19, 0.9169245958328247, 0.2054995596408844, 18.982463836669922
image_128, 20, 0.9963902831077576, 0.22909905016422272, 19.97990608215332
image_128, 21, 1.0801771879196167, 0.25541096925735474, 20.97710418701172
image_128, 22, 1.1086398363113403, 0.25848588347435, 21.97688865661621
image_128, 23, 1.1361756324768066, 0.261234313249588, 22.976696014404297
image_128, 24, 1.1724636554718018, 0.2656974792480469, 23.976261138916016
image_128, 25, 1.19655442237854, 0.2678843140602112, 24.97612762451172
image_128, 26, 1.2323334217071533, 0.27206701040267944, 25.975622177124023
image_128, 27, 1.2681992053985596, 0.27636295557022095, 26.975107192993164
image_128, 28, 1.2998974323272705, 0.28002050518989563, 27.9747371673584
image_128, 29, 1.3803300857543945, 0.30317264795303345, 28.971818923950195
image_128, 30, 1.4745756387710571, 0.3351329267024994, 29.9678955078125
image_119, 1, 0.06934861838817596, 0.019144637510180473, 0.9986242055892944
image_119, 2, 0.13767090439796448, 0.037981949746608734, 1.9971961975097656
image_119, 3, 0.20731741189956665, 0.057315926998853683, 2.995626449584961
image_119, 4, 0.28463274240493774, 0.08035840094089508, 3.9936108589172363
image_119, 5, 0.3724935054779053, 0.10901536792516708, 4.99066686630249
image_119, 6, 0.45170116424560547, 0.13239070773124695, 5.988512992858887
image_119, 7, 0.5313278436660767, 0.15587513148784637, 6.986339092254639
image_119, 8, 0.6081691980361938, 0.17799112200737, 7.984310150146484
image_119, 9, 0.6700394749641418, 0.19286443293094635, 8.983036994934082
image_119, 10, 0.7216470837593079, 0.203730970621109, 9.982230186462402
image_119, 11, 0.7535785436630249, 0.20728273689746857, 10.98199462890625
image_119, 12, 0.7843025326728821, 0.21060402691364288, 11.98177719116211
image_119, 13, 0.8160141706466675, 0.21411201357841492, 12.981535911560059
image_119, 14, 0.8514929413795471, 0.21845345199108124, 13.981205940246582
image_119, 15, 0.8861321806907654, 0.22287428379058838, 14.980899810791016
image_119, 16, 0.9176537990570068, 0.22667232155799866, 15.980672836303711
image_119, 17, 0.9521750807762146, 0.23125267028808594, 16.98038673400879
image_119, 18, 0.9875134229660034, 0.2358768731355667, 17.980083465576172
image_119, 19, 1.0251768827438354, 0.24105751514434814, 18.97976303100586
image_119, 20, 1.1039526462554932, 0.2645051181316376, 19.977943420410156
image_119, 21, 1.1386085748672485, 0.26912370324134827, 20.977649688720703
image_119, 22, 1.1743359565734863, 0.2739311456680298, 21.977319717407227
image_119, 23, 1.2086256742477417, 0.2781464755535126, 22.977048873901367
image_119, 24, 1.2456785440444946, 0.2829395830631256, 23.976686477661133
image_119, 25, 1.278700828552246, 0.2868623435497284, 24.976436614990234
image_119, 26, 1.3119648694992065, 0.2908777892589569, 25.97617530822754
image_119, 27, 1.3898214101791382, 0.3134940266609192, 26.97418785095215
image_119, 28, 1.447577953338623, 0.32638630270957947, 27.973125457763672
image_119, 29, 1.480264663696289, 0.3309917151927948, 28.972883224487305
image_119, 30, 1.5571460723876953, 0.3535380959510803, 29.970903396606445
image_103, 1, 0.0722404271364212, 0.020613936707377434, 0.9982393383979797
image_103, 2, 0.14659258723258972, 0.04218496382236481, 1.9962804317474365
image_103, 3, 0.21868470311164856, 0.06246903911232948, 2.9945168495178223
image_103, 4, 0.2866778075695038, 0.08035559207201004, 3.9930288791656494
image_103, 5, 0.35541248321533203, 0.09855671226978302, 4.991569519042969
image_103, 6, 0.4236796796321869, 0.11651309579610825, 5.990155220031738
image_103, 7, 0.5028001666069031, 0.13980694115161896, 6.987877368927002
image_103, 8, 0.5767470598220825, 0.16005250811576843, 7.985974311828613
image_103, 9, 0.6447061896324158, 0.17720387876033783, 8.984609603881836
image_103, 10, 0.6696038246154785, 0.17950130999088287, 9.984476089477539
image_103, 11, 0.6947190761566162, 0.18168261647224426, 10.984336853027344
image_103, 12, 0.7199020385742188, 0.18382100760936737, 11.984197616577148
image_103, 13, 0.746631920337677, 0.18622896075248718, 12.98403549194336
image_103, 14, 0.7740760445594788, 0.18890367448329926, 13.983858108520508
image_103, 15, 0.8024952411651611, 0.19182747602462769, 14.983671188354492
image_103, 16, 0.828835129737854, 0.19435860216617584, 15.983521461486816
image_103, 17, 0.8807377815246582, 0.2052306979894638, 16.982601165771484
image_103, 18, 0.9684377312660217, 0.2356625348329544, 17.979520797729492
image_103, 19, 1.0486923456192017, 0.26011380553245544, 18.977188110351562
image_103, 20, 1.1231865882873535, 0.28078699111938477, 19.975435256958008
image_103, 21, 1.157045841217041, 0.2849058210849762, 20.975149154663086
image_103, 22, 1.1921958923339844, 0.2894429564476013, 21.974796295166016
image_103, 23, 1.2197097539901733, 0.2921498119831085, 22.97462272644043
image_103, 24, 1.247050166130066, 0.2947576642036438, 23.97444725036621
image_103, 25, 1.2716827392578125, 0.29683658480644226, 24.974327087402344
image_103, 26, 1.299050211906433, 0.29949501156806946, 25.97410011291504
image_103, 27, 1.3768374919891357, 0.3219434916973114, 26.97205352783203
image_103, 28, 1.4517797231674194, 0.3429644703865051, 27.97010040283203
image_103, 29, 1.5245376825332642, 0.36285361647605896, 28.968231201171875
image_103, 30, 1.5975104570388794, 0.382782518863678, 29.966365814208984
image_24, 1, 0.08123695850372314, 0.026725884526968002, 0.9976025223731995
image_24, 2, 0.15742824971675873, 0.05114661902189255, 1.995572805404663
image_24, 3, 0.25755202770233154, 0.09050238132476807, 2.991776943206787
image_24, 4, 0.3497864902019501, 0.12356138974428177, 3.988893985748291
image_24, 5, 0.44450828433036804, 0.15862628817558289, 4.985666751861572
image_24, 6, 0.5433952808380127, 0.19677238166332245, 5.981863975524902
image_24, 7, 0.6344516277313232, 0.2288270741701126, 6.979012966156006
image_24, 8, 0.7210658192634583, 0.2578379809856415, 7.976449489593506
image_24, 9, 0.7964551448822021, 0.2804133892059326, 8.974655151367188
image_24, 10, 0.8775114417076111, 0.3058972954750061, 9.97248649597168
image_24, 11, 0.907333254814148, 0.3097846508026123, 10.972297668457031
image_24, 12, 0.9365232586860657, 0.3133563697338104, 11.972145080566406
image_24, 13, 0.9664396643638611, 0.3170897364616394, 12.971973419189453
image_24, 14, 0.9987689852714539, 0.321521520614624, 13.971744537353516
image_24, 15, 1.0499597787857056, 0.3328312635421753, 14.971063613891602
image_24, 16, 1.139960527420044, 0.3654196262359619, 15.96806812286377
image_24, 17, 1.227160930633545, 0.3963651657104492, 16.965349197387695
image_24, 18, 1.2706127166748047, 0.4039815664291382, 17.9649658203125
image_24, 19, 1.3151425123214722, 0.4114372432231903, 18.96455955505371
image_24, 20, 1.3581295013427734, 0.41877418756484985, 19.96416664123535
image_24, 21, 1.3958115577697754, 0.42459017038345337, 20.963834762573242
image_24, 22, 1.4306470155715942, 0.4298071265220642, 21.963571548461914
image_24, 23, 1.4635932445526123, 0.43452808260917664, 22.963294982910156
image_24, 24, 1.4956085681915283, 0.43893206119537354, 23.963045120239258
image_24, 25, 1.5277749300003052, 0.4432143270969391, 24.962764739990234
image_24, 26, 1.5582460165023804, 0.44737905263900757, 25.962556838989258
image_24, 27, 1.588560700416565, 0.4515271782875061, 26.962343215942383
image_24, 28, 1.6195576190948486, 0.4557887017726898, 27.962108612060547
image_24, 29, 1.6510058641433716, 0.46013566851615906, 28.961896896362305
image_24, 30, 1.68671452999115, 0.4652039706707001, 29.96154022216797
image_143, 1, 0.07488396763801575, 0.021587984636425972, 0.9983862638473511
image_143, 2, 0.11600810289382935, 0.028432132676243782, 1.998049020767212
image_143, 3, 0.18848879635334015, 0.048791296780109406, 2.99652361869812
image_143, 4, 0.2580893635749817, 0.06771139800548553, 3.995187997817993
image_143, 5, 0.3265390396118164, 0.085813507437706, 4.993948459625244
image_143, 6, 0.3959605097770691, 0.10410644859075546, 5.992642879486084
image_143, 7, 0.4269484877586365, 0.10777164250612259, 6.9924116134643555
image_143, 8, 0.4601204991340637, 0.11179423332214355, 7.9921159744262695
image_143, 9, 0.4900599718093872, 0.11522208154201508, 8.991890907287598
image_143, 10, 0.5255545973777771, 0.11980069428682327, 9.991507530212402
image_143, 11, 0.5614277124404907, 0.12432015687227249, 10.991122245788574
image_143, 12, 0.5924375057220459, 0.1276356726884842, 11.990882873535156
image_143, 13, 0.6226488947868347, 0.13075076043605804, 12.990675926208496
image_143, 14, 0.6647684574127197, 0.13662396371364594, 13.990111351013184
image_143, 15, 0.7008756399154663, 0.14110597968101501, 14.989741325378418
image_143, 16, 0.7343474626541138, 0.1452278196811676, 15.989448547363281
image_143, 17, 0.7678746581077576, 0.1493736356496811, 16.989139556884766
image_143, 18, 0.8464735746383667, 0.17283059656620026, 17.987260818481445
image_143, 19, 0.9305487871170044, 0.19993048906326294, 18.984716415405273
image_143, 20, 0.9636160135269165, 0.20391276478767395, 19.984485626220703
image_143, 21, 0.99602872133255, 0.20786653459072113, 20.98423957824707
image_143, 22, 1.03532075881958, 0.21329008042812347, 21.983774185180664
image_143, 23, 1.0784155130386353, 0.219719797372818, 22.983171463012695
image_143, 24, 1.1246432065963745, 0.2268945574760437, 23.982433319091797
image_143, 25, 1.1586766242980957, 0.23102514445781708, 24.982105255126953
image_143, 26, 1.1892954111099243, 0.23435917496681213, 25.98188591003418
image_143, 27, 1.226935863494873, 0.2393885850906372, 26.981447219848633
image_143, 28, 1.2963967323303223, 0.2576104402542114, 27.980234146118164
image_143, 29, 1.367499589920044, 0.2766949236392975, 28.97892951965332
image_143, 30, 1.4413567781448364, 0.29683825373649597, 29.977479934692383
image_12, 1, 0.10646747052669525, 0.03406005725264549, 0.9968069195747375
image_12, 2, 0.22124305367469788, 0.06965387612581253, 1.9932968616485596
image_12, 3, 0.3300081789493561, 0.10330899059772491, 2.990267276763916
image_12, 4, 0.4440980553627014, 0.13792279362678528, 3.987159013748169
image_12, 5, 0.5647071599960327, 0.16834968328475952, 4.984616756439209
image_12, 6, 0.6796059608459473, 0.1989668756723404, 5.9818878173828125
image_12, 7, 0.7885903716087341, 0.22559697926044464, 6.979759693145752
image_12, 8, 0.8444983959197998, 0.23210695385932922, 7.979353427886963
image_12, 9, 0.9196242094039917, 0.23995159566402435, 8.978596687316895
image_12, 10, 0.9680779576301575, 0.24447143077850342, 9.978280067443848
image_12, 11, 1.0191724300384521, 0.24962840974330902, 10.977813720703125
image_12, 12, 1.0648307800292969, 0.25456008315086365, 11.97745418548584
image_12, 13, 1.1719375848770142, 0.2855636477470398, 12.974961280822754
image_12, 14, 1.2713583707809448, 0.31654971837997437, 13.972415924072266
image_12, 15, 1.3824865818023682, 0.34665048122406006, 14.969901084899902
image_12, 16, 1.4798835515975952, 0.36789482831954956, 15.968101501464844
image_12, 17, 1.5836870670318604, 0.3956911265850067, 16.965913772583008
image_12, 18, 1.6617399454116821, 0.41092753410339355, 17.964916229248047
image_12, 19, 1.765058159828186, 0.44206923246383667, 18.962324142456055
image_12, 20, 1.8697768449783325, 0.47198811173439026, 19.960233688354492
image_12, 21, 2.0006284713745117, 0.5055072903633118, 20.95743179321289
image_12, 22, 2.1253480911254883, 0.5392499566078186, 21.954504013061523
image_12, 23, 2.235046148300171, 0.5655595660209656, 22.95229148864746
image_12, 24, 2.3009066581726074, 0.5723304152488708, 23.951688766479492
image_12, 25, 2.353508949279785, 0.5775635838508606, 24.95127296447754
image_12, 26, 2.473200798034668, 0.6059614419937134, 25.948936462402344
image_12, 27, 2.5291736125946045, 0.6115598678588867, 26.948530197143555
image_12, 28, 2.595689058303833, 0.618008553981781, 27.947954177856445
image_12, 29, 2.6517016887664795, 0.6235334277153015, 28.94748878479004
image_12, 30, 2.765423536300659, 0.653070330619812, 29.945096969604492
image_113, 1, 0.06716585904359818, 0.017897387966513634, 0.9988357424736023
image_113, 2, 0.14245188236236572, 0.039506349712610245, 1.9970484972000122
image_113, 3, 0.2115633338689804, 0.0580151230096817, 2.9957587718963623
image_113, 4, 0.279388427734375, 0.07568904757499695, 3.9944751262664795
image_113, 5, 0.31247466802597046, 0.07999254763126373, 4.99422025680542
image_113, 6, 0.34183579683303833, 0.08327552676200867, 5.994032859802246
image_113, 7, 0.4153207242488861, 0.10371391475200653, 6.992225646972656
image_113, 8, 0.48400694131851196, 0.12123551219701767, 7.990828037261963
image_113, 9, 0.5148678421974182, 0.12456406652927399, 8.990591049194336
image_113, 10, 0.5498692393302917, 0.12863114476203918, 9.990216255187988
image_113, 11, 0.5884697437286377, 0.1334194839000702, 10.989726066589355
image_113, 12, 0.6244978308677673, 0.13761071860790253, 11.989331245422363
image_113, 13, 0.6625749468803406, 0.1423477828502655, 12.988893508911133
image_113, 14, 0.6944941878318787, 0.14586174488067627, 13.988648414611816
image_113, 15, 0.7298864126205444, 0.15011806786060333, 14.988309860229492
image_113, 16, 0.7697859406471252, 0.1554573029279709, 15.987813949584961
image_113, 17, 0.8429584503173828, 0.17554423213005066, 16.986406326293945
image_113, 18, 0.9216684699058533, 0.19905930757522583, 17.98446273803711
image_113, 19, 0.9978587627410889, 0.22095495462417603, 18.98259735107422
image_113, 20, 1.0720534324645996, 0.24165090918540955, 19.980937957763672
image_113, 21, 1.1055060625076294, 0.2457558512687683, 20.98065185546875
image_113, 22, 1.1366978883743286, 0.2493421882390976, 21.98043441772461
image_113, 23, 1.174104928970337, 0.2542988955974579, 22.980037689208984
image_113, 24, 1.2081133127212524, 0.25830981135368347, 23.9797420501709
image_113, 25, 1.2504918575286865, 0.264209508895874, 24.979137420654297
image_113, 26, 1.294025182723999, 0.27028223872184753, 25.978464126586914
image_113, 27, 1.333044171333313, 0.2751702070236206, 26.977964401245117
image_113, 28, 1.3720316886901855, 0.2801501452922821, 27.977468490600586
image_113, 29, 1.4008309841156006, 0.2830755114555359, 28.977270126342773
image_113, 30, 1.435164213180542, 0.2872476577758789, 29.97694969177246
image_112, 1, 0.07788562774658203, 0.02397656813263893, 0.9977993369102478
image_112, 2, 0.15950289368629456, 0.05008065700531006, 1.995255947113037
image_112, 3, 0.2470264434814453, 0.0798306092619896, 2.992137908935547
image_112, 4, 0.2882038950920105, 0.08581183850765228, 3.9914937019348145
image_112, 5, 0.31330910325050354, 0.08850076049566269, 4.991351127624512
image_112, 6, 0.3381153345108032, 0.0910438746213913, 5.991217136383057
image_112, 7, 0.4110158681869507, 0.11138004064559937, 6.989372253417969
image_112, 8, 0.43586137890815735, 0.11394863575696945, 7.989232540130615
image_112, 9, 0.46105170249938965, 0.1163942813873291, 8.989093780517578
image_112, 10, 0.4861658811569214, 0.11867501586675644, 9.98896598815918
image_112, 11, 0.5107747316360474, 0.12090151011943817, 10.988849639892578
image_112, 12, 0.5351347923278809, 0.12315370887517929, 11.988736152648926
image_112, 13, 0.5621376633644104, 0.12582339346408844, 12.988577842712402
image_112, 14, 0.5873281955718994, 0.1280427873134613, 13.988433837890625
image_112, 15, 0.6150493621826172, 0.13057757914066315, 14.988228797912598
image_112, 16, 0.6439622640609741, 0.13345050811767578, 15.988022804260254
image_112, 17, 0.7223053574562073, 0.1573484241962433, 16.985809326171875
image_112, 18, 0.7955966591835022, 0.17934362590312958, 17.983884811401367
image_112, 19, 0.8701191544532776, 0.2007598876953125, 18.98202896118164
image_112, 20, 0.9149353504180908, 0.20870478451251984, 19.981504440307617
image_112, 21, 0.947469174861908, 0.21270397305488586, 20.981246948242188
image_112, 22, 0.9799198508262634, 0.21665899455547333, 21.980981826782227
image_112, 23, 1.0099835395812988, 0.22017604112625122, 22.980785369873047
image_112, 24, 1.041189432144165, 0.22381484508514404, 23.98053741455078
image_112, 25, 1.070849895477295, 0.2269531786441803, 24.980262756347656
image_112, 26, 1.0970537662506104, 0.22966332733631134, 25.98009490966797
image_112, 27, 1.1747020483016968, 0.25208866596221924, 26.977970123291016
image_112, 28, 1.255088210105896, 0.27607300877571106, 27.975679397583008
image_112, 29, 1.3262290954589844, 0.29528650641441345, 28.974103927612305
image_112, 30, 1.3982876539230347, 0.31484606862068176, 29.972431182861328
image_62, 1, 0.09168700128793716, 0.03258330747485161, 0.9967213869094849
image_62, 2, 0.186873197555542, 0.06771223247051239, 1.9930531978607178
image_62, 3, 0.27635157108306885, 0.0990903452038765, 2.9899792671203613
image_62, 4, 0.3677710294723511, 0.13100861012935638, 3.9869797229766846
image_62, 5, 0.46239787340164185, 0.1650785505771637, 4.983636856079102
image_62, 6, 0.5581122040748596, 0.2000722885131836, 5.980076313018799
image_62, 7, 0.65455162525177, 0.2353263795375824, 6.976430892944336
image_62, 8, 0.7552461624145508, 0.27314847707748413, 7.972355365753174
image_62, 9, 0.844536304473877, 0.3035658597946167, 8.969267845153809
image_62, 10, 0.9243209958076477, 0.3282000720500946, 9.967135429382324
image_62, 11, 0.9563796520233154, 0.3324522078037262, 10.966861724853516
image_62, 12, 0.9911026358604431, 0.3371354043483734, 11.966473579406738
image_62, 13, 1.0278034210205078, 0.34206095337867737, 12.966010093688965
image_62, 14, 1.0592153072357178, 0.34600621461868286, 13.965788841247559
image_62, 15, 1.0937988758087158, 0.3506774306297302, 14.965466499328613
image_62, 16, 1.1334580183029175, 0.3565826714038849, 15.964972496032715
image_62, 17, 1.2203181982040405, 0.3865872025489807, 16.962207794189453
image_62, 18, 1.3049628734588623, 0.4161304235458374, 17.959627151489258
image_62, 19, 1.3885326385498047, 0.4449082911014557, 18.95694351196289
image_62, 20, 1.4316612482070923, 0.4520723521709442, 19.95641326904297
image_62, 21, 1.4744720458984375, 0.45883801579475403, 20.95590591430664
image_62, 22, 1.5146079063415527, 0.464702844619751, 21.955429077148438
image_62, 23, 1.5498870611190796, 0.46946272253990173, 22.955114364624023
image_62, 24, 1.5836294889450073, 0.47400856018066406, 23.954818725585938
image_62, 25, 1.6166317462921143, 0.4783117175102234, 24.954538345336914
image_62, 26, 1.6498517990112305, 0.4825710952281952, 25.954246520996094
image_62, 27, 1.6841578483581543, 0.4871045649051666, 26.953887939453125
image_62, 28, 1.7329912185668945, 0.49671316146850586, 27.953184127807617
image_62, 29, 1.8178914785385132, 0.5241447687149048, 28.950597763061523
image_62, 30, 1.9037100076675415, 0.552245020866394, 29.947744369506836
image_10, 1, 0.07040786743164062, 0.01968318596482277, 0.9982532262802124
image_10, 2, 0.14195644855499268, 0.03948818892240524, 1.996523380279541
image_10, 3, 0.22245728969573975, 0.06394412368535995, 2.9940478801727295
image_10, 4, 0.29969823360443115, 0.08629170805215836, 3.9919934272766113
image_10, 5, 0.3712678551673889, 0.10550214350223541, 4.990389347076416
image_10, 6, 0.45001813769340515, 0.12829311192035675, 5.988222599029541
image_10, 7, 0.5282862186431885, 0.1506008356809616, 6.986141204833984
image_10, 8, 0.6073206663131714, 0.17356079816818237, 7.983930587768555
image_10, 9, 0.6837533712387085, 0.1952497363090515, 8.981992721557617
image_10, 10, 0.7108990550041199, 0.19809465110301971, 9.981844902038574
image_10, 11, 0.7387920618057251, 0.20101504027843475, 10.981643676757812
image_10, 12, 0.7670665979385376, 0.2039966732263565, 11.981431007385254
image_10, 13, 0.7951368093490601, 0.20695149898529053, 12.981239318847656
image_10, 14, 0.8233480453491211, 0.20996667444705963, 13.981046676635742
image_10, 15, 0.8527212738990784, 0.21327774226665497, 14.980836868286133
image_10, 16, 0.8829808235168457, 0.21664154529571533, 15.980603218078613
image_10, 17, 0.9142297506332397, 0.22020722925662994, 16.980365753173828
image_10, 18, 0.948133647441864, 0.22460800409317017, 17.980077743530273
image_10, 19, 1.0246453285217285, 0.24748951196670532, 18.978118896484375
image_10, 20, 1.1021088361740112, 0.27110037207603455, 19.975976943969727
image_10, 21, 1.1769130229949951, 0.2928096652030945, 20.974136352539062
image_10, 22, 1.2069777250289917, 0.2962225675582886, 21.973913192749023
image_10, 23, 1.236623764038086, 0.2996586561203003, 22.97368621826172
image_10, 24, 1.2652963399887085, 0.3029005527496338, 23.973472595214844
image_10, 25, 1.292544960975647, 0.3058992624282837, 24.973276138305664
image_10, 26, 1.3202451467514038, 0.3090895116329193, 25.973068237304688
image_10, 27, 1.3487600088119507, 0.3123352825641632, 26.972854614257812
image_10, 28, 1.3764697313308716, 0.3153965175151825, 27.97266960144043
image_10, 29, 1.4527604579925537, 0.336514949798584, 28.97062110900879
image_10, 30, 1.5345356464385986, 0.3605855405330658, 29.968074798583984
image_40, 1, 0.08870748430490494, 0.03161640837788582, 0.9968489408493042
image_40, 2, 0.1829289197921753, 0.06647413223981857, 1.993177890777588
image_40, 3, 0.27493590116500854, 0.0997333824634552, 2.9897141456604004
image_40, 4, 0.37309175729751587, 0.13704973459243774, 3.985565662384033
image_40, 5, 0.46613985300064087, 0.17071659862995148, 4.981977462768555
image_40, 6, 0.5615758895874023, 0.20537222921848297, 5.978063106536865
image_40, 7, 0.6549442410469055, 0.23841466009616852, 6.9744367599487305
image_40, 8, 0.7467976212501526, 0.27024412155151367, 7.9709978103637695
image_40, 9, 0.8450356721878052, 0.30668702721595764, 8.966938972473145
image_40, 10, 0.9153087139129639, 0.326347678899765, 9.96515941619873
image_40, 11, 0.9453107714653015, 0.3296818733215332, 10.964916229248047
image_40, 12, 0.9812604784965515, 0.33403921127319336, 11.964459419250488
image_40, 13, 1.0121065378189087, 0.33774420619010925, 12.964200019836426
image_40, 14, 1.0469372272491455, 0.3421916365623474, 13.963775634765625
image_40, 15, 1.0826247930526733, 0.3471001386642456, 14.963346481323242
image_40, 16, 1.1267176866531372, 0.3539181053638458, 15.962570190429688
image_40, 17, 1.1751692295074463, 0.36173146963119507, 16.961618423461914
image_40, 18, 1.2188231945037842, 0.368452787399292, 17.96104621887207
image_40, 19, 1.3106048107147217, 0.4044816493988037, 18.957386016845703
image_40, 20, 1.3556020259857178, 0.4115355908870697, 19.956707000732422
image_40, 21, 1.4041255712509155, 0.4193350374698639, 20.955829620361328
image_40, 22, 1.451207160949707, 0.42685940861701965, 21.95493507385254
image_40, 23, 1.4880566596984863, 0.432199090719223, 22.954469680786133
image_40, 24, 1.5212019681930542, 0.4364824593067169, 23.954130172729492
image_40, 25, 1.5512986183166504, 0.4400368928909302, 24.953889846801758
image_40, 26, 1.5826117992401123, 0.44389456510543823, 25.953588485717773
image_40, 27, 1.6185404062271118, 0.4484187960624695, 26.95313262939453
image_40, 28, 1.650679111480713, 0.4522748589515686, 27.95280647277832
image_40, 29, 1.7022526264190674, 0.46216949820518494, 28.951766967773438
image_40, 30, 1.7983155250549316, 0.49795442819595337, 29.94803237915039
image_132, 1, 0.10068166255950928, 0.03761953487992287, 0.9958958029747009
image_132, 2, 0.20276841521263123, 0.07576751708984375, 1.9918168783187866
image_132, 3, 0.30157750844955444, 0.11078140139579773, 2.988208055496216
image_132, 4, 0.39353373646736145, 0.14051075279712677, 3.9853758811950684
image_132, 5, 0.48463690280914307, 0.16941021382808685, 4.982596397399902
image_132, 6, 0.5751250982284546, 0.19800417125225067, 5.97997522354126
image_132, 7, 0.6643818020820618, 0.22508199512958527, 6.977620601654053
image_132, 8, 0.7506831288337708, 0.25038570165634155, 7.975391864776611
image_132, 9, 0.8362327218055725, 0.2756049633026123, 8.973169326782227
image_132, 10, 0.8703038692474365, 0.2803685665130615, 9.972867965698242
image_132, 11, 0.9050630331039429, 0.28534746170043945, 10.972551345825195
image_132, 12, 0.9395304918289185, 0.2901676893234253, 11.972228050231934
image_132, 13, 0.9830605983734131, 0.297611802816391, 12.971673965454102
image_132, 14, 1.027523159980774, 0.30521273612976074, 13.971108436584473
image_132, 15, 1.113171935081482, 0.3309691846370697, 14.968846321105957
image_132, 16, 1.1987171173095703, 0.3568538427352905, 15.966622352600098
image_132, 17, 1.2749162912368774, 0.37794241309165955, 16.96519660949707
image_132, 18, 1.3503800630569458, 0.3989206552505493, 17.963546752929688
image_132, 19, 1.4290969371795654, 0.42122912406921387, 18.961856842041016
image_132, 20, 1.5124412775039673, 0.4467133581638336, 19.959693908691406
image_132, 21, 1.5934381484985352, 0.4703144431114197, 20.957956314086914
image_132, 22, 1.6460366249084473, 0.4804890751838684, 21.957130432128906
image_132, 23, 1.6869971752166748, 0.486607164144516, 22.956727981567383
image_132, 24, 1.7351068258285522, 0.49454015493392944, 23.956073760986328
image_132, 25, 1.7829285860061646, 0.5026096105575562, 24.955381393432617
image_132, 26, 1.8209186792373657, 0.5080224275588989, 25.95501708984375
image_132, 27, 1.861831784248352, 0.5142274498939514, 26.954565048217773
image_132, 28, 1.9443743228912354, 0.5371649861335754, 27.952669143676758
image_132, 29, 2.0277652740478516, 0.5607414245605469, 28.950695037841797
image_132, 30, 2.1108083724975586, 0.584300696849823, 29.94875144958496
image_134, 1, 0.06365788727998734, 0.01613536849617958, 0.998993992805481
image_134, 2, 0.141490176320076, 0.038472916930913925, 1.997220754623413
image_134, 3, 0.23510070145130157, 0.06984280049800873, 2.9941039085388184
image_134, 4, 0.32211458683013916, 0.09637823700904846, 3.9915947914123535
image_134, 5, 0.3985197842121124, 0.11667978018522263, 4.990025520324707
image_134, 6, 0.48446449637413025, 0.14223846793174744, 5.987603187561035
image_134, 7, 0.5635372400283813, 0.16393043100833893, 6.98581600189209
image_134, 8, 0.6362169981002808, 0.1825576275587082, 7.9842329025268555
image_134, 9, 0.6676691174507141, 0.18663081526756287, 8.983996391296387
image_134, 10, 0.7040379047393799, 0.191470205783844, 9.98366928100586
image_134, 11, 0.7455826997756958, 0.19751496613025665, 10.983189582824707
image_134, 12, 0.7854000329971313, 0.20324906706809998, 11.982765197753906
image_134, 13, 0.8238524198532104, 0.20857320725917816, 12.98238754272461
image_134, 14, 0.8604468107223511, 0.21340148150920868, 13.982072830200195
image_134, 15, 0.9080164432525635, 0.22173146903514862, 14.98139762878418
image_134, 16, 0.9577957391738892, 0.23126472532749176, 15.980818748474121
image_134, 17, 1.0059788227081299, 0.24031786620616913, 16.980270385742188
image_134, 18, 1.0728548765182495, 0.2575799226760864, 17.979162216186523
image_134, 19, 1.1499347686767578, 0.2802220582962036, 18.97732925415039
image_134, 20, 1.2300719022750854, 0.3048520088195801, 19.975309371948242
image_134, 21, 1.2690510749816895, 0.3100374639034271, 20.97491455078125
image_134, 22, 1.3089573383331299, 0.31610843539237976, 21.974472045898438
image_134, 23, 1.352524757385254, 0.32293179631233215, 22.973913192749023
image_134, 24, 1.3937751054763794, 0.32891595363616943, 23.973440170288086
image_134, 25, 1.4327470064163208, 0.33444100618362427, 24.973041534423828
image_134, 26, 1.4713166952133179, 0.33978718519210815, 25.972673416137695
image_134, 27, 1.5077998638153076, 0.3446252942085266, 26.97235870361328
image_134, 28, 1.5490411520004272, 0.3505218029022217, 27.971904754638672
image_134, 29, 1.5892225503921509, 0.3561834990978241, 28.97148895263672
image_134, 30, 1.6305536031723022, 0.36225566267967224, 29.971031188964844
