Case_ID, Slide_ID, mae, mse, ssim
image_99, 1, 0.08558855950832367, 0.024125777184963226, 0.9979819059371948
image_99, 1, 0.16953156888484955, 0.047288306057453156, 1.9962303638458252
image_99, 1, 0.2523189187049866, 0.0694730207324028, 2.994656801223755
image_99, 1, 0.3309200406074524, 0.09049352258443832, 3.9931640625
image_99, 1, 0.408419668674469, 0.11099832504987717, 4.991753578186035
image_99, 1, 0.48508545756340027, 0.13133618235588074, 5.990385055541992
image_99, 1, 0.5605130791664124, 0.15138830244541168, 6.988987922668457
image_99, 1, 0.6362293362617493, 0.1715281456708908, 7.98753547668457
image_99, 1, 0.7105020880699158, 0.19101637601852417, 8.9862642288208
image_99, 1, 0.7845198512077332, 0.20999744534492493, 9.985116004943848
image_99, 1, 0.8584702610969543, 0.22894828021526337, 10.983953475952148
image_99, 1, 0.9324409365653992, 0.247886061668396, 11.982830047607422
image_99, 1, 1.0071394443511963, 0.26717618107795715, 12.981582641601562
image_99, 1, 1.0843194723129272, 0.2869357168674469, 13.980335235595703
image_99, 1, 1.1661036014556885, 0.3082556426525116, 14.978853225708008
image_99, 1, 1.2541069984436035, 0.3317899703979492, 15.976958274841309
image_99, 1, 1.3416595458984375, 0.3549385964870453, 16.97514533996582
image_99, 1, 1.4267590045928955, 0.3775721788406372, 17.973358154296875
image_99, 1, 1.5150270462036133, 0.40148839354515076, 18.97153663635254
image_99, 1, 1.60262131690979, 0.42587095499038696, 19.969493865966797
image_99, 1, 1.6902915239334106, 0.44938337802886963, 20.967607498168945
image_99, 1, 1.775383472442627, 0.4713208079338074, 21.96607780456543
image_99, 1, 1.8547308444976807, 0.4914666414260864, 22.964754104614258
image_99, 1, 1.9326128959655762, 0.511664867401123, 23.96343994140625
image_99, 1, 2.0139365196228027, 0.5334975719451904, 24.9615421295166
image_99, 1, 2.08966326713562, 0.5531997084617615, 25.960243225097656
image_99, 1, 2.165767192840576, 0.573455274105072, 26.95888900756836
image_99, 1, 2.2430522441864014, 0.5946378111839294, 27.957475662231445
image_99, 1, 2.320891857147217, 0.6159943342208862, 28.955930709838867
image_99, 1, 2.399049997329712, 0.6372267007827759, 29.954511642456055
image_77, 2, 0.08088254183530807, 0.023736268281936646, 0.9978007078170776
image_77, 2, 0.1600416898727417, 0.04658011719584465, 1.9958758354187012
image_77, 2, 0.23979532718658447, 0.06989158689975739, 2.9938886165618896
image_77, 2, 0.3249809741973877, 0.09514815360307693, 3.9913597106933594
image_77, 2, 0.40408071875572205, 0.11849289387464523, 4.989243984222412
image_77, 2, 0.4818302094936371, 0.1413813680410385, 5.987189292907715
image_77, 2, 0.562008798122406, 0.16455546021461487, 6.985371112823486
image_77, 2, 0.6409292221069336, 0.1871911585330963, 7.9835944175720215
image_77, 2, 0.7176681756973267, 0.20943500101566315, 8.981620788574219
image_77, 2, 0.794923722743988, 0.23193499445915222, 9.979593276977539
image_77, 2, 0.8768940567970276, 0.25557634234428406, 10.977681159973145
image_77, 2, 0.9647133350372314, 0.2812615931034088, 11.975545883178711
image_77, 2, 1.0515650510787964, 0.30695822834968567, 12.973423957824707
image_77, 2, 1.1327013969421387, 0.3307066559791565, 13.971484184265137
image_77, 2, 1.2155418395996094, 0.3549245595932007, 14.969182968139648
image_77, 2, 1.2978543043136597, 0.3786914050579071, 15.96706771850586
image_77, 2, 1.4593875408172607, 0.44853582978248596, 16.956531524658203
image_77, 2, 1.6241357326507568, 0.5209095478057861, 17.945575714111328
image_77, 2, 1.7905384302139282, 0.59450364112854, 18.934404373168945
image_77, 2, 1.9576098918914795, 0.6686928868293762, 19.923120498657227
image_77, 2, 2.124406576156616, 0.742620587348938, 20.91188621520996
image_77, 2, 2.2912187576293945, 0.8166136741638184, 21.90064811706543
image_77, 2, 2.4579977989196777, 0.8905811309814453, 22.889415740966797
image_77, 2, 2.6246609687805176, 0.9644538164138794, 23.878196716308594
image_77, 2, 2.7897379398345947, 1.0370415449142456, 24.8671875
image_77, 2, 2.867898941040039, 1.0603001117706299, 25.865385055541992
image_77, 2, 2.9449477195739746, 1.0829216241836548, 26.863677978515625
image_77, 2, 3.0212810039520264, 1.104778528213501, 27.862030029296875
image_77, 2, 3.100017547607422, 1.1266175508499146, 28.86056137084961
image_77, 2, 3.176372528076172, 1.147070288658142, 29.859214782714844
image_150, 3, 0.08560935407876968, 0.021210024133324623, 0.9984639286994934
image_150, 3, 0.17155763506889343, 0.04232768714427948, 1.9969981908798218
image_150, 3, 0.26134681701660156, 0.06419149041175842, 2.995507001876831
image_150, 3, 0.3423779010772705, 0.08388107270002365, 3.994196891784668
image_150, 3, 0.42609703540802, 0.10400088876485825, 4.992890357971191
image_150, 3, 0.5081083178520203, 0.12364064902067184, 5.991615295410156
image_150, 3, 0.591690182685852, 0.14366188645362854, 6.990342140197754
image_150, 3, 0.6737890243530273, 0.16355854272842407, 7.989090919494629
image_150, 3, 0.7561078071594238, 0.183824822306633, 8.987759590148926
image_150, 3, 0.838407576084137, 0.203867107629776, 9.986411094665527
image_150, 3, 0.920225203037262, 0.22347716987133026, 10.985095977783203
image_150, 3, 0.9989407658576965, 0.24288490414619446, 11.983750343322754
image_150, 3, 1.0790766477584839, 0.26256874203681946, 12.982406616210938
image_150, 3, 1.1610437631607056, 0.28285694122314453, 13.981058120727539
image_150, 3, 1.2434728145599365, 0.3031699061393738, 14.979772567749023
image_150, 3, 1.323418140411377, 0.32277539372444153, 15.9785795211792
image_150, 3, 1.4039785861968994, 0.34234580397605896, 16.977413177490234
image_150, 3, 1.4834792613983154, 0.3615400791168213, 17.976285934448242
image_150, 3, 1.5644887685775757, 0.38129639625549316, 18.9751033782959
image_150, 3, 1.6438100337982178, 0.4006732404232025, 19.973926544189453
image_150, 3, 1.720017433166504, 0.41958847641944885, 20.972732543945312
image_150, 3, 1.7960432767868042, 0.4385944604873657, 21.971460342407227
image_150, 3, 1.8742367029190063, 0.45773640275001526, 22.97029685974121
image_150, 3, 1.955378770828247, 0.4780186116695404, 23.969003677368164
image_150, 3, 2.0373871326446533, 0.498416543006897, 24.96771812438965
image_150, 3, 2.116176128387451, 0.517993152141571, 25.966476440429688
image_150, 3, 2.194997549057007, 0.5376647710800171, 26.965232849121094
image_150, 3, 2.274484634399414, 0.5577024221420288, 27.963972091674805
image_150, 3, 2.3560659885406494, 0.5781180262565613, 28.962711334228516
image_150, 3, 2.436004161834717, 0.5981062054634094, 29.961421966552734
image_26, 4, 0.07694972306489944, 0.020162327215075493, 0.998637318611145
image_26, 4, 0.15759432315826416, 0.04124993458390236, 1.997247338294983
image_26, 4, 0.23387771844863892, 0.061739735305309296, 2.9958767890930176
image_26, 4, 0.3087826073169708, 0.08212999999523163, 3.994424819946289
image_26, 4, 0.3839721977710724, 0.10287510603666306, 4.9929938316345215
image_26, 4, 0.46262314915657043, 0.12459784746170044, 5.991488456726074
image_26, 4, 0.5405503511428833, 0.14622879028320312, 6.989950656890869
image_26, 4, 0.6205731630325317, 0.16868087649345398, 7.988306999206543
image_26, 4, 0.6985315680503845, 0.19064396619796753, 8.986673355102539
image_26, 4, 0.7783318758010864, 0.21308527886867523, 9.984983444213867
image_26, 4, 0.8591912984848022, 0.235841304063797, 10.98324203491211
image_26, 4, 0.943321943283081, 0.2595415711402893, 11.981389999389648
image_26, 4, 1.0359830856323242, 0.2861633896827698, 12.979212760925293
image_26, 4, 1.13274085521698, 0.3138929307460785, 13.976896286010742
image_26, 4, 1.2320715188980103, 0.34238627552986145, 14.974501609802246
image_26, 4, 1.321518898010254, 0.3658287823200226, 15.972601890563965
image_26, 4, 1.4168747663497925, 0.3903883397579193, 16.9705753326416
image_26, 4, 1.5063366889953613, 0.4130076766014099, 17.968751907348633
image_26, 4, 1.596817970275879, 0.4375740885734558, 18.966644287109375
image_26, 4, 1.6865699291229248, 0.462240606546402, 19.96446990966797
image_26, 4, 1.7850761413574219, 0.49023687839508057, 20.961959838867188
image_26, 4, 1.888221263885498, 0.5223284959793091, 21.959033966064453
image_26, 4, 1.9902582168579102, 0.5539047122001648, 22.956165313720703
image_26, 4, 2.088966131210327, 0.5840104222297668, 23.953441619873047
image_26, 4, 2.184270143508911, 0.613369345664978, 24.950817108154297
image_26, 4, 2.2752888202667236, 0.641271710395813, 25.948396682739258
image_26, 4, 2.3668296337127686, 0.6692460775375366, 26.945999145507812
image_26, 4, 2.4525392055511475, 0.6950339078903198, 27.943851470947266
image_26, 4, 2.5494186878204346, 0.7246501445770264, 28.941242218017578
image_26, 4, 2.644244909286499, 0.7534540891647339, 29.938711166381836
image_51, 5, 0.08699023723602295, 0.023974861949682236, 0.9981481432914734
image_51, 5, 0.1711590588092804, 0.046751469373703, 1.9963949918746948
image_51, 5, 0.25353965163230896, 0.06890127062797546, 2.9947056770324707
image_51, 5, 0.3365652859210968, 0.09110324084758759, 3.993105888366699
image_51, 5, 0.4183887839317322, 0.11283323168754578, 4.991524696350098
image_51, 5, 0.5011619329452515, 0.13450974225997925, 5.990065097808838
image_51, 5, 0.5810205936431885, 0.15510132908821106, 6.9886627197265625
image_51, 5, 0.6592555046081543, 0.1751364916563034, 7.987344264984131
image_51, 5, 0.7362039089202881, 0.19481532275676727, 8.986075401306152
image_51, 5, 0.812317967414856, 0.2139720767736435, 9.984941482543945
image_51, 5, 0.8872360587120056, 0.23258717358112335, 10.983790397644043
image_51, 5, 0.9654208421707153, 0.2525422275066376, 11.982489585876465
image_51, 5, 1.0463204383850098, 0.2734833061695099, 12.980955123901367
image_51, 5, 1.1295385360717773, 0.2950490415096283, 13.979445457458496
image_51, 5, 1.2148157358169556, 0.3167639672756195, 14.977861404418945
image_51, 5, 1.3068077564239502, 0.3408278822898865, 15.976075172424316
image_51, 5, 1.3978712558746338, 0.3645526170730591, 16.97427749633789
image_51, 5, 1.4860377311706543, 0.38851627707481384, 17.972213745117188
image_51, 5, 1.5772196054458618, 0.41336119174957275, 18.970067977905273
image_51, 5, 1.6676905155181885, 0.43819284439086914, 19.967931747436523
image_51, 5, 1.7582378387451172, 0.4620012938976288, 20.966276168823242
image_51, 5, 1.844794511795044, 0.4843837022781372, 21.96448516845703
image_51, 5, 1.9272284507751465, 0.5051318407058716, 22.96297264099121
image_51, 5, 2.0088207721710205, 0.5261717438697815, 23.961618423461914
image_51, 5, 2.088088035583496, 0.5463697910308838, 24.960357666015625
image_51, 5, 2.1653783321380615, 0.5659152269363403, 25.959121704101562
image_51, 5, 2.2422688007354736, 0.5854848623275757, 26.957820892333984
image_51, 5, 2.3193366527557373, 0.6054751873016357, 27.956462860107422
image_51, 5, 2.3981127738952637, 0.6262688636779785, 28.95482635498047
image_51, 5, 2.476536512374878, 0.6468757390975952, 29.95341682434082
image_82, 6, 0.09526661783456802, 0.023083021864295006, 0.9982721209526062
image_82, 6, 0.19318005442619324, 0.04707444831728935, 1.9964067935943604
image_82, 6, 0.2897346317768097, 0.07047141343355179, 2.994600772857666
image_82, 6, 0.37197422981262207, 0.08894617855548859, 3.993424415588379
image_82, 6, 0.4478537440299988, 0.10582505166530609, 4.992422103881836
image_82, 6, 0.5391649007797241, 0.12706810235977173, 5.990882873535156
image_82, 6, 0.6264130473136902, 0.146770641207695, 6.989569664001465
image_82, 6, 0.7126176357269287, 0.16620194911956787, 7.988288879394531
image_82, 6, 0.7907888889312744, 0.18345218896865845, 8.987276077270508
image_82, 6, 0.8739243745803833, 0.20209722220897675, 9.98610782623291
image_82, 6, 0.9536791443824768, 0.21979986131191254, 10.985053062438965
image_82, 6, 1.0375169515609741, 0.2387722283601761, 11.983827590942383
image_82, 6, 1.125047206878662, 0.25915685296058655, 12.982389450073242
image_82, 6, 1.2053407430648804, 0.2778535485267639, 13.981138229370117
image_82, 6, 1.2883610725402832, 0.2984424829483032, 14.979633331298828
image_82, 6, 1.3734618425369263, 0.3195703327655792, 15.9780855178833
image_82, 6, 1.4633837938308716, 0.34165894985198975, 16.97639274597168
image_82, 6, 1.5435724258422852, 0.3603791296482086, 17.97509002685547
image_82, 6, 1.6239985227584839, 0.3793450593948364, 18.97374725341797
image_82, 6, 1.7100250720977783, 0.4005216956138611, 19.972150802612305
image_82, 6, 1.7947255373001099, 0.42117199301719666, 20.97064971923828
image_82, 6, 1.8749608993530273, 0.44021424651145935, 21.96935272216797
image_82, 6, 1.949722409248352, 0.45798489451408386, 22.968212127685547
image_82, 6, 2.021113395690918, 0.4752088487148285, 23.967119216918945
image_82, 6, 2.091830015182495, 0.49231183528900146, 24.966068267822266
image_82, 6, 2.1677989959716797, 0.510245680809021, 25.964982986450195
image_82, 6, 2.241018533706665, 0.5276952981948853, 26.963943481445312
image_82, 6, 2.3158440589904785, 0.5455926060676575, 27.962848663330078
image_82, 6, 2.391458511352539, 0.5636522173881531, 28.961734771728516
image_82, 6, 2.4758780002593994, 0.5837222337722778, 29.96041488647461
image_80, 7, 0.0841529369354248, 0.021265560761094093, 0.9985268712043762
image_80, 7, 0.1654464453458786, 0.041677892208099365, 1.9971420764923096
image_80, 7, 0.24128443002700806, 0.06110738217830658, 2.995800256729126
image_80, 7, 0.31780314445495605, 0.08034926652908325, 3.9945294857025146
image_80, 7, 0.39125382900238037, 0.09875704348087311, 4.993318557739258
image_80, 7, 0.4675142168998718, 0.1171705350279808, 5.992159366607666
image_80, 7, 0.5457847714424133, 0.13597159087657928, 6.990979194641113
image_80, 7, 0.616622805595398, 0.1530931442975998, 7.9899492263793945
image_80, 7, 0.6861836910247803, 0.16968365013599396, 8.988988876342773
image_80, 7, 0.7610575556755066, 0.18705151975154877, 9.987998962402344
image_80, 7, 0.836586594581604, 0.20470638573169708, 10.986974716186523
image_80, 7, 0.9113917946815491, 0.22261586785316467, 11.985889434814453
image_80, 7, 0.9884712100028992, 0.24168141186237335, 12.984663009643555
image_80, 7, 1.0656548738479614, 0.2610039710998535, 13.983373641967773
image_80, 7, 1.1475335359573364, 0.28218087553977966, 14.98187255859375
image_80, 7, 1.2304948568344116, 0.30402329564094543, 15.980292320251465
image_80, 7, 1.3118165731430054, 0.32495999336242676, 16.978801727294922
image_80, 7, 1.3969392776489258, 0.34669333696365356, 17.9773006439209
image_80, 7, 1.4778045415878296, 0.36692261695861816, 18.975879669189453
image_80, 7, 1.5581976175308228, 0.3867526948451996, 19.974515914916992
image_80, 7, 1.6407899856567383, 0.4080718159675598, 20.97309112548828
image_80, 7, 1.7203588485717773, 0.42795661091804504, 21.971786499023438
image_80, 7, 1.7999883890151978, 0.44804441928863525, 22.970500946044922
image_80, 7, 1.8797045946121216, 0.4681181311607361, 23.969221115112305
image_80, 7, 1.9554944038391113, 0.4869237244129181, 24.968029022216797
image_80, 7, 2.0262563228607178, 0.5043127536773682, 25.966938018798828
image_80, 7, 2.1013028621673584, 0.5221150517463684, 26.965848922729492
image_80, 7, 2.1755313873291016, 0.5394545197486877, 27.96483612060547
image_80, 7, 2.2477855682373047, 0.5563104152679443, 28.963863372802734
image_80, 7, 2.3244221210479736, 0.5741689205169678, 29.96278953552246
image_1, 8, 0.08862630277872086, 0.021372925490140915, 0.9985334277153015
image_1, 8, 0.17386409640312195, 0.04149865359067917, 1.9972379207611084
image_1, 8, 0.250520259141922, 0.059845373034477234, 2.996095895767212
image_1, 8, 0.32222479581832886, 0.07757725566625595, 3.994962453842163
image_1, 8, 0.39565718173980713, 0.0946163758635521, 4.993985176086426
image_1, 8, 0.4715390205383301, 0.11146508902311325, 5.9930644035339355
image_1, 8, 0.5464158058166504, 0.12813524901866913, 6.992178916931152
image_1, 8, 0.6168010830879211, 0.14427322149276733, 7.9913225173950195
image_1, 8, 0.687308132648468, 0.1607152819633484, 8.990422248840332
image_1, 8, 0.7570686936378479, 0.17721465229988098, 9.98949909210205
image_1, 8, 0.8273282647132874, 0.19379213452339172, 10.988546371459961
image_1, 8, 0.9044663906097412, 0.21182215213775635, 11.98747444152832
image_1, 8, 0.9793511033058167, 0.22956401109695435, 12.986359596252441
image_1, 8, 1.0539405345916748, 0.2471335530281067, 13.985221862792969
image_1, 8, 1.133863925933838, 0.26574596762657166, 14.984028816223145
image_1, 8, 1.2165018320083618, 0.2854738235473633, 15.982648849487305
image_1, 8, 1.3017537593841553, 0.3062928318977356, 16.981060028076172
image_1, 8, 1.3834093809127808, 0.3269367516040802, 17.97938346862793
image_1, 8, 1.4644420146942139, 0.3474567234516144, 18.97772789001465
image_1, 8, 1.5472123622894287, 0.3671882152557373, 19.97627067565918
image_1, 8, 1.6345096826553345, 0.38847774267196655, 20.97469711303711
image_1, 8, 1.7189905643463135, 0.4093913435935974, 21.97321319580078
image_1, 8, 1.800046443939209, 0.42895984649658203, 22.971912384033203
image_1, 8, 1.8760045766830444, 0.4471426010131836, 23.97075653076172
image_1, 8, 1.95038640499115, 0.4648076295852661, 24.969661712646484
image_1, 8, 2.0200023651123047, 0.4815671741962433, 25.968656539916992
image_1, 8, 2.088249444961548, 0.49837079644203186, 26.967594146728516
image_1, 8, 2.158294677734375, 0.515332818031311, 27.966630935668945
image_1, 8, 2.228708267211914, 0.5322974324226379, 28.965665817260742
image_1, 8, 2.303704261779785, 0.5497739315032959, 29.964696884155273
image_124, 9, 0.09271091967821121, 0.02693440578877926, 0.9978898763656616
image_124, 9, 0.18688108026981354, 0.05640323460102081, 1.9957630634307861
image_124, 9, 0.27975836396217346, 0.08551272004842758, 2.9936459064483643
image_124, 9, 0.37219929695129395, 0.11468978971242905, 3.9914939403533936
image_124, 9, 0.4636687636375427, 0.14354930818080902, 4.989302635192871
image_124, 9, 0.5563737750053406, 0.1730886548757553, 5.987037181854248
image_124, 9, 0.6454035639762878, 0.1999504268169403, 6.984894752502441
image_124, 9, 0.7356911301612854, 0.22792616486549377, 7.982789993286133
image_124, 9, 0.8280301094055176, 0.2568872570991516, 8.980611801147461
image_124, 9, 0.9181373715400696, 0.2840353846549988, 9.978553771972656
image_124, 9, 1.010129690170288, 0.31246218085289, 10.976439476013184
image_124, 9, 1.1030508279800415, 0.3408268988132477, 11.974292755126953
image_124, 9, 1.199412226676941, 0.37113314867019653, 12.97198486328125
image_124, 9, 1.2947666645050049, 0.4002816081047058, 13.969786643981934
image_124, 9, 1.3906527757644653, 0.4285692572593689, 14.967643737792969
image_124, 9, 1.489309549331665, 0.45736923813819885, 15.965459823608398
image_124, 9, 1.5898813009262085, 0.48668938875198364, 16.9631404876709
image_124, 9, 1.6926343441009521, 0.5165083408355713, 17.960620880126953
image_124, 9, 1.7951350212097168, 0.5463266372680664, 18.957992553710938
image_124, 9, 1.8966399431228638, 0.5757980942726135, 19.955524444580078
image_124, 9, 1.9959772825241089, 0.6042696833610535, 20.953245162963867
image_124, 9, 2.09409236907959, 0.632697343826294, 21.951061248779297
image_124, 9, 2.1889872550964355, 0.6606855392456055, 22.948991775512695
image_124, 9, 2.280266761779785, 0.6873251795768738, 23.94702911376953
image_124, 9, 2.370331287384033, 0.7135770320892334, 24.945133209228516
image_124, 9, 2.4605376720428467, 0.7401220798492432, 25.943222045898438
image_124, 9, 2.5487725734710693, 0.7660370469093323, 26.94139862060547
image_124, 9, 2.6349804401397705, 0.7911034822463989, 27.93962287902832
image_124, 9, 2.7203474044799805, 0.8161644339561462, 28.93782615661621
image_124, 9, 2.8082566261291504, 0.8427783846855164, 29.935909271240234
image_65, 10, 0.07753214985132217, 0.02094334177672863, 0.9983911514282227
image_65, 10, 0.1607583463191986, 0.0439734049141407, 1.9962823390960693
image_65, 10, 0.24498581886291504, 0.06752640008926392, 2.9941048622131348
image_65, 10, 0.32365062832832336, 0.08917134255170822, 3.992372989654541
image_65, 10, 0.4053427577018738, 0.11176897585391998, 4.990349769592285
image_65, 10, 0.48081400990486145, 0.13227078318595886, 5.988780975341797
image_65, 10, 0.5549579858779907, 0.15225227177143097, 6.98744010925293
image_65, 10, 0.629328727722168, 0.17253056168556213, 7.985937118530273
image_65, 10, 0.7083186507225037, 0.19398066401481628, 8.98409366607666
image_65, 10, 0.7809752821922302, 0.21320465207099915, 9.982893943786621
image_65, 10, 0.8539453148841858, 0.23227038979530334, 10.981643676757812
image_65, 10, 0.9354548454284668, 0.25433850288391113, 11.979693412780762
image_65, 10, 1.0115433931350708, 0.2745405435562134, 12.978412628173828
image_65, 10, 1.0894832611083984, 0.29528188705444336, 13.976970672607422
image_65, 10, 1.1707398891448975, 0.31719881296157837, 14.975419998168945
image_65, 10, 1.253836989402771, 0.3395317792892456, 15.973825454711914
image_65, 10, 1.3428579568862915, 0.36386004090309143, 16.97186279296875
image_65, 10, 1.433894395828247, 0.3897111415863037, 17.96957778930664
image_65, 10, 1.5226422548294067, 0.4151083827018738, 18.96739959716797
image_65, 10, 1.6094602346420288, 0.43891268968582153, 19.96546173095703
image_65, 10, 1.7034622430801392, 0.4661937355995178, 20.962745666503906
image_65, 10, 1.7925450801849365, 0.49106335639953613, 21.960519790649414
image_65, 10, 1.883105993270874, 0.5166962742805481, 22.958070755004883
image_65, 10, 1.9701241254806519, 0.5410615801811218, 23.9559383392334
image_65, 10, 2.0569589138031006, 0.5657456517219543, 24.95368766784668
image_65, 10, 2.144639253616333, 0.5904533267021179, 25.951343536376953
image_65, 10, 2.2301459312438965, 0.6141068339347839, 26.949138641357422
image_65, 10, 2.3132834434509277, 0.6368550062179565, 27.94706916809082
image_65, 10, 2.39485239982605, 0.659210741519928, 28.945114135742188
image_65, 10, 2.4766573905944824, 0.6818812489509583, 29.94305419921875
image_137, 11, 0.08191065490245819, 0.0191959161311388, 0.9985630512237549
image_137, 11, 0.1707952469587326, 0.04037274420261383, 1.996871829032898
image_137, 11, 0.257964551448822, 0.060834094882011414, 2.9952802658081055
image_137, 11, 0.3361101746559143, 0.0788194090127945, 3.994028091430664
image_137, 11, 0.41925835609436035, 0.09821581095457077, 4.9925994873046875
image_137, 11, 0.5023437142372131, 0.11738985776901245, 5.991210460662842
image_137, 11, 0.5849383473396301, 0.1364557445049286, 6.989841938018799
image_137, 11, 0.6586887240409851, 0.15384522080421448, 7.9886884689331055
image_137, 11, 0.7306764721870422, 0.17092545330524445, 8.987573623657227
image_137, 11, 0.8120572566986084, 0.19007380306720734, 9.986184120178223
image_137, 11, 0.8872729539871216, 0.20826277136802673, 10.984884262084961
image_137, 11, 0.9636958241462708, 0.22707074880599976, 11.983490943908691
image_137, 11, 1.0449773073196411, 0.246934711933136, 12.98197078704834
image_137, 11, 1.140439748764038, 0.2717539966106415, 13.979835510253906
image_137, 11, 1.2420564889907837, 0.29983898997306824, 14.977286338806152
image_137, 11, 1.3329535722732544, 0.3234032690525055, 15.975354194641113
image_137, 11, 1.4129223823547363, 0.3428056836128235, 16.973947525024414
image_137, 11, 1.4988919496536255, 0.3645789623260498, 17.972225189208984
image_137, 11, 1.5880743265151978, 0.38734516501426697, 18.97034454345703
image_137, 11, 1.6749086380004883, 0.40915489196777344, 19.968589782714844
image_137, 11, 1.7575188875198364, 0.4296122193336487, 20.967004776000977
image_137, 11, 1.844226598739624, 0.4523322880268097, 21.965137481689453
image_137, 11, 1.9336360692977905, 0.4759442210197449, 22.963146209716797
image_137, 11, 2.0176618099212646, 0.4975687265396118, 23.961414337158203
image_137, 11, 2.1035032272338867, 0.5191673040390015, 24.95968246459961
image_137, 11, 2.196108341217041, 0.5421864986419678, 25.957754135131836
image_137, 11, 2.285310745239258, 0.5632224082946777, 26.956096649169922
image_137, 11, 2.3641114234924316, 0.5812244415283203, 27.95485496520996
image_137, 11, 2.4439408779144287, 0.5994696617126465, 28.953577041625977
image_137, 11, 2.5300652980804443, 0.6192408204078674, 29.95208168029785
image_14, 12, 0.08414006233215332, 0.0228231493383646, 0.9983301758766174
image_14, 12, 0.16627204418182373, 0.044690199196338654, 1.996802568435669
image_14, 12, 0.24671104550361633, 0.06654904782772064, 2.995131731033325
image_14, 12, 0.3249068260192871, 0.08750050514936447, 3.9936234951019287
image_14, 12, 0.40274545550346375, 0.10800584405660629, 4.992285251617432
image_14, 12, 0.47870907187461853, 0.12812118232250214, 5.990934371948242
image_14, 12, 0.5545344352722168, 0.14847898483276367, 6.989407539367676
image_14, 12, 0.6292400360107422, 0.16788992285728455, 7.988203048706055
image_14, 12, 0.7029722332954407, 0.18707245588302612, 8.98691177368164
image_14, 12, 0.7752164006233215, 0.20544585585594177, 9.985774040222168
image_14, 12, 0.8473082184791565, 0.22379928827285767, 10.984618186950684
image_14, 12, 0.9197341203689575, 0.2422042340040207, 11.983527183532715
image_14, 12, 0.9927000403404236, 0.260493665933609, 12.982481002807617
image_14, 12, 1.0673867464065552, 0.27959612011909485, 13.98123836517334
image_14, 12, 1.1429312229156494, 0.29879894852638245, 14.98005199432373
image_14, 12, 1.2254383563995361, 0.32106813788414, 15.978131294250488
image_14, 12, 1.31083083152771, 0.34325534105300903, 16.976463317871094
image_14, 12, 1.395607352256775, 0.364963173866272, 17.974939346313477
image_14, 12, 1.4806039333343506, 0.3876512050628662, 18.973051071166992
image_14, 12, 1.5656590461730957, 0.40984559059143066, 19.971542358398438
image_14, 12, 1.6488747596740723, 0.43140649795532227, 20.970008850097656
image_14, 12, 1.729793906211853, 0.4526650309562683, 21.968311309814453
image_14, 12, 1.806671380996704, 0.47262001037597656, 22.9670467376709
image_14, 12, 1.88065505027771, 0.4914383590221405, 23.965904235839844
image_14, 12, 1.953536868095398, 0.5097736120223999, 24.964832305908203
image_14, 12, 2.0262579917907715, 0.5281070470809937, 25.96376609802246
image_14, 12, 2.0975115299224854, 0.5464064478874207, 26.962615966796875
image_14, 12, 2.1689248085021973, 0.5647181272506714, 27.961538314819336
image_14, 12, 2.240133285522461, 0.5828045010566711, 28.960468292236328
image_14, 12, 2.312602996826172, 0.6008358001708984, 29.959392547607422
image_68, 13, 0.07475363463163376, 0.018836811184883118, 0.9987146854400635
image_68, 13, 0.147186279296875, 0.037354908883571625, 1.9974336624145508
image_68, 13, 0.21941706538200378, 0.055557481944561005, 2.996234178543091
image_68, 13, 0.2920953631401062, 0.07350854575634003, 3.9951062202453613
image_68, 13, 0.36916083097457886, 0.09197176992893219, 4.993983268737793
image_68, 13, 0.4415273070335388, 0.10960550606250763, 5.992917537689209
image_68, 13, 0.5109854340553284, 0.12695792317390442, 6.991827964782715
image_68, 13, 0.5827804803848267, 0.14438867568969727, 7.990793228149414
image_68, 13, 0.6612255573272705, 0.16311508417129517, 8.989638328552246
image_68, 13, 0.7406065464019775, 0.18234124779701233, 9.988390922546387
image_68, 13, 0.8211114406585693, 0.20218706130981445, 10.987054824829102
image_68, 13, 0.8988010287284851, 0.2213623821735382, 11.98577880859375
image_68, 13, 0.982132613658905, 0.2422676533460617, 12.984307289123535
image_68, 13, 1.0574358701705933, 0.26076948642730713, 13.983051300048828
image_68, 13, 1.1406053304672241, 0.2816241979598999, 14.981542587280273
image_68, 13, 1.2224342823028564, 0.30187755823135376, 15.980087280273438
image_68, 13, 1.298796534538269, 0.3197479546070099, 16.9788761138916
image_68, 13, 1.3755452632904053, 0.3381521999835968, 17.97746467590332
image_68, 13, 1.4534984827041626, 0.35660678148269653, 18.976083755493164
image_68, 13, 1.5304359197616577, 0.37429311871528625, 19.974876403808594
image_68, 13, 1.607871174812317, 0.39238619804382324, 20.973609924316406
image_68, 13, 1.6870871782302856, 0.4119153618812561, 21.972230911254883
image_68, 13, 1.7694494724273682, 0.43301618099212646, 22.970706939697266
image_68, 13, 1.8492859601974487, 0.45306098461151123, 23.96929359436035
image_68, 13, 1.9302109479904175, 0.4729142189025879, 24.96795082092285
image_68, 13, 2.0052411556243896, 0.4910866916179657, 25.966821670532227
image_68, 13, 2.074723720550537, 0.5081069469451904, 26.96578598022461
image_68, 13, 2.1420183181762695, 0.5247371792793274, 27.964750289916992
image_68, 13, 2.2179720401763916, 0.5427637696266174, 28.963687896728516
image_68, 13, 2.2904837131500244, 0.5602524280548096, 29.962665557861328
image_96, 14, 0.07572179287672043, 0.0196082666516304, 0.9987047910690308
image_96, 14, 0.1599321961402893, 0.04059351608157158, 1.9973846673965454
image_96, 14, 0.2327526956796646, 0.059622131288051605, 2.9961206912994385
image_96, 14, 0.3049190044403076, 0.07847090065479279, 3.9948954582214355
image_96, 14, 0.3837457597255707, 0.09821642935276031, 4.993704795837402
image_96, 14, 0.4646596610546112, 0.11847086995840073, 5.992465019226074
image_96, 14, 0.540156900882721, 0.13787800073623657, 6.991264343261719
image_96, 14, 0.6130757331848145, 0.15694737434387207, 7.990045547485352
image_96, 14, 0.6874298453330994, 0.17601729929447174, 8.988846778869629
image_96, 14, 0.7645766139030457, 0.19583085179328918, 9.98755168914795
image_96, 14, 0.8383453488349915, 0.2155706137418747, 10.986145973205566
image_96, 14, 0.9143569469451904, 0.23607724905014038, 11.984540939331055
image_96, 14, 0.9924508929252625, 0.25754010677337646, 12.982677459716797
image_96, 14, 1.0706154108047485, 0.2789604961872101, 13.980850219726562
image_96, 14, 1.1547198295593262, 0.30190831422805786, 14.978730201721191
image_96, 14, 1.242249608039856, 0.32513540983200073, 15.976614952087402
image_96, 14, 1.3312305212020874, 0.34800729155540466, 16.974754333496094
image_96, 14, 1.4177614450454712, 0.3710280954837799, 17.972810745239258
image_96, 14, 1.5083630084991455, 0.3954589068889618, 18.970800399780273
image_96, 14, 1.597390055656433, 0.41906023025512695, 19.9688720703125
image_96, 14, 1.6867458820343018, 0.44355037808418274, 20.96695327758789
image_96, 14, 1.7674304246902466, 0.4651973247528076, 21.96514129638672
image_96, 14, 1.849897861480713, 0.4878353476524353, 22.96343231201172
image_96, 14, 1.925392985343933, 0.50836580991745, 23.961912155151367
image_96, 14, 2.0008704662323, 0.5286130905151367, 24.960350036621094
image_96, 14, 2.0771331787109375, 0.5492460131645203, 25.958690643310547
image_96, 14, 2.1552481651306152, 0.5707418918609619, 26.956846237182617
image_96, 14, 2.2332942485809326, 0.5922935009002686, 27.95499038696289
image_96, 14, 2.3121113777160645, 0.6140557527542114, 28.953086853027344
image_96, 14, 2.3881664276123047, 0.6347305178642273, 29.951431274414062
image_27, 15, 0.0837584063410759, 0.023927144706249237, 0.9980954527854919
image_27, 15, 0.1674041450023651, 0.04749898985028267, 1.9961402416229248
image_27, 15, 0.24750787019729614, 0.06986462324857712, 2.994455337524414
image_27, 15, 0.32975947856903076, 0.09257786720991135, 3.9926066398620605
image_27, 15, 0.41595029830932617, 0.11658699810504913, 4.9904093742370605
image_27, 15, 0.4942665100097656, 0.1379052847623825, 5.988826274871826
image_27, 15, 0.5698928236961365, 0.15821336209774017, 6.9874267578125
image_27, 15, 0.6475929021835327, 0.1791016310453415, 7.985832214355469
image_27, 15, 0.7235329151153564, 0.19940724968910217, 8.984430313110352
image_27, 15, 0.7985120415687561, 0.21960566937923431, 9.9830961227417
image_27, 15, 0.8789132237434387, 0.24121099710464478, 10.981379508972168
image_27, 15, 0.9594329595565796, 0.26281723380088806, 11.979666709899902
image_27, 15, 1.0374947786331177, 0.28426751494407654, 12.978201866149902
image_27, 15, 1.1185694932937622, 0.30607840418815613, 13.976590156555176
image_27, 15, 1.1997305154800415, 0.3278956413269043, 14.975074768066406
image_27, 15, 1.283952236175537, 0.3509499430656433, 15.973360061645508
image_27, 15, 1.3742269277572632, 0.37661316990852356, 16.971206665039062
image_27, 15, 1.466517448425293, 0.4023638963699341, 17.969242095947266
image_27, 15, 1.5583951473236084, 0.4282166063785553, 18.967103958129883
image_27, 15, 1.6486221551895142, 0.45330628752708435, 19.965112686157227
image_27, 15, 1.7414990663528442, 0.47939497232437134, 20.96320915222168
image_27, 15, 1.8282434940338135, 0.502995491027832, 21.961490631103516
image_27, 15, 1.9106124639511108, 0.5249429941177368, 22.959875106811523
image_27, 15, 1.989403247833252, 0.5456598997116089, 23.95852279663086
image_27, 15, 2.06691837310791, 0.5663210153579712, 24.957178115844727
image_27, 15, 2.1461353302001953, 0.5874724388122559, 25.955642700195312
image_27, 15, 2.2221908569335938, 0.6080187559127808, 26.954320907592773
image_27, 15, 2.299920082092285, 0.6287238597869873, 27.952838897705078
image_27, 15, 2.375990629196167, 0.6489160656929016, 28.951433181762695
image_27, 15, 2.4505615234375, 0.6691000461578369, 29.950057983398438
image_79, 16, 0.0922103151679039, 0.026942171156406403, 0.9972512125968933
image_79, 16, 0.18259885907173157, 0.053250279277563095, 1.9946701526641846
image_79, 16, 0.26928287744522095, 0.0780099481344223, 2.9924087524414062
image_79, 16, 0.3564509153366089, 0.10292613506317139, 3.990112543106079
image_79, 16, 0.4431968331336975, 0.127724289894104, 4.98780632019043
image_79, 16, 0.52613365650177, 0.15087535977363586, 5.985828876495361
image_79, 16, 0.6088429689407349, 0.17406269907951355, 6.983862400054932
image_79, 16, 0.6901586055755615, 0.1967262476682663, 7.982027530670166
image_79, 16, 0.7734423279762268, 0.21999607980251312, 8.980010986328125
image_79, 16, 0.8532747626304626, 0.24205665290355682, 9.97830867767334
image_79, 16, 0.935326874256134, 0.2649347484111786, 10.976387023925781
image_79, 16, 1.0163583755493164, 0.2875400185585022, 11.974587440490723
image_79, 16, 1.1013600826263428, 0.3115050494670868, 12.972532272338867
image_79, 16, 1.18780517578125, 0.3358443081378937, 13.970380783081055
image_79, 16, 1.2743712663650513, 0.3602631986141205, 14.968334197998047
image_79, 16, 1.361251711845398, 0.3851161003112793, 15.966336250305176
image_79, 16, 1.4505767822265625, 0.41083285212516785, 16.964250564575195
image_79, 16, 1.5426156520843506, 0.43711671233177185, 17.961992263793945
image_79, 16, 1.6358251571655273, 0.4637796878814697, 18.959712982177734
image_79, 16, 1.7272530794143677, 0.489689439535141, 19.957487106323242
image_79, 16, 1.8193731307983398, 0.5162095427513123, 20.955102920532227
image_79, 16, 1.9101982116699219, 0.5422378778457642, 21.952863693237305
image_79, 16, 1.9973958730697632, 0.5663440227508545, 22.950862884521484
image_79, 16, 2.0806267261505127, 0.5890585780143738, 23.949111938476562
image_79, 16, 2.1641016006469727, 0.6119953393936157, 24.947261810302734
image_79, 16, 2.250863790512085, 0.6362729072570801, 25.94504165649414
image_79, 16, 2.3308773040771484, 0.6585959196090698, 26.943397521972656
image_79, 16, 2.410473585128784, 0.6809084415435791, 27.941682815551758
image_79, 16, 2.492037296295166, 0.7036876678466797, 28.93976593017578
image_79, 16, 2.570314884185791, 0.7253018021583557, 29.938148498535156
image_50, 17, 0.0911853238940239, 0.024655692279338837, 0.99813312292099
image_50, 17, 0.1770271509885788, 0.047416843473911285, 1.9964650869369507
image_50, 17, 0.2548653483390808, 0.06801938265562057, 2.9949395656585693
image_50, 17, 0.33275914192199707, 0.0885053500533104, 3.9935083389282227
image_50, 17, 0.4127736985683441, 0.10925716906785965, 4.992125034332275
image_50, 17, 0.49154049158096313, 0.12949515879154205, 5.990786075592041
image_50, 17, 0.5675720572471619, 0.14901520311832428, 6.989495277404785
image_50, 17, 0.6422765851020813, 0.16804955899715424, 7.988235950469971
image_50, 17, 0.7156877517700195, 0.1865999549627304, 8.986985206604004
image_50, 17, 0.7892162799835205, 0.2046523243188858, 9.985817909240723
image_50, 17, 0.8652336597442627, 0.22327394783496857, 10.98462963104248
image_50, 17, 0.9438973665237427, 0.24259421229362488, 11.983372688293457
image_50, 17, 1.0239779949188232, 0.26235565543174744, 12.98204231262207
image_50, 17, 1.105882167816162, 0.2826482653617859, 13.980633735656738
image_50, 17, 1.1892194747924805, 0.3029339909553528, 14.979146957397461
image_50, 17, 1.2758146524429321, 0.32395997643470764, 15.977502822875977
image_50, 17, 1.3683803081512451, 0.3476220369338989, 16.975589752197266
image_50, 17, 1.4594054222106934, 0.3713870942592621, 17.973609924316406
image_50, 17, 1.5513924360275269, 0.3954845070838928, 18.97161293029785
image_50, 17, 1.6399821043014526, 0.41753602027893066, 19.96985626220703
image_50, 17, 1.7325841188430786, 0.44200366735458374, 20.96787452697754
image_50, 17, 1.8166850805282593, 0.4628533124923706, 21.96630859375
image_50, 17, 1.8978878259658813, 0.4834030270576477, 22.964815139770508
image_50, 17, 1.9770123958587646, 0.5033812522888184, 23.963417053222656
image_50, 17, 2.0558249950408936, 0.5235227942466736, 24.962024688720703
image_50, 17, 2.133091688156128, 0.5432798862457275, 25.960718154907227
image_50, 17, 2.2079410552978516, 0.5624405741691589, 26.959447860717773
image_50, 17, 2.2825927734375, 0.581699788570404, 27.958179473876953
image_50, 17, 2.359038829803467, 0.60150545835495, 28.956897735595703
image_50, 17, 2.436368942260742, 0.6216943264007568, 29.955575942993164
image_128, 18, 0.07629787921905518, 0.020102929323911667, 0.9985290169715881
image_128, 18, 0.15160492062568665, 0.040130846202373505, 1.997014045715332
image_128, 18, 0.22858402132987976, 0.059599123895168304, 2.99572491645813
image_128, 18, 0.30107012391090393, 0.07805508375167847, 3.9944889545440674
image_128, 18, 0.375150591135025, 0.09635185450315475, 4.993345260620117
image_128, 18, 0.44669756293296814, 0.11399095505475998, 5.992265224456787
image_128, 18, 0.5159878134727478, 0.1314937025308609, 6.991185665130615
image_128, 18, 0.5897164940834045, 0.14943432807922363, 7.990172863006592
image_128, 18, 0.6590226292610168, 0.16651654243469238, 8.989212989807129
image_128, 18, 0.7267624139785767, 0.18306492269039154, 9.988283157348633
image_128, 18, 0.7935993671417236, 0.19935175776481628, 10.987340927124023
image_128, 18, 0.8589744567871094, 0.2156226485967636, 11.986336708068848
image_128, 18, 0.9265220761299133, 0.23184607923030853, 12.98535442352295
image_128, 18, 0.9979935884475708, 0.24863296747207642, 13.984339714050293
image_128, 18, 1.0702108144760132, 0.265760600566864, 14.983283042907715
image_128, 18, 1.1452422142028809, 0.2836960554122925, 15.982125282287598
image_128, 18, 1.2244750261306763, 0.3027232587337494, 16.98085594177246
image_128, 18, 1.3003519773483276, 0.3203616142272949, 17.97966957092285
image_128, 18, 1.377612829208374, 0.3387064039707184, 18.978431701660156
image_128, 18, 1.452172875404358, 0.35696983337402344, 19.97707748413086
image_128, 18, 1.5278515815734863, 0.37560003995895386, 20.975645065307617
image_128, 18, 1.6031910181045532, 0.3938741683959961, 21.974348068237305
image_128, 18, 1.6766541004180908, 0.41183456778526306, 22.973180770874023
image_128, 18, 1.7574851512908936, 0.4320058822631836, 23.97184181213379
image_128, 18, 1.8285843133926392, 0.4502066671848297, 24.97062110900879
image_128, 18, 1.903466820716858, 0.4702065587043762, 25.968889236450195
image_128, 18, 1.976752758026123, 0.48961174488067627, 26.967252731323242
image_128, 18, 2.0462405681610107, 0.5077589154243469, 27.965890884399414
image_128, 18, 2.1240804195404053, 0.5289627909660339, 28.96392059326172
image_128, 18, 2.1997103691101074, 0.5494454503059387, 29.962093353271484
image_119, 19, 0.08423781394958496, 0.02078999951481819, 0.9986458420753479
image_119, 19, 0.16558998823165894, 0.04084516316652298, 1.9973561763763428
image_119, 19, 0.24253986775875092, 0.059655167162418365, 2.9961888790130615
image_119, 19, 0.31784605979919434, 0.07819479703903198, 3.9950406551361084
image_119, 19, 0.3889656960964203, 0.09664129465818405, 4.993743896484375
image_119, 19, 0.4605506956577301, 0.11423110961914062, 5.992666721343994
image_119, 19, 0.530706524848938, 0.131189227104187, 6.991686820983887
image_119, 19, 0.6005984544754028, 0.14796549081802368, 7.990729808807373
image_119, 19, 0.6702893972396851, 0.1646120548248291, 8.989797592163086
image_119, 19, 0.740230917930603, 0.18127930164337158, 9.988874435424805
image_119, 19, 0.8129966855049133, 0.19831520318984985, 10.987990379333496
image_119, 19, 0.8854698538780212, 0.2155580371618271, 11.987070083618164
image_119, 19, 0.959900975227356, 0.23353879153728485, 12.986063957214355
image_119, 19, 1.0379672050476074, 0.25262683629989624, 13.984955787658691
image_119, 19, 1.1177488565444946, 0.27263644337654114, 14.98374080657959
image_119, 19, 1.1976087093353271, 0.292911171913147, 15.982429504394531
image_119, 19, 1.276723027229309, 0.31309860944747925, 16.981094360351562
image_119, 19, 1.359297752380371, 0.3340512216091156, 17.97965431213379
image_119, 19, 1.4409387111663818, 0.3545488715171814, 18.97827911376953
image_119, 19, 1.5209732055664062, 0.3745397925376892, 19.977033615112305
image_119, 19, 1.6022926568984985, 0.3953072428703308, 20.975675582885742
image_119, 19, 1.6826664209365845, 0.4160151183605194, 21.974376678466797
image_119, 19, 1.7590200901031494, 0.4351409077644348, 22.9732723236084
image_119, 19, 1.8368816375732422, 0.4541630446910858, 23.972230911254883
image_119, 19, 1.9115453958511353, 0.4724329113960266, 24.97124671936035
image_119, 19, 1.9857327938079834, 0.490568071603775, 25.97029685974121
image_119, 19, 2.055905818939209, 0.5081601738929749, 26.96928596496582
image_119, 19, 2.1256840229034424, 0.5257032513618469, 27.968244552612305
image_119, 19, 2.1966171264648438, 0.5429460406303406, 28.967288970947266
image_119, 19, 2.2670798301696777, 0.5602626204490662, 29.96628761291504
image_103, 20, 0.0837772935628891, 0.021461037918925285, 0.9984621405601501
image_103, 20, 0.1627194881439209, 0.04134684056043625, 1.997121810913086
image_103, 20, 0.24092718958854675, 0.060830794274806976, 2.9958620071411133
image_103, 20, 0.31911715865135193, 0.08008712530136108, 3.9946398735046387
image_103, 20, 0.3972133994102478, 0.0988268330693245, 4.993505001068115
image_103, 20, 0.4747588336467743, 0.11701709032058716, 5.99245548248291
image_103, 20, 0.5446560978889465, 0.1345372051000595, 6.991347789764404
image_103, 20, 0.6161143183708191, 0.1517702043056488, 7.9903388023376465
image_103, 20, 0.6934062242507935, 0.16971679031848907, 8.989340782165527
image_103, 20, 0.7676305770874023, 0.1872178167104721, 9.988353729248047
image_103, 20, 0.8401237726211548, 0.20449841022491455, 10.987343788146973
image_103, 20, 0.9118683934211731, 0.2216803878545761, 11.986326217651367
image_103, 20, 0.9851230382919312, 0.23935142159461975, 12.985265731811523
image_103, 20, 1.0603138208389282, 0.2576572299003601, 13.984142303466797
image_103, 20, 1.1358380317687988, 0.27626124024391174, 14.982987403869629
image_103, 20, 1.2116512060165405, 0.29500383138656616, 15.981681823730469
image_103, 20, 1.2906862497329712, 0.31482356786727905, 16.98013687133789
image_103, 20, 1.3704067468643188, 0.33553603291511536, 17.978425979614258
image_103, 20, 1.450101375579834, 0.35574033856391907, 18.976932525634766
image_103, 20, 1.5314003229141235, 0.37575989961624146, 19.97550392150879
image_103, 20, 1.6089167594909668, 0.39468854665756226, 20.974212646484375
image_103, 20, 1.6879576444625854, 0.4137842059135437, 21.97295379638672
image_103, 20, 1.7629588842391968, 0.43175163865089417, 22.9718017578125
image_103, 20, 1.837409496307373, 0.4497067928314209, 23.970706939697266
image_103, 20, 1.9087672233581543, 0.46715354919433594, 24.96958351135254
image_103, 20, 1.9786511659622192, 0.48499560356140137, 25.96831703186035
image_103, 20, 2.0482394695281982, 0.5021460056304932, 26.967321395874023
image_103, 20, 2.1200404167175293, 0.5201112031936646, 27.96625328063965
image_103, 20, 2.1940906047821045, 0.538916826248169, 28.96511459350586
image_103, 20, 2.2688183784484863, 0.5580353736877441, 29.96394157409668
image_24, 21, 0.0863272026181221, 0.025371769443154335, 0.997653603553772
image_24, 21, 0.17116904258728027, 0.050123684108257294, 1.995418906211853
image_24, 21, 0.2599602937698364, 0.07586994767189026, 2.992910385131836
image_24, 21, 0.34004440903663635, 0.09896017611026764, 3.9909863471984863
image_24, 21, 0.42005857825279236, 0.12187746167182922, 4.9890546798706055
image_24, 21, 0.5056567788124084, 0.146321102976799, 5.986770153045654
image_24, 21, 0.5824316143989563, 0.1678628921508789, 6.985091209411621
image_24, 21, 0.6578210592269897, 0.18866488337516785, 7.983553409576416
image_24, 21, 0.7316062450408936, 0.2090306580066681, 8.982148170471191
image_24, 21, 0.8081473112106323, 0.23021163046360016, 9.980544090270996
image_24, 21, 0.8836879730224609, 0.2511000633239746, 10.979084014892578
image_24, 21, 0.9602673053741455, 0.272683322429657, 11.977574348449707
image_24, 21, 1.0380263328552246, 0.2948519289493561, 12.975969314575195
image_24, 21, 1.116720199584961, 0.31696975231170654, 13.974291801452637
image_24, 21, 1.1969568729400635, 0.33956223726272583, 14.97259521484375
image_24, 21, 1.284130334854126, 0.3642878532409668, 15.970489501953125
image_24, 21, 1.376059651374817, 0.39107081294059753, 16.96825408935547
image_24, 21, 1.4678306579589844, 0.4173378646373749, 17.966293334960938
image_24, 21, 1.5617448091506958, 0.44421303272247314, 18.964176177978516
image_24, 21, 1.6553705930709839, 0.4714258015155792, 19.962032318115234
image_24, 21, 1.7448270320892334, 0.49751025438308716, 20.959918975830078
image_24, 21, 1.82961905002594, 0.5221884250640869, 21.958084106445312
image_24, 21, 1.9142522811889648, 0.5463215112686157, 22.956119537353516
image_24, 21, 1.9966567754745483, 0.5694348216056824, 23.95427894592285
image_24, 21, 2.078617811203003, 0.5920762419700623, 24.95244026184082
image_24, 21, 2.1558139324188232, 0.6134747862815857, 25.950950622558594
image_24, 21, 2.2316246032714844, 0.6345741748809814, 26.94950294494629
image_24, 21, 2.307823657989502, 0.656040370464325, 27.947982788085938
image_24, 21, 2.385160446166992, 0.6779817342758179, 28.946441650390625
image_24, 21, 2.4661624431610107, 0.7009071707725525, 29.944589614868164
image_143, 22, 0.07862390577793121, 0.01961883343756199, 0.9986404776573181
image_143, 22, 0.15635213255882263, 0.03918973356485367, 1.997314453125
image_143, 22, 0.23478198051452637, 0.05890312418341637, 2.9960057735443115
image_143, 22, 0.31417959928512573, 0.07848263531923294, 3.994746208190918
image_143, 22, 0.3936675190925598, 0.0979669913649559, 4.993512153625488
image_143, 22, 0.4688984453678131, 0.1167101114988327, 5.992368698120117
image_143, 22, 0.5430802702903748, 0.13543039560317993, 6.991239070892334
image_143, 22, 0.617944061756134, 0.15404942631721497, 7.990135669708252
image_143, 22, 0.6896184682846069, 0.17197948694229126, 8.989089012145996
image_143, 22, 0.7636147141456604, 0.1898832470178604, 9.988081932067871
image_143, 22, 0.8374620079994202, 0.20767620205879211, 10.98705768585205
image_143, 22, 0.9098685383796692, 0.22556789219379425, 11.98597526550293
image_143, 22, 0.9820690751075745, 0.243631511926651, 12.984855651855469
image_143, 22, 1.062814474105835, 0.26385077834129333, 13.9835786819458
image_143, 22, 1.142746925354004, 0.2843133211135864, 14.982267379760742
image_143, 22, 1.2247943878173828, 0.3051823675632477, 15.980880737304688
image_143, 22, 1.304946780204773, 0.32501184940338135, 16.979543685913086
image_143, 22, 1.3874393701553345, 0.3457592725753784, 17.977977752685547
image_143, 22, 1.4694459438323975, 0.36770039796829224, 18.976167678833008
image_143, 22, 1.5504181385040283, 0.3885733485221863, 19.974689483642578
image_143, 22, 1.630866527557373, 0.4093092978000641, 20.973289489746094
image_143, 22, 1.7114791870117188, 0.430245578289032, 21.97196388244629
image_143, 22, 1.7920867204666138, 0.45073622465133667, 22.970678329467773
image_143, 22, 1.8733566999435425, 0.47133392095565796, 23.9693660736084
image_143, 22, 1.9482654333114624, 0.49030497670173645, 24.968181610107422
image_143, 22, 2.020918607711792, 0.5086198449134827, 25.96705436706543
image_143, 22, 2.096076726913452, 0.5269366502761841, 26.966022491455078
image_143, 22, 2.1713204383850098, 0.5451973676681519, 27.964996337890625
image_143, 22, 2.2469589710235596, 0.5639110207557678, 28.963909149169922
image_143, 22, 2.321235179901123, 0.5825531482696533, 29.96277618408203
image_12, 23, 0.0643334612250328, 0.02198176272213459, 0.9982255101203918
image_12, 23, 0.13393953442573547, 0.043776482343673706, 1.9964077472686768
image_12, 23, 0.19885462522506714, 0.06526929140090942, 2.994711399078369
image_12, 23, 0.2655332684516907, 0.08651291579008102, 3.9930763244628906
image_12, 23, 0.34205830097198486, 0.1074381023645401, 4.9916253089904785
image_12, 23, 0.4134868085384369, 0.1284267157316208, 5.990100383758545
image_12, 23, 0.4847196936607361, 0.14883260428905487, 6.988678932189941
image_12, 23, 0.5504735708236694, 0.16942593455314636, 7.987305164337158
image_12, 23, 0.6353474855422974, 0.18993082642555237, 8.985862731933594
image_12, 23, 0.7005285620689392, 0.2102636843919754, 9.98437786102295
image_12, 23, 0.768480658531189, 0.2316543310880661, 10.98259162902832
image_12, 23, 0.8325689435005188, 0.2527881860733032, 11.980941772460938
image_12, 23, 0.9012274742126465, 0.2739396095275879, 12.979337692260742
image_12, 23, 0.9657082557678223, 0.2960403561592102, 13.97764778137207
image_12, 23, 1.040099859237671, 0.317715048789978, 14.976088523864746
image_12, 23, 1.1230504512786865, 0.3405708968639374, 15.974262237548828
image_12, 23, 1.2053470611572266, 0.36473456025123596, 16.972429275512695
image_12, 23, 1.287872076034546, 0.3902432918548584, 17.970504760742188
image_12, 23, 1.3620649576187134, 0.41361066699028015, 18.9686336517334
image_12, 23, 1.4416099786758423, 0.4369577169418335, 19.967098236083984
image_12, 23, 1.534314513206482, 0.45900577306747437, 20.965557098388672
image_12, 23, 1.614567518234253, 0.4796845018863678, 21.96406364440918
image_12, 23, 1.6891487836837769, 0.499830961227417, 22.96262550354004
image_12, 23, 1.7656910419464111, 0.5201542973518372, 23.96112823486328
image_12, 23, 1.8333052396774292, 0.5407548546791077, 24.959623336791992
image_12, 23, 1.9116517305374146, 0.5606048107147217, 25.958293914794922
image_12, 23, 1.9791855812072754, 0.5805456638336182, 26.956954956054688
image_12, 23, 2.0553035736083984, 0.5999511480331421, 27.955705642700195
image_12, 23, 2.1225974559783936, 0.6196705102920532, 28.954288482666016
image_12, 23, 2.1909775733947754, 0.6388710737228394, 29.953044891357422
image_113, 24, 0.08587828278541565, 0.020276198163628578, 0.9987011551856995
image_113, 24, 0.16071926057338715, 0.038379065692424774, 1.9975528717041016
image_113, 24, 0.24234212934970856, 0.05707792192697525, 2.9964346885681152
image_113, 24, 0.32307320833206177, 0.07540912181138992, 3.9953551292419434
image_113, 24, 0.4009074866771698, 0.09311870485544205, 4.994337558746338
image_113, 24, 0.47295433282852173, 0.1099236011505127, 5.993366718292236
image_113, 24, 0.5431357026100159, 0.12623688578605652, 6.99245548248291
image_113, 24, 0.6156421303749084, 0.1424449384212494, 7.991568565368652
image_113, 24, 0.6868705749511719, 0.15837867558002472, 8.990701675415039
image_113, 24, 0.7615626454353333, 0.1749190092086792, 9.989808082580566
image_113, 24, 0.8393399715423584, 0.19206683337688446, 10.988844871520996
image_113, 24, 0.9140306115150452, 0.20879313349723816, 11.987936019897461
image_113, 24, 0.9894977807998657, 0.2262323796749115, 12.986992835998535
image_113, 24, 1.0602656602859497, 0.24333451688289642, 13.986050605773926
image_113, 24, 1.1332802772521973, 0.2605378329753876, 14.98509693145752
image_113, 24, 1.2078628540039062, 0.277709037065506, 15.984152793884277
image_113, 24, 1.2815173864364624, 0.29476305842399597, 16.983219146728516
image_113, 24, 1.3527507781982422, 0.3118157982826233, 17.98221206665039
image_113, 24, 1.4282522201538086, 0.33008474111557007, 18.981056213378906
image_113, 24, 1.506288766860962, 0.3490661382675171, 19.979801177978516
image_113, 24, 1.5807240009307861, 0.36725664138793945, 20.978622436523438
image_113, 24, 1.652560830116272, 0.3848486840724945, 21.977453231811523
image_113, 24, 1.7282602787017822, 0.40298280119895935, 22.9763240814209
image_113, 24, 1.80033278465271, 0.41982144117355347, 23.975339889526367
image_113, 24, 1.8774163722991943, 0.4368891417980194, 24.974376678466797
image_113, 24, 1.9546705484390259, 0.4534668028354645, 25.97346305847168
image_113, 24, 2.029233694076538, 0.46937814354896545, 26.972627639770508
image_113, 24, 2.1053760051727295, 0.4860401153564453, 27.97171401977539
image_113, 24, 2.1740822792053223, 0.5020329356193542, 28.97081184387207
image_113, 24, 2.2492117881774902, 0.5188617706298828, 29.9698543548584
image_112, 25, 0.07904599606990814, 0.021325955167412758, 0.9984665513038635
image_112, 25, 0.156962588429451, 0.04225485026836395, 1.996895432472229
image_112, 25, 0.23563045263290405, 0.06347256153821945, 2.9951515197753906
image_112, 25, 0.31360894441604614, 0.08450302481651306, 3.993394136428833
image_112, 25, 0.38744112849235535, 0.10363601893186569, 4.9921956062316895
image_112, 25, 0.46015387773513794, 0.12232673168182373, 5.9910569190979
image_112, 25, 0.531711995601654, 0.14070382714271545, 6.9899582862854
image_112, 25, 0.6020622849464417, 0.15905678272247314, 7.98883056640625
image_112, 25, 0.6725731492042542, 0.17749963700771332, 8.987695693969727
image_112, 25, 0.7435696125030518, 0.19597060978412628, 9.986542701721191
image_112, 25, 0.8163079023361206, 0.21516674757003784, 10.985301971435547
image_112, 25, 0.8910986185073853, 0.23508934676647186, 11.983990669250488
image_112, 25, 0.9672845602035522, 0.2551252245903015, 12.982769966125488
image_112, 25, 1.043016791343689, 0.2751925587654114, 13.981344223022461
image_112, 25, 1.1230242252349854, 0.2967337369918823, 14.979652404785156
image_112, 25, 1.2076224088668823, 0.3193419277667999, 15.97787857055664
image_112, 25, 1.2957080602645874, 0.342608779668808, 16.976011276245117
image_112, 25, 1.384069800376892, 0.3664376139640808, 17.974071502685547
image_112, 25, 1.4673320055007935, 0.3882267475128174, 18.972484588623047
image_112, 25, 1.553210735321045, 0.41103631258010864, 19.97075653076172
image_112, 25, 1.6368530988693237, 0.4330802857875824, 20.969100952148438
image_112, 25, 1.7205771207809448, 0.45523038506507874, 21.9674129486084
image_112, 25, 1.8003952503204346, 0.4763781726360321, 22.966018676757812
image_112, 25, 1.8792506456375122, 0.4973239600658417, 23.964702606201172
image_112, 25, 1.9582396745681763, 0.5184733867645264, 24.9630184173584
image_112, 25, 2.032785415649414, 0.538277804851532, 25.961637496948242
image_112, 25, 2.106412172317505, 0.5579842329025269, 26.96027183532715
image_112, 25, 2.1789743900299072, 0.5776892900466919, 27.95897674560547
image_112, 25, 2.254500389099121, 0.5979671478271484, 28.957759857177734
image_112, 25, 2.3286263942718506, 0.6177587509155273, 29.956523895263672
image_62, 26, 0.08204696327447891, 0.02346991002559662, 0.9980853199958801
image_62, 26, 0.16608068346977234, 0.04751996323466301, 1.995955228805542
image_62, 26, 0.24490010738372803, 0.0694533959031105, 2.9942076206207275
image_62, 26, 0.32088589668273926, 0.0902070701122284, 3.992647171020508
image_62, 26, 0.3982011675834656, 0.1115775853395462, 4.9909563064575195
image_62, 26, 0.4774063229560852, 0.13350848853588104, 5.989123344421387
image_62, 26, 0.556196391582489, 0.15546463429927826, 6.987268447875977
image_62, 26, 0.6383944749832153, 0.17844891548156738, 7.985166549682617
image_62, 26, 0.7181559801101685, 0.2003953456878662, 8.983290672302246
image_62, 26, 0.7922475934028625, 0.22017894685268402, 9.981876373291016
image_62, 26, 0.8691297173500061, 0.24106241762638092, 10.980242729187012
image_62, 26, 0.9495924115180969, 0.2631756663322449, 11.97836971282959
image_62, 26, 1.0321305990219116, 0.2862164080142975, 12.976338386535645
image_62, 26, 1.109127163887024, 0.307355135679245, 13.974803924560547
image_62, 26, 1.190980076789856, 0.33021947741508484, 14.972956657409668
image_62, 26, 1.2784183025360107, 0.3553355634212494, 15.97077465057373
image_62, 26, 1.3715568780899048, 0.3820129632949829, 16.968427658081055
image_62, 26, 1.4624719619750977, 0.4075824022293091, 17.966510772705078
image_62, 26, 1.5513757467269897, 0.4328164756298065, 18.96438217163086
image_62, 26, 1.6413296461105347, 0.4580165147781372, 19.962316513061523
image_62, 26, 1.7324107885360718, 0.48368650674819946, 20.960222244262695
image_62, 26, 1.8191542625427246, 0.5080232620239258, 21.958234786987305
image_62, 26, 1.8998188972473145, 0.53031325340271, 22.956592559814453
image_62, 26, 1.9778656959533691, 0.551397442817688, 23.955087661743164
image_62, 26, 2.0540661811828613, 0.5717710852622986, 24.953636169433594
image_62, 26, 2.1291325092315674, 0.5917714238166809, 25.952190399169922
image_62, 26, 2.2047410011291504, 0.61198890209198, 26.95066261291504
image_62, 26, 2.2777857780456543, 0.6313331127166748, 27.949363708496094
image_62, 26, 2.350245952606201, 0.6503416895866394, 28.9481258392334
image_62, 26, 2.422774314880371, 0.66971755027771, 29.94675636291504
image_10, 27, 0.08251113444566727, 0.021845810115337372, 0.9984685182571411
image_10, 27, 0.16502584517002106, 0.043676722794771194, 1.9969569444656372
image_10, 27, 0.24386684596538544, 0.06442643702030182, 2.9954235553741455
image_10, 27, 0.3219817578792572, 0.08469341695308685, 3.9940528869628906
image_10, 27, 0.4012874364852905, 0.10510404407978058, 4.992734909057617
image_10, 27, 0.4772138297557831, 0.12499506771564484, 5.991374969482422
image_10, 27, 0.5526162981987, 0.14476865530014038, 6.990069389343262
image_10, 27, 0.6272557377815247, 0.16454046964645386, 7.988750457763672
image_10, 27, 0.7027362585067749, 0.1843537986278534, 8.987508773803711
image_10, 27, 0.7779656648635864, 0.20412598550319672, 9.986202239990234
image_10, 27, 0.8533572554588318, 0.224237322807312, 10.984719276428223
image_10, 27, 0.9303826689720154, 0.24474556744098663, 11.983181953430176
image_10, 27, 1.0094728469848633, 0.2658633887767792, 12.981670379638672
image_10, 27, 1.0902894735336304, 0.2875593900680542, 13.980117797851562
image_10, 27, 1.1730519533157349, 0.3095776438713074, 14.978585243225098
image_10, 27, 1.2567667961120605, 0.33158570528030396, 15.976932525634766
image_10, 27, 1.3427529335021973, 0.35357847809791565, 16.97531509399414
image_10, 27, 1.432183027267456, 0.3768502175807953, 17.973615646362305
image_10, 27, 1.5223639011383057, 0.40097174048423767, 18.97170639038086
image_10, 27, 1.6113712787628174, 0.4245244860649109, 19.969799041748047
image_10, 27, 1.6995798349380493, 0.44750484824180603, 20.968017578125
image_10, 27, 1.7883745431900024, 0.4707055389881134, 21.966283798217773
image_10, 27, 1.872515320777893, 0.49331051111221313, 22.96464729309082
image_10, 27, 1.9531606435775757, 0.5151793956756592, 23.963117599487305
image_10, 27, 2.031381130218506, 0.5360864996910095, 24.961671829223633
image_10, 27, 2.110271692276001, 0.5570698380470276, 25.960269927978516
image_10, 27, 2.1884090900421143, 0.5776680111885071, 26.958959579467773
image_10, 27, 2.265237808227539, 0.5977576375007629, 27.957717895507812
image_10, 27, 2.3399829864501953, 0.6173847913742065, 28.956483840942383
image_10, 27, 2.414949417114258, 0.6373355984687805, 29.955101013183594
image_40, 28, 0.07792681455612183, 0.022050894796848297, 0.998190701007843
image_40, 28, 0.1571580469608307, 0.044519729912281036, 1.9962319135665894
image_40, 28, 0.23504886031150818, 0.06640131771564484, 2.9944238662719727
image_40, 28, 0.31681227684020996, 0.08912988007068634, 3.9923462867736816
image_40, 28, 0.3939988613128662, 0.11036062985658646, 4.990569114685059
image_40, 28, 0.47366487979888916, 0.13242527842521667, 5.988617420196533
image_40, 28, 0.5487914681434631, 0.15296638011932373, 6.986926555633545
image_40, 28, 0.6213219165802002, 0.17263561487197876, 7.9854044914245605
image_40, 28, 0.7001851797103882, 0.1939391791820526, 8.98354721069336
image_40, 28, 0.7719130516052246, 0.2131025344133377, 9.982211112976074
image_40, 28, 0.8445606827735901, 0.2323654294013977, 10.980817794799805
image_40, 28, 0.923121452331543, 0.2533259689807892, 11.979033470153809
image_40, 28, 0.9979665875434875, 0.27331623435020447, 12.977550506591797
image_40, 28, 1.0773009061813354, 0.2946394681930542, 13.975749969482422
image_40, 28, 1.156296968460083, 0.31585460901260376, 14.974016189575195
image_40, 28, 1.2451204061508179, 0.34070995450019836, 15.971634864807129
image_40, 28, 1.339735746383667, 0.36789414286613464, 16.96889877319336
image_40, 28, 1.4319560527801514, 0.39368143677711487, 17.966684341430664
image_40, 28, 1.5248098373413086, 0.42057517170906067, 18.964052200317383
image_40, 28, 1.6173022985458374, 0.44662240147590637, 19.961688995361328
image_40, 28, 1.7111250162124634, 0.4732513129711151, 20.959165573120117
image_40, 28, 1.8018617630004883, 0.4987333416938782, 21.95669174194336
image_40, 28, 1.8830220699310303, 0.5206612348556519, 22.95490837097168
image_40, 28, 1.9612354040145874, 0.5416432619094849, 23.953266143798828
image_40, 28, 2.03670597076416, 0.561795711517334, 24.951786041259766
image_40, 28, 2.112229585647583, 0.5821971893310547, 25.950227737426758
image_40, 28, 2.191798686981201, 0.6037519574165344, 26.948383331298828
image_40, 28, 2.267887830734253, 0.624189555644989, 27.946773529052734
image_40, 28, 2.350226402282715, 0.6467556357383728, 28.944726943969727
image_40, 28, 2.4296698570251465, 0.6684667468070984, 29.942907333374023
image_132, 29, 0.09492065757513046, 0.027829714119434357, 0.9972212910652161
image_132, 29, 0.18923410773277283, 0.055450230836868286, 1.9944915771484375
image_132, 29, 0.2780281901359558, 0.08081077039241791, 2.992271661758423
image_132, 29, 0.36220085620880127, 0.10464468598365784, 3.9904978275299072
image_132, 29, 0.4446050524711609, 0.12777885794639587, 4.988853454589844
image_132, 29, 0.5247611999511719, 0.14976054430007935, 5.987357139587402
image_132, 29, 0.6031914949417114, 0.17103849351406097, 6.986003875732422
image_132, 29, 0.6810455918312073, 0.19191883504390717, 7.984671592712402
image_132, 29, 0.7593855857849121, 0.21293328702449799, 8.983299255371094
image_132, 29, 0.8389655947685242, 0.23428747057914734, 9.981815338134766
image_132, 29, 0.9200212955474854, 0.25643664598464966, 10.980291366577148
image_132, 29, 1.003818154335022, 0.2793479859828949, 11.978570938110352
image_132, 29, 1.0898534059524536, 0.30324676632881165, 12.97700309753418
image_132, 29, 1.177831768989563, 0.3276183605194092, 13.975349426269531
image_132, 29, 1.2656968832015991, 0.3517296016216278, 14.97364330291748
image_132, 29, 1.357834815979004, 0.3774479627609253, 15.971691131591797
image_132, 29, 1.455763339996338, 0.40450674295425415, 16.96980857849121
image_132, 29, 1.551705002784729, 0.4310411512851715, 17.967693328857422
image_132, 29, 1.6520838737487793, 0.45973774790763855, 18.965200424194336
image_132, 29, 1.7501362562179565, 0.48785755038261414, 19.96280860900879
image_132, 29, 1.849364161491394, 0.516189694404602, 20.960678100585938
image_132, 29, 1.94487464427948, 0.543083131313324, 21.958784103393555
image_132, 29, 2.0331943035125732, 0.5665932297706604, 22.95702362060547
image_132, 29, 2.1190595626831055, 0.5898361802101135, 23.95545196533203
image_132, 29, 2.2039365768432617, 0.6131685972213745, 24.95392417907715
image_132, 29, 2.285386562347412, 0.6347319483757019, 25.952482223510742
image_132, 29, 2.366124153137207, 0.6564214825630188, 26.95110511779785
image_132, 29, 2.4468424320220947, 0.6783983707427979, 27.949684143066406
image_132, 29, 2.526327610015869, 0.700172483921051, 28.948240280151367
image_132, 29, 2.6053547859191895, 0.722032368183136, 29.94675064086914
image_134, 30, 0.08484680205583572, 0.023738687857985497, 0.9984034299850464
image_134, 30, 0.16474652290344238, 0.04547867178916931, 1.9969995021820068
image_134, 30, 0.24405363202095032, 0.06760933995246887, 2.9952151775360107
image_134, 30, 0.32024577260017395, 0.08882636576890945, 3.9936885833740234
image_134, 30, 0.3998284339904785, 0.10992692410945892, 4.992395401000977
image_134, 30, 0.47350066900253296, 0.13015902042388916, 5.991006851196289
image_134, 30, 0.5515881180763245, 0.15046897530555725, 6.989760398864746
image_134, 30, 0.6245883107185364, 0.17049121856689453, 7.988408088684082
image_134, 30, 0.6977422833442688, 0.19030238687992096, 8.987163543701172
image_134, 30, 0.7725462317466736, 0.20978127419948578, 9.98606014251709
image_134, 30, 0.8508118987083435, 0.23041391372680664, 10.984859466552734
image_134, 30, 0.9296119809150696, 0.25174233317375183, 11.983540534973145
image_134, 30, 1.0100810527801514, 0.2739655673503876, 12.98205852508545
image_134, 30, 1.093123435974121, 0.297269344329834, 13.980379104614258
image_134, 30, 1.1830896139144897, 0.3235338628292084, 14.97852611541748
image_134, 30, 1.2706210613250732, 0.348348468542099, 15.976505279541016
image_134, 30, 1.3607336282730103, 0.3730442523956299, 16.974525451660156
image_134, 30, 1.4504351615905762, 0.3972223997116089, 17.97279930114746
image_134, 30, 1.5358144044876099, 0.41976866126060486, 18.971118927001953
image_134, 30, 1.6211861371994019, 0.442143052816391, 19.969501495361328
image_134, 30, 1.7090009450912476, 0.465972363948822, 20.96748924255371
image_134, 30, 1.7952827215194702, 0.48974767327308655, 21.965818405151367
image_134, 30, 1.8780325651168823, 0.5120843648910522, 22.964380264282227
image_134, 30, 1.9587785005569458, 0.5340558290481567, 23.962947845458984
image_134, 30, 2.0374269485473633, 0.5560343265533447, 24.96152687072754
image_134, 30, 2.114290475845337, 0.5770924687385559, 25.960248947143555
image_134, 30, 2.189066171646118, 0.5970739722251892, 26.959091186523438
image_134, 30, 2.2656443119049072, 0.6173192262649536, 27.957958221435547
image_134, 30, 2.3425564765930176, 0.6375160813331604, 28.956815719604492
image_134, 30, 2.421863317489624, 0.6582983732223511, 29.955612182617188
