Case_ID, Slide_ID, mae, mse, ssim
image_99, 1, 0.09238854795694351, 0.03286046162247658, 0.9974657893180847
image_99, 1, 0.17994709312915802, 0.062023866921663284, 1.99546217918396
image_99, 1, 0.26542213559150696, 0.0898285061120987, 2.9936275482177734
image_99, 1, 0.3531963527202606, 0.11896710097789764, 3.9915835857391357
image_99, 1, 0.439850389957428, 0.1478986144065857, 4.989535331726074
image_99, 1, 0.5272458791732788, 0.17781472206115723, 5.987337112426758
image_99, 1, 0.5755952596664429, 0.18713682889938354, 6.9866437911987305
image_99, 1, 0.630109429359436, 0.19892087578773499, 7.985734939575195
image_99, 1, 0.7126991748809814, 0.22485588490962982, 8.983837127685547
image_99, 1, 0.7972787618637085, 0.2517578601837158, 9.981910705566406
image_99, 1, 0.8830673098564148, 0.27970924973487854, 10.979826927185059
image_99, 1, 0.9690409302711487, 0.30706480145454407, 11.977792739868164
image_99, 1, 1.0561891794204712, 0.33538293838500977, 12.97557258605957
image_99, 1, 1.1445871591567993, 0.36438891291618347, 13.973368644714355
image_99, 1, 1.1830850839614868, 0.3695950508117676, 14.973021507263184
image_99, 1, 1.2248644828796387, 0.37578684091567993, 15.972537994384766
image_99, 1, 1.2676987648010254, 0.38268986344337463, 16.971986770629883
image_99, 1, 1.3104074001312256, 0.3889949917793274, 17.971481323242188
image_99, 1, 1.355375051498413, 0.3961987793445587, 18.970930099487305
image_99, 1, 1.397397518157959, 0.4024192988872528, 19.970439910888672
image_99, 1, 1.4365341663360596, 0.407949835062027, 20.970043182373047
image_99, 1, 1.475665807723999, 0.41349005699157715, 21.969635009765625
image_99, 1, 1.558956503868103, 0.4390600621700287, 22.967716217041016
image_99, 1, 1.5944621562957764, 0.4437723159790039, 23.96741485595703
image_99, 1, 1.6347073316574097, 0.4488752484321594, 24.96688461303711
image_99, 1, 1.7175278663635254, 0.47430771589279175, 25.9649658203125
image_99, 1, 1.8065224885940552, 0.5034996271133423, 26.96274757385254
image_99, 1, 1.8949743509292603, 0.5325673222541809, 27.9605712890625
image_99, 1, 1.9870402812957764, 0.5648419260978699, 28.957950592041016
image_99, 1, 2.07838773727417, 0.596373975276947, 29.9555606842041
image_77, 2, 0.09892837703227997, 0.038281116634607315, 0.996444582939148
image_77, 2, 0.19576925039291382, 0.07470549643039703, 1.9933252334594727
image_77, 2, 0.29348060488700867, 0.11182525753974915, 2.990159034729004
image_77, 2, 0.40113455057144165, 0.15757253766059875, 3.9857301712036133
image_77, 2, 0.5066558718681335, 0.20073513686656952, 4.981834411621094
image_77, 2, 0.6133538484573364, 0.24433904886245728, 5.9778265953063965
image_77, 2, 0.7128822207450867, 0.2806515395641327, 6.974867820739746
image_77, 2, 0.8105974197387695, 0.3155333995819092, 7.97199821472168
image_77, 2, 0.9168664813041687, 0.3569759130477905, 8.96821403503418
image_77, 2, 1.0197311639785767, 0.39632555842399597, 9.964654922485352
image_77, 2, 1.0716036558151245, 0.40826815366744995, 10.96337890625
image_77, 2, 1.1449356079101562, 0.4290795922279358, 11.961482048034668
image_77, 2, 1.1970025300979614, 0.44133782386779785, 12.960074424743652
image_77, 2, 1.249752402305603, 0.4527447521686554, 13.958895683288574
image_77, 2, 1.3231470584869385, 0.47333478927612305, 14.956777572631836
image_77, 2, 1.3710180521011353, 0.48252737522125244, 15.95582103729248
image_77, 2, 1.5332380533218384, 0.5871341228485107, 16.942012786865234
image_77, 2, 1.688969373703003, 0.6826934814453125, 17.929161071777344
image_77, 2, 1.8251729011535645, 0.7446705102920532, 18.919937133789062
image_77, 2, 1.9553998708724976, 0.7997405529022217, 19.911542892456055
image_77, 2, 2.085301399230957, 0.8574656844139099, 20.90297508239746
image_77, 2, 2.238884687423706, 0.9494540095329285, 21.890785217285156
image_77, 2, 2.3944783210754395, 1.047492265701294, 22.877653121948242
image_77, 2, 2.5472395420074463, 1.1392148733139038, 23.865530014038086
image_77, 2, 2.7076175212860107, 1.2344392538070679, 24.852689743041992
image_77, 2, 2.774275302886963, 1.2528352737426758, 25.851198196411133
image_77, 2, 2.8613176345825195, 1.2830557823181152, 26.84859848022461
image_77, 2, 2.9179036617279053, 1.2966228723526, 27.847455978393555
image_77, 2, 2.963132619857788, 1.3045566082000732, 28.84687042236328
image_77, 2, 3.0430099964141846, 1.3278788328170776, 29.84516716003418
image_150, 3, 0.09872379153966904, 0.03667239472270012, 0.9977777004241943
image_150, 3, 0.1963580995798111, 0.07217817008495331, 1.995657205581665
image_150, 3, 0.293507844209671, 0.10730430483818054, 2.9935741424560547
image_150, 3, 0.39024174213409424, 0.14281734824180603, 3.9912819862365723
image_150, 3, 0.48353078961372375, 0.17641544342041016, 4.989173889160156
image_150, 3, 0.5782997608184814, 0.21076440811157227, 5.9870734214782715
image_150, 3, 0.674849271774292, 0.24541953206062317, 6.98500394821167
image_150, 3, 0.7714202404022217, 0.27995309233665466, 7.982832431793213
image_150, 3, 0.8213831782341003, 0.2887989282608032, 8.982118606567383
image_150, 3, 0.8760206699371338, 0.2998092472553253, 9.981317520141602
image_150, 3, 0.9563277959823608, 0.3257494270801544, 10.979660987854004
image_150, 3, 0.9990573525428772, 0.33216002583503723, 11.979169845581055
image_150, 3, 1.0419329404830933, 0.3386590778827667, 12.978667259216309
image_150, 3, 1.087145209312439, 0.3460034728050232, 13.978078842163086
image_150, 3, 1.1343307495117188, 0.3541472554206848, 14.977438926696777
image_150, 3, 1.2291074991226196, 0.38789328932762146, 15.97526741027832
image_150, 3, 1.3233325481414795, 0.42090392112731934, 16.973148345947266
image_150, 3, 1.4149610996246338, 0.4520045518875122, 17.971071243286133
image_150, 3, 1.5036451816558838, 0.48140549659729004, 18.96916389465332
image_150, 3, 1.591698169708252, 0.5110480189323425, 19.967105865478516
image_150, 3, 1.6839250326156616, 0.543087363243103, 20.96475601196289
image_150, 3, 1.769804835319519, 0.5707978010177612, 21.9627742767334
image_150, 3, 1.8603229522705078, 0.6016318202018738, 22.96077537536621
image_150, 3, 1.9556193351745605, 0.6363201141357422, 23.958467483520508
image_150, 3, 1.9992094039916992, 0.6429515480995178, 24.957942962646484
image_150, 3, 2.039757490158081, 0.6486045718193054, 25.95754051208496
image_150, 3, 2.082932233810425, 0.6553105115890503, 26.957077026367188
image_150, 3, 2.124704360961914, 0.6616955995559692, 27.956636428833008
image_150, 3, 2.1681699752807617, 0.6685070991516113, 28.956192016601562
image_150, 3, 2.2142550945281982, 0.6760721206665039, 29.955713272094727
image_26, 4, 0.08648399263620377, 0.026870299130678177, 0.9980624318122864
image_26, 4, 0.17494480311870575, 0.0548851415514946, 1.9961880445480347
image_26, 4, 0.26612746715545654, 0.08492057770490646, 2.994048595428467
image_26, 4, 0.35963279008865356, 0.11660845577716827, 3.991623878479004
image_26, 4, 0.4518551826477051, 0.1463453471660614, 4.989450454711914
image_26, 4, 0.5420763492584229, 0.1744030863046646, 5.9874725341796875
image_26, 4, 0.6268537044525146, 0.1991576999425888, 6.985777378082275
image_26, 4, 0.7091265916824341, 0.22211645543575287, 7.984281539916992
image_26, 4, 0.787337064743042, 0.2432224005460739, 8.982870101928711
image_26, 4, 0.8607993125915527, 0.2620340585708618, 9.981626510620117
image_26, 4, 0.9054964184761047, 0.2687285542488098, 10.981046676635742
image_26, 4, 0.9517879486083984, 0.2759116291999817, 11.980304718017578
image_26, 4, 1.0378021001815796, 0.29984068870544434, 12.978702545166016
image_26, 4, 1.1019502878189087, 0.3126859664916992, 13.977106094360352
image_26, 4, 1.1682404279708862, 0.32684624195098877, 14.975353240966797
image_26, 4, 1.210689902305603, 0.3337821960449219, 15.974661827087402
image_26, 4, 1.2578948736190796, 0.34230488538742065, 16.973724365234375
image_26, 4, 1.3052043914794922, 0.3501538634300232, 17.972991943359375
image_26, 4, 1.3733834028244019, 0.36598941683769226, 18.971826553344727
image_26, 4, 1.4161770343780518, 0.37282878160476685, 19.97117042541504
image_26, 4, 1.4651267528533936, 0.38289085030555725, 20.97003746032715
image_26, 4, 1.5267421007156372, 0.39727792143821716, 21.968276977539062
image_26, 4, 1.59403657913208, 0.41352880001068115, 22.966644287109375
image_26, 4, 1.6581839323043823, 0.427944540977478, 23.9650821685791
image_26, 4, 1.7184419631958008, 0.44075387716293335, 24.963472366333008
image_26, 4, 1.7741445302963257, 0.4521027207374573, 25.96207618713379
image_26, 4, 1.8324403762817383, 0.46462324261665344, 26.960620880126953
image_26, 4, 1.8826735019683838, 0.4748794436454773, 27.959365844726562
image_26, 4, 1.9461108446121216, 0.48950567841529846, 28.957448959350586
image_26, 4, 2.0051069259643555, 0.5030824542045593, 29.955732345581055
image_51, 5, 0.08144312351942062, 0.025132548063993454, 0.9984873533248901
image_51, 5, 0.1655794382095337, 0.05188395828008652, 1.9967405796051025
image_51, 5, 0.2519700825214386, 0.07997868955135345, 2.9948019981384277
image_51, 5, 0.3373273015022278, 0.10747388005256653, 3.99298357963562
image_51, 5, 0.4258221983909607, 0.137272447347641, 4.99084997177124
image_51, 5, 0.5126439332962036, 0.1652696281671524, 5.989098072052002
image_51, 5, 0.6005169749259949, 0.19396033883094788, 6.987227916717529
image_51, 5, 0.6863661408424377, 0.22142818570137024, 7.985449314117432
image_51, 5, 0.7711440324783325, 0.2481127381324768, 8.983747482299805
image_51, 5, 0.8546921610832214, 0.27352452278137207, 9.982160568237305
image_51, 5, 0.9409412145614624, 0.3006424903869629, 10.98029613494873
image_51, 5, 0.9743603467941284, 0.30475807189941406, 11.980079650878906
image_51, 5, 1.0102652311325073, 0.30939337611198425, 12.979769706726074
image_51, 5, 1.0916756391525269, 0.33418434858322144, 13.977954864501953
image_51, 5, 1.1794883012771606, 0.36310020089149475, 14.975730895996094
image_51, 5, 1.2640217542648315, 0.3899915814399719, 15.97375202178955
image_51, 5, 1.3529361486434937, 0.4198320209980011, 16.971385955810547
image_51, 5, 1.443098783493042, 0.45060625672340393, 17.968656539916992
image_51, 5, 1.5314574241638184, 0.4803844392299652, 18.966045379638672
image_51, 5, 1.628503680229187, 0.5173233151435852, 19.962646484375
image_51, 5, 1.7137802839279175, 0.5449146628379822, 20.960718154907227
image_51, 5, 1.800703525543213, 0.5737410187721252, 21.958322525024414
image_51, 5, 1.883644700050354, 0.5996338725090027, 22.956212997436523
image_51, 5, 1.961909532546997, 0.6222178339958191, 23.954727172851562
image_51, 5, 2.044009208679199, 0.6469867825508118, 24.9530086517334
image_51, 5, 2.1286792755126953, 0.6736036539077759, 25.951038360595703
image_51, 5, 2.2154479026794434, 0.7022829651832581, 26.948732376098633
image_51, 5, 2.3013601303100586, 0.7305706739425659, 27.94649887084961
image_51, 5, 2.3914308547973633, 0.7619245052337646, 28.94379234313965
image_51, 5, 2.477473020553589, 0.7895265817642212, 29.94178581237793
image_82, 6, 0.08108203858137131, 0.024288445711135864, 0.998528003692627
image_82, 6, 0.1627494841814041, 0.04829912632703781, 1.9970643520355225
image_82, 6, 0.24453654885292053, 0.0723143070936203, 2.9955859184265137
image_82, 6, 0.3271743953227997, 0.09629005938768387, 3.9941179752349854
image_82, 6, 0.4105924665927887, 0.12060431391000748, 4.992622375488281
image_82, 6, 0.49322399497032166, 0.1443440020084381, 5.991249084472656
image_82, 6, 0.5770580768585205, 0.16846846044063568, 6.989814281463623
image_82, 6, 0.6598074436187744, 0.19180411100387573, 7.988370895385742
image_82, 6, 0.7427436709403992, 0.21537984907627106, 8.986841201782227
image_82, 6, 0.8283571004867554, 0.24009579420089722, 9.985257148742676
image_82, 6, 0.9141831398010254, 0.2651589810848236, 10.983543395996094
image_82, 6, 0.9974265098571777, 0.28924858570098877, 11.981969833374023
image_82, 6, 1.0788719654083252, 0.31299880146980286, 12.9804048538208
image_82, 6, 1.1613707542419434, 0.33771079778671265, 13.97871208190918
image_82, 6, 1.2457787990570068, 0.36344626545906067, 14.976874351501465
image_82, 6, 1.331703543663025, 0.3899836540222168, 15.97496223449707
image_82, 6, 1.4175055027008057, 0.4153732359409332, 16.97310447692871
image_82, 6, 1.4996381998062134, 0.4387274980545044, 17.971464157104492
image_82, 6, 1.541756272315979, 0.44446974992752075, 18.970888137817383
image_82, 6, 1.5909579992294312, 0.45252054929733276, 19.969999313354492
image_82, 6, 1.6766111850738525, 0.4783342778682709, 20.9681396484375
image_82, 6, 1.7625436782836914, 0.504647970199585, 21.966182708740234
image_82, 6, 1.8478440046310425, 0.531899631023407, 22.964014053344727
image_82, 6, 1.932303786277771, 0.5590433478355408, 23.961849212646484
image_82, 6, 2.016773223876953, 0.5859043002128601, 24.959728240966797
image_82, 6, 2.099198579788208, 0.6113097071647644, 25.957836151123047
image_82, 6, 2.181802988052368, 0.6371728777885437, 26.95587730407715
image_82, 6, 2.2621588706970215, 0.6619382500648499, 27.95404815673828
image_82, 6, 2.3424220085144043, 0.6874315738677979, 28.952133178710938
image_82, 6, 2.4215505123138428, 0.7116013765335083, 29.950429916381836
image_80, 7, 0.08377008885145187, 0.025867419317364693, 0.9984742999076843
image_80, 7, 0.16978329420089722, 0.052713993936777115, 1.9968763589859009
image_80, 7, 0.25646764039993286, 0.08026886731386185, 2.9951562881469727
image_80, 7, 0.3451448082923889, 0.10826525092124939, 3.9935789108276367
image_80, 7, 0.4354831576347351, 0.13706238567829132, 4.991936206817627
image_80, 7, 0.5239629149436951, 0.16436699032783508, 5.990458011627197
image_80, 7, 0.6108502149581909, 0.19050848484039307, 6.989084720611572
image_80, 7, 0.7002280354499817, 0.21841731667518616, 7.987487316131592
image_80, 7, 0.7913340330123901, 0.24757727980613708, 8.985735893249512
image_80, 7, 0.8808451294898987, 0.27579784393310547, 9.98409652709961
image_80, 7, 0.968848466873169, 0.303298681974411, 10.982495307922363
image_80, 7, 1.0111827850341797, 0.30855363607406616, 11.981926918029785
image_80, 7, 1.0526533126831055, 0.3135932385921478, 12.981369018554688
image_80, 7, 1.0888147354125977, 0.3175782561302185, 13.980995178222656
image_80, 7, 1.1285154819488525, 0.32253915071487427, 14.9805269241333
image_80, 7, 1.1660146713256836, 0.32723262906074524, 15.980120658874512
image_80, 7, 1.2507789134979248, 0.3536381423473358, 16.97824478149414
image_80, 7, 1.3294352293014526, 0.37637612223625183, 17.976699829101562
image_80, 7, 1.4106760025024414, 0.400146484375, 18.97484016418457
image_80, 7, 1.4915282726287842, 0.42363306879997253, 19.973068237304688
image_80, 7, 1.5741835832595825, 0.44788920879364014, 20.9715633392334
image_80, 7, 1.6569746732711792, 0.4726077914237976, 21.96989631652832
image_80, 7, 1.738652229309082, 0.49602705240249634, 22.968441009521484
image_80, 7, 1.7833446264266968, 0.5026989579200745, 23.967857360839844
image_80, 7, 1.8220696449279785, 0.507372260093689, 24.967409133911133
image_80, 7, 1.855088710784912, 0.510606586933136, 25.967121124267578
image_80, 7, 1.8983203172683716, 0.5161370038986206, 26.966541290283203
image_80, 7, 1.9837583303451538, 0.5415452718734741, 27.965097427368164
image_80, 7, 2.070213556289673, 0.5674610137939453, 28.96357536315918
image_80, 7, 2.1535282135009766, 0.5916132926940918, 29.962186813354492
image_1, 8, 0.0783763900399208, 0.022291943430900574, 0.9986963868141174
image_1, 8, 0.15560844540596008, 0.04374941438436508, 1.9974368810653687
image_1, 8, 0.23482976853847504, 0.06680436432361603, 2.995922565460205
image_1, 8, 0.31602007150650024, 0.09158588200807571, 3.9941678047180176
image_1, 8, 0.3958815932273865, 0.11517013609409332, 4.992588043212891
image_1, 8, 0.47293615341186523, 0.13659004867076874, 5.991283416748047
image_1, 8, 0.5346835851669312, 0.1503983736038208, 6.990458011627197
image_1, 8, 0.608150839805603, 0.16986364126205444, 7.989157676696777
image_1, 8, 0.6870349645614624, 0.1920221447944641, 8.987614631652832
image_1, 8, 0.7673985958099365, 0.21514178812503815, 9.985957145690918
image_1, 8, 0.8467187881469727, 0.23760345578193665, 10.984304428100586
image_1, 8, 0.8756634593009949, 0.2402915209531784, 11.984098434448242
image_1, 8, 0.9012835621833801, 0.24241389334201813, 12.983959197998047
image_1, 8, 0.9274362921714783, 0.2445136457681656, 13.983819007873535
image_1, 8, 0.9590935111045837, 0.2475658655166626, 14.983553886413574
image_1, 8, 0.992267906665802, 0.2511081397533417, 15.983258247375488
image_1, 8, 1.0646159648895264, 0.2698862850666046, 16.981870651245117
image_1, 8, 1.1198660135269165, 0.28120124340057373, 17.98103141784668
image_1, 8, 1.150753140449524, 0.2842745780944824, 18.98080825805664
image_1, 8, 1.1834394931793213, 0.2877886891365051, 19.98052215576172
image_1, 8, 1.2163267135620117, 0.29135575890541077, 20.980201721191406
image_1, 8, 1.2485896348953247, 0.294755756855011, 21.979883193969727
image_1, 8, 1.3240739107131958, 0.31479161977767944, 22.978487014770508
image_1, 8, 1.4024477005004883, 0.3366393446922302, 23.97689437866211
image_1, 8, 1.4829726219177246, 0.3601500988006592, 24.975210189819336
image_1, 8, 1.5674233436584473, 0.3853193521499634, 25.97334861755371
image_1, 8, 1.6527724266052246, 0.41153571009635925, 26.97127342224121
image_1, 8, 1.7312381267547607, 0.43302273750305176, 27.96982765197754
image_1, 8, 1.8111735582351685, 0.4553986191749573, 28.968276977539062
image_1, 8, 1.8865888118743896, 0.4752701222896576, 29.96707534790039
image_124, 9, 0.05578959733247757, 0.01219158060848713, 0.9991124868392944
image_124, 9, 0.13814958930015564, 0.03797216713428497, 1.9972681999206543
image_124, 9, 0.23085951805114746, 0.0689745843410492, 2.9951133728027344
image_124, 9, 0.32495713233947754, 0.10011812299489975, 3.9931514263153076
image_124, 9, 0.4196946620941162, 0.13107514381408691, 4.99125862121582
image_124, 9, 0.5130574703216553, 0.16130614280700684, 5.989471912384033
image_124, 9, 0.6095840930938721, 0.19353538751602173, 6.987271308898926
image_124, 9, 0.6672926545143127, 0.2054058015346527, 7.986287593841553
image_124, 9, 0.7260996103286743, 0.21798036992549896, 8.985119819641113
image_124, 9, 0.7776113152503967, 0.22821615636348724, 9.984264373779297
image_124, 9, 0.8352420926094055, 0.24075870215892792, 10.983173370361328
image_124, 9, 0.8931795358657837, 0.25328826904296875, 11.982044219970703
image_124, 9, 0.9574403762817383, 0.2679983079433441, 12.980639457702637
image_124, 9, 1.0162209272384644, 0.2806873619556427, 13.979497909545898
image_124, 9, 1.0717499256134033, 0.292086660861969, 14.97852611541748
image_124, 9, 1.1267642974853516, 0.3036823272705078, 15.977583885192871
image_124, 9, 1.1855506896972656, 0.3165566325187683, 16.97658348083496
image_124, 9, 1.282259225845337, 0.3494933843612671, 17.973936080932617
image_124, 9, 1.335897445678711, 0.3598092198371887, 18.973155975341797
image_124, 9, 1.3907181024551392, 0.37071800231933594, 19.972286224365234
image_124, 9, 1.4838733673095703, 0.40155547857284546, 20.969871520996094
image_124, 9, 1.5797542333602905, 0.4332720935344696, 21.967487335205078
image_124, 9, 1.6523758172988892, 0.45185166597366333, 22.96623420715332
image_124, 9, 1.7055177688598633, 0.4622669517993927, 23.96533966064453
image_124, 9, 1.7574574947357178, 0.4719402492046356, 24.964523315429688
image_124, 9, 1.811164140701294, 0.48232078552246094, 25.963603973388672
image_124, 9, 1.864969253540039, 0.4925293028354645, 26.962718963623047
image_124, 9, 1.9147443771362305, 0.5015646815299988, 27.961984634399414
image_124, 9, 1.9638073444366455, 0.5107070207595825, 28.96125602722168
image_124, 9, 2.0189037322998047, 0.5214855074882507, 29.9603271484375
image_65, 10, 0.06221003830432892, 0.016311459243297577, 0.9987761378288269
image_65, 10, 0.159101203083992, 0.054263219237327576, 1.9956190586090088
image_65, 10, 0.256513774394989, 0.0921608954668045, 2.992619514465332
image_65, 10, 0.3511009216308594, 0.12708713114261627, 3.990156650543213
image_65, 10, 0.4508335292339325, 0.16653341054916382, 4.986985206604004
image_65, 10, 0.5481781363487244, 0.20256783068180084, 5.984411716461182
image_65, 10, 0.6418633460998535, 0.2347511649131775, 6.982363700866699
image_65, 10, 0.7364603877067566, 0.26864680647850037, 7.979847431182861
image_65, 10, 0.8378154635429382, 0.308684766292572, 8.976295471191406
image_65, 10, 0.9321361780166626, 0.3417624831199646, 9.97394847869873
image_65, 10, 1.026772141456604, 0.3748666048049927, 10.971553802490234
image_65, 10, 1.067336916923523, 0.3804202675819397, 11.971024513244629
image_65, 10, 1.104936122894287, 0.3857547640800476, 12.970712661743164
image_65, 10, 1.194208025932312, 0.41491034626960754, 13.968563079833984
image_65, 10, 1.2885658740997314, 0.4475136995315552, 14.965993881225586
image_65, 10, 1.3615162372589111, 0.4685703217983246, 15.964351654052734
image_65, 10, 1.4354857206344604, 0.4915435016155243, 16.962465286254883
image_65, 10, 1.5441166162490845, 0.5367964506149292, 17.958242416381836
image_65, 10, 1.6481318473815918, 0.5772309303283691, 18.954572677612305
image_65, 10, 1.7470829486846924, 0.6136780381202698, 19.9512996673584
image_65, 10, 1.8192622661590576, 0.6347359418869019, 20.94915771484375
image_65, 10, 1.9202860593795776, 0.6743375062942505, 21.945512771606445
image_65, 10, 1.9677455425262451, 0.68257075548172, 22.944700241088867
image_65, 10, 2.010956048965454, 0.689838707447052, 23.94407844543457
image_65, 10, 2.059384346008301, 0.6995381116867065, 24.943199157714844
image_65, 10, 2.107755661010742, 0.7081406116485596, 25.94232749938965
image_65, 10, 2.1825942993164062, 0.7309364676475525, 26.940256118774414
image_65, 10, 2.2834348678588867, 0.7703580856323242, 27.93677520751953
image_65, 10, 2.379769802093506, 0.8073660731315613, 28.933626174926758
image_65, 10, 2.4723050594329834, 0.8419827818870544, 29.930566787719727
image_137, 11, 0.07984708249568939, 0.024137819185853004, 0.9983808994293213
image_137, 11, 0.1594495177268982, 0.04784974083304405, 1.996809482574463
image_137, 11, 0.2393215000629425, 0.0714285597205162, 2.99525785446167
image_137, 11, 0.322508305311203, 0.09616173803806305, 3.9936740398406982
image_137, 11, 0.4055119752883911, 0.12027127295732498, 4.992190837860107
image_137, 11, 0.4898189902305603, 0.1447187066078186, 5.990715503692627
image_137, 11, 0.5739279985427856, 0.1686648428440094, 6.989311695098877
image_137, 11, 0.6594016551971436, 0.1936120241880417, 7.987767219543457
image_137, 11, 0.7455059885978699, 0.21904811263084412, 8.98611068725586
image_137, 11, 0.8052815198898315, 0.23016582429409027, 9.98510456085205
image_137, 11, 0.8552964925765991, 0.23769573867321014, 10.984406471252441
image_137, 11, 0.9059213995933533, 0.24530468881130219, 11.983670234680176
image_137, 11, 0.9639055132865906, 0.2551790177822113, 12.982633590698242
image_137, 11, 1.0544322729110718, 0.2827762961387634, 13.980597496032715
image_137, 11, 1.1325781345367432, 0.3004152774810791, 14.978198051452637
image_137, 11, 1.196060299873352, 0.312519371509552, 15.976664543151855
image_137, 11, 1.2461426258087158, 0.32037273049354553, 16.97578239440918
image_137, 11, 1.3062074184417725, 0.33154061436653137, 17.974397659301758
image_137, 11, 1.3668954372406006, 0.34283149242401123, 18.972972869873047
image_137, 11, 1.4243210554122925, 0.35274097323417664, 19.971738815307617
image_137, 11, 1.4748008251190186, 0.3604963421821594, 20.970842361450195
image_137, 11, 1.5315593481063843, 0.3699372410774231, 21.96967315673828
image_137, 11, 1.614802360534668, 0.39450597763061523, 22.967947006225586
image_137, 11, 1.6980642080307007, 0.42018142342567444, 23.966089248657227
image_137, 11, 1.775431513786316, 0.44246208667755127, 24.964458465576172
image_137, 11, 1.8424606323242188, 0.4566037058830261, 25.96295928955078
image_137, 11, 1.9299049377441406, 0.4824748635292053, 26.961254119873047
image_137, 11, 2.018975257873535, 0.5087948441505432, 27.959548950195312
image_137, 11, 2.10884690284729, 0.5352033972740173, 28.957908630371094
image_137, 11, 2.1980762481689453, 0.5613727569580078, 29.956268310546875
image_14, 12, 0.08260411024093628, 0.027480129152536392, 0.9981890916824341
image_14, 12, 0.1709219217300415, 0.05869419500231743, 1.9960886240005493
image_14, 12, 0.2622477412223816, 0.09248585999011993, 2.993586540222168
image_14, 12, 0.35096025466918945, 0.12497124075889587, 3.9912164211273193
image_14, 12, 0.4350593090057373, 0.1533537209033966, 4.989348888397217
image_14, 12, 0.5235773921012878, 0.1840651035308838, 5.987252235412598
image_14, 12, 0.6182802319526672, 0.21957552433013916, 6.984565258026123
image_14, 12, 0.705143928527832, 0.24930641055107117, 7.982622146606445
image_14, 12, 0.79123455286026, 0.2789205312728882, 8.980517387390137
image_14, 12, 0.8758779764175415, 0.3063991367816925, 9.978727340698242
image_14, 12, 0.9057519435882568, 0.3097549378871918, 10.978545188903809
image_14, 12, 0.9356199502944946, 0.3131324350833893, 11.978376388549805
image_14, 12, 0.9664610624313354, 0.3166516423225403, 12.978196144104004
image_14, 12, 1.0470906496047974, 0.34185492992401123, 13.976287841796875
image_14, 12, 1.1333372592926025, 0.370147705078125, 14.974199295043945
image_14, 12, 1.2310937643051147, 0.4080365002155304, 15.970613479614258
image_14, 12, 1.3232522010803223, 0.44144827127456665, 16.967697143554688
image_14, 12, 1.4127025604248047, 0.47200971841812134, 17.96531867980957
image_14, 12, 1.5033493041992188, 0.5037930607795715, 18.96261215209961
image_14, 12, 1.5468237400054932, 0.5105236768722534, 19.962160110473633
image_14, 12, 1.6365966796875, 0.5414656400680542, 20.959646224975586
image_14, 12, 1.7304409742355347, 0.5763021111488342, 21.95661735534668
image_14, 12, 1.8159726858139038, 0.604651153087616, 22.954635620117188
image_14, 12, 1.8974274396896362, 0.630423367023468, 23.95285415649414
image_14, 12, 1.9801404476165771, 0.6561416387557983, 24.951122283935547
image_14, 12, 2.027519941329956, 0.6647519469261169, 25.9505558013916
image_14, 12, 2.1162912845611572, 0.6948912739753723, 26.94831085205078
image_14, 12, 2.204267740249634, 0.7243466377258301, 27.94617462158203
image_14, 12, 2.294394016265869, 0.7554975152015686, 28.943931579589844
image_14, 12, 2.385141611099243, 0.787160336971283, 29.941633224487305
image_68, 13, 0.0786980539560318, 0.023028824478387833, 0.9983925223350525
image_68, 13, 0.16057340800762177, 0.047716643661260605, 1.9966309070587158
image_68, 13, 0.2438669353723526, 0.07316724210977554, 2.9948720932006836
image_68, 13, 0.32784342765808105, 0.09932735562324524, 3.9930500984191895
image_68, 13, 0.4095465838909149, 0.12340113520622253, 4.991567611694336
image_68, 13, 0.49100545048713684, 0.14726221561431885, 5.990004062652588
image_68, 13, 0.5689828991889954, 0.1700347661972046, 6.9883317947387695
image_68, 13, 0.6494032144546509, 0.19445592164993286, 7.986562252044678
image_68, 13, 0.7258678078651428, 0.21643568575382233, 8.985103607177734
image_68, 13, 0.8022475242614746, 0.2376604527235031, 9.983725547790527
image_68, 13, 0.8789896368980408, 0.25932955741882324, 10.982254028320312
image_68, 13, 0.913023054599762, 0.2630821764469147, 11.98190689086914
image_68, 13, 0.9549775123596191, 0.26869598031044006, 12.981302261352539
image_68, 13, 0.9864982962608337, 0.2720719873905182, 13.981029510498047
image_68, 13, 1.0265635251998901, 0.27748340368270874, 14.980473518371582
image_68, 13, 1.0660295486450195, 0.2828115224838257, 15.97993278503418
image_68, 13, 1.1010288000106812, 0.2871352732181549, 16.979578018188477
image_68, 13, 1.13754403591156, 0.2917722463607788, 17.979225158691406
image_68, 13, 1.1711342334747314, 0.2955167889595032, 18.978927612304688
image_68, 13, 1.2056177854537964, 0.29962751269340515, 19.97859764099121
image_68, 13, 1.237897276878357, 0.30329200625419617, 20.97833251953125
image_68, 13, 1.2718156576156616, 0.3074365258216858, 21.977989196777344
image_68, 13, 1.3532510995864868, 0.3312627971172333, 22.97635269165039
image_68, 13, 1.4340060949325562, 0.3550936281681061, 23.974679946899414
image_68, 13, 1.5124057531356812, 0.3774949014186859, 24.973201751708984
image_68, 13, 1.5926719903945923, 0.4017215967178345, 25.971439361572266
image_68, 13, 1.6754497289657593, 0.4281189739704132, 26.969371795654297
image_68, 13, 1.7563968896865845, 0.4542219042778015, 27.967214584350586
image_68, 13, 1.8321067094802856, 0.4761905372142792, 28.965755462646484
image_68, 13, 1.9127928018569946, 0.49985039234161377, 29.96416473388672
image_96, 14, 0.0842365026473999, 0.026987994089722633, 0.9979350566864014
image_96, 14, 0.1636841744184494, 0.050996363162994385, 1.9962899684906006
image_96, 14, 0.24859870970249176, 0.07847003638744354, 2.994119167327881
image_96, 14, 0.3341207206249237, 0.10612509399652481, 3.991995334625244
image_96, 14, 0.4150618314743042, 0.1302303671836853, 4.990382194519043
image_96, 14, 0.4960624575614929, 0.15428951382637024, 5.988768100738525
image_96, 14, 0.5781405568122864, 0.17873796820640564, 6.987042427062988
image_96, 14, 0.6609561443328857, 0.20322833955287933, 7.985230922698975
image_96, 14, 0.7441568374633789, 0.22784024477005005, 8.983413696289062
image_96, 14, 0.8311827778816223, 0.2546424865722656, 9.981454849243164
image_96, 14, 0.9197052717208862, 0.28345388174057007, 10.979084014892578
image_96, 14, 1.0048595666885376, 0.311333030462265, 11.976555824279785
image_96, 14, 1.102170705795288, 0.3472077548503876, 12.972987174987793
image_96, 14, 1.1405695676803589, 0.352395236492157, 13.972480773925781
image_96, 14, 1.1825740337371826, 0.35787105560302734, 14.971900939941406
image_96, 14, 1.2217366695404053, 0.3629662096500397, 15.971405029296875
image_96, 14, 1.2605260610580444, 0.3689458668231964, 16.970840454101562
image_96, 14, 1.2979084253311157, 0.37417376041412354, 17.970396041870117
image_96, 14, 1.339036226272583, 0.3808690309524536, 18.96976661682129
image_96, 14, 1.3784533739089966, 0.38690415024757385, 19.969205856323242
image_96, 14, 1.4343667030334473, 0.39909425377845764, 20.968320846557617
image_96, 14, 1.5212466716766357, 0.4286852478981018, 21.965486526489258
image_96, 14, 1.5898056030273438, 0.4476262629032135, 22.96399688720703
image_96, 14, 1.635033369064331, 0.45589256286621094, 23.96331787109375
image_96, 14, 1.6816715002059937, 0.46464309096336365, 24.962547302246094
image_96, 14, 1.7209736108779907, 0.47122690081596375, 25.9619197845459
image_96, 14, 1.7929754257202148, 0.4917756915092468, 26.959936141967773
image_96, 14, 1.8785247802734375, 0.5198713541030884, 27.957258224487305
image_96, 14, 1.959729790687561, 0.5459368228912354, 28.95472526550293
image_96, 14, 2.0503687858581543, 0.5772976875305176, 29.951841354370117
image_27, 15, 0.08860670775175095, 0.03104388900101185, 0.9979233145713806
image_27, 15, 0.17828044295310974, 0.06346522271633148, 1.9955670833587646
image_27, 15, 0.2689875364303589, 0.09597437083721161, 2.99338960647583
image_27, 15, 0.3627931475639343, 0.13081617653369904, 3.9908318519592285
image_27, 15, 0.4589535892009735, 0.16906677186489105, 4.9876790046691895
image_27, 15, 0.5536455512046814, 0.20426054298877716, 5.985154628753662
image_27, 15, 0.64824378490448, 0.23900139331817627, 6.98272705078125
image_27, 15, 0.7458918690681458, 0.2758556306362152, 7.979953289031982
image_27, 15, 0.8404003381729126, 0.31014683842658997, 8.977560043334961
image_27, 15, 0.9342543482780457, 0.3434075713157654, 9.97532844543457
image_27, 15, 1.0316376686096191, 0.3803783357143402, 10.972516059875488
image_27, 15, 1.1300958395004272, 0.4178358316421509, 11.969592094421387
image_27, 15, 1.2237849235534668, 0.45107966661453247, 12.967330932617188
image_27, 15, 1.2622538805007935, 0.45728275179862976, 13.966986656188965
image_27, 15, 1.353712558746338, 0.4897488057613373, 14.964722633361816
image_27, 15, 1.4489314556121826, 0.5255952477455139, 15.961981773376465
image_27, 15, 1.545466423034668, 0.5647761225700378, 16.958690643310547
image_27, 15, 1.6371476650238037, 0.5989022254943848, 17.956045150756836
image_27, 15, 1.7254647016525269, 0.6308216452598572, 18.95356559753418
image_27, 15, 1.8101074695587158, 0.6596348881721497, 19.951339721679688
image_27, 15, 1.8561906814575195, 0.6674672961235046, 20.95089340209961
image_27, 15, 1.9548285007476807, 0.7061535716056824, 21.947946548461914
image_27, 15, 2.0185091495513916, 0.723337709903717, 22.946718215942383
image_27, 15, 2.1076016426086426, 0.7539871335029602, 23.94463348388672
image_27, 15, 2.1969637870788574, 0.7849075198173523, 24.942394256591797
image_27, 15, 2.2311630249023438, 0.7894169688224792, 25.942115783691406
image_27, 15, 2.3216240406036377, 0.8204697966575623, 26.93994140625
image_27, 15, 2.41473388671875, 0.8541430234909058, 27.937456130981445
image_27, 15, 2.506166458129883, 0.8867683410644531, 28.935184478759766
image_27, 15, 2.5975849628448486, 0.9190053939819336, 29.933059692382812
image_79, 16, 0.10066863894462585, 0.04230628162622452, 0.9963540434837341
image_79, 16, 0.1449987292289734, 0.050168268382549286, 1.9955710172653198
image_79, 16, 0.19082286953926086, 0.05951077491044998, 2.994791269302368
image_79, 16, 0.2912790775299072, 0.10059782862663269, 3.991523265838623
image_79, 16, 0.39375704526901245, 0.14295752346515656, 4.9880828857421875
image_79, 16, 0.4947614073753357, 0.18322791159152985, 5.985081672668457
image_79, 16, 0.5548726916313171, 0.1983342468738556, 6.983978271484375
image_79, 16, 0.6537728905677795, 0.23694540560245514, 7.981066703796387
image_79, 16, 0.7549145817756653, 0.2777434289455414, 8.97778606414795
image_79, 16, 0.8511752486228943, 0.3141680359840393, 9.975153923034668
image_79, 16, 0.9489439129829407, 0.35224607586860657, 10.972293853759766
image_79, 16, 1.0419268608093262, 0.3870711326599121, 11.969697952270508
image_79, 16, 1.095913290977478, 0.3994894027709961, 12.968791007995605
image_79, 16, 1.190163493156433, 0.4352967441082001, 13.965788841247559
image_79, 16, 1.2862224578857422, 0.472417950630188, 14.962780952453613
image_79, 16, 1.380768895149231, 0.5087396502494812, 15.960074424743652
image_79, 16, 1.4745206832885742, 0.5456273555755615, 16.957218170166016
image_79, 16, 1.5331223011016846, 0.5603753328323364, 17.956064224243164
image_79, 16, 1.582328200340271, 0.5694185495376587, 18.95536231994629
image_79, 16, 1.632293462753296, 0.5789920091629028, 19.95459747314453
image_79, 16, 1.6824222803115845, 0.5887854099273682, 20.953859329223633
image_79, 16, 1.742447018623352, 0.6037240028381348, 21.952821731567383
image_79, 16, 1.8336023092269897, 0.6368537545204163, 22.950435638427734
image_79, 16, 1.8727295398712158, 0.6424086093902588, 23.950115203857422
image_79, 16, 1.9185740947723389, 0.6511052846908569, 24.949508666992188
image_79, 16, 1.9607466459274292, 0.6581305861473083, 25.94891357421875
image_79, 16, 2.054091453552246, 0.6919077634811401, 26.94654083251953
image_79, 16, 2.1450376510620117, 0.7243263721466064, 27.944232940673828
image_79, 16, 2.2370951175689697, 0.757779061794281, 28.941631317138672
image_79, 16, 2.331218957901001, 0.7921873331069946, 29.93923568725586
image_50, 17, 0.07779239863157272, 0.022356608882546425, 0.9987106919288635
image_50, 17, 0.15622085332870483, 0.044855765998363495, 1.9973245859146118
image_50, 17, 0.24116410315036774, 0.07157400250434875, 2.995354175567627
image_50, 17, 0.3242895007133484, 0.09660512208938599, 3.993638277053833
image_50, 17, 0.4041616916656494, 0.11947277188301086, 4.992208957672119
image_50, 17, 0.4848037362098694, 0.14298845827579498, 5.990691184997559
image_50, 17, 0.567476749420166, 0.16776250302791595, 6.988972187042236
image_50, 17, 0.6497207283973694, 0.19194307923316956, 7.987209320068359
image_50, 17, 0.7350245118141174, 0.21821311116218567, 8.985167503356934
image_50, 17, 0.8192906379699707, 0.2435278296470642, 9.983304977416992
image_50, 17, 0.8510876297950745, 0.24720485508441925, 10.983034133911133
image_50, 17, 0.885269284248352, 0.2514372169971466, 11.982686042785645
image_50, 17, 0.9198797941207886, 0.2557271122932434, 12.982327461242676
image_50, 17, 0.9557009935379028, 0.26036861538887024, 13.981929779052734
image_50, 17, 0.9902198910713196, 0.26467350125312805, 14.981588363647461
image_50, 17, 1.0257489681243896, 0.2691275477409363, 15.98127269744873
image_50, 17, 1.1073591709136963, 0.293741375207901, 16.97951889038086
image_50, 17, 1.1880717277526855, 0.3168935179710388, 17.977785110473633
image_50, 17, 1.2298734188079834, 0.3228410482406616, 18.97724151611328
image_50, 17, 1.264946460723877, 0.32706496119499207, 19.976919174194336
image_50, 17, 1.308671236038208, 0.3338269591331482, 20.97626304626465
image_50, 17, 1.3863942623138428, 0.35656988620758057, 21.974496841430664
image_50, 17, 1.4188892841339111, 0.3602451682090759, 22.974201202392578
image_50, 17, 1.4495002031326294, 0.3635692298412323, 23.973955154418945
image_50, 17, 1.528501033782959, 0.38598233461380005, 24.97237777709961
image_50, 17, 1.6067503690719604, 0.40836626291275024, 25.97081756591797
image_50, 17, 1.676727056503296, 0.4263586103916168, 26.969528198242188
image_50, 17, 1.753357172012329, 0.44775792956352234, 27.967954635620117
image_50, 17, 1.833699107170105, 0.47105535864830017, 28.966266632080078
image_50, 17, 1.9156639575958252, 0.49568885564804077, 29.964462280273438
image_128, 18, 0.08367561548948288, 0.02585439383983612, 0.9982344508171082
image_128, 18, 0.17475420236587524, 0.056391410529613495, 1.9959890842437744
image_128, 18, 0.2630594074726105, 0.08416188508272171, 2.994155168533325
image_128, 18, 0.35010015964508057, 0.11224643886089325, 3.9921393394470215
image_128, 18, 0.4307425618171692, 0.1367466151714325, 4.990501880645752
image_128, 18, 0.47968918085098267, 0.1458015739917755, 5.989936828613281
image_128, 18, 0.5269438624382019, 0.15426626801490784, 6.98939323425293
image_128, 18, 0.5675961971282959, 0.160039022564888, 7.988999366760254
image_128, 18, 0.6028013229370117, 0.16442669928073883, 8.988712310791016
image_128, 18, 0.6365846395492554, 0.1684487760066986, 9.988462448120117
image_128, 18, 0.6684959530830383, 0.17221951484680176, 10.988222122192383
image_128, 18, 0.7000988125801086, 0.17593662440776825, 11.987969398498535
image_128, 18, 0.7304685711860657, 0.17904028296470642, 12.987759590148926
image_128, 18, 0.7622067928314209, 0.18244624137878418, 13.98751163482666
image_128, 18, 0.7946802973747253, 0.18614190816879272, 14.98724365234375
image_128, 18, 0.8302534818649292, 0.19051292538642883, 15.98690128326416
image_128, 18, 0.8699626326560974, 0.19604049623012543, 16.98638916015625
image_128, 18, 0.9042704701423645, 0.20017704367637634, 17.9860782623291
image_128, 18, 0.9401252269744873, 0.2047434002161026, 18.985713958740234
image_128, 18, 0.974338948726654, 0.20875969529151917, 19.985395431518555
image_128, 18, 1.0119738578796387, 0.2136964499950409, 20.984962463378906
image_128, 18, 1.0465396642684937, 0.21791879832744598, 21.984638214111328
image_128, 18, 1.0786657333374023, 0.22146929800510406, 22.984384536743164
image_128, 18, 1.118198275566101, 0.22666850686073303, 23.983901977539062
image_128, 18, 1.1478588581085205, 0.22973677515983582, 24.98369789123535
image_128, 18, 1.1927958726882935, 0.23724614083766937, 25.982885360717773
image_128, 18, 1.23308527469635, 0.24266664683818817, 26.982284545898438
image_128, 18, 1.2695341110229492, 0.24753794074058533, 27.98183250427246
image_128, 18, 1.3342370986938477, 0.2648921012878418, 28.980012893676758
image_128, 18, 1.4355225563049316, 0.30459415912628174, 29.976154327392578
image_119, 19, 0.08684036880731583, 0.027362274006009102, 0.9983565211296082
image_119, 19, 0.1760421097278595, 0.056687965989112854, 1.9965472221374512
image_119, 19, 0.26551729440689087, 0.0871720016002655, 2.9944844245910645
image_119, 19, 0.35133659839630127, 0.11562266200780869, 3.992509126663208
image_119, 19, 0.4373653829097748, 0.14491963386535645, 4.9902777671813965
image_119, 19, 0.5234336853027344, 0.17302577197551727, 5.988361358642578
image_119, 19, 0.6165300011634827, 0.20550911128520966, 6.986051559448242
image_119, 19, 0.7098878622055054, 0.23791289329528809, 7.983772277832031
image_119, 19, 0.8000108003616333, 0.26870936155319214, 8.981598854064941
image_119, 19, 0.889262318611145, 0.2993484437465668, 9.979414939880371
image_119, 19, 0.9770790934562683, 0.3278038501739502, 10.977444648742676
image_119, 19, 1.0124990940093994, 0.3319484293460846, 11.97716236114502
image_119, 19, 1.0486146211624146, 0.33635514974594116, 12.97685432434082
image_119, 19, 1.090596318244934, 0.34223899245262146, 13.976397514343262
image_119, 19, 1.131469964981079, 0.34810760617256165, 14.97596263885498
image_119, 19, 1.1685007810592651, 0.35307520627975464, 15.975624084472656
image_119, 19, 1.20579993724823, 0.35796087980270386, 16.975278854370117
image_119, 19, 1.2461628913879395, 0.36360281705856323, 17.97484016418457
image_119, 19, 1.2865897417068481, 0.36944344639778137, 18.974403381347656
image_119, 19, 1.3276574611663818, 0.3754563331604004, 19.973966598510742
image_119, 19, 1.3658242225646973, 0.3808368146419525, 20.973615646362305
image_119, 19, 1.4045579433441162, 0.38630416989326477, 21.973268508911133
image_119, 19, 1.442601203918457, 0.39131462574005127, 22.97294807434082
image_119, 19, 1.483826756477356, 0.3971133232116699, 23.972505569458008
image_119, 19, 1.5219509601593018, 0.40200912952423096, 24.972164154052734
image_119, 19, 1.5604181289672852, 0.40700265765190125, 25.97180938720703
image_119, 19, 1.5938953161239624, 0.41094765067100525, 26.971567153930664
image_119, 19, 1.6863538026809692, 0.4432315230369568, 27.96913719177246
image_119, 19, 1.7770874500274658, 0.47454017400741577, 28.96685791015625
image_119, 19, 1.8650754690170288, 0.5048511028289795, 29.96459197998047
image_103, 20, 0.08578083664178848, 0.02748640812933445, 0.9982396960258484
image_103, 20, 0.17287129163742065, 0.055861808359622955, 1.996305227279663
image_103, 20, 0.25850558280944824, 0.08317457139492035, 2.9944748878479004
image_103, 20, 0.3424713611602783, 0.10916713625192642, 3.9927968978881836
image_103, 20, 0.42503607273101807, 0.1340997964143753, 4.991273880004883
image_103, 20, 0.5063418745994568, 0.15818126499652863, 5.989861965179443
image_103, 20, 0.5925155878067017, 0.18585550785064697, 6.987916469573975
image_103, 20, 0.6746642589569092, 0.210820734500885, 7.98621940612793
image_103, 20, 0.75608229637146, 0.23495323956012726, 8.98469066619873
image_103, 20, 0.8379982113838196, 0.2605251371860504, 9.982909202575684
image_103, 20, 0.9182978868484497, 0.2849210202693939, 10.981245040893555
image_103, 20, 0.9917128086090088, 0.30489015579223633, 11.979942321777344
image_103, 20, 1.0733318328857422, 0.32907405495643616, 12.978292465209961
image_103, 20, 1.1558126211166382, 0.35363245010375977, 13.976566314697266
image_103, 20, 1.2413146495819092, 0.38007572293281555, 14.974713325500488
image_103, 20, 1.332849383354187, 0.41115596890449524, 15.972268104553223
image_103, 20, 1.4223675727844238, 0.44174736738204956, 16.96965789794922
image_103, 20, 1.5070573091506958, 0.469612717628479, 17.967100143432617
image_103, 20, 1.5559636354446411, 0.47840067744255066, 18.966455459594727
image_103, 20, 1.599051833152771, 0.4847663938999176, 19.965974807739258
image_103, 20, 1.6863282918930054, 0.5126529335975647, 20.963747024536133
image_103, 20, 1.7712167501449585, 0.5377353429794312, 21.96190643310547
image_103, 20, 1.8564001321792603, 0.5631362795829773, 22.959972381591797
image_103, 20, 1.912939429283142, 0.5745939612388611, 23.959218978881836
image_103, 20, 1.996882438659668, 0.6005112528800964, 24.957223892211914
image_103, 20, 2.0871784687042236, 0.6317512392997742, 25.954524993896484
image_103, 20, 2.1724743843078613, 0.6586605906486511, 26.952566146850586
image_103, 20, 2.251408815383911, 0.6819614768028259, 27.951040267944336
image_103, 20, 2.332120418548584, 0.7066272497177124, 28.949481964111328
image_103, 20, 2.4150474071502686, 0.7326558828353882, 29.947782516479492
image_24, 21, 0.09716057032346725, 0.03726576641201973, 0.9972683787345886
image_24, 21, 0.18808722496032715, 0.07068401575088501, 1.9947524070739746
image_24, 21, 0.2862597107887268, 0.11008935421705246, 2.9915153980255127
image_24, 21, 0.38376080989837646, 0.1474396139383316, 3.9888803958892822
image_24, 21, 0.48504897952079773, 0.18798188865184784, 4.9859771728515625
image_24, 21, 0.5898987650871277, 0.23223662376403809, 5.9824137687683105
image_24, 21, 0.6921170353889465, 0.27224379777908325, 6.979607582092285
image_24, 21, 0.7914024591445923, 0.3102884888648987, 7.9769792556762695
image_24, 21, 0.8880318403244019, 0.3458441495895386, 8.974682807922363
image_24, 21, 0.9853362441062927, 0.3826417922973633, 9.972041130065918
image_24, 21, 1.0805741548538208, 0.4176349937915802, 10.969642639160156
image_24, 21, 1.1138359308242798, 0.42182040214538574, 11.969436645507812
image_24, 21, 1.1482453346252441, 0.4263470768928528, 12.969210624694824
image_24, 21, 1.1829407215118408, 0.4310963749885559, 13.96895980834961
image_24, 21, 1.222955346107483, 0.437665194272995, 14.968584060668945
image_24, 21, 1.2706443071365356, 0.4469321370124817, 15.967918395996094
image_24, 21, 1.3148610591888428, 0.4542071223258972, 16.96748161315918
image_24, 21, 1.4040415287017822, 0.4856607913970947, 17.965408325195312
image_24, 21, 1.4718749523162842, 0.5041879415512085, 18.964187622070312
image_24, 21, 1.5375953912734985, 0.5217600464820862, 19.963043212890625
image_24, 21, 1.5778331756591797, 0.5278145670890808, 20.962705612182617
image_24, 21, 1.6171073913574219, 0.5338592529296875, 21.962360382080078
image_24, 21, 1.6521414518356323, 0.5386613607406616, 22.962100982666016
image_24, 21, 1.686792016029358, 0.5434785485267639, 23.96184539794922
image_24, 21, 1.7214837074279785, 0.5484792590141296, 24.96153450012207
image_24, 21, 1.8170493841171265, 0.5838911533355713, 25.959138870239258
image_24, 21, 1.9130613803863525, 0.6194552183151245, 26.95671844482422
image_24, 21, 2.006242036819458, 0.6536214351654053, 27.954330444335938
image_24, 21, 2.093064546585083, 0.6837890148162842, 28.952362060546875
image_24, 21, 2.184100866317749, 0.7171614766120911, 29.949968338012695
image_143, 22, 0.08675479143857956, 0.02727292850613594, 0.9982609748840332
image_143, 22, 0.17078617215156555, 0.05299980565905571, 1.9966578483581543
image_143, 22, 0.2518374025821686, 0.07687173783779144, 2.9951610565185547
image_143, 22, 0.3391314148902893, 0.1039634421467781, 3.9935548305511475
image_143, 22, 0.4265637695789337, 0.13128094375133514, 4.991936206817627
image_143, 22, 0.5143130421638489, 0.1588575690984726, 5.990310192108154
image_143, 22, 0.5997534394264221, 0.18511374294757843, 6.988789081573486
image_143, 22, 0.6857510805130005, 0.21118806302547455, 7.987285614013672
image_143, 22, 0.7724783420562744, 0.23793399333953857, 8.985672950744629
image_143, 22, 0.8612862229347229, 0.26533108949661255, 9.984098434448242
image_143, 22, 0.9486947655677795, 0.2919517755508423, 10.982606887817383
image_143, 22, 0.985122799873352, 0.296139657497406, 11.98227596282959
image_143, 22, 1.0235835313796997, 0.30077478289604187, 12.981929779052734
image_143, 22, 1.111958384513855, 0.32760903239250183, 13.980320930480957
image_143, 22, 1.1986643075942993, 0.35438382625579834, 14.978631019592285
image_143, 22, 1.2385308742523193, 0.35979992151260376, 15.978204727172852
image_143, 22, 1.2777773141860962, 0.36497631669044495, 16.977802276611328
image_143, 22, 1.346201777458191, 0.3818725347518921, 17.97665023803711
image_143, 22, 1.4229289293289185, 0.4045342206954956, 18.974756240844727
image_143, 22, 1.5006554126739502, 0.42750751972198486, 19.973045349121094
image_143, 22, 1.5877904891967773, 0.45592308044433594, 20.970951080322266
image_143, 22, 1.6334466934204102, 0.46268430352211, 21.970373153686523
image_143, 22, 1.6827703714370728, 0.47045403718948364, 22.969646453857422
image_143, 22, 1.733699083328247, 0.4785844385623932, 23.968786239624023
image_143, 22, 1.7727470397949219, 0.48347654938697815, 24.96836280822754
image_143, 22, 1.8075008392333984, 0.4874291718006134, 25.968074798583984
image_143, 22, 1.8947110176086426, 0.513645589351654, 26.96660804748535
image_143, 22, 1.9812686443328857, 0.5401710867881775, 27.965024948120117
image_143, 22, 2.0668957233428955, 0.5657929182052612, 28.96353530883789
image_143, 22, 2.1369025707244873, 0.5831138491630554, 29.962491989135742
image_12, 23, 0.10793812572956085, 0.036643143743276596, 0.9973921775817871
image_12, 23, 0.22421030700206757, 0.07617862522602081, 1.9944610595703125
image_12, 23, 0.33777254819869995, 0.11555047333240509, 2.9916789531707764
image_12, 23, 0.38861775398254395, 0.12184145301580429, 3.9912729263305664
image_12, 23, 0.47844648361206055, 0.13784848153591156, 4.990232467651367
image_12, 23, 0.5983650088310242, 0.17395129799842834, 5.987868785858154
image_12, 23, 0.7176854610443115, 0.20831207931041718, 6.985730171203613
image_12, 23, 0.8281508088111877, 0.24077501893043518, 7.983829975128174
image_12, 23, 0.9604969024658203, 0.27415478229522705, 8.981690406799316
image_12, 23, 1.066076636314392, 0.30508047342300415, 9.97972297668457
image_12, 23, 1.1785109043121338, 0.34285593032836914, 10.97681999206543
image_12, 23, 1.2788902521133423, 0.3747726082801819, 11.974472999572754
image_12, 23, 1.38070809841156, 0.40400999784469604, 12.972407341003418
image_12, 23, 1.4848530292510986, 0.43958917260169983, 13.969806671142578
image_12, 23, 1.60016667842865, 0.47474002838134766, 14.967347145080566
image_12, 23, 1.7218525409698486, 0.5128337144851685, 15.964509010314941
image_12, 23, 1.8400958776474, 0.5521504878997803, 16.961593627929688
image_12, 23, 1.9323716163635254, 0.5773990154266357, 17.95995330810547
image_12, 23, 2.038039207458496, 0.6116436719894409, 18.95726776123047
image_12, 23, 2.1504335403442383, 0.6478922963142395, 19.954692840576172
image_12, 23, 2.2844784259796143, 0.6863885521888733, 20.951852798461914
image_12, 23, 2.409252405166626, 0.7228388786315918, 21.949203491210938
image_12, 23, 2.529839277267456, 0.7584850192070007, 22.946680068969727
image_12, 23, 2.655383825302124, 0.7957468032836914, 23.944053649902344
image_12, 23, 2.761565685272217, 0.8270608186721802, 24.94188117980957
image_12, 23, 2.8797988891601562, 0.8555501103401184, 25.940019607543945
image_12, 23, 2.995974540710449, 0.890015184879303, 26.937808990478516
image_12, 23, 3.122821092605591, 0.9239983558654785, 27.93566131591797
image_12, 23, 3.2361884117126465, 0.9584395885467529, 28.93329620361328
image_12, 23, 3.3537096977233887, 0.9914158582687378, 29.93120002746582
image_113, 24, 0.08217918872833252, 0.026801064610481262, 0.9981362819671631
image_113, 24, 0.1715664267539978, 0.05804194509983063, 1.9957382678985596
image_113, 24, 0.25833430886268616, 0.08586341142654419, 2.9939815998077393
image_113, 24, 0.3451775908470154, 0.11371941864490509, 3.9922499656677246
image_113, 24, 0.4303792715072632, 0.14088264107704163, 4.9905219078063965
image_113, 24, 0.5164682269096375, 0.169388547539711, 5.988495349884033
image_113, 24, 0.6039273142814636, 0.19857005774974823, 6.9863481521606445
image_113, 24, 0.6890882849693298, 0.22492654621601105, 7.984535217285156
image_113, 24, 0.7735379934310913, 0.25009194016456604, 8.982831954956055
image_113, 24, 0.8577585816383362, 0.2744489312171936, 9.9812593460083
image_113, 24, 0.9420527219772339, 0.29890722036361694, 10.979697227478027
image_113, 24, 1.0273768901824951, 0.3254089951515198, 11.97787857055664
image_113, 24, 1.112477421760559, 0.3522779047489166, 12.975996017456055
image_113, 24, 1.2010160684585571, 0.3809976279735565, 13.973809242248535
image_113, 24, 1.2899165153503418, 0.40873321890830994, 14.971785545349121
image_113, 24, 1.3790616989135742, 0.4370688796043396, 15.969816207885742
image_113, 24, 1.4684443473815918, 0.4652945101261139, 16.96785545349121
image_113, 24, 1.5545836687088013, 0.4917082190513611, 17.96590805053711
image_113, 24, 1.636144757270813, 0.5154159069061279, 18.964221954345703
image_113, 24, 1.7189602851867676, 0.5402178168296814, 19.962404251098633
image_113, 24, 1.8066322803497314, 0.5681034922599792, 20.96030044555664
image_113, 24, 1.8990843296051025, 0.5991934537887573, 21.957836151123047
image_113, 24, 1.9885421991348267, 0.6277204751968384, 22.95584487915039
image_113, 24, 2.0779333114624023, 0.6562540531158447, 23.95380210876465
image_113, 24, 2.1257073879241943, 0.663279116153717, 24.95306968688965
image_113, 24, 2.2154321670532227, 0.6909926533699036, 25.951322555541992
image_113, 24, 2.3039917945861816, 0.7180185914039612, 26.94967269897461
image_113, 24, 2.3905887603759766, 0.7442768812179565, 27.948043823242188
image_113, 24, 2.4797146320343018, 0.7728977203369141, 28.94603729248047
image_113, 24, 2.566235303878784, 0.8002569675445557, 29.94416618347168
image_112, 25, 0.08375517278909683, 0.027469679713249207, 0.9980638027191162
image_112, 25, 0.1702786237001419, 0.05667492747306824, 1.9959114789962769
image_112, 25, 0.26326075196266174, 0.09060010313987732, 2.9932496547698975
image_112, 25, 0.35681334137916565, 0.12492401897907257, 3.9904935359954834
image_112, 25, 0.4442790150642395, 0.15278762578964233, 4.9887003898620605
image_112, 25, 0.5293495059013367, 0.1794726848602295, 5.986966609954834
image_112, 25, 0.6163052320480347, 0.20717397332191467, 6.985114097595215
image_112, 25, 0.7038349509239197, 0.23603127896785736, 7.98307991027832
image_112, 25, 0.7818455696105957, 0.2595950663089752, 8.9813814163208
image_112, 25, 0.8103706240653992, 0.2625037133693695, 9.981210708618164
image_112, 25, 0.8392308354377747, 0.2654033601284027, 10.981049537658691
image_112, 25, 0.8684484958648682, 0.26835882663726807, 11.980880737304688
image_112, 25, 0.9014256000518799, 0.27186253666877747, 12.9806489944458
image_112, 25, 0.9309723377227783, 0.27484428882598877, 13.980450630187988
image_112, 25, 0.9637492299079895, 0.27847200632095337, 14.980158805847168
image_112, 25, 0.997475802898407, 0.28227224946022034, 15.979872703552246
image_112, 25, 1.0345842838287354, 0.28701746463775635, 16.979528427124023
image_112, 25, 1.119064450263977, 0.31416213512420654, 17.9771785736084
image_112, 25, 1.2021019458770752, 0.3397095203399658, 18.97521209716797
image_112, 25, 1.2835208177566528, 0.36394691467285156, 19.973424911499023
image_112, 25, 1.3703135251998901, 0.3921457529067993, 20.971149444580078
image_112, 25, 1.4080026149749756, 0.3974211513996124, 21.97076988220215
image_112, 25, 1.4424556493759155, 0.4019930958747864, 22.970497131347656
image_112, 25, 1.478278636932373, 0.40665093064308167, 23.970178604125977
image_112, 25, 1.510619044303894, 0.41046005487442017, 24.969890594482422
image_112, 25, 1.5409421920776367, 0.41392841935157776, 25.969694137573242
image_112, 25, 1.57087242603302, 0.4175271987915039, 26.969484329223633
image_112, 25, 1.6028459072113037, 0.42172643542289734, 27.969219207763672
image_112, 25, 1.6951848268508911, 0.4527944028377533, 28.96719741821289
image_112, 25, 1.7868472337722778, 0.48359304666519165, 29.965147018432617
image_62, 26, 0.0985405370593071, 0.038778237998485565, 0.9971624612808228
image_62, 26, 0.19960646331310272, 0.0798976942896843, 1.9939627647399902
image_62, 26, 0.2981618642807007, 0.1185796856880188, 2.991230010986328
image_62, 26, 0.39737799763679504, 0.15744605660438538, 3.988534450531006
image_62, 26, 0.49772340059280396, 0.19792824983596802, 4.985517501831055
image_62, 26, 0.5985197424888611, 0.23893079161643982, 5.982311248779297
image_62, 26, 0.6987651586532593, 0.2793785035610199, 6.979141712188721
image_62, 26, 0.7993590831756592, 0.32014116644859314, 7.9757914543151855
image_62, 26, 0.8939496874809265, 0.3557182252407074, 8.97297477722168
image_62, 26, 0.9886932969093323, 0.3900890648365021, 9.97053337097168
image_62, 26, 1.0870110988616943, 0.4277891218662262, 10.967703819274902
image_62, 26, 1.1835988759994507, 0.4648987352848053, 11.964781761169434
image_62, 26, 1.2283521890640259, 0.4736132025718689, 12.9640531539917
image_62, 26, 1.2637923955917358, 0.47844311594963074, 13.963788032531738
image_62, 26, 1.3016541004180908, 0.4837639033794403, 14.963424682617188
image_62, 26, 1.3443738222122192, 0.4904041290283203, 15.962892532348633
image_62, 26, 1.4407281875610352, 0.528242290019989, 16.959671020507812
image_62, 26, 1.535807728767395, 0.5645034313201904, 17.95685386657715
image_62, 26, 1.6247076988220215, 0.5959395170211792, 18.9543514251709
image_62, 26, 1.668697476387024, 0.6027086973190308, 19.95391082763672
image_62, 26, 1.714827060699463, 0.6103056073188782, 20.953380584716797
image_62, 26, 1.7572089433670044, 0.6167899370193481, 21.952922821044922
image_62, 26, 1.7954468727111816, 0.6223292350769043, 22.95258140563965
image_62, 26, 1.8326712846755981, 0.6278558373451233, 23.952234268188477
image_62, 26, 1.8693420886993408, 0.6330916881561279, 24.9518985748291
image_62, 26, 1.9044774770736694, 0.6378601789474487, 25.951597213745117
image_62, 26, 1.9394482374191284, 0.6424104571342468, 26.9512939453125
image_62, 26, 1.9778625965118408, 0.6484930515289307, 27.950895309448242
image_62, 26, 2.071298837661743, 0.6821877360343933, 28.948503494262695
image_62, 26, 2.167814016342163, 0.7179465293884277, 29.945852279663086
image_10, 27, 0.07752150297164917, 0.022257624194025993, 0.9986210465431213
image_10, 27, 0.1502469778060913, 0.041983745992183685, 1.9974092245101929
image_10, 27, 0.19912341237068176, 0.05133751034736633, 2.9967286586761475
image_10, 27, 0.23289591073989868, 0.05581976845860481, 3.9964711666107178
image_10, 27, 0.31061792373657227, 0.0776873230934143, 4.995112419128418
image_10, 27, 0.3956463038921356, 0.10368136316537857, 5.993264675140381
image_10, 27, 0.4805743396282196, 0.12949460744857788, 6.991436958312988
image_10, 27, 0.5681365728378296, 0.1571532040834427, 7.989378929138184
image_10, 27, 0.6528197526931763, 0.1831030398607254, 8.987573623657227
image_10, 27, 0.7384161353111267, 0.20941710472106934, 9.985641479492188
image_10, 27, 0.7908433079719543, 0.21993856132030487, 10.984789848327637
image_10, 27, 0.8325897455215454, 0.22624625265598297, 11.984269142150879
image_10, 27, 0.9167015552520752, 0.25322017073631287, 12.982019424438477
image_10, 27, 0.9501635432243347, 0.25715920329093933, 13.98175048828125
image_10, 27, 0.9844017624855042, 0.2612875699996948, 14.98147201538086
image_10, 27, 1.0181879997253418, 0.26503926515579224, 15.98120403289795
image_10, 27, 1.0540740489959717, 0.26927050948143005, 16.980899810791016
image_10, 27, 1.092924952507019, 0.2743920683860779, 17.98052406311035
image_10, 27, 1.1302722692489624, 0.2789517641067505, 18.980209350585938
image_10, 27, 1.1675083637237549, 0.2834625542163849, 19.979883193969727
image_10, 27, 1.2047438621520996, 0.28821098804473877, 20.97954559326172
image_10, 27, 1.2405952215194702, 0.2925792634487152, 21.97924041748047
image_10, 27, 1.2761824131011963, 0.2971950173377991, 22.978923797607422
image_10, 27, 1.3649468421936035, 0.32586440443992615, 23.976606369018555
image_10, 27, 1.4525359869003296, 0.3548332452774048, 24.974193572998047
image_10, 27, 1.5196990966796875, 0.3720473349094391, 25.972942352294922
image_10, 27, 1.5944547653198242, 0.39240285754203796, 26.971525192260742
image_10, 27, 1.6555932760238647, 0.4058249294757843, 27.970687866210938
image_10, 27, 1.7014100551605225, 0.4134506285190582, 28.970203399658203
image_10, 27, 1.7715225219726562, 0.4319320619106293, 29.968849182128906
image_40, 28, 0.09655541926622391, 0.037390537559986115, 0.9971703290939331
image_40, 28, 0.1961878538131714, 0.07763364911079407, 1.9940732717514038
image_40, 28, 0.2951548993587494, 0.11704252660274506, 2.9911396503448486
image_40, 28, 0.39596542716026306, 0.15832018852233887, 3.9879167079925537
image_40, 28, 0.4969061613082886, 0.19895483553409576, 4.984884262084961
image_40, 28, 0.5994622111320496, 0.24096205830574036, 5.98153829574585
image_40, 28, 0.6974635124206543, 0.27922579646110535, 6.978628158569336
image_40, 28, 0.7931637167930603, 0.31537744402885437, 7.976018905639648
image_40, 28, 0.8872255682945251, 0.35164785385131836, 8.973123550415039
image_40, 28, 0.9790113568305969, 0.38524651527404785, 9.970804214477539
image_40, 28, 1.0326104164123535, 0.3970983028411865, 10.970020294189453
image_40, 28, 1.0732111930847168, 0.40401631593704224, 11.96947193145752
image_40, 28, 1.1392439603805542, 0.4220159649848938, 12.968171119689941
image_40, 28, 1.2308623790740967, 0.4560460150241852, 13.965251922607422
image_40, 28, 1.3228744268417358, 0.48991963267326355, 14.962454795837402
image_40, 28, 1.3658910989761353, 0.49647459387779236, 15.961762428283691
image_40, 28, 1.412773847579956, 0.5037305355072021, 16.96096420288086
image_40, 28, 1.5069465637207031, 0.5405491590499878, 17.957927703857422
image_40, 28, 1.606645107269287, 0.5813938975334167, 18.9539737701416
image_40, 28, 1.704609990119934, 0.6205636858940125, 19.950353622436523
image_40, 28, 1.8040575981140137, 0.6609418392181396, 20.946619033813477
image_40, 28, 1.8563275337219238, 0.6722767949104309, 21.945480346679688
image_40, 28, 1.8943623304367065, 0.678074061870575, 22.945024490356445
image_40, 28, 1.9451414346694946, 0.6893337368965149, 23.944169998168945
image_40, 28, 1.979776382446289, 0.6939911842346191, 24.94388771057129
image_40, 28, 2.0575411319732666, 0.7184959650039673, 25.942169189453125
image_40, 28, 2.149953603744507, 0.7532230019569397, 26.939453125
image_40, 28, 2.2405083179473877, 0.7858344912528992, 27.93695640563965
image_40, 28, 2.3383893966674805, 0.8247823715209961, 28.93362808227539
image_40, 28, 2.4340031147003174, 0.8614258766174316, 29.93073844909668
image_132, 29, 0.048763666301965714, 0.008241361007094383, 0.9991174340248108
image_132, 29, 0.1525299996137619, 0.05007529258728027, 1.995330572128296
image_132, 29, 0.23167994618415833, 0.07502206414937973, 2.993319034576416
image_132, 29, 0.2837603688240051, 0.0859638974070549, 3.9925858974456787
image_132, 29, 0.3338894844055176, 0.09614572674036026, 4.991903305053711
image_132, 29, 0.432216078042984, 0.13029155135154724, 5.989665985107422
image_132, 29, 0.5048370361328125, 0.14884762465953827, 6.98847770690918
image_132, 29, 0.5899237394332886, 0.17409378290176392, 7.986802101135254
image_132, 29, 0.644661009311676, 0.18542632460594177, 8.986056327819824
image_132, 29, 0.6830693483352661, 0.19102628529071808, 9.985709190368652
image_132, 29, 0.7230213284492493, 0.19704267382621765, 10.985318183898926
image_132, 29, 0.7631007432937622, 0.20304320752620697, 11.984916687011719
image_132, 29, 0.8543918132781982, 0.23188196122646332, 12.982939720153809
image_132, 29, 0.9466689229011536, 0.26203954219818115, 13.980791091918945
image_132, 29, 1.0453218221664429, 0.2956216335296631, 14.978251457214355
image_132, 29, 1.14119553565979, 0.329185426235199, 15.975516319274902
image_132, 29, 1.2332621812820435, 0.3582025468349457, 16.973358154296875
image_132, 29, 1.2823034524917603, 0.36613333225250244, 17.972803115844727
image_132, 29, 1.3342859745025635, 0.37518221139907837, 18.972061157226562
image_132, 29, 1.3852068185806274, 0.3839455246925354, 19.971384048461914
image_132, 29, 1.4432495832443237, 0.3957248330116272, 20.970409393310547
image_132, 29, 1.5015496015548706, 0.4076036810874939, 21.969446182250977
image_132, 29, 1.548002004623413, 0.41502630710601807, 22.968957901000977
image_132, 29, 1.5992517471313477, 0.4238886833190918, 23.968278884887695
image_132, 29, 1.6512950658798218, 0.433127224445343, 24.96747589111328
image_132, 29, 1.6941176652908325, 0.4395933151245117, 25.967002868652344
image_132, 29, 1.7420928478240967, 0.44748079776763916, 26.966394424438477
image_132, 29, 1.8354331254959106, 0.4765275716781616, 27.96457862854004
image_132, 29, 1.9335705041885376, 0.5091594457626343, 28.96249008178711
image_132, 29, 2.0335707664489746, 0.5427544713020325, 29.960369110107422
image_134, 30, 0.09535639733076096, 0.032596487551927567, 0.9979788661003113
image_134, 30, 0.19293570518493652, 0.06662201881408691, 1.9957407712936401
image_134, 30, 0.29278257489204407, 0.10413658618927002, 2.992915630340576
image_134, 30, 0.38883060216903687, 0.13825669884681702, 3.9905848503112793
image_134, 30, 0.48514068126678467, 0.16991162300109863, 4.988758087158203
image_134, 30, 0.5860514044761658, 0.20568977296352386, 5.986314296722412
image_134, 30, 0.6812032461166382, 0.23614348471164703, 6.984440326690674
image_134, 30, 0.7406110763549805, 0.2483901083469391, 7.983599662780762
image_134, 30, 0.7951511144638062, 0.25859805941581726, 8.982909202575684
image_134, 30, 0.8588390946388245, 0.272198885679245, 9.982004165649414
image_134, 30, 0.9123391509056091, 0.281087726354599, 10.98121166229248
image_134, 30, 0.9631079435348511, 0.28925079107284546, 11.9805269241333
image_134, 30, 1.0579824447631836, 0.3204180598258972, 12.978675842285156
image_134, 30, 1.155245304107666, 0.3530799150466919, 13.976466178894043
image_134, 30, 1.2521159648895264, 0.385690838098526, 14.97438907623291
image_134, 30, 1.2941343784332275, 0.39197272062301636, 15.973978042602539
image_134, 30, 1.3368741273880005, 0.3984431326389313, 16.973529815673828
image_134, 30, 1.385899543762207, 0.4069783091545105, 17.97285270690918
image_134, 30, 1.42971670627594, 0.4135472774505615, 18.97239112854004
image_134, 30, 1.474981427192688, 0.4206419289112091, 19.971893310546875
image_134, 30, 1.517351508140564, 0.4267481863498688, 20.97144889831543
image_134, 30, 1.561832070350647, 0.43396103382110596, 21.970916748046875
image_134, 30, 1.6117563247680664, 0.4420677721500397, 22.970260620117188
image_134, 30, 1.702100157737732, 0.46978479623794556, 23.96856689453125
image_134, 30, 1.7479854822158813, 0.47680041193962097, 24.968000411987305
image_134, 30, 1.7929514646530151, 0.48357754945755005, 25.967466354370117
image_134, 30, 1.8369437456130981, 0.48995253443717957, 26.96698760986328
image_134, 30, 1.909830927848816, 0.5084496736526489, 27.965824127197266
image_134, 30, 1.9840160608291626, 0.5274448394775391, 28.964599609375
image_134, 30, 2.0823001861572266, 0.559928834438324, 29.962554931640625
