Case_ID, Slide_ID, mae, mse, ssim
image_99, 1, 0.07370661944150925, 0.016031010076403618, 0.9985010027885437
image_99, 2, 0.13667315244674683, 0.027917152270674706, 1.9976558685302734
image_99, 3, 0.20455673336982727, 0.04128909856081009, 2.996487855911255
image_99, 4, 0.2764125168323517, 0.05627152696251869, 3.9950075149536133
image_99, 5, 0.34308359026908875, 0.06958495080471039, 4.993771553039551
image_99, 6, 0.4085642397403717, 0.08268101513385773, 5.992560863494873
image_99, 7, 0.47279083728790283, 0.09501124173402786, 6.991420269012451
image_99, 8, 0.5116008520126343, 0.09986023604869843, 7.991093635559082
image_99, 9, 0.5513409972190857, 0.10488060116767883, 8.99073314666748
image_99, 10, 0.6157543659210205, 0.11732857674360275, 9.989547729492188
image_99, 11, 0.6554027795791626, 0.12231191992759705, 10.989182472229004
image_99, 12, 0.6922000050544739, 0.1270333230495453, 11.988910675048828
image_99, 13, 0.7328232526779175, 0.13208705186843872, 12.988481521606445
image_99, 14, 0.7692554593086243, 0.1364688128232956, 13.988176345825195
image_99, 15, 0.8225324153900146, 0.14425799250602722, 14.987277030944824
image_99, 16, 0.8843291401863098, 0.15516629815101624, 15.986021995544434
image_99, 17, 0.9590606689453125, 0.1717313528060913, 16.98420524597168
image_99, 18, 1.0468976497650146, 0.19439385831356049, 17.98139190673828
image_99, 19, 1.1342122554779053, 0.21690179407596588, 18.978588104248047
image_99, 20, 1.1968669891357422, 0.22898930311203003, 19.977460861206055
image_99, 21, 1.2607349157333374, 0.2411026507616043, 20.97629737854004
image_99, 22, 1.3242452144622803, 0.2531181275844574, 21.97509002685547
image_99, 23, 1.3952332735061646, 0.26806679368019104, 22.97340965270996
image_99, 24, 1.4681037664413452, 0.28377118706703186, 23.97162437438965
image_99, 25, 1.5054861307144165, 0.28816449642181396, 24.97129249572754
image_99, 26, 1.5428776741027832, 0.29245007038116455, 25.970970153808594
image_99, 27, 1.5779542922973633, 0.29630687832832336, 26.970726013183594
image_99, 28, 1.6157159805297852, 0.3006782531738281, 27.970413208007812
image_99, 29, 1.65599524974823, 0.305573970079422, 28.970006942749023
image_99, 30, 1.6981483697891235, 0.3110826015472412, 29.969532012939453
image_77, 1, 0.060373447835445404, 0.01182368490844965, 0.9988940358161926
image_77, 2, 0.1035493016242981, 0.01820896938443184, 1.9984381198883057
image_77, 3, 0.14542429149150848, 0.023504991084337234, 2.9980571269989014
image_77, 4, 0.18137586116790771, 0.02765553817152977, 3.9978151321411133
image_77, 5, 0.23584645986557007, 0.03702746331691742, 4.99704647064209
image_77, 6, 0.29080909490585327, 0.04658785089850426, 5.996274948120117
image_77, 7, 0.3434642255306244, 0.05572015047073364, 6.995662689208984
image_77, 8, 0.39400872588157654, 0.06439489126205444, 7.995172023773193
image_77, 9, 0.43446269631385803, 0.0696088895201683, 8.994808197021484
image_77, 10, 0.4743732511997223, 0.074253149330616, 9.99442195892334
image_77, 11, 0.5144380331039429, 0.07894391566514969, 10.994024276733398
image_77, 12, 0.5534023642539978, 0.08336111903190613, 11.993657112121582
image_77, 13, 0.6035780310630798, 0.09141220897436142, 12.993106842041016
image_77, 14, 0.6618605852127075, 0.1020628809928894, 13.992155075073242
image_77, 15, 0.7191454172134399, 0.11193427443504333, 14.991217613220215
image_77, 16, 0.7675614356994629, 0.11910542845726013, 15.990653991699219
image_77, 17, 0.8149799108505249, 0.12632820010185242, 16.99016761779785
image_77, 18, 0.8553826808929443, 0.1316167712211609, 17.989849090576172
image_77, 19, 0.8990387320518494, 0.13778384029865265, 18.989471435546875
image_77, 20, 0.9512344598770142, 0.1460053026676178, 19.988834381103516
image_77, 21, 1.0027047395706177, 0.15403752028942108, 20.988204956054688
image_77, 22, 1.0591304302215576, 0.1634976863861084, 21.98734474182129
image_77, 23, 1.1179577112197876, 0.17384746670722961, 22.986366271972656
image_77, 24, 1.1735365390777588, 0.1833970844745636, 23.985567092895508
image_77, 25, 1.2308521270751953, 0.19374586641788483, 24.984647750854492
image_77, 26, 1.2879923582077026, 0.20391115546226501, 25.983713150024414
image_77, 27, 1.3446400165557861, 0.21380555629730225, 26.982799530029297
image_77, 28, 1.3988462686538696, 0.22307060658931732, 27.98198127746582
image_77, 29, 1.4317989349365234, 0.22630254924297333, 28.981775283813477
image_77, 30, 1.465757966041565, 0.22977052628993988, 29.981552124023438
image_150, 1, 0.0845402404665947, 0.02210557647049427, 0.9983287453651428
image_150, 2, 0.16518591344356537, 0.04237542301416397, 1.9969003200531006
image_150, 3, 0.24334201216697693, 0.06139446422457695, 2.9955830574035645
image_150, 4, 0.3210926651954651, 0.08007834851741791, 3.994288206100464
image_150, 5, 0.39937543869018555, 0.09941104054450989, 4.992929458618164
image_150, 6, 0.47569236159324646, 0.11815593391656876, 5.991783618927002
image_150, 7, 0.5383465886116028, 0.1313253790140152, 6.9909467697143555
image_150, 8, 0.5988519191741943, 0.14373430609703064, 7.990152359008789
image_150, 9, 0.6581556797027588, 0.15600086748600006, 8.989419937133789
image_150, 10, 0.7179774045944214, 0.16855013370513916, 9.988712310791016
image_150, 11, 0.7773929238319397, 0.1807350516319275, 10.988000869750977
image_150, 12, 0.8371261358261108, 0.19309666752815247, 11.987274169921875
image_150, 13, 0.8951206803321838, 0.20505289733409882, 12.986618041992188
image_150, 14, 0.973762035369873, 0.22542646527290344, 13.985370635986328
image_150, 15, 1.0520484447479248, 0.24597610533237457, 14.984169006347656
image_150, 16, 1.1283944845199585, 0.26513993740081787, 15.98308277130127
image_150, 17, 1.2035871744155884, 0.2840801477432251, 16.982040405273438
image_150, 18, 1.279473066329956, 0.30340537428855896, 17.980867385864258
image_150, 19, 1.3558039665222168, 0.322936475276947, 18.979660034179688
image_150, 20, 1.4110326766967773, 0.33417943120002747, 19.979032516479492
image_150, 21, 1.4990862607955933, 0.3569629192352295, 20.976852416992188
image_150, 22, 1.5746231079101562, 0.375451922416687, 21.975650787353516
image_150, 23, 1.6508643627166748, 0.3936140537261963, 22.974262237548828
image_150, 24, 1.7382380962371826, 0.4161060154438019, 23.972002029418945
image_150, 25, 1.8225957155227661, 0.43771323561668396, 24.969945907592773
image_150, 26, 1.901853322982788, 0.45734474062919617, 25.968265533447266
image_150, 27, 1.9729341268539429, 0.4739638864994049, 26.967153549194336
image_150, 28, 2.0469822883605957, 0.4915318489074707, 27.96587371826172
image_150, 29, 2.0998117923736572, 0.5009998083114624, 28.96529769897461
image_150, 30, 2.1523427963256836, 0.5103108882904053, 29.964693069458008
image_26, 1, 0.0424581877887249, 0.006977138575166464, 0.9993886351585388
image_26, 2, 0.08468680828809738, 0.013963757082819939, 1.9987437725067139
image_26, 3, 0.12344083935022354, 0.020054981112480164, 2.9982333183288574
image_26, 4, 0.1787864863872528, 0.030264079570770264, 3.9972050189971924
image_26, 5, 0.23159901797771454, 0.04086684063076973, 4.996309280395508
image_26, 6, 0.28686830401420593, 0.05219486355781555, 5.995441913604736
image_26, 7, 0.3414658010005951, 0.06312666833400726, 6.994626998901367
image_26, 8, 0.39499273896217346, 0.07328531891107559, 7.993894577026367
image_26, 9, 0.44912272691726685, 0.08307891339063644, 8.993234634399414
image_26, 10, 0.49083226919174194, 0.08895425498485565, 9.992741584777832
image_26, 11, 0.5336810350418091, 0.09477559477090836, 10.992212295532227
image_26, 12, 0.569084107875824, 0.09905944764614105, 11.991903305053711
image_26, 13, 0.5983518362045288, 0.10211216658353806, 12.991744995117188
image_26, 14, 0.6473554372787476, 0.10981479287147522, 13.991257667541504
image_26, 15, 0.695062518119812, 0.11715598404407501, 14.990790367126465
image_26, 16, 0.7390190362930298, 0.12341421842575073, 15.990375518798828
image_26, 17, 0.7870736122131348, 0.13081291317939758, 16.989858627319336
image_26, 18, 0.8362182974815369, 0.13864295184612274, 17.989322662353516
image_26, 19, 0.8817206621170044, 0.14554259181022644, 18.988874435424805
image_26, 20, 0.9241993427276611, 0.15169009566307068, 19.98848533630371
image_26, 21, 0.967252790927887, 0.1579105406999588, 20.98808479309082
image_26, 22, 0.9972224235534668, 0.16110733151435852, 21.987903594970703
image_26, 23, 1.0407297611236572, 0.167306050658226, 22.98749542236328
image_26, 24, 1.085731029510498, 0.17405693233013153, 23.987062454223633
image_26, 25, 1.1319758892059326, 0.18149998784065247, 24.986595153808594
image_26, 26, 1.1875498294830322, 0.19110947847366333, 25.98573112487793
image_26, 27, 1.2437700033187866, 0.20071619749069214, 26.98479652404785
image_26, 28, 1.275403618812561, 0.20417287945747375, 27.984573364257812
image_26, 29, 1.3176106214523315, 0.21004164218902588, 28.98406219482422
image_26, 30, 1.3577271699905396, 0.21565768122673035, 29.983592987060547
image_51, 1, 0.04501759633421898, 0.007554957177489996, 0.9995543360710144
image_51, 2, 0.09267689287662506, 0.015124024823307991, 1.9990108013153076
image_51, 3, 0.16433453559875488, 0.030919456854462624, 2.9974043369293213
image_51, 4, 0.220099538564682, 0.041121453046798706, 3.9967522621154785
image_51, 5, 0.2767564356327057, 0.0512019544839859, 4.996024131774902
image_51, 6, 0.3180643320083618, 0.057344309985637665, 5.995654106140137
image_51, 7, 0.377040833234787, 0.0682811364531517, 6.99484920501709
image_51, 8, 0.4170496463775635, 0.07406465709209442, 7.994549751281738
image_51, 9, 0.45816126465797424, 0.08019999414682388, 8.99423885345459
image_51, 10, 0.5150355100631714, 0.09093126654624939, 9.993579864501953
image_51, 11, 0.555351734161377, 0.09709040075540543, 10.993231773376465
image_51, 12, 0.5937137603759766, 0.10208328813314438, 11.992952346801758
image_51, 13, 0.63497394323349, 0.10730376094579697, 12.992599487304688
image_51, 14, 0.671727180480957, 0.11202409863471985, 13.9923677444458
image_51, 15, 0.7266141176223755, 0.12157460302114487, 14.99163818359375
image_51, 16, 0.786249577999115, 0.13248425722122192, 15.990645408630371
image_51, 17, 0.8258185386657715, 0.13704624772071838, 16.990291595458984
image_51, 18, 0.8632316589355469, 0.14131057262420654, 17.989999771118164
image_51, 19, 0.9179633259773254, 0.1507992148399353, 18.98924446105957
image_51, 20, 0.9579391479492188, 0.15624994039535522, 19.988933563232422
image_51, 21, 0.9947347044944763, 0.16051872074604034, 20.98866081237793
image_51, 22, 1.0549874305725098, 0.17166519165039062, 21.98766326904297
image_51, 23, 1.12227463722229, 0.18542002141475677, 22.986326217651367
image_51, 24, 1.2016853094100952, 0.20442672073841095, 23.984169006347656
image_51, 25, 1.280449390411377, 0.22330085933208466, 24.982030868530273
image_51, 26, 1.348993182182312, 0.23773834109306335, 25.980619430541992
image_51, 27, 1.4133347272872925, 0.25075650215148926, 26.979433059692383
image_51, 28, 1.4817395210266113, 0.2655099034309387, 27.97798728942871
image_51, 29, 1.5496869087219238, 0.27985087037086487, 28.976520538330078
image_51, 30, 1.6082309484481812, 0.2909115254878998, 29.97560691833496
image_82, 1, 0.0608406625688076, 0.011209199205040932, 0.9989166259765625
image_82, 2, 0.10583913326263428, 0.017801813781261444, 1.9984670877456665
image_82, 3, 0.15836308896541595, 0.026319634169340134, 2.9977431297302246
image_82, 4, 0.21579179167747498, 0.03603994846343994, 3.9967970848083496
image_82, 5, 0.26850011944770813, 0.04431119188666344, 4.996036052703857
image_82, 6, 0.32625678181648254, 0.054234594106674194, 5.9949951171875
image_82, 7, 0.37432706356048584, 0.06142178177833557, 6.994351387023926
image_82, 8, 0.4320654273033142, 0.07114928960800171, 7.99333381652832
image_82, 9, 0.4816117584705353, 0.08003336191177368, 8.992841720581055
image_82, 10, 0.5304430723190308, 0.08862603455781937, 9.992355346679688
image_82, 11, 0.5719716548919678, 0.09492018073797226, 10.99199104309082
image_82, 12, 0.6102549433708191, 0.10018554329872131, 11.991662979125977
image_82, 13, 0.6610720157623291, 0.10919502377510071, 12.991111755371094
image_82, 14, 0.7116563320159912, 0.11827200651168823, 13.990593910217285
image_82, 15, 0.7627896070480347, 0.1276801973581314, 14.990036010742188
image_82, 16, 0.8141734004020691, 0.13700269162654877, 15.989429473876953
image_82, 17, 0.8644083142280579, 0.14587785303592682, 16.988845825195312
image_82, 18, 0.9140002727508545, 0.15460917353630066, 17.988300323486328
image_82, 19, 0.9630419015884399, 0.16284221410751343, 18.98778533935547
image_82, 20, 1.0108767747879028, 0.1706228256225586, 19.98727798461914
image_82, 21, 1.0575506687164307, 0.17804688215255737, 20.9868106842041
image_82, 22, 1.1038881540298462, 0.18544980883598328, 21.986343383789062
image_82, 23, 1.1706364154815674, 0.19761094450950623, 22.98483657836914
image_82, 24, 1.220489501953125, 0.20641876757144928, 23.984201431274414
image_82, 25, 1.267342448234558, 0.21407312154769897, 24.983734130859375
image_82, 26, 1.315696358680725, 0.2219197154045105, 25.98323631286621
image_82, 27, 1.3624964952468872, 0.22840288281440735, 26.982595443725586
image_82, 28, 1.4049842357635498, 0.23384761810302734, 27.98212242126465
image_82, 29, 1.4489997625350952, 0.23998937010765076, 28.981569290161133
image_82, 30, 1.4970781803131104, 0.24776212871074677, 29.9810791015625
image_80, 1, 0.04052373394370079, 0.005253353156149387, 0.9995744228363037
image_80, 2, 0.0890660211443901, 0.012461481615900993, 1.9988617897033691
image_80, 3, 0.1346932351589203, 0.01894238032400608, 2.9982690811157227
image_80, 4, 0.18680709600448608, 0.02689494751393795, 3.9974493980407715
image_80, 5, 0.2375260591506958, 0.03566746413707733, 4.996898651123047
image_80, 6, 0.2894994914531708, 0.04489440470933914, 5.996340274810791
image_80, 7, 0.34238356351852417, 0.05435027927160263, 6.99578332901001
image_80, 8, 0.39361444115638733, 0.06314494460821152, 7.995273113250732
image_80, 9, 0.44497883319854736, 0.0721447616815567, 8.994725227355957
image_80, 10, 0.49613913893699646, 0.08101911097764969, 9.994171142578125
image_80, 11, 0.5464075207710266, 0.08951674401760101, 10.993627548217773
image_80, 12, 0.5958589911460876, 0.09756988286972046, 11.99315071105957
image_80, 13, 0.6484111547470093, 0.10658645629882812, 12.992591857910156
image_80, 14, 0.7045130729675293, 0.11666953563690186, 13.991928100585938
image_80, 15, 0.76038658618927, 0.12671738862991333, 14.99131965637207
image_80, 16, 0.8151211142539978, 0.13633723556995392, 15.990737915039062
image_80, 17, 0.8666572570800781, 0.14497926831245422, 16.990234375
image_80, 18, 0.9180540442466736, 0.15337717533111572, 17.989652633666992
image_80, 19, 0.9655739068984985, 0.16063180565834045, 18.989240646362305
image_80, 20, 1.0141487121582031, 0.16811586916446686, 19.988813400268555
image_80, 21, 1.0615999698638916, 0.17563703656196594, 20.988388061523438
image_80, 22, 1.1087054014205933, 0.18293355405330658, 21.987972259521484
image_80, 23, 1.1496877670288086, 0.18842434883117676, 22.98764419555664
image_80, 24, 1.1876221895217896, 0.19311445951461792, 23.98735237121582
image_80, 25, 1.2372430562973022, 0.2005762755870819, 24.986713409423828
image_80, 26, 1.283210277557373, 0.20702634751796722, 25.9862003326416
image_80, 27, 1.3127830028533936, 0.20994780957698822, 26.98600959777832
image_80, 28, 1.3431847095489502, 0.2129279375076294, 27.98581886291504
image_80, 29, 1.3776443004608154, 0.21670788526535034, 28.985530853271484
image_80, 30, 1.4133617877960205, 0.220927894115448, 29.985198974609375
image_1, 1, 0.05050641670823097, 0.008015992119908333, 0.9993829131126404
image_1, 2, 0.09659988433122635, 0.01466346438974142, 1.9989290237426758
image_1, 3, 0.14162904024124146, 0.02109106071293354, 2.998505115509033
image_1, 4, 0.1824265718460083, 0.026936793699860573, 3.998154640197754
image_1, 5, 0.2347327172756195, 0.034564509987831116, 4.9972453117370605
image_1, 6, 0.27117007970809937, 0.03884655982255936, 5.997006416320801
image_1, 7, 0.3128069043159485, 0.04480604827404022, 6.9966607093811035
image_1, 8, 0.35834845900535583, 0.0517427995800972, 7.996244430541992
image_1, 9, 0.40691429376602173, 0.05949927121400833, 8.995749473571777
image_1, 10, 0.4551748037338257, 0.06740351766347885, 9.995245933532715
image_1, 11, 0.5023608803749084, 0.07463947683572769, 10.994787216186523
image_1, 12, 0.5497735142707825, 0.0817258358001709, 11.994288444519043
image_1, 13, 0.5927109122276306, 0.0876501202583313, 12.99393367767334
image_1, 14, 0.6374976634979248, 0.09405525028705597, 13.993537902832031
image_1, 15, 0.6857890486717224, 0.10167322307825089, 14.993027687072754
image_1, 16, 0.7410237193107605, 0.11141502112150192, 15.992204666137695
image_1, 17, 0.7953652143478394, 0.12075326591730118, 16.99136734008789
image_1, 18, 0.8448053598403931, 0.12840481102466583, 17.990747451782227
image_1, 19, 0.8928685188293457, 0.13563494384288788, 18.9902286529541
image_1, 20, 0.9377699494361877, 0.14215412735939026, 19.989816665649414
image_1, 21, 0.9818183779716492, 0.14848314225673676, 20.98940086364746
image_1, 22, 1.0278589725494385, 0.1551435887813568, 21.988882064819336
image_1, 23, 1.0670191049575806, 0.16000446677207947, 22.988571166992188
image_1, 24, 1.104554533958435, 0.164584681391716, 23.988300323486328
image_1, 25, 1.1439824104309082, 0.16948950290679932, 24.98799705505371
image_1, 26, 1.1942471265792847, 0.1771915853023529, 25.98729705810547
image_1, 27, 1.2262932062149048, 0.18019947409629822, 26.987037658691406
image_1, 28, 1.2628813982009888, 0.18405237793922424, 27.986656188964844
image_1, 29, 1.2983546257019043, 0.1877385526895523, 28.986297607421875
image_1, 30, 1.3317244052886963, 0.1911872774362564, 29.985992431640625
image_124, 1, 0.05159879848361015, 0.009466085582971573, 0.9993342757225037
image_124, 2, 0.12397304177284241, 0.025268880650401115, 1.9980463981628418
image_124, 3, 0.19452661275863647, 0.040217380970716476, 2.996805191040039
image_124, 4, 0.2617756128311157, 0.05484292283654213, 3.9957094192504883
image_124, 5, 0.3325202465057373, 0.06976168602705002, 4.994471073150635
image_124, 6, 0.4037749767303467, 0.0847664475440979, 5.993177890777588
image_124, 7, 0.45437175035476685, 0.09441316872835159, 6.992483139038086
image_124, 8, 0.5040196180343628, 0.1039634495973587, 7.991796493530273
image_124, 9, 0.5502848029136658, 0.11231303215026855, 8.991193771362305
image_124, 10, 0.6019046306610107, 0.1222866028547287, 9.9904146194458
image_124, 11, 0.6615184545516968, 0.13509222865104675, 10.989323616027832
image_124, 12, 0.7175809144973755, 0.14678432047367096, 11.98835277557373
image_124, 13, 0.7830196022987366, 0.16077560186386108, 12.987325668334961
image_124, 14, 0.8310843110084534, 0.1698509156703949, 13.986681938171387
image_124, 15, 0.8848023414611816, 0.18094947934150696, 14.98581314086914
image_124, 16, 0.9573167562484741, 0.19692403078079224, 15.984529495239258
image_124, 17, 1.0283480882644653, 0.21282093226909637, 16.983266830444336
image_124, 18, 1.101951241493225, 0.22936105728149414, 17.981901168823242
image_124, 19, 1.1514036655426025, 0.2388010323047638, 18.981225967407227
image_124, 20, 1.2129039764404297, 0.251432865858078, 19.980304718017578
image_124, 21, 1.2803820371627808, 0.2655174434185028, 20.979175567626953
image_124, 22, 1.3466249704360962, 0.27912086248397827, 21.978103637695312
image_124, 23, 1.3944940567016602, 0.28773894906044006, 22.977502822875977
image_124, 24, 1.4385266304016113, 0.29506009817123413, 23.977005004882812
image_124, 25, 1.4801222085952759, 0.3012857437133789, 24.976612091064453
image_124, 26, 1.52125084400177, 0.3071371614933014, 25.97626304626465
image_124, 27, 1.5678887367248535, 0.3148270547389984, 26.97577476501465
image_124, 28, 1.612701416015625, 0.3219512104988098, 27.97532081604004
image_124, 29, 1.6571768522262573, 0.32903140783309937, 28.974857330322266
image_124, 30, 1.7051557302474976, 0.3372879922389984, 29.974292755126953
image_65, 1, 0.04324506223201752, 0.0064222551882267, 0.9995123147964478
image_65, 2, 0.11179174482822418, 0.02131718397140503, 1.9981223344802856
image_65, 3, 0.17776912450790405, 0.03479674458503723, 2.996891498565674
image_65, 4, 0.24218261241912842, 0.047820188105106354, 3.995687961578369
image_65, 5, 0.30806171894073486, 0.06143950670957565, 4.994412899017334
image_65, 6, 0.3766263723373413, 0.07633335143327713, 5.992945194244385
image_65, 7, 0.45599639415740967, 0.09577928483486176, 6.990782737731934
image_65, 8, 0.5207306742668152, 0.10957123339176178, 7.9895710945129395
image_65, 9, 0.5624807476997375, 0.11544255167245865, 8.989121437072754
image_65, 10, 0.6011030673980713, 0.1207365170121193, 9.988792419433594
image_65, 11, 0.6413164734840393, 0.12609879672527313, 10.988393783569336
image_65, 12, 0.6789560914039612, 0.1311013400554657, 11.988099098205566
image_65, 13, 0.740526556968689, 0.14275938272476196, 12.986885070800781
image_65, 14, 0.8213998675346375, 0.16260990500450134, 13.984641075134277
image_65, 15, 0.8929064869880676, 0.17900170385837555, 14.982987403869629
image_65, 16, 0.9708923101425171, 0.19826950132846832, 15.980897903442383
image_65, 17, 1.0178792476654053, 0.20542143285274506, 16.980224609375
image_65, 18, 1.098025918006897, 0.22550159692764282, 17.977943420410156
image_65, 19, 1.1859703063964844, 0.24924030900001526, 18.975027084350586
image_65, 20, 1.2740263938903809, 0.2731497287750244, 19.972116470336914
image_65, 21, 1.3459270000457764, 0.29022017121315, 20.970361709594727
image_65, 22, 1.416222095489502, 0.3064766526222229, 21.968721389770508
image_65, 23, 1.4951679706573486, 0.3259362280368805, 22.96649169921875
image_65, 24, 1.5720118284225464, 0.3442109227180481, 23.964441299438477
image_65, 25, 1.6570086479187012, 0.36616650223731995, 24.961748123168945
image_65, 26, 1.739560604095459, 0.3869593143463135, 25.95919418334961
image_65, 27, 1.8161314725875854, 0.4054313004016876, 26.957082748413086
image_65, 28, 1.8946516513824463, 0.4250049889087677, 27.954833984375
image_65, 29, 1.9720649719238281, 0.4442681074142456, 28.9526309967041
image_65, 30, 2.0488007068634033, 0.4633280336856842, 29.950420379638672
image_137, 1, 0.06112941727042198, 0.009845191612839699, 0.9988227486610413
image_137, 2, 0.1078866720199585, 0.015870800241827965, 1.9982516765594482
image_137, 3, 0.1732073873281479, 0.027021463960409164, 2.9968600273132324
image_137, 4, 0.2356419861316681, 0.037319064140319824, 3.995610237121582
image_137, 5, 0.3017110228538513, 0.04871944710612297, 4.9941792488098145
image_137, 6, 0.3589235246181488, 0.05742694437503815, 5.993138313293457
image_137, 7, 0.41090071201324463, 0.0647558867931366, 6.992313385009766
image_137, 8, 0.4634515047073364, 0.07218462973833084, 7.991471290588379
image_137, 9, 0.513652503490448, 0.07910123467445374, 8.990708351135254
image_137, 10, 0.5628618597984314, 0.08570191264152527, 9.989974975585938
image_137, 11, 0.6163858771324158, 0.09339777380228043, 10.98906421661377
image_137, 12, 0.6651797294616699, 0.09999293833971024, 11.988327026367188
image_137, 13, 0.7127567529678345, 0.1064940020442009, 12.987627029418945
image_137, 14, 0.7636144757270813, 0.11390324681997299, 13.98681640625
image_137, 15, 0.8137149214744568, 0.12100958824157715, 14.986053466796875
image_137, 16, 0.8663123250007629, 0.1285632848739624, 15.985212326049805
image_137, 17, 0.9258180260658264, 0.13788959383964539, 16.98409080505371
image_137, 18, 0.9858805537223816, 0.14742393791675568, 17.98292350769043
image_137, 19, 1.0509721040725708, 0.15851286053657532, 18.981508255004883
image_137, 20, 1.1179155111312866, 0.17026446759700775, 19.979978561401367
image_137, 21, 1.1742132902145386, 0.17887011170387268, 20.97894859313965
image_137, 22, 1.2212015390396118, 0.18528445065021515, 21.978269577026367
image_137, 23, 1.2651190757751465, 0.1911259889602661, 22.977685928344727
image_137, 24, 1.3074995279312134, 0.19659999012947083, 23.97713851928711
image_137, 25, 1.3604072332382202, 0.20465560257434845, 24.976192474365234
image_137, 26, 1.4162153005599976, 0.21356460452079773, 25.975114822387695
image_137, 27, 1.4800466299057007, 0.22483259439468384, 26.973663330078125
image_137, 28, 1.5469064712524414, 0.237149178981781, 27.972049713134766
image_137, 29, 1.6213843822479248, 0.25229912996292114, 28.969985961914062
image_137, 30, 1.6868013143539429, 0.26438578963279724, 29.96841812133789
image_14, 1, 0.05196501314640045, 0.009302356280386448, 0.9992759227752686
image_14, 2, 0.117196224629879, 0.02346297726035118, 1.9980676174163818
image_14, 3, 0.18556161224842072, 0.03882953152060509, 2.996706962585449
image_14, 4, 0.25001001358032227, 0.052441246807575226, 3.99550199508667
image_14, 5, 0.3134596645832062, 0.06592980027198792, 4.994327068328857
image_14, 6, 0.3768158555030823, 0.0794459879398346, 5.993129253387451
image_14, 7, 0.44080790877342224, 0.09276454150676727, 6.991917133331299
image_14, 8, 0.5009995102882385, 0.10478837788105011, 7.990935325622559
image_14, 9, 0.5632642507553101, 0.11745568364858627, 8.989839553833008
image_14, 10, 0.6274802088737488, 0.13071489334106445, 9.988570213317871
image_14, 11, 0.6869657635688782, 0.14234425127506256, 10.987539291381836
image_14, 12, 0.7594342231750488, 0.1586822122335434, 11.985740661621094
image_14, 13, 0.8187832236289978, 0.17032846808433533, 12.984689712524414
image_14, 14, 0.8836681842803955, 0.1841135025024414, 13.98336410522461
image_14, 15, 0.9416100382804871, 0.19541051983833313, 14.982475280761719
image_14, 16, 0.9968054294586182, 0.2060849666595459, 15.981756210327148
image_14, 17, 1.0517594814300537, 0.21673277020454407, 16.98097801208496
image_14, 18, 1.1106102466583252, 0.2286098748445511, 17.97994041442871
image_14, 19, 1.1726229190826416, 0.24142876267433167, 18.97870635986328
image_14, 20, 1.2292557954788208, 0.2523473799228668, 19.97777557373047
image_14, 21, 1.2868975400924683, 0.2633594870567322, 20.976774215698242
image_14, 22, 1.3412086963653564, 0.27324581146240234, 21.975915908813477
image_14, 23, 1.3996436595916748, 0.2843242883682251, 22.974895477294922
image_14, 24, 1.4556827545166016, 0.2945129871368408, 23.97402000427246
image_14, 25, 1.5138483047485352, 0.30526837706565857, 24.973005294799805
image_14, 26, 1.5690363645553589, 0.3151802718639374, 25.97212028503418
image_14, 27, 1.6271604299545288, 0.32619187235832214, 26.97109031677246
image_14, 28, 1.6926921606063843, 0.33995890617370605, 27.96965789794922
image_14, 29, 1.7542434930801392, 0.35273435711860657, 28.968441009521484
image_14, 30, 1.8123822212219238, 0.3645517826080322, 29.967342376708984
image_68, 1, 0.03341364860534668, 0.0035246508195996284, 0.9997876882553101
image_68, 2, 0.08356504142284393, 0.01154441200196743, 1.9992412328720093
image_68, 3, 0.13666465878486633, 0.020413948222994804, 2.998549222946167
image_68, 4, 0.19286026060581207, 0.029979215934872627, 3.99774169921875
image_68, 5, 0.25296470522880554, 0.04046236723661423, 4.996814250946045
image_68, 6, 0.30415070056915283, 0.048873983323574066, 5.996248245239258
image_68, 7, 0.35588252544403076, 0.05750071629881859, 6.995678424835205
image_68, 8, 0.40846312046051025, 0.06631603837013245, 7.995096683502197
image_68, 9, 0.4592871069908142, 0.07455529272556305, 8.994572639465332
image_68, 10, 0.5102096199989319, 0.08269950747489929, 9.994022369384766
image_68, 11, 0.558086633682251, 0.08994685858488083, 10.993545532226562
image_68, 12, 0.6033525466918945, 0.09641193598508835, 11.993149757385254
image_68, 13, 0.643034040927887, 0.10083936154842377, 12.992755889892578
image_68, 14, 0.674930214881897, 0.10396421700716019, 13.992559432983398
image_68, 15, 0.7266504764556885, 0.11230776458978653, 14.991913795471191
image_68, 16, 0.7914391160011292, 0.1245996356010437, 15.990656852722168
image_68, 17, 0.8535916805267334, 0.13590726256370544, 16.989561080932617
image_68, 18, 0.9022262096405029, 0.1432812213897705, 17.98904800415039
image_68, 19, 0.9476670026779175, 0.14958582818508148, 18.988603591918945
image_68, 20, 0.9846670627593994, 0.15423814952373505, 19.98822593688965
image_68, 21, 1.0334924459457397, 0.16124583780765533, 20.98764991760254
image_68, 22, 1.062395691871643, 0.1639619618654251, 21.987455368041992
image_68, 23, 1.095655083656311, 0.1677558720111847, 22.98713493347168
image_68, 24, 1.132111668586731, 0.1720200479030609, 23.986753463745117
image_68, 25, 1.1713078022003174, 0.1767791360616684, 24.986316680908203
image_68, 26, 1.2100393772125244, 0.18143752217292786, 25.98589324951172
image_68, 27, 1.2472399473190308, 0.18592022359371185, 26.985515594482422
image_68, 28, 1.2793623208999634, 0.18939466774463654, 27.985271453857422
image_68, 29, 1.3102998733520508, 0.1926582157611847, 28.985042572021484
image_68, 30, 1.3429909944534302, 0.1962576061487198, 29.98478126525879
image_96, 1, 0.03949633240699768, 0.006134925410151482, 0.9994996190071106
image_96, 2, 0.07816840708255768, 0.012132690288126469, 1.9989850521087646
image_96, 3, 0.12627369165420532, 0.019323624670505524, 2.99822998046875
image_96, 4, 0.17304043471813202, 0.026483958587050438, 3.997495174407959
image_96, 5, 0.214558944106102, 0.032938938587903976, 4.996899127960205
image_96, 6, 0.25419893860816956, 0.03955724462866783, 5.996329307556152
image_96, 7, 0.2928546071052551, 0.04575388878583908, 6.995795249938965
image_96, 8, 0.3421517610549927, 0.054161712527275085, 7.994901657104492
image_96, 9, 0.39958760142326355, 0.06469891965389252, 8.994077682495117
image_96, 10, 0.4556305408477783, 0.07529626041650772, 9.993282318115234
image_96, 11, 0.5105888843536377, 0.08587931096553802, 10.992491722106934
image_96, 12, 0.5666326284408569, 0.09721647202968597, 11.991634368896484
image_96, 13, 0.621914267539978, 0.10793296247720718, 12.990846633911133
image_96, 14, 0.6760165691375732, 0.11790473759174347, 13.99012279510498
image_96, 15, 0.7338108420372009, 0.12806427478790283, 14.989330291748047
image_96, 16, 0.7885849475860596, 0.13711048662662506, 15.988667488098145
image_96, 17, 0.8376076817512512, 0.14502546191215515, 16.9881591796875
image_96, 18, 0.8815814256668091, 0.15194813907146454, 17.98761749267578
image_96, 19, 0.9236770868301392, 0.15824247896671295, 18.987102508544922
image_96, 20, 0.9672178030014038, 0.1645565778017044, 19.986703872680664
image_96, 21, 1.0134273767471313, 0.1714191883802414, 20.98626708984375
image_96, 22, 1.0595558881759644, 0.1784883290529251, 21.98581314086914
image_96, 23, 1.1073552370071411, 0.18597179651260376, 22.98534393310547
image_96, 24, 1.1570099592208862, 0.19364877045154572, 23.984848022460938
image_96, 25, 1.223058819770813, 0.2064758688211441, 24.9835262298584
image_96, 26, 1.2799943685531616, 0.21634483337402344, 25.982643127441406
image_96, 27, 1.3248612880706787, 0.22291991114616394, 26.98216438293457
image_96, 28, 1.3658075332641602, 0.22840212285518646, 27.981794357299805
image_96, 29, 1.4064431190490723, 0.23388950526714325, 28.981435775756836
image_96, 30, 1.4535636901855469, 0.24108277261257172, 29.980905532836914
image_27, 1, 0.04437883570790291, 0.007497856859117746, 0.9996166229248047
image_27, 2, 0.11272226274013519, 0.023208245635032654, 1.9984111785888672
image_27, 3, 0.1788313388824463, 0.038533732295036316, 2.9973535537719727
image_27, 4, 0.251186341047287, 0.05597377568483353, 3.995918035507202
image_27, 5, 0.3206433355808258, 0.07218100130558014, 4.994637489318848
image_27, 6, 0.39095038175582886, 0.08820904791355133, 5.993287086486816
image_27, 7, 0.46411654353141785, 0.10579486191272736, 6.991762638092041
image_27, 8, 0.5328807830810547, 0.12219634652137756, 7.990564823150635
image_27, 9, 0.6076385974884033, 0.1402391791343689, 8.98893928527832
image_27, 10, 0.6641401648521423, 0.1508920043706894, 9.988173484802246
image_27, 11, 0.7053369283676147, 0.1576818823814392, 10.987872123718262
image_27, 12, 0.7746352553367615, 0.17318342626094818, 11.986542701721191
image_27, 13, 0.8498696088790894, 0.19143334031105042, 12.984745025634766
image_27, 14, 0.9261167049407959, 0.21005748212337494, 13.982888221740723
image_27, 15, 1.003621220588684, 0.22868414223194122, 14.980908393859863
image_27, 16, 1.0702961683273315, 0.24346975982189178, 15.979632377624512
image_27, 17, 1.1381717920303345, 0.2587255835533142, 16.978351593017578
image_27, 18, 1.2060651779174805, 0.2738395929336548, 17.97711753845215
image_27, 19, 1.2724394798278809, 0.2881060540676117, 18.975961685180664
image_27, 20, 1.340404748916626, 0.3029126524925232, 19.974674224853516
image_27, 21, 1.412899136543274, 0.3192213177680969, 20.9731502532959
image_27, 22, 1.4538944959640503, 0.3253362774848938, 21.97280502319336
image_27, 23, 1.493035912513733, 0.3310818672180176, 22.972517013549805
image_27, 24, 1.5593445301055908, 0.34605011343955994, 23.971254348754883
image_27, 25, 1.6249638795852661, 0.36079141497612, 24.970075607299805
image_27, 26, 1.68886137008667, 0.37476101517677307, 25.96900177001953
image_27, 27, 1.7543855905532837, 0.38915881514549255, 26.967744827270508
image_27, 28, 1.8177448511123657, 0.4027951657772064, 27.96660041809082
image_27, 29, 1.8750178813934326, 0.41323211789131165, 28.965652465820312
image_27, 30, 1.9293944835662842, 0.42316240072250366, 29.96487808227539
image_79, 1, 0.07855634391307831, 0.02003888599574566, 0.9981465339660645
image_79, 2, 0.12699134647846222, 0.028523322194814682, 1.9975645542144775
image_79, 3, 0.1756114363670349, 0.03618309646844864, 2.9969141483306885
image_79, 4, 0.26252222061157227, 0.05893140286207199, 3.9944236278533936
image_79, 5, 0.34949439764022827, 0.0820646807551384, 4.991912841796875
image_79, 6, 0.4274768829345703, 0.10178091377019882, 5.990137100219727
image_79, 7, 0.5042261481285095, 0.12124194949865341, 6.988393306732178
image_79, 8, 0.5765368938446045, 0.13856936991214752, 7.98691987991333
image_79, 9, 0.6536010503768921, 0.15714377164840698, 8.985127449035645
image_79, 10, 0.7039616703987122, 0.1650761216878891, 9.9844331741333
image_79, 11, 0.7846186757087708, 0.18499138951301575, 10.982328414916992
image_79, 12, 0.8568634986877441, 0.20193041861057281, 11.980717658996582
image_79, 13, 0.9303311109542847, 0.21923035383224487, 12.979059219360352
image_79, 14, 1.0108351707458496, 0.23912881314754486, 13.976953506469727
image_79, 15, 1.0650861263275146, 0.24819570779800415, 14.976053237915039
image_79, 16, 1.1348341703414917, 0.2643294334411621, 15.974576950073242
image_79, 17, 1.2184374332427979, 0.28572022914886475, 16.97217559814453
image_79, 18, 1.261873483657837, 0.29234328866004944, 17.971773147583008
image_79, 19, 1.3083884716033936, 0.2995005249977112, 18.97117805480957
image_79, 20, 1.3513644933700562, 0.3058401048183441, 19.970706939697266
image_79, 21, 1.3996371030807495, 0.3135296106338501, 20.969953536987305
image_79, 22, 1.4433801174163818, 0.3200852870941162, 21.969438552856445
image_79, 23, 1.4934180974960327, 0.3282090127468109, 22.968671798706055
image_79, 24, 1.547221064567566, 0.33769723773002625, 23.96773338317871
image_79, 25, 1.5983378887176514, 0.34600210189819336, 24.9669246673584
image_79, 26, 1.6729260683059692, 0.36442604660987854, 25.965158462524414
image_79, 27, 1.7578985691070557, 0.38703256845474243, 26.96257209777832
image_79, 28, 1.810960292816162, 0.39581793546676636, 27.96169090270996
image_79, 29, 1.8614927530288696, 0.40410178899765015, 28.96097183227539
image_79, 30, 1.9132676124572754, 0.4128319025039673, 29.960159301757812
image_50, 1, 0.04609506577253342, 0.00771617516875267, 0.9994058012962341
image_50, 2, 0.08371680229902267, 0.012452255934476852, 1.9991188049316406
image_50, 3, 0.12235493957996368, 0.017746586352586746, 2.99880051612854
image_50, 4, 0.17473886907100677, 0.027376921847462654, 3.997948408126831
image_50, 5, 0.21850168704986572, 0.03429286926984787, 4.99739933013916
image_50, 6, 0.25753429532051086, 0.039972029626369476, 5.997008323669434
image_50, 7, 0.2970595955848694, 0.045677460730075836, 6.996612548828125
image_50, 8, 0.3373330533504486, 0.05157925933599472, 7.996187210083008
image_50, 9, 0.3754251003265381, 0.05674457177519798, 8.995833396911621
image_50, 10, 0.4158989489078522, 0.06246909499168396, 9.995396614074707
image_50, 11, 0.45421797037124634, 0.06773640960454941, 10.995019912719727
image_50, 12, 0.48836076259613037, 0.07183970510959625, 11.99477481842041
image_50, 13, 0.5221431255340576, 0.07587438821792603, 12.994534492492676
image_50, 14, 0.5572599172592163, 0.0803147628903389, 13.994267463684082
image_50, 15, 0.6086791753768921, 0.08886068314313889, 14.993661880493164
image_50, 16, 0.6658859848976135, 0.09886729717254639, 15.992791175842285
image_50, 17, 0.7199084758758545, 0.10775582492351532, 16.992076873779297
image_50, 18, 0.7688952088356018, 0.11529719084501266, 17.991558074951172
image_50, 19, 0.8163238763809204, 0.12228855490684509, 18.991050720214844
image_50, 20, 0.8660929203033447, 0.12978342175483704, 19.990449905395508
image_50, 21, 0.9156720042228699, 0.13739481568336487, 20.989856719970703
image_50, 22, 0.9614276885986328, 0.14424660801887512, 21.98941421508789
image_50, 23, 1.0082274675369263, 0.15125159919261932, 22.988941192626953
image_50, 24, 1.0555610656738281, 0.15829208493232727, 23.988454818725586
image_50, 25, 1.1094099283218384, 0.1672106683254242, 24.987716674804688
image_50, 26, 1.1647346019744873, 0.1766050010919571, 25.986927032470703
image_50, 27, 1.2181001901626587, 0.1855858713388443, 26.986236572265625
image_50, 28, 1.2535218000411987, 0.19004212319850922, 27.98592758178711
image_50, 29, 1.29010009765625, 0.19492414593696594, 28.985557556152344
image_50, 30, 1.3240169286727905, 0.19888074696063995, 29.98530387878418
image_128, 1, 0.04000008851289749, 0.0051106736063957214, 0.999630868434906
image_128, 2, 0.0906125009059906, 0.013455742038786411, 1.9990817308425903
image_128, 3, 0.14014923572540283, 0.02166452817618847, 2.9985671043395996
image_128, 4, 0.192677304148674, 0.03067309781908989, 3.9980037212371826
image_128, 5, 0.24642986059188843, 0.03984594717621803, 4.997401714324951
image_128, 6, 0.2980307936668396, 0.048066191375255585, 5.996842861175537
image_128, 7, 0.3459697663784027, 0.0555163212120533, 6.996394157409668
image_128, 8, 0.37967583537101746, 0.05926491692662239, 7.996152877807617
image_128, 9, 0.4165889322757721, 0.06361067295074463, 8.99582576751709
image_128, 10, 0.45101338624954224, 0.06740323454141617, 9.995569229125977
image_128, 11, 0.500758707523346, 0.07519423216581345, 10.995086669921875
image_128, 12, 0.5495331287384033, 0.08297691494226456, 11.994589805603027
image_128, 13, 0.5971868634223938, 0.09077107161283493, 12.994060516357422
image_128, 14, 0.6468334197998047, 0.09845450520515442, 13.99351978302002
image_128, 15, 0.6937453150749207, 0.10555500537157059, 14.993091583251953
image_128, 16, 0.7425766587257385, 0.11341211199760437, 15.992626190185547
image_128, 17, 0.7927656769752502, 0.12148015201091766, 16.992130279541016
image_128, 18, 0.8429076075553894, 0.12948960065841675, 17.991621017456055
image_128, 19, 0.8926423192024231, 0.13707834482192993, 18.99114418029785
image_128, 20, 0.943657398223877, 0.14494189620018005, 19.99063491821289
image_128, 21, 0.9960811138153076, 0.1531326323747635, 20.99005126953125
image_128, 22, 1.0439236164093018, 0.16029706597328186, 21.989578247070312
image_128, 23, 1.0925383567810059, 0.1675591766834259, 22.989091873168945
image_128, 24, 1.1229615211486816, 0.17050229012966156, 23.98891830444336
image_128, 25, 1.1562062501907349, 0.1738104522228241, 24.988664627075195
image_128, 26, 1.1884748935699463, 0.17702870070934296, 25.988431930541992
image_128, 27, 1.2228505611419678, 0.18101762235164642, 26.98817253112793
image_128, 28, 1.2730319499969482, 0.1889374554157257, 27.987619400024414
image_128, 29, 1.305504322052002, 0.19236531853675842, 28.987367630004883
image_128, 30, 1.3371555805206299, 0.19546250998973846, 29.987165451049805
image_119, 1, 0.039822861552238464, 0.00523750763386488, 0.9997080564498901
image_119, 2, 0.07919865846633911, 0.01019861176609993, 1.9994151592254639
image_119, 3, 0.11928308755159378, 0.015593370422720909, 2.9990906715393066
image_119, 4, 0.16101492941379547, 0.021593092009425163, 3.9987006187438965
image_119, 5, 0.2175847887992859, 0.03205031901597977, 4.997896194458008
image_119, 6, 0.26953327655792236, 0.04119062423706055, 5.997299671173096
image_119, 7, 0.3253549039363861, 0.05178792029619217, 6.996630668640137
image_119, 8, 0.376514732837677, 0.06088482588529587, 7.996129035949707
image_119, 9, 0.42935624718666077, 0.0701509639620781, 8.995576858520508
image_119, 10, 0.49043697118759155, 0.08184796571731567, 9.994596481323242
image_119, 11, 0.5418190956115723, 0.0907217264175415, 10.994085311889648
image_119, 12, 0.5894373059272766, 0.09824573993682861, 11.993643760681152
image_119, 13, 0.6404677629470825, 0.1064632385969162, 12.993053436279297
image_119, 14, 0.6929423213005066, 0.11523250490427017, 13.992417335510254
image_119, 15, 0.7446112632751465, 0.1237916424870491, 14.99183464050293
image_119, 16, 0.794154942035675, 0.13171392679214478, 15.991318702697754
image_119, 17, 0.84588623046875, 0.14002032577991486, 16.99066925048828
image_119, 18, 0.8950042128562927, 0.14768272638320923, 17.9901065826416
image_119, 19, 0.9420453310012817, 0.1549338549375534, 18.98961639404297
image_119, 20, 0.9894105792045593, 0.16245244443416595, 19.9891357421875
image_119, 21, 1.0373210906982422, 0.17006513476371765, 20.988632202148438
image_119, 22, 1.0862990617752075, 0.1776438057422638, 21.988080978393555
image_119, 23, 1.137946367263794, 0.18600289523601532, 22.987451553344727
image_119, 24, 1.188044786453247, 0.19399316608905792, 23.986886978149414
image_119, 25, 1.2360996007919312, 0.20151589810848236, 24.98636817932129
image_119, 26, 1.2688822746276855, 0.204888254404068, 25.986183166503906
image_119, 27, 1.3012793064117432, 0.20821532607078552, 26.98600959777832
image_119, 28, 1.332076907157898, 0.21131037175655365, 27.98584747314453
image_119, 29, 1.3684910535812378, 0.21545900404453278, 28.985565185546875
image_119, 30, 1.4049910306930542, 0.219601109623909, 29.98529052734375
image_103, 1, 0.03723423182964325, 0.004672412760555744, 0.9997013807296753
image_103, 2, 0.07048121094703674, 0.00850621797144413, 1.9994912147521973
image_103, 3, 0.10257144272327423, 0.012022223323583603, 2.9993014335632324
image_103, 4, 0.13987860083580017, 0.01660395786166191, 3.998988628387451
image_103, 5, 0.18839207291603088, 0.024002350866794586, 4.998501300811768
image_103, 6, 0.23895493149757385, 0.03223908692598343, 5.9979681968688965
image_103, 7, 0.2920302152633667, 0.04104670137166977, 6.997341156005859
image_103, 8, 0.3475569784641266, 0.050533145666122437, 7.99662971496582
image_103, 9, 0.41095709800720215, 0.06250780820846558, 8.995505332946777
image_103, 10, 0.4796272814273834, 0.07658334076404572, 9.994073867797852
image_103, 11, 0.5385947227478027, 0.08751850575208664, 10.993207931518555
image_103, 12, 0.5945833921432495, 0.0975237637758255, 11.992501258850098
image_103, 13, 0.646329939365387, 0.10617170482873917, 12.991964340209961
image_103, 14, 0.7000672221183777, 0.11522964388132095, 13.991290092468262
image_103, 15, 0.7546607255935669, 0.12467509508132935, 14.990558624267578
image_103, 16, 0.8094929456710815, 0.1344493329524994, 15.989799499511719
image_103, 17, 0.8608695864677429, 0.14317305386066437, 16.989192962646484
image_103, 18, 0.9102005958557129, 0.15138399600982666, 17.98865509033203
image_103, 19, 0.9631856083869934, 0.16018298268318176, 18.98795509338379
image_103, 20, 1.0202869176864624, 0.170026034116745, 19.98705291748047
image_103, 21, 1.0831321477890015, 0.1816779524087906, 20.985857009887695
image_103, 22, 1.157085657119751, 0.19751587510108948, 21.983997344970703
image_103, 23, 1.2353196144104004, 0.2152627855539322, 22.981809616088867
image_103, 24, 1.294439673423767, 0.2257959246635437, 23.980741500854492
image_103, 25, 1.3250540494918823, 0.2288520634174347, 24.98057746887207
image_103, 26, 1.3693798780441284, 0.23510994017124176, 25.980119705200195
image_103, 27, 1.4198192358016968, 0.24312148988246918, 26.979412078857422
image_103, 28, 1.4582977294921875, 0.24748468399047852, 27.979022979736328
image_103, 29, 1.5042752027511597, 0.2535681426525116, 28.978412628173828
image_103, 30, 1.5387088060379028, 0.25746989250183105, 29.978153228759766
image_24, 1, 0.04264698177576065, 0.0067082722671329975, 0.9996342062950134
image_24, 2, 0.08524908870458603, 0.013198468834161758, 1.9992632865905762
image_24, 3, 0.12933990359306335, 0.020609496161341667, 2.998920202255249
image_24, 4, 0.17244532704353333, 0.02799132466316223, 3.9985618591308594
image_24, 5, 0.21678301692008972, 0.03598374128341675, 4.998073101043701
image_24, 6, 0.2900097072124481, 0.05471336469054222, 5.9964094161987305
image_24, 7, 0.3321663737297058, 0.061969079077243805, 6.995998382568359
image_24, 8, 0.37563011050224304, 0.06950721144676208, 7.99558162689209
image_24, 9, 0.4489779472351074, 0.08813490718603134, 8.994051933288574
image_24, 10, 0.5235980749130249, 0.10677722096443176, 9.99239730834961
image_24, 11, 0.5903177857398987, 0.12223082780838013, 10.991238594055176
image_24, 12, 0.6597740054130554, 0.13873274624347687, 11.989983558654785
image_24, 13, 0.7290768623352051, 0.155737966299057, 12.988697052001953
image_24, 14, 0.8033227324485779, 0.17489108443260193, 13.987081527709961
image_24, 15, 0.8836725354194641, 0.19601503014564514, 14.985097885131836
image_24, 16, 0.9626875519752502, 0.2165500819683075, 15.9832124710083
image_24, 17, 1.032015085220337, 0.23344123363494873, 16.981918334960938
image_24, 18, 1.0995993614196777, 0.25013256072998047, 17.98070526123047
image_24, 19, 1.1716159582138062, 0.2683205008506775, 18.97924041748047
image_24, 20, 1.2533677816390991, 0.2895735204219818, 19.977144241333008
image_24, 21, 1.32174551486969, 0.30612343549728394, 20.97588539123535
image_24, 22, 1.3902512788772583, 0.3223496675491333, 21.97464370727539
image_24, 23, 1.4557602405548096, 0.3376289904117584, 22.97357940673828
image_24, 24, 1.522911548614502, 0.35341864824295044, 23.972415924072266
image_24, 25, 1.5906840562820435, 0.36962437629699707, 24.971193313598633
image_24, 26, 1.6615362167358398, 0.3866339325904846, 25.9697208404541
image_24, 27, 1.7146227359771729, 0.3974803686141968, 26.969017028808594
image_24, 28, 1.7904863357543945, 0.4162614941596985, 27.96722412109375
image_24, 29, 1.8534964323043823, 0.43084055185317993, 28.966184616088867
image_24, 30, 1.9209084510803223, 0.44695231318473816, 29.964754104614258
image_143, 1, 0.050524428486824036, 0.007605135906487703, 0.9994858503341675
image_143, 2, 0.10145105421543121, 0.015273163095116615, 1.9989473819732666
image_143, 3, 0.1505022495985031, 0.022678527981042862, 2.998465061187744
image_143, 4, 0.2019832581281662, 0.030833369120955467, 3.9979093074798584
image_143, 5, 0.2596806287765503, 0.041637618094682693, 4.997361183166504
image_143, 6, 0.31595084071159363, 0.051883962005376816, 5.9968461990356445
image_143, 7, 0.37188997864723206, 0.06203664839267731, 6.996330738067627
image_143, 8, 0.427758127450943, 0.07222405821084976, 7.995808124542236
image_143, 9, 0.47112733125686646, 0.07814718037843704, 8.995444297790527
image_143, 10, 0.5192543268203735, 0.08519352227449417, 9.99493408203125
image_143, 11, 0.5644720792770386, 0.09152078628540039, 10.994502067565918
image_143, 12, 0.6135498881340027, 0.09846790134906769, 11.993919372558594
image_143, 13, 0.6547772288322449, 0.10371321439743042, 12.993587493896484
image_143, 14, 0.7111399173736572, 0.11373309791088104, 13.992989540100098
image_143, 15, 0.7698187828063965, 0.12455633282661438, 14.992353439331055
image_143, 16, 0.8268200159072876, 0.13470244407653809, 15.991759300231934
image_143, 17, 0.8815183043479919, 0.14407283067703247, 16.99123764038086
image_143, 18, 0.9366609454154968, 0.1537264734506607, 17.990665435791016
image_143, 19, 0.992756187915802, 0.1635035127401352, 18.99003791809082
image_143, 20, 1.046425700187683, 0.17232489585876465, 19.989505767822266
image_143, 21, 1.0994738340377808, 0.18078748881816864, 20.98896026611328
image_143, 22, 1.1548651456832886, 0.19003763794898987, 21.988313674926758
image_143, 23, 1.2138675451278687, 0.20034217834472656, 22.987485885620117
image_143, 24, 1.2675530910491943, 0.20913824439048767, 23.986896514892578
image_143, 25, 1.3105920553207397, 0.21438129246234894, 24.986446380615234
image_143, 26, 1.3436692953109741, 0.21769261360168457, 25.986217498779297
image_143, 27, 1.3767491579055786, 0.22108647227287292, 26.986007690429688
image_143, 28, 1.4125539064407349, 0.22513121366500854, 27.985780715942383
image_143, 29, 1.451957106590271, 0.23002628982067108, 28.985483169555664
image_143, 30, 1.4922215938568115, 0.23484022915363312, 29.985139846801758
image_12, 1, 0.08129376918077469, 0.01289531122893095, 0.9989705085754395
image_12, 2, 0.15771427750587463, 0.025121323764324188, 1.998045802116394
image_12, 3, 0.22332048416137695, 0.03676339238882065, 2.99722957611084
image_12, 4, 0.29405176639556885, 0.04922205209732056, 3.9962663650512695
image_12, 5, 0.37508347630500793, 0.06098012626171112, 4.99525785446167
image_12, 6, 0.4489138126373291, 0.07195914536714554, 5.994388580322266
image_12, 7, 0.5265142321586609, 0.08255930244922638, 6.993565559387207
image_12, 8, 0.6006186008453369, 0.09256421774625778, 7.99282693862915
image_12, 9, 0.6727100610733032, 0.10220322757959366, 8.99213981628418
image_12, 10, 0.7380979061126709, 0.11188896000385284, 9.991482734680176
image_12, 11, 0.7952677011489868, 0.11999340355396271, 10.990950584411621
image_12, 12, 0.8529150485992432, 0.12778393924236298, 11.990460395812988
image_12, 13, 0.9196875095367432, 0.1368943154811859, 12.989879608154297
image_12, 14, 0.97464519739151, 0.14513219892978668, 13.989409446716309
image_12, 15, 1.0314046144485474, 0.15377503633499146, 14.988821029663086
image_12, 16, 1.0921471118927002, 0.16263949871063232, 15.988231658935547
image_12, 17, 1.161173701286316, 0.1719602793455124, 16.987585067749023
image_12, 18, 1.2247533798217773, 0.18052850663661957, 17.98702049255371
image_12, 19, 1.2883301973342896, 0.18863694369792938, 18.986526489257812
image_12, 20, 1.3494205474853516, 0.19633403420448303, 19.9860782623291
image_12, 21, 1.4055708646774292, 0.20333904027938843, 20.98563575744629
image_12, 22, 1.458931803703308, 0.2099928855895996, 21.985261917114258
image_12, 23, 1.5162979364395142, 0.21706917881965637, 22.984657287597656
image_12, 24, 1.5708551406860352, 0.22351838648319244, 23.984220504760742
image_12, 25, 1.6342957019805908, 0.23098914325237274, 24.983728408813477
image_12, 26, 1.692108154296875, 0.23771728575229645, 25.983312606811523
image_12, 27, 1.7808804512023926, 0.2547009587287903, 26.981870651245117
image_12, 28, 1.8858153820037842, 0.2729610204696655, 27.980253219604492
image_12, 29, 1.9745161533355713, 0.29043498635292053, 28.978696823120117
image_12, 30, 2.0618796348571777, 0.30872079730033875, 29.976961135864258
image_113, 1, 0.05331363528966904, 0.007882627658545971, 0.9992010593414307
image_113, 2, 0.09922478348016739, 0.014002029784023762, 1.9986852407455444
image_113, 3, 0.1447286456823349, 0.02000095695257187, 2.998192548751831
image_113, 4, 0.18755576014518738, 0.02552623301744461, 3.997802734375
image_113, 5, 0.2329568862915039, 0.032194484025239944, 4.997350692749023
image_113, 6, 0.2903735637664795, 0.04341471940279007, 5.996555328369141
image_113, 7, 0.3388320207595825, 0.05024924501776695, 6.996000289916992
image_113, 8, 0.38301026821136475, 0.05603150650858879, 7.995574951171875
image_113, 9, 0.4313350021839142, 0.06268417090177536, 8.995016098022461
image_113, 10, 0.4673418402671814, 0.06680496037006378, 9.994773864746094
image_113, 11, 0.5035746693611145, 0.07096967846155167, 10.994519233703613
image_113, 12, 0.5546705722808838, 0.07829922437667847, 11.99382495880127
image_113, 13, 0.6054837703704834, 0.08747562021017075, 12.993362426757812
image_113, 14, 0.6594758629798889, 0.09763837605714798, 13.992765426635742
image_113, 15, 0.7107951641082764, 0.1067751795053482, 14.992249488830566
image_113, 16, 0.7614656090736389, 0.11537206172943115, 15.991726875305176
image_113, 17, 0.7979924082756042, 0.11971795558929443, 16.99148178100586
image_113, 18, 0.8461930155754089, 0.12765070796012878, 17.990991592407227
image_113, 19, 0.8959478735923767, 0.13592258095741272, 18.9904727935791
image_113, 20, 0.948411226272583, 0.14473964273929596, 19.989837646484375
image_113, 21, 0.9959732294082642, 0.15215082466602325, 20.989337921142578
image_113, 22, 1.04320228099823, 0.15941977500915527, 21.98883056640625
image_113, 23, 1.0903090238571167, 0.16688229143619537, 22.98832893371582
image_113, 24, 1.1378333568572998, 0.17462866008281708, 23.987836837768555
image_113, 25, 1.1924972534179688, 0.18450318276882172, 24.987106323242188
image_113, 26, 1.2458443641662598, 0.19389782845973969, 25.986434936523438
image_113, 27, 1.2783491611480713, 0.19715534150600433, 26.986249923706055
image_113, 28, 1.314780354499817, 0.20120427012443542, 27.985952377319336
image_113, 29, 1.3577145338058472, 0.20678941905498505, 28.985469818115234
image_113, 30, 1.3954997062683105, 0.2112221121788025, 29.98516082763672
image_112, 1, 0.035012342035770416, 0.0040587130934000015, 0.9997414350509644
image_112, 2, 0.07174839079380035, 0.008277613669633865, 1.9994291067123413
image_112, 3, 0.12472041696310043, 0.017226696014404297, 2.998666763305664
image_112, 4, 0.18208086490631104, 0.0274345725774765, 3.99775767326355
image_112, 5, 0.2410597950220108, 0.03834478557109833, 4.996824264526367
image_112, 6, 0.30267465114593506, 0.05026079714298248, 5.995777130126953
image_112, 7, 0.37328284978866577, 0.06514238566160202, 6.994165897369385
image_112, 8, 0.44061994552612305, 0.07881157100200653, 7.992704391479492
image_112, 9, 0.49768608808517456, 0.08933363854885101, 8.991819381713867
image_112, 10, 0.5562533736228943, 0.10045771300792694, 9.990828514099121
image_112, 11, 0.6258090138435364, 0.11531183868646622, 10.989181518554688
image_112, 12, 0.6894867420196533, 0.1277516782283783, 11.987914085388184
image_112, 13, 0.7621124982833862, 0.14348381757736206, 12.986120223999023
image_112, 14, 0.8212327361106873, 0.15451505780220032, 13.985129356384277
image_112, 15, 0.8915426731109619, 0.1699518859386444, 14.98342227935791
image_112, 16, 0.9585769772529602, 0.18411828577518463, 15.981935501098633
image_112, 17, 1.0172456502914429, 0.19516025483608246, 16.98090934753418
image_112, 18, 1.0717544555664062, 0.2048073410987854, 17.980100631713867
image_112, 19, 1.1342540979385376, 0.21714429557323456, 18.978862762451172
image_112, 20, 1.1948661804199219, 0.2287079393863678, 19.977731704711914
image_112, 21, 1.2562010288238525, 0.24040968716144562, 20.976558685302734
image_112, 22, 1.319095253944397, 0.25253525376319885, 21.975284576416016
image_112, 23, 1.3956401348114014, 0.26973864436149597, 22.973169326782227
image_112, 24, 1.4727191925048828, 0.28716784715652466, 23.971010208129883
image_112, 25, 1.547057032585144, 0.3034626841545105, 24.96903419494629
image_112, 26, 1.5825597047805786, 0.30763164162635803, 25.968765258789062
image_112, 27, 1.6352596282958984, 0.3166908919811249, 26.968027114868164
image_112, 28, 1.689803123474121, 0.3263627886772156, 27.96718406677246
image_112, 29, 1.74753999710083, 0.33696162700653076, 28.966169357299805
image_112, 30, 1.7801121473312378, 0.34057921171188354, 29.96596336364746
image_62, 1, 0.0478527694940567, 0.007958907634019852, 0.9994142055511475
image_62, 2, 0.10101914405822754, 0.017927322536706924, 1.9986803531646729
image_62, 3, 0.18443989753723145, 0.03995703160762787, 2.9963386058807373
image_62, 4, 0.2567605972290039, 0.057385094463825226, 3.9948196411132812
image_62, 5, 0.33599716424942017, 0.07698550820350647, 4.992788314819336
image_62, 6, 0.40981796383857727, 0.0943296030163765, 5.991137504577637
image_62, 7, 0.488469660282135, 0.11315187811851501, 6.989190578460693
image_62, 8, 0.5655520558357239, 0.13129009306430817, 7.98732852935791
image_62, 9, 0.6481841206550598, 0.1515710949897766, 8.985163688659668
image_62, 10, 0.723054051399231, 0.16946075856685638, 9.983546257019043
image_62, 11, 0.7946476340293884, 0.18626050651073456, 10.982141494750977
image_62, 12, 0.8633788824081421, 0.20171788334846497, 11.980920791625977
image_62, 13, 0.9425164461135864, 0.221090629696846, 12.978963851928711
image_62, 14, 1.0260822772979736, 0.24252048134803772, 13.97669506072998
image_62, 15, 1.105422854423523, 0.26237595081329346, 14.974746704101562
image_62, 16, 1.1765642166137695, 0.2786225378513336, 15.973393440246582
image_62, 17, 1.2364434003829956, 0.28992217779159546, 16.972314834594727
image_62, 18, 1.3169972896575928, 0.3098980486392975, 17.970191955566406
image_62, 19, 1.3887152671813965, 0.32609981298446655, 18.968685150146484
image_62, 20, 1.46218740940094, 0.3432871699333191, 19.967090606689453
image_62, 21, 1.5298100709915161, 0.35881590843200684, 20.965789794921875
image_62, 22, 1.6030707359313965, 0.37654194235801697, 21.96399688720703
image_62, 23, 1.645815372467041, 0.3830433487892151, 22.963550567626953
image_62, 24, 1.6893620491027832, 0.3893659710884094, 23.963077545166016
image_62, 25, 1.7682628631591797, 0.40931010246276855, 24.96103858947754
image_62, 26, 1.829284906387329, 0.42202234268188477, 25.959936141967773
image_62, 27, 1.8741345405578613, 0.4287766218185425, 26.959468841552734
image_62, 28, 1.9498108625411987, 0.4469507336616516, 27.95750617980957
image_62, 29, 2.0263121128082275, 0.4659217298030853, 28.95548439025879
image_62, 30, 2.103543281555176, 0.4856039881706238, 29.95338249206543
image_10, 1, 0.03584194928407669, 0.004004606511443853, 0.9997205138206482
image_10, 2, 0.07274346053600311, 0.00807311199605465, 1.9994194507598877
image_10, 3, 0.10716083645820618, 0.011801842600107193, 2.9992246627807617
image_10, 4, 0.1679108738899231, 0.022440604865550995, 3.998220443725586
image_10, 5, 0.22073128819465637, 0.030688215047121048, 4.997601509094238
image_10, 6, 0.2761070728302002, 0.03971520811319351, 5.996811389923096
image_10, 7, 0.3270764946937561, 0.04755961522459984, 6.996193885803223
image_10, 8, 0.38508278131484985, 0.057425856590270996, 7.995256423950195
image_10, 9, 0.44129496812820435, 0.06692281365394592, 8.994457244873047
image_10, 10, 0.5071539282798767, 0.07988916337490082, 9.993200302124023
image_10, 11, 0.5750518441200256, 0.0935857892036438, 10.99178695678711
image_10, 12, 0.6376896500587463, 0.1054225042462349, 11.990628242492676
image_10, 13, 0.7005897164344788, 0.1172381043434143, 12.989435195922852
image_10, 14, 0.7604910731315613, 0.12792499363422394, 13.988384246826172
image_10, 15, 0.8180838227272034, 0.1380787342786789, 14.987428665161133
image_10, 16, 0.8801162242889404, 0.14996212720870972, 15.986268997192383
image_10, 17, 0.9411067366600037, 0.16160933673381805, 16.98520278930664
image_10, 18, 0.9946005344390869, 0.17064525187015533, 17.984487533569336
image_10, 19, 1.0504851341247559, 0.179885596036911, 18.98361587524414
image_10, 20, 1.1098370552062988, 0.1899753212928772, 19.9825439453125
image_10, 21, 1.1677641868591309, 0.19966010749340057, 20.981550216674805
image_10, 22, 1.2266497611999512, 0.20972344279289246, 21.980470657348633
image_10, 23, 1.2622671127319336, 0.21326877176761627, 22.980134963989258
image_10, 24, 1.295548915863037, 0.21641512215137482, 23.979877471923828
image_10, 25, 1.3305052518844604, 0.2197589874267578, 24.979549407958984
image_10, 26, 1.3634061813354492, 0.22270239889621735, 25.979272842407227
image_10, 27, 1.3976993560791016, 0.22593384981155396, 26.97896957397461
image_10, 28, 1.4319015741348267, 0.22924451529979706, 27.97866439819336
image_10, 29, 1.4634205102920532, 0.23234440386295319, 28.978445053100586
image_10, 30, 1.4976764917373657, 0.23602783679962158, 29.9781551361084
image_40, 1, 0.09354687482118607, 0.02758774161338806, 0.9971705079078674
image_40, 2, 0.1781003177165985, 0.05110248923301697, 1.9951319694519043
image_40, 3, 0.25871509313583374, 0.07206851243972778, 2.9933981895446777
image_40, 4, 0.31155937910079956, 0.08183744549751282, 3.9926652908325195
image_40, 5, 0.3967721462249756, 0.10384680330753326, 4.990541934967041
image_40, 6, 0.4791189134120941, 0.1253206580877304, 5.988503456115723
image_40, 7, 0.5275809168815613, 0.13344387710094452, 6.987843990325928
image_40, 8, 0.5685299634933472, 0.13997137546539307, 7.987478256225586
image_40, 9, 0.609428346157074, 0.14620451629161835, 8.987131118774414
image_40, 10, 0.6844201683998108, 0.16368792951107025, 9.98553466796875
image_40, 11, 0.7634958624839783, 0.18282154202461243, 10.983695983886719
image_40, 12, 0.8401712775230408, 0.20080749690532684, 11.981892585754395
image_40, 13, 0.9172794818878174, 0.21888881921768188, 12.980009078979492
image_40, 14, 0.9961249828338623, 0.2374851256608963, 13.97802448272705
image_40, 15, 1.0831286907196045, 0.25967955589294434, 14.975476264953613
image_40, 16, 1.1617839336395264, 0.27810803055763245, 15.973579406738281
image_40, 17, 1.2199138402938843, 0.2892208993434906, 16.972618103027344
image_40, 18, 1.2984362840652466, 0.30860424041748047, 17.97062873840332
image_40, 19, 1.3729186058044434, 0.32661929726600647, 18.96883773803711
image_40, 20, 1.440059781074524, 0.3415985405445099, 19.967517852783203
image_40, 21, 1.5082889795303345, 0.35672906041145325, 20.966123580932617
image_40, 22, 1.5741337537765503, 0.3713584840297699, 21.96483039855957
image_40, 23, 1.6433615684509277, 0.3869330883026123, 22.96336555480957
image_40, 24, 1.720829963684082, 0.4054051637649536, 23.961305618286133
image_40, 25, 1.7941304445266724, 0.42239105701446533, 24.959487915039062
image_40, 26, 1.8616605997085571, 0.4375686049461365, 25.958045959472656
image_40, 27, 1.9047534465789795, 0.4437158405780792, 26.957544326782227
image_40, 28, 1.947550654411316, 0.4498841166496277, 27.957059860229492
image_40, 29, 1.986997365951538, 0.4557729959487915, 28.9566593170166
image_40, 30, 2.0529944896698, 0.4703832268714905, 29.955129623413086
image_132, 1, 0.04604620859026909, 0.007641497068107128, 0.9995965957641602
image_132, 2, 0.09122873842716217, 0.014705926179885864, 1.9992289543151855
image_132, 3, 0.1377955973148346, 0.021892935037612915, 2.9988396167755127
image_132, 4, 0.2027350813150406, 0.035274844616651535, 3.997990608215332
image_132, 5, 0.2676315903663635, 0.04898190498352051, 4.997082233428955
image_132, 6, 0.3341678977012634, 0.06268830597400665, 5.996087074279785
image_132, 7, 0.38228127360343933, 0.07062346488237381, 6.995663642883301
image_132, 8, 0.4279170036315918, 0.07780029624700546, 7.995291709899902
image_132, 9, 0.47178134322166443, 0.08472752571105957, 8.994956016540527
image_132, 10, 0.5169469714164734, 0.09191977977752686, 9.994599342346191
image_132, 11, 0.5606078505516052, 0.09837278723716736, 10.994260787963867
image_132, 12, 0.6401004791259766, 0.11709041893482208, 11.992453575134277
image_132, 13, 0.7096132636070251, 0.1317329853773117, 12.991283416748047
image_132, 14, 0.7799651026725769, 0.14681078493595123, 13.990067481994629
image_132, 15, 0.8505651950836182, 0.1623639464378357, 14.988826751708984
image_132, 16, 0.9199134707450867, 0.17707180976867676, 15.987655639648438
image_132, 17, 0.9878606796264648, 0.19096311926841736, 16.986501693725586
image_132, 18, 1.0545600652694702, 0.20462076365947723, 17.985342025756836
image_132, 19, 1.1233668327331543, 0.21925568580627441, 18.98402214050293
image_132, 20, 1.1882550716400146, 0.23251354694366455, 19.982929229736328
image_132, 21, 1.2581632137298584, 0.24730834364891052, 20.981538772583008
image_132, 22, 1.3293797969818115, 0.26273980736732483, 21.980112075805664
image_132, 23, 1.4010367393493652, 0.277879923582077, 22.978727340698242
image_132, 24, 1.4743702411651611, 0.2934623956680298, 23.977170944213867
image_132, 25, 1.5381478071212769, 0.3055678904056549, 24.97618293762207
image_132, 26, 1.6024112701416016, 0.3184162676334381, 25.975156784057617
image_132, 27, 1.6686010360717773, 0.33217868208885193, 26.974063873291016
image_132, 28, 1.742672085762024, 0.3483855426311493, 27.97242546081543
image_132, 29, 1.7877182960510254, 0.35462823510169983, 28.97194480895996
image_132, 30, 1.8531798124313354, 0.3678588271141052, 29.970821380615234
image_134, 1, 0.06065845116972923, 0.012907871045172215, 0.9992208480834961
image_134, 2, 0.11790819466114044, 0.024595748633146286, 1.9985461235046387
image_134, 3, 0.17010055482387543, 0.03450225666165352, 2.998002052307129
image_134, 4, 0.24774646759033203, 0.0521644651889801, 3.9967784881591797
image_134, 5, 0.32234126329421997, 0.06972116231918335, 4.995760917663574
image_134, 6, 0.4000151455402374, 0.08873677253723145, 5.994627475738525
image_134, 7, 0.47824156284332275, 0.10787069797515869, 6.99343204498291
image_134, 8, 0.5543041229248047, 0.12572519481182098, 7.992358207702637
image_134, 9, 0.612748920917511, 0.13824546337127686, 8.991636276245117
image_134, 10, 0.6656990051269531, 0.14832551777362823, 9.991057395935059
image_134, 11, 0.7251175045967102, 0.1609426885843277, 10.990246772766113
image_134, 12, 0.7811545729637146, 0.17264631390571594, 11.989554405212402
image_134, 13, 0.8420352935791016, 0.18626798689365387, 12.988704681396484
image_134, 14, 0.9191879034042358, 0.2046448141336441, 13.987553596496582
image_134, 15, 0.9967577457427979, 0.22296631336212158, 14.986371994018555
image_134, 16, 1.0727492570877075, 0.24027009308338165, 15.985331535339355
image_134, 17, 1.1453807353973389, 0.2561112344264984, 16.98443031311035
image_134, 18, 1.216905117034912, 0.27148374915122986, 17.98345375061035
image_134, 19, 1.2859371900558472, 0.2865934669971466, 18.982559204101562
image_134, 20, 1.3809329271316528, 0.31058469414711, 19.97989845275879
image_134, 21, 1.4517662525177002, 0.3261074721813202, 20.978939056396484
image_134, 22, 1.524168610572815, 0.3412229120731354, 21.977825164794922
image_134, 23, 1.5740711688995361, 0.3503258228302002, 22.977266311645508
image_134, 24, 1.631171464920044, 0.3615756034851074, 23.97650909423828
image_134, 25, 1.68598210811615, 0.36964505910873413, 24.97577476501465
image_134, 26, 1.7456309795379639, 0.3816045820713043, 25.97496223449707
image_134, 27, 1.804103136062622, 0.39326560497283936, 26.97415542602539
image_134, 28, 1.8646167516708374, 0.40516605973243713, 27.97327995300293
image_134, 29, 1.9296481609344482, 0.4190104007720947, 28.972455978393555
image_134, 30, 1.994519829750061, 0.432878315448761, 29.971635818481445
