Case_ID, Slide_ID, mae, mse, ssim
image_99, 1, 0.07372148334980011, 0.01626959629356861, 0.9985145926475525
image_99, 1, 0.12118363380432129, 0.02397136017680168, 1.9980509281158447
image_99, 1, 0.16546325385570526, 0.02987472340464592, 2.9976749420166016
image_99, 1, 0.2134568840265274, 0.03627319261431694, 3.997182846069336
image_99, 1, 0.25933346152305603, 0.04264909774065018, 4.996758937835693
image_99, 1, 0.30710339546203613, 0.04984306916594505, 5.996280670166016
image_99, 1, 0.39245304465293884, 0.07125511765480042, 6.994274139404297
image_99, 1, 0.47926539182662964, 0.09342378377914429, 7.992064952850342
image_99, 1, 0.5678515434265137, 0.11666251718997955, 8.989632606506348
image_99, 1, 0.6524104475975037, 0.13816089928150177, 9.987531661987305
image_99, 1, 0.7423994541168213, 0.16213271021842957, 10.985048294067383
image_99, 1, 0.8263017535209656, 0.18347731232643127, 11.983086585998535
image_99, 1, 0.91881263256073, 0.20870035886764526, 12.980398178100586
image_99, 1, 1.0062421560287476, 0.23101261258125305, 13.978120803833008
image_99, 1, 1.1140553951263428, 0.2635542154312134, 14.9741792678833
image_99, 1, 1.2221566438674927, 0.29653993248939514, 15.970295906066895
image_99, 1, 1.3184127807617188, 0.3229857385158539, 16.967449188232422
image_99, 1, 1.427081823348999, 0.35606181621551514, 17.963436126708984
image_99, 1, 1.529689073562622, 0.3856801688671112, 18.959835052490234
image_99, 1, 1.5812147855758667, 0.39420655369758606, 19.959247589111328
image_99, 1, 1.622291088104248, 0.3997042775154114, 20.95892333984375
image_99, 1, 1.6636247634887695, 0.4050544500350952, 21.95858383178711
image_99, 1, 1.7084691524505615, 0.41092127561569214, 22.95809555053711
image_99, 1, 1.753588318824768, 0.41683879494667053, 23.957561492919922
image_99, 1, 1.7957085371017456, 0.4221958816051483, 24.957143783569336
image_99, 1, 1.8377262353897095, 0.42731067538261414, 25.95673370361328
image_99, 1, 1.8783968687057495, 0.4320336878299713, 26.956398010253906
image_99, 1, 1.922716736793518, 0.4374746084213257, 27.95594024658203
image_99, 1, 1.9701939821243286, 0.44386377930641174, 28.955364227294922
image_99, 1, 2.029412031173706, 0.45418882369995117, 29.954330444335938
image_77, 2, 0.044748738408088684, 0.0062652816995978355, 0.999530553817749
image_77, 2, 0.08373311161994934, 0.01102821808308363, 1.9992457628250122
image_77, 2, 0.12870275974273682, 0.016951868310570717, 2.9988229274749756
image_77, 2, 0.1682392954826355, 0.02166995219886303, 3.9985320568084717
image_77, 2, 0.20602665841579437, 0.02612762339413166, 4.998264312744141
image_77, 2, 0.24760845303535461, 0.03168601542711258, 5.997925281524658
image_77, 2, 0.31558841466903687, 0.04614173620939255, 6.99677848815918
image_77, 2, 0.37284398078918457, 0.05706928297877312, 7.996145725250244
image_77, 2, 0.4296829402446747, 0.0678492933511734, 8.995546340942383
image_77, 2, 0.4927247166633606, 0.08037752658128738, 9.994702339172363
image_77, 2, 0.5534659624099731, 0.09182227402925491, 10.993936538696289
image_77, 2, 0.6148826479911804, 0.10337379574775696, 11.99314022064209
image_77, 2, 0.6827222108840942, 0.117096908390522, 12.992010116577148
image_77, 2, 0.7239483594894409, 0.12228900194168091, 13.991663932800293
image_77, 2, 0.7621535658836365, 0.12661100924015045, 14.991384506225586
image_77, 2, 0.8005865216255188, 0.1310170441865921, 15.991094589233398
image_77, 2, 0.8401696681976318, 0.1357821226119995, 16.990772247314453
image_77, 2, 0.8829333186149597, 0.14111953973770142, 17.99034881591797
image_77, 2, 0.9275204539299011, 0.146743044257164, 18.98986053466797
image_77, 2, 0.9633044004440308, 0.15041697025299072, 19.989620208740234
image_77, 2, 0.9984885454177856, 0.15411518514156342, 20.989389419555664
image_77, 2, 1.0329711437225342, 0.15762686729431152, 21.989181518554688
image_77, 2, 1.0680365562438965, 0.16122616827487946, 22.988962173461914
image_77, 2, 1.1034386157989502, 0.16493019461631775, 23.988754272460938
image_77, 2, 1.1396832466125488, 0.1687690019607544, 24.988521575927734
image_77, 2, 1.1757856607437134, 0.17256741225719452, 25.988285064697266
image_77, 2, 1.211077094078064, 0.1760541796684265, 26.98805809020996
image_77, 2, 1.246553659439087, 0.17966142296791077, 27.987838745117188
image_77, 2, 1.2836120128631592, 0.18364393711090088, 28.987579345703125
image_77, 2, 1.320975422859192, 0.18780238926410675, 29.98731231689453
image_150, 3, 0.10153065621852875, 0.02960904687643051, 0.9974951148033142
image_150, 3, 0.19162937998771667, 0.05343260616064072, 1.995753288269043
image_150, 3, 0.2716916799545288, 0.07317154854536057, 2.994479179382324
image_150, 3, 0.34880557656288147, 0.09154077619314194, 3.9933133125305176
image_150, 3, 0.414163202047348, 0.10503149777650833, 4.992481231689453
image_150, 3, 0.4900418519973755, 0.1235964372754097, 5.991404056549072
image_150, 3, 0.5755133628845215, 0.14663591980934143, 6.9900407791137695
image_150, 3, 0.673251748085022, 0.17540612816810608, 7.988063335418701
image_150, 3, 0.7461941242218018, 0.1931164562702179, 8.987032890319824
image_150, 3, 0.832922637462616, 0.21705426275730133, 9.985552787780762
image_150, 3, 0.9339078664779663, 0.24786637723445892, 10.983420372009277
image_150, 3, 1.0327562093734741, 0.2778099477291107, 11.981406211853027
image_150, 3, 1.1251356601715088, 0.3042120933532715, 12.979655265808105
image_150, 3, 1.1950469017028809, 0.3209339380264282, 13.978777885437012
image_150, 3, 1.2833253145217896, 0.3458593189716339, 14.97729206085205
image_150, 3, 1.3776510953903198, 0.37352463603019714, 15.975584983825684
image_150, 3, 1.4702751636505127, 0.4006308913230896, 16.973974227905273
image_150, 3, 1.5642751455307007, 0.4283114969730377, 17.972103118896484
image_150, 3, 1.6587352752685547, 0.4567231833934784, 18.970237731933594
image_150, 3, 1.7571073770523071, 0.4865151345729828, 19.96788787841797
image_150, 3, 1.8198790550231934, 0.4993461072444916, 20.966964721679688
image_150, 3, 1.8830676078796387, 0.5129740238189697, 21.96617889404297
image_150, 3, 1.9390827417373657, 0.5236912965774536, 22.9655704498291
image_150, 3, 1.998190999031067, 0.5342111587524414, 23.964712142944336
image_150, 3, 2.0557799339294434, 0.5445455312728882, 24.963947296142578
image_150, 3, 2.1103265285491943, 0.5543714165687561, 25.96333122253418
image_150, 3, 2.1690804958343506, 0.5655153393745422, 26.962642669677734
image_150, 3, 2.226195812225342, 0.5758935213088989, 27.962005615234375
image_150, 3, 2.2811875343322754, 0.585578441619873, 28.96140480041504
image_150, 3, 2.342402696609497, 0.5978777408599854, 29.96056365966797
image_26, 4, 0.08755473047494888, 0.021496983245015144, 0.9978833794593811
image_26, 4, 0.16633348166942596, 0.03935011848807335, 1.9963128566741943
image_26, 4, 0.2486010491847992, 0.05843513458967209, 2.994574546813965
image_26, 4, 0.3197956383228302, 0.07379142940044403, 3.993422269821167
image_26, 4, 0.3886979818344116, 0.08903777599334717, 4.992286205291748
image_26, 4, 0.456072062253952, 0.10423041135072708, 5.991178512573242
image_26, 4, 0.523494303226471, 0.11889762431383133, 6.9901275634765625
image_26, 4, 0.5895132422447205, 0.1328772008419037, 7.989157676696777
image_26, 4, 0.6562967300415039, 0.1468673050403595, 8.988187789916992
image_26, 4, 0.7256578207015991, 0.16175156831741333, 9.987144470214844
image_26, 4, 0.7819737195968628, 0.17200416326522827, 10.986510276794434
image_26, 4, 0.8511061668395996, 0.1862451285123825, 11.98535442352295
image_26, 4, 0.9282821416854858, 0.2036924511194229, 12.983704566955566
image_26, 4, 0.9962900876998901, 0.21788376569747925, 13.982605934143066
image_26, 4, 1.0516997575759888, 0.22788093984127045, 14.981969833374023
image_26, 4, 1.0883324146270752, 0.23225677013397217, 15.981719970703125
image_26, 4, 1.1279164552688599, 0.23694689571857452, 16.98139190673828
image_26, 4, 1.16908597946167, 0.24196642637252808, 17.98101043701172
image_26, 4, 1.212850570678711, 0.24737730622291565, 18.980554580688477
image_26, 4, 1.258414626121521, 0.2531967759132385, 19.98002815246582
image_26, 4, 1.3005878925323486, 0.2582056522369385, 20.97958755493164
image_26, 4, 1.3330026865005493, 0.26157301664352417, 21.979372024536133
image_26, 4, 1.3728692531585693, 0.2662816345691681, 22.9789981842041
image_26, 4, 1.4132649898529053, 0.2714393734931946, 23.97861099243164
image_26, 4, 1.4531787633895874, 0.27672079205513, 24.978242874145508
image_26, 4, 1.486319661140442, 0.28036820888519287, 25.97802734375
image_26, 4, 1.5204949378967285, 0.2841583788394928, 26.9777889251709
image_26, 4, 1.5561814308166504, 0.28851985931396484, 27.97749900817871
image_26, 4, 1.6007667779922485, 0.2953454554080963, 28.97693634033203
image_26, 4, 1.6429400444030762, 0.30168208479881287, 29.9764404296875
image_51, 5, 0.0487794503569603, 0.008126377128064632, 0.9995189309120178
image_51, 5, 0.09576822817325592, 0.014632515609264374, 1.9990953207015991
image_51, 5, 0.144496351480484, 0.021314391866326332, 2.998582601547241
image_51, 5, 0.18924656510353088, 0.028265569359064102, 3.998168468475342
image_51, 5, 0.23237267136573792, 0.03459446132183075, 4.9977946281433105
image_51, 5, 0.2769279479980469, 0.041315771639347076, 5.997396469116211
image_51, 5, 0.31929484009742737, 0.04736929386854172, 6.997064590454102
image_51, 5, 0.36279740929603577, 0.053799014538526535, 7.996716499328613
image_51, 5, 0.40823426842689514, 0.06093417480587959, 8.996321678161621
image_51, 5, 0.4713684916496277, 0.07365451008081436, 9.995484352111816
image_51, 5, 0.5472550988197327, 0.09117242693901062, 10.994054794311523
image_51, 5, 0.632206916809082, 0.1124160960316658, 11.992020606994629
image_51, 5, 0.7242266535758972, 0.1369725465774536, 12.989442825317383
image_51, 5, 0.803915798664093, 0.15589888393878937, 13.987700462341309
image_51, 5, 0.8631185293197632, 0.16712020337581635, 14.986934661865234
image_51, 5, 0.9061696529388428, 0.17343208193778992, 15.98659610748291
image_51, 5, 0.9496514201164246, 0.17903026938438416, 16.98619270324707
image_51, 5, 0.9895047545433044, 0.18370160460472107, 17.985902786254883
image_51, 5, 1.0277283191680908, 0.18870872259140015, 18.985641479492188
image_51, 5, 1.0661542415618896, 0.19373488426208496, 19.98537254333496
image_51, 5, 1.1059156656265259, 0.19836877286434174, 20.985084533691406
image_51, 5, 1.1460635662078857, 0.20336735248565674, 21.984800338745117
image_51, 5, 1.1882325410842896, 0.20869557559490204, 22.98446273803711
image_51, 5, 1.2426666021347046, 0.2166392207145691, 23.983688354492188
image_51, 5, 1.3315701484680176, 0.23912031948566437, 24.981103897094727
image_51, 5, 1.4010298252105713, 0.25363871455192566, 25.979751586914062
image_51, 5, 1.4803597927093506, 0.272516667842865, 26.977949142456055
image_51, 5, 1.5658907890319824, 0.29376092553138733, 27.97572135925293
image_51, 5, 1.6552199125289917, 0.3170749247074127, 28.973148345947266
image_51, 5, 1.7367545366287231, 0.33706796169281006, 29.97121810913086
image_82, 6, 0.06364675611257553, 0.012201662175357342, 0.9987991452217102
image_82, 6, 0.112351194024086, 0.01963295415043831, 1.9982445240020752
image_82, 6, 0.16882114112377167, 0.02902914024889469, 2.9973762035369873
image_82, 6, 0.22975073754787445, 0.03980599716305733, 3.9962971210479736
image_82, 6, 0.2859119772911072, 0.04931175336241722, 4.995405197143555
image_82, 6, 0.34700167179107666, 0.06067108362913132, 5.994284629821777
image_82, 6, 0.39775046706199646, 0.07003893703222275, 6.993747711181641
image_82, 6, 0.4516753852367401, 0.08033249527215958, 7.993076801300049
image_82, 6, 0.5047078132629395, 0.08953076601028442, 8.992364883422852
image_82, 6, 0.5568906664848328, 0.09895133227109909, 9.991734504699707
image_82, 6, 0.6272249221801758, 0.11492443829774857, 10.990642547607422
image_82, 6, 0.700984001159668, 0.13237528502941132, 11.98934268951416
image_82, 6, 0.7668269872665405, 0.1473635733127594, 12.9884033203125
image_82, 6, 0.8268682956695557, 0.16017858684062958, 13.987685203552246
image_82, 6, 0.8864328861236572, 0.17058265209197998, 14.986743927001953
image_82, 6, 0.9503381848335266, 0.18199306726455688, 15.985602378845215
image_82, 6, 1.0132184028625488, 0.19318673014640808, 16.984468460083008
image_82, 6, 1.0701720714569092, 0.20280961692333221, 17.98356056213379
image_82, 6, 1.1178648471832275, 0.2100217491388321, 18.98299217224121
image_82, 6, 1.1632835865020752, 0.21669015288352966, 19.982467651367188
image_82, 6, 1.2131404876708984, 0.22437871992588043, 20.981754302978516
image_82, 6, 1.26835036277771, 0.23335441946983337, 21.98082733154297
image_82, 6, 1.338000774383545, 0.24667365849018097, 22.979263305664062
image_82, 6, 1.404402494430542, 0.25900495052337646, 23.977832794189453
image_82, 6, 1.4572954177856445, 0.2673194110393524, 24.97700309753418
image_82, 6, 1.4989333152770996, 0.2728039622306824, 25.976593017578125
image_82, 6, 1.5492253303527832, 0.2804137170314789, 26.975875854492188
image_82, 6, 1.5969717502593994, 0.2872887849807739, 27.97527503967285
image_82, 6, 1.6466188430786133, 0.2946977913379669, 28.974599838256836
image_82, 6, 1.6938424110412598, 0.30149903893470764, 29.973974227905273
image_80, 7, 0.04570144787430763, 0.007028510794043541, 0.9996150135993958
image_80, 7, 0.0975821316242218, 0.015201443806290627, 1.9989153146743774
image_80, 7, 0.14831344783306122, 0.022975841537117958, 2.9982612133026123
image_80, 7, 0.2025170475244522, 0.03220819681882858, 3.997558116912842
image_80, 7, 0.2651732563972473, 0.04520034044981003, 4.9968581199646
image_80, 7, 0.3293111324310303, 0.05861318111419678, 5.996140003204346
image_80, 7, 0.3930084705352783, 0.07183109223842621, 6.9954423904418945
image_80, 7, 0.457733690738678, 0.0852242261171341, 7.9947509765625
image_80, 7, 0.5227252840995789, 0.09881804138422012, 8.994036674499512
image_80, 7, 0.5863531827926636, 0.11185869574546814, 9.99333381652832
image_80, 7, 0.6487383246421814, 0.12227102369070053, 10.992170333862305
image_80, 7, 0.7027069330215454, 0.1301025152206421, 11.991365432739258
image_80, 7, 0.7477664947509766, 0.13584770262241364, 12.990878105163574
image_80, 7, 0.7877627611160278, 0.1405342072248459, 13.990544319152832
image_80, 7, 0.8343810439109802, 0.14653323590755463, 14.99002742767334
image_80, 7, 0.8870984315872192, 0.1537846475839615, 15.989312171936035
image_80, 7, 0.9420512318611145, 0.1613815724849701, 16.988521575927734
image_80, 7, 1.0109268426895142, 0.17278292775154114, 17.98709487915039
image_80, 7, 1.0581144094467163, 0.17845569550991058, 18.98653793334961
image_80, 7, 1.1038191318511963, 0.183944970369339, 19.986032485961914
image_80, 7, 1.1597703695297241, 0.19198432564735413, 20.985153198242188
image_80, 7, 1.2107274532318115, 0.19889260828495026, 21.984439849853516
image_80, 7, 1.2501928806304932, 0.2034607231616974, 22.98406982421875
image_80, 7, 1.2847143411636353, 0.20741797983646393, 23.98379135131836
image_80, 7, 1.3182873725891113, 0.2113044559955597, 24.983509063720703
image_80, 7, 1.352277398109436, 0.2151816338300705, 25.983251571655273
image_80, 7, 1.3855937719345093, 0.2187582105398178, 26.983007431030273
image_80, 7, 1.4191153049468994, 0.2223673164844513, 27.98278045654297
image_80, 7, 1.4558600187301636, 0.22673943638801575, 28.982498168945312
image_80, 7, 1.5224251747131348, 0.24028505384922028, 29.981338500976562
image_1, 8, 0.033710215240716934, 0.0035182067658752203, 0.999786913394928
image_1, 8, 0.06970523297786713, 0.0073714349418878555, 1.9995181560516357
image_1, 8, 0.10584944486618042, 0.011282218620181084, 2.9992311000823975
image_1, 8, 0.15808649361133575, 0.01880556531250477, 3.9984145164489746
image_1, 8, 0.21324798464775085, 0.02727005071938038, 4.997464179992676
image_1, 8, 0.2530891001224518, 0.03260296210646629, 5.997113227844238
image_1, 8, 0.30499207973480225, 0.04155495762825012, 6.996646881103516
image_1, 8, 0.36465269327163696, 0.05254323035478592, 7.995980262756348
image_1, 8, 0.42450031638145447, 0.06355331838130951, 8.995277404785156
image_1, 8, 0.482806921005249, 0.07400699704885483, 9.994619369506836
image_1, 8, 0.5411741733551025, 0.08434440195560455, 10.993901252746582
image_1, 8, 0.6050302982330322, 0.09641363471746445, 11.99295425415039
image_1, 8, 0.6405813097953796, 0.10027457028627396, 12.992737770080566
image_1, 8, 0.6737774610519409, 0.10354916006326675, 13.992517471313477
image_1, 8, 0.7059547901153564, 0.1068853810429573, 14.992316246032715
image_1, 8, 0.7350594401359558, 0.10962152481079102, 15.992175102233887
image_1, 8, 0.7639214396476746, 0.11230107396841049, 16.992034912109375
image_1, 8, 0.7950702905654907, 0.11538539826869965, 17.991849899291992
image_1, 8, 0.8295493125915527, 0.11900060623884201, 18.991586685180664
image_1, 8, 0.8707674145698547, 0.12393650412559509, 19.991132736206055
image_1, 8, 0.909155547618866, 0.12838062644004822, 20.990751266479492
image_1, 8, 0.9405596852302551, 0.13154515624046326, 21.990541458129883
image_1, 8, 0.9762662649154663, 0.13539743423461914, 22.990209579467773
image_1, 8, 1.0164254903793335, 0.14002928137779236, 23.989742279052734
image_1, 8, 1.0550987720489502, 0.14433330297470093, 24.98931884765625
image_1, 8, 1.0829964876174927, 0.14671026170253754, 25.98918342590332
image_1, 8, 1.1177994012832642, 0.1503690481185913, 26.98887062072754
image_1, 8, 1.1567872762680054, 0.1548079401254654, 27.988449096679688
image_1, 8, 1.1942863464355469, 0.15902075171470642, 28.988059997558594
image_1, 8, 1.2296414375305176, 0.16296492516994476, 29.987733840942383
image_124, 9, 0.09354431182146072, 0.024662751704454422, 0.9978493452072144
image_124, 9, 0.18417617678642273, 0.048277657479047775, 1.9959272146224976
image_124, 9, 0.27432531118392944, 0.07165713608264923, 2.9940261840820312
image_124, 9, 0.3542174696922302, 0.09144134819507599, 3.992706298828125
image_124, 9, 0.4221037030220032, 0.10587681829929352, 4.991795063018799
image_124, 9, 0.4998512864112854, 0.12367573380470276, 5.9905314445495605
image_124, 9, 0.5841201543807983, 0.14446450769901276, 6.989099502563477
image_124, 9, 0.6694095730781555, 0.16587698459625244, 7.987564563751221
image_124, 9, 0.7542154788970947, 0.18694815039634705, 8.985962867736816
image_124, 9, 0.8346269130706787, 0.20645219087600708, 9.984611511230469
image_124, 9, 0.8969100713729858, 0.22078773379325867, 10.983617782592773
image_124, 9, 0.9767328500747681, 0.24067310988903046, 11.98235034942627
image_124, 9, 1.0596455335617065, 0.2614123523235321, 12.980888366699219
image_124, 9, 1.1469666957855225, 0.2838461399078369, 13.979190826416016
image_124, 9, 1.2178233861923218, 0.30093422532081604, 14.978137969970703
image_124, 9, 1.2786363363265991, 0.3138517439365387, 15.977302551269531
image_124, 9, 1.3322516679763794, 0.32434430718421936, 16.976526260375977
image_124, 9, 1.3829575777053833, 0.33375293016433716, 17.975820541381836
image_124, 9, 1.4335867166519165, 0.3431016802787781, 18.975099563598633
image_124, 9, 1.4863481521606445, 0.3528755009174347, 19.974313735961914
image_124, 9, 1.5364289283752441, 0.36214685440063477, 20.973621368408203
image_124, 9, 1.6199795007705688, 0.38253268599510193, 21.971837997436523
image_124, 9, 1.6744824647903442, 0.39319831132888794, 22.971054077148438
image_124, 9, 1.7232472896575928, 0.402330219745636, 23.97039222717285
image_124, 9, 1.8143552541732788, 0.4255894422531128, 24.968063354492188
image_124, 9, 1.9083375930786133, 0.45039570331573486, 25.965627670288086
image_124, 9, 1.9915120601654053, 0.4706543982028961, 26.964115142822266
image_124, 9, 2.0588510036468506, 0.48443150520324707, 27.963224411010742
image_124, 9, 2.130845546722412, 0.4997882544994354, 28.9621524810791
image_124, 9, 2.205679178237915, 0.5171566605567932, 29.960956573486328
image_65, 10, 0.060228366404771805, 0.0120473001152277, 0.9989538192749023
image_65, 10, 0.10575038194656372, 0.019137034192681313, 1.9984915256500244
image_65, 10, 0.14922159910202026, 0.02538292482495308, 2.998114585876465
image_65, 10, 0.1919991821050644, 0.03125212714076042, 3.9977688789367676
image_65, 10, 0.23646287620067596, 0.03792709484696388, 4.997361660003662
image_65, 10, 0.32776370644569397, 0.06398171186447144, 5.994784355163574
image_65, 10, 0.42713427543640137, 0.09445717930793762, 6.991454601287842
image_65, 10, 0.5121750235557556, 0.11781817674636841, 7.989325046539307
image_65, 10, 0.6048145890235901, 0.14440953731536865, 8.98661994934082
image_65, 10, 0.6921117305755615, 0.16828379034996033, 9.984336853027344
image_65, 10, 0.7855833768844604, 0.1952325403690338, 10.981537818908691
image_65, 10, 0.8684514760971069, 0.21726413071155548, 11.979486465454102
image_65, 10, 0.9356600046157837, 0.23123228549957275, 12.978073120117188
image_65, 10, 1.0207098722457886, 0.2537950277328491, 13.97568416595459
image_65, 10, 1.1112276315689087, 0.27964383363723755, 14.973149299621582
image_65, 10, 1.208327293395996, 0.30872973799705505, 15.96999454498291
image_65, 10, 1.3071235418319702, 0.3385222256183624, 16.96672248840332
image_65, 10, 1.4084036350250244, 0.3691800832748413, 17.96323013305664
image_65, 10, 1.4697964191436768, 0.38010117411613464, 18.961978912353516
image_65, 10, 1.5258668661117554, 0.38912561535835266, 19.96092414855957
image_65, 10, 1.5702333450317383, 0.395761638879776, 20.96042251586914
image_65, 10, 1.6149946451187134, 0.40253591537475586, 21.95993423461914
image_65, 10, 1.6667548418045044, 0.4106237590312958, 22.959135055541992
image_65, 10, 1.7172627449035645, 0.41838330030441284, 23.958412170410156
image_65, 10, 1.7763804197311401, 0.4285074472427368, 24.9572696685791
image_65, 10, 1.878941535949707, 0.46014827489852905, 25.953414916992188
image_65, 10, 1.969377875328064, 0.4853441119194031, 26.950532913208008
image_65, 10, 2.0671732425689697, 0.51506108045578, 27.947099685668945
image_65, 10, 2.1645898818969727, 0.5446583032608032, 28.94365882873535
image_65, 10, 2.227025032043457, 0.5568520426750183, 29.942434310913086
image_137, 11, 0.06451866030693054, 0.01360012125223875, 0.9992800354957581
image_137, 11, 0.13179193437099457, 0.027797583490610123, 1.9984371662139893
image_137, 11, 0.19462788105010986, 0.04073892906308174, 2.997781276702881
image_137, 11, 0.25669607520103455, 0.05331892520189285, 3.9971423149108887
image_137, 11, 0.3191474378108978, 0.06611213088035583, 4.996463775634766
image_137, 11, 0.38276582956314087, 0.07919374108314514, 5.995764255523682
image_137, 11, 0.44900286197662354, 0.09315357357263565, 6.994991302490234
image_137, 11, 0.5133675336837769, 0.10648655146360397, 7.994287967681885
image_137, 11, 0.5653129816055298, 0.11372140794992447, 8.993568420410156
image_137, 11, 0.6173606514930725, 0.12091335654258728, 9.992819786071777
image_137, 11, 0.6742750406265259, 0.12958857417106628, 10.991866111755371
image_137, 11, 0.7251060605049133, 0.13691361248493195, 11.991153717041016
image_137, 11, 0.7740945219993591, 0.1448902189731598, 12.990642547607422
image_137, 11, 0.830018162727356, 0.15341565012931824, 13.989762306213379
image_137, 11, 0.8863652944564819, 0.16181835532188416, 14.988865852355957
image_137, 11, 0.9452630877494812, 0.17068864405155182, 15.987874031066895
image_137, 11, 1.0102198123931885, 0.1813521534204483, 16.98659324645996
image_137, 11, 1.0756210088729858, 0.19236773252487183, 17.98527717590332
image_137, 11, 1.1459949016571045, 0.20501944422721863, 18.98369026184082
image_137, 11, 1.2180134057998657, 0.21820370852947235, 19.982006072998047
image_137, 11, 1.277476191520691, 0.22756430506706238, 20.980915069580078
image_137, 11, 1.326364278793335, 0.23454231023788452, 21.980222702026367
image_137, 11, 1.3723225593566895, 0.24097301065921783, 22.979633331298828
image_137, 11, 1.4170000553131104, 0.24709314107894897, 23.979106903076172
image_137, 11, 1.4717111587524414, 0.2558571696281433, 24.978214263916016
image_137, 11, 1.5282748937606812, 0.2655373215675354, 25.97722625732422
image_137, 11, 1.592181921005249, 0.2775762677192688, 26.975849151611328
image_137, 11, 1.6602954864501953, 0.29075124859809875, 27.974212646484375
image_137, 11, 1.7371656894683838, 0.3073917329311371, 28.972030639648438
image_137, 11, 1.8063433170318604, 0.32120490074157715, 29.970308303833008
image_14, 12, 0.05080026388168335, 0.008795098401606083, 0.9993571639060974
image_14, 12, 0.09601148962974548, 0.01562475971877575, 1.9989221096038818
image_14, 12, 0.14147374033927917, 0.02239319682121277, 2.9984850883483887
image_14, 12, 0.1856350600719452, 0.029012661427259445, 3.9981000423431396
image_14, 12, 0.23033620417118073, 0.03587304800748825, 4.997690200805664
image_14, 12, 0.31579306721687317, 0.059356071054935455, 5.9955267906188965
image_14, 12, 0.40240639448165894, 0.08262881636619568, 6.993292808532715
image_14, 12, 0.483095645904541, 0.10286634415388107, 7.99141263961792
image_14, 12, 0.5648564696311951, 0.12359592318534851, 8.989394187927246
image_14, 12, 0.650818407535553, 0.14630694687366486, 9.987062454223633
image_14, 12, 0.7302663326263428, 0.16621774435043335, 10.98521614074707
image_14, 12, 0.8234944343566895, 0.19278010725975037, 11.982355117797852
image_14, 12, 0.8648991584777832, 0.1988268792629242, 12.982012748718262
image_14, 12, 0.9037784337997437, 0.20406772196292877, 13.981678009033203
image_14, 12, 0.9415731430053711, 0.20884430408477783, 14.98143482208252
image_14, 12, 0.9802460670471191, 0.2137020230293274, 15.981184005737305
image_14, 12, 1.0185261964797974, 0.21861283481121063, 16.980939865112305
image_14, 12, 1.0564604997634888, 0.22352783381938934, 17.980669021606445
image_14, 12, 1.0954742431640625, 0.22866950929164886, 18.98033332824707
image_14, 12, 1.1325271129608154, 0.23324212431907654, 19.980072021484375
image_14, 12, 1.1696101427078247, 0.23791088163852692, 20.97980308532715
image_14, 12, 1.20685613155365, 0.2425769865512848, 21.979549407958984
image_14, 12, 1.2434329986572266, 0.24702124297618866, 22.979293823242188
image_14, 12, 1.2789922952651978, 0.2511860132217407, 23.979068756103516
image_14, 12, 1.3153101205825806, 0.2556752562522888, 24.97880744934082
image_14, 12, 1.3527476787567139, 0.2606055438518524, 25.978530883789062
image_14, 12, 1.3915172815322876, 0.26602116227149963, 26.978193283081055
image_14, 12, 1.4355363845825195, 0.2726450264453888, 27.977670669555664
image_14, 12, 1.4790269136428833, 0.27900516986846924, 28.977209091186523
image_14, 12, 1.521600604057312, 0.28531891107559204, 29.97677230834961
image_68, 13, 0.03839201480150223, 0.004441816359758377, 0.9996974468231201
image_68, 13, 0.08376669883728027, 0.010375592857599258, 1.9992284774780273
image_68, 13, 0.12520849704742432, 0.015836721286177635, 2.998854875564575
image_68, 13, 0.1662478893995285, 0.02160743623971939, 3.9984898567199707
image_68, 13, 0.20848684012889862, 0.027587752789258957, 4.998114585876465
image_68, 13, 0.25755929946899414, 0.03571164980530739, 5.997645378112793
image_68, 13, 0.3210267424583435, 0.04852933809161186, 6.996878623962402
image_68, 13, 0.3872458338737488, 0.06191016361117363, 7.99601936340332
image_68, 13, 0.4445217549800873, 0.07230305671691895, 8.995438575744629
image_68, 13, 0.4879433512687683, 0.07829034328460693, 9.99512004852295
image_68, 13, 0.5267972946166992, 0.08258049190044403, 10.994804382324219
image_68, 13, 0.5687118768692017, 0.087396040558815, 11.994389533996582
image_68, 13, 0.6133159399032593, 0.09276603162288666, 12.993888854980469
image_68, 13, 0.6480636596679688, 0.09637583047151566, 13.993648529052734
image_68, 13, 0.681742787361145, 0.09994199126958847, 14.993429183959961
image_68, 13, 0.7163506150245667, 0.10372576862573624, 15.993173599243164
image_68, 13, 0.7491503953933716, 0.10715402662754059, 16.992958068847656
image_68, 13, 0.7907098531723022, 0.11202864348888397, 17.99254035949707
image_68, 13, 0.8328129649162292, 0.11709416657686234, 18.992080688476562
image_68, 13, 0.8814743757247925, 0.1239425539970398, 19.991361618041992
image_68, 13, 0.9186518788337708, 0.12853337824344635, 20.99098777770996
image_68, 13, 0.9523466229438782, 0.13224078714847565, 21.990726470947266
image_68, 13, 0.9903342127799988, 0.13697099685668945, 22.9903621673584
image_68, 13, 1.03060781955719, 0.14206691086292267, 23.989946365356445
image_68, 13, 1.0731227397918701, 0.1474599838256836, 24.989477157592773
image_68, 13, 1.11475670337677, 0.15272334218025208, 25.989013671875
image_68, 13, 1.1543848514556885, 0.15764442086219788, 26.98860740661621
image_68, 13, 1.1883896589279175, 0.16131778061389923, 27.988344192504883
image_68, 13, 1.2228188514709473, 0.16482141613960266, 28.988079071044922
image_68, 13, 1.2599356174468994, 0.1690535545349121, 29.987749099731445
image_96, 14, 0.044044990092515945, 0.007473355159163475, 0.9993470311164856
image_96, 14, 0.09184396266937256, 0.015529856085777283, 1.9986317157745361
image_96, 14, 0.16605859994888306, 0.030383089557290077, 2.9969348907470703
image_96, 14, 0.25023403763771057, 0.04970243573188782, 3.994764804840088
image_96, 14, 0.3458561897277832, 0.07425286620855331, 4.992100715637207
image_96, 14, 0.4341621994972229, 0.09579060971736908, 5.989931106567383
image_96, 14, 0.5176642537117004, 0.11513371020555496, 6.988034248352051
image_96, 14, 0.5905598402023315, 0.13075077533721924, 7.98674201965332
image_96, 14, 0.6373353004455566, 0.1387876719236374, 8.985995292663574
image_96, 14, 0.68975830078125, 0.14822643995285034, 9.98504638671875
image_96, 14, 0.7493037581443787, 0.1597360521554947, 10.98381519317627
image_96, 14, 0.8124465942382812, 0.17257726192474365, 11.982418060302734
image_96, 14, 0.8679782748222351, 0.18328404426574707, 12.981377601623535
image_96, 14, 0.9186969995498657, 0.1923043578863144, 13.980535507202148
image_96, 14, 0.959584653377533, 0.19850198924541473, 14.980050086975098
image_96, 14, 1.0015819072723389, 0.20449841022491455, 15.979572296142578
image_96, 14, 1.056988000869751, 0.2135736048221588, 16.9786376953125
image_96, 14, 1.11569082736969, 0.22345519065856934, 17.977537155151367
image_96, 14, 1.1711173057556152, 0.23238658905029297, 18.97655487060547
image_96, 14, 1.2194756269454956, 0.23944251239299774, 19.975839614868164
image_96, 14, 1.2678152322769165, 0.24632897973060608, 20.97513771057129
image_96, 14, 1.3202847242355347, 0.2542872130870819, 21.97427749633789
image_96, 14, 1.3672115802764893, 0.2609504163265228, 22.973615646362305
image_96, 14, 1.4059078693389893, 0.2659737169742584, 23.973203659057617
image_96, 14, 1.4435408115386963, 0.26984426379203796, 24.972898483276367
image_96, 14, 1.475952386856079, 0.27294328808784485, 25.97269630432129
image_96, 14, 1.5272953510284424, 0.2805129587650299, 26.9718017578125
image_96, 14, 1.571553111076355, 0.2864568829536438, 27.97115135192871
image_96, 14, 1.616070032119751, 0.29250240325927734, 28.970495223999023
image_96, 14, 1.6526048183441162, 0.2967158257961273, 29.970149993896484
image_27, 15, 0.07496819645166397, 0.018663115799427032, 0.9985930919647217
image_27, 15, 0.16272181272506714, 0.04262945428490639, 1.9964871406555176
image_27, 15, 0.249911367893219, 0.06628771126270294, 2.994523048400879
image_27, 15, 0.30450230836868286, 0.0760922059416771, 3.9938902854919434
image_27, 15, 0.35475751757621765, 0.08485548198223114, 4.993381977081299
image_27, 15, 0.44446420669555664, 0.11008244752883911, 5.991040229797363
image_27, 15, 0.5364240407943726, 0.1367030292749405, 6.988507270812988
image_27, 15, 0.622344970703125, 0.16081292927265167, 7.986526966094971
image_27, 15, 0.7161011099815369, 0.18813541531562805, 8.983877182006836
image_27, 15, 0.80340576171875, 0.21134179830551147, 9.981719970703125
image_27, 15, 0.8871468305587769, 0.23331570625305176, 10.979941368103027
image_27, 15, 0.9750882983207703, 0.2568589746952057, 11.97777271270752
image_27, 15, 1.066304326057434, 0.2820342481136322, 12.975192070007324
image_27, 15, 1.160341739654541, 0.3088271915912628, 13.972421646118164
image_27, 15, 1.2576377391815186, 0.3373456299304962, 14.969419479370117
image_27, 15, 1.344329595565796, 0.3614378273487091, 15.967273712158203
image_27, 15, 1.4278703927993774, 0.38400059938430786, 16.965314865112305
image_27, 15, 1.4858989715576172, 0.39550134539604187, 17.964509963989258
image_27, 15, 1.5279096364974976, 0.4016840159893036, 18.964204788208008
image_27, 15, 1.570267915725708, 0.4078332781791687, 19.963882446289062
image_27, 15, 1.615654706954956, 0.41471022367477417, 20.963481903076172
image_27, 15, 1.6610110998153687, 0.42159536480903625, 21.96306800842285
image_27, 15, 1.7038333415985107, 0.4279429614543915, 22.962722778320312
image_27, 15, 1.7473915815353394, 0.4348300099372864, 23.962345123291016
image_27, 15, 1.7988749742507935, 0.44443821907043457, 24.961746215820312
image_27, 15, 1.8468437194824219, 0.4526350200176239, 25.96128273010254
image_27, 15, 1.9197041988372803, 0.4692623019218445, 26.959821701049805
image_27, 15, 1.9784231185913086, 0.48106446862220764, 27.9589900970459
image_27, 15, 2.0293807983398438, 0.489348441362381, 28.958349227905273
image_27, 15, 2.0879342555999756, 0.5004981756210327, 29.957536697387695
image_79, 16, 0.07703471928834915, 0.01928669586777687, 0.998393714427948
image_79, 16, 0.13467104732990265, 0.030709128826856613, 1.9976351261138916
image_79, 16, 0.19212068617343903, 0.04164743423461914, 2.9967451095581055
image_79, 16, 0.2800535261631012, 0.0667659267783165, 3.9943530559539795
image_79, 16, 0.3726451098918915, 0.09472890198230743, 4.991684913635254
image_79, 16, 0.46811920404434204, 0.1240360289812088, 5.988987445831299
image_79, 16, 0.5676217675209045, 0.15484456717967987, 6.986088275909424
image_79, 16, 0.6415478587150574, 0.17338335514068604, 7.984653472900391
image_79, 16, 0.7375096678733826, 0.20200203359127045, 8.98186206817627
image_79, 16, 0.8063156604766846, 0.21683494746685028, 9.980502128601074
image_79, 16, 0.9091095328330994, 0.24812239408493042, 10.977192878723145
image_79, 16, 1.0053272247314453, 0.2765776216983795, 11.9744234085083
image_79, 16, 1.1000757217407227, 0.30377423763275146, 12.971660614013672
image_79, 16, 1.1781420707702637, 0.3223758935928345, 13.969819068908691
image_79, 16, 1.2402937412261963, 0.3338581919670105, 14.968692779541016
image_79, 16, 1.2881801128387451, 0.34154799580574036, 15.968242645263672
image_79, 16, 1.3482390642166138, 0.3527289927005768, 16.967214584350586
image_79, 16, 1.41402006149292, 0.3676443099975586, 17.966087341308594
image_79, 16, 1.4672977924346924, 0.3766791820526123, 18.965360641479492
image_79, 16, 1.517101764678955, 0.38490694761276245, 19.96474838256836
image_79, 16, 1.5729408264160156, 0.3947543501853943, 20.96381950378418
image_79, 16, 1.6236480474472046, 0.40354979038238525, 21.96312713623047
image_79, 16, 1.6767997741699219, 0.4125542640686035, 22.962303161621094
image_79, 16, 1.73195481300354, 0.42231544852256775, 23.961387634277344
image_79, 16, 1.7877182960510254, 0.432092547416687, 24.960491180419922
image_79, 16, 1.8407584428787231, 0.44175437092781067, 25.9598388671875
image_79, 16, 1.9463149309158325, 0.4758472740650177, 26.955995559692383
image_79, 16, 2.0506017208099365, 0.5091716647148132, 27.952224731445312
image_79, 16, 2.148298978805542, 0.5392640233039856, 28.948904037475586
image_79, 16, 2.2399966716766357, 0.5659756064414978, 29.945947647094727
image_50, 17, 0.04971889778971672, 0.008941709995269775, 0.9993192553520203
image_50, 17, 0.0934096947312355, 0.014512063935399055, 1.9989430904388428
image_50, 17, 0.1354779452085495, 0.02027384378015995, 2.998575210571289
image_50, 17, 0.19075661897659302, 0.03070446476340294, 3.9976730346679688
image_50, 17, 0.23985256254673004, 0.03907012194395065, 4.997014999389648
image_50, 17, 0.2851402163505554, 0.04641555994749069, 5.99647331237793
image_50, 17, 0.3291996121406555, 0.05345481261610985, 6.995967388153076
image_50, 17, 0.3718143403530121, 0.05996982753276825, 7.995511531829834
image_50, 17, 0.4298132061958313, 0.07043223083019257, 8.994790077209473
image_50, 17, 0.49876105785369873, 0.08492976427078247, 9.993653297424316
image_50, 17, 0.5688531994819641, 0.10017972439527512, 10.992422103881836
image_50, 17, 0.6430209875106812, 0.1170073077082634, 11.990970611572266
image_50, 17, 0.709415078163147, 0.13051192462444305, 12.989872932434082
image_50, 17, 0.7549014091491699, 0.13736888766288757, 13.989460945129395
image_50, 17, 0.7931028008460999, 0.14246973395347595, 14.989177703857422
image_50, 17, 0.8287200927734375, 0.1467503160238266, 15.98893928527832
image_50, 17, 0.8645197153091431, 0.15122143924236298, 16.988676071166992
image_50, 17, 0.9025881290435791, 0.15606161952018738, 17.98832893371582
image_50, 17, 0.9396264553070068, 0.16060182452201843, 18.988008499145508
image_50, 17, 0.9745612740516663, 0.1645900458097458, 19.987754821777344
image_50, 17, 1.0098682641983032, 0.16869580745697021, 20.987485885620117
image_50, 17, 1.0514124631881714, 0.17423371970653534, 21.987028121948242
image_50, 17, 1.0909326076507568, 0.17956320941448212, 22.98663330078125
image_50, 17, 1.1340805292129517, 0.18581897020339966, 23.98625946044922
image_50, 17, 1.1854428052902222, 0.19381703436374664, 24.985692977905273
image_50, 17, 1.2239269018173218, 0.19864702224731445, 25.985387802124023
image_50, 17, 1.2623622417449951, 0.20378440618515015, 26.985036849975586
image_50, 17, 1.3028305768966675, 0.20929665863513947, 27.984649658203125
image_50, 17, 1.3447190523147583, 0.21519309282302856, 28.984216690063477
image_50, 17, 1.3841776847839355, 0.21992599964141846, 29.983915328979492
image_128, 18, 0.042668845504522324, 0.005983337759971619, 0.9996175169944763
image_128, 18, 0.08302481472492218, 0.011466354131698608, 1.9992921352386475
image_128, 18, 0.12509551644325256, 0.017146041616797447, 2.998875617980957
image_128, 18, 0.16662508249282837, 0.022668208926916122, 3.9984867572784424
image_128, 18, 0.22686833143234253, 0.03404087945818901, 4.997699737548828
image_128, 18, 0.2977193593978882, 0.049036793410778046, 5.996527194976807
image_128, 18, 0.34258922934532166, 0.055177878588438034, 6.996021747589111
image_128, 18, 0.37918734550476074, 0.05944541096687317, 7.995754718780518
image_128, 18, 0.41911935806274414, 0.06422843784093857, 8.995410919189453
image_128, 18, 0.45654404163360596, 0.06851447373628616, 9.995136260986328
image_128, 18, 0.4997290074825287, 0.07381948828697205, 10.994706153869629
image_128, 18, 0.5484212040901184, 0.08030949532985687, 11.994095802307129
image_128, 18, 0.610470175743103, 0.09031309932470322, 12.99294662475586
image_128, 18, 0.6482071876525879, 0.09464005380868912, 13.992631912231445
image_128, 18, 0.692979097366333, 0.10036583244800568, 14.992100715637207
image_128, 18, 0.7433865666389465, 0.10746787488460541, 15.991366386413574
image_128, 18, 0.7926827073097229, 0.11418253928422928, 16.99067497253418
image_128, 18, 0.8441118597984314, 0.12127750366926193, 17.989913940429688
image_128, 18, 0.8911899328231812, 0.12742963433265686, 18.98930549621582
image_128, 18, 0.9343053102493286, 0.1328761726617813, 19.98883056640625
image_128, 18, 0.9731690287590027, 0.13749291002750397, 20.988489151000977
image_128, 18, 1.022759199142456, 0.14436598122119904, 21.987817764282227
image_128, 18, 1.0649402141571045, 0.1496395617723465, 22.987375259399414
image_128, 18, 1.0992351770401, 0.15311625599861145, 23.987163543701172
image_128, 18, 1.1371455192565918, 0.15695591270923615, 24.986845016479492
image_128, 18, 1.1735221147537231, 0.1606096476316452, 25.9865665435791
image_128, 18, 1.2086777687072754, 0.16438771784305573, 26.986303329467773
image_128, 18, 1.2462178468704224, 0.1687117964029312, 27.985946655273438
image_128, 18, 1.280828595161438, 0.17242774367332458, 28.985679626464844
image_128, 18, 1.3157374858856201, 0.17576871812343597, 29.98543930053711
image_119, 19, 0.04478031396865845, 0.006741621065884829, 0.9996140003204346
image_119, 19, 0.09441536664962769, 0.014931323006749153, 1.9991481304168701
image_119, 19, 0.1515953242778778, 0.02604825049638748, 2.9984569549560547
image_119, 19, 0.1993332803249359, 0.033614326268434525, 3.997988700866699
image_119, 19, 0.24337349832057953, 0.04015127941966057, 4.997647285461426
image_119, 19, 0.2888433635234833, 0.047019921243190765, 5.99727201461792
image_119, 19, 0.3376118242740631, 0.05484224855899811, 6.996841907501221
image_119, 19, 0.40615105628967285, 0.07099424302577972, 7.995893478393555
image_119, 19, 0.4784867763519287, 0.08809716999530792, 8.994743347167969
image_119, 19, 0.5605061650276184, 0.1084548681974411, 9.992928504943848
image_119, 19, 0.6296982169151306, 0.1235790103673935, 10.991896629333496
image_119, 19, 0.6962544918060303, 0.13771480321884155, 11.990949630737305
image_119, 19, 0.7645409107208252, 0.1523725837469101, 12.989842414855957
image_119, 19, 0.8081026673316956, 0.15874195098876953, 13.989520072937012
image_119, 19, 0.8473360538482666, 0.16351057589054108, 14.989250183105469
image_119, 19, 0.8875086903572083, 0.16849783062934875, 15.988945007324219
image_119, 19, 0.9240067601203918, 0.17266845703125, 16.988718032836914
image_119, 19, 0.9611963629722595, 0.17657428979873657, 17.988475799560547
image_119, 19, 0.9998269081115723, 0.18078893423080444, 18.98818588256836
image_119, 19, 1.039278507232666, 0.1851332038640976, 19.987873077392578
image_119, 19, 1.07980477809906, 0.18976634740829468, 20.987545013427734
image_119, 19, 1.1183792352676392, 0.1939869076013565, 21.987289428710938
image_119, 19, 1.15546452999115, 0.19805051386356354, 22.9870548248291
image_119, 19, 1.1950737237930298, 0.20292674005031586, 23.986753463745117
image_119, 19, 1.2351582050323486, 0.20803211629390717, 24.9864501953125
image_119, 19, 1.2714643478393555, 0.2122650295495987, 25.986223220825195
image_119, 19, 1.3076865673065186, 0.21649695932865143, 26.986005783081055
image_119, 19, 1.3434733152389526, 0.22063398361206055, 27.98577308654785
image_119, 19, 1.3821299076080322, 0.2251407653093338, 28.985488891601562
image_119, 19, 1.420142412185669, 0.22961626946926117, 29.985214233398438
image_103, 20, 0.04340122640132904, 0.006369316019117832, 0.999645471572876
image_103, 20, 0.08399589359760284, 0.011638452298939228, 1.9993364810943604
image_103, 20, 0.12217239290475845, 0.01643279567360878, 2.999070167541504
image_103, 20, 0.16354244947433472, 0.022137029096484184, 3.9987480640411377
image_103, 20, 0.23107260465621948, 0.036118488758802414, 4.997693061828613
image_103, 20, 0.3001183867454529, 0.05066601186990738, 5.996560096740723
image_103, 20, 0.37211063504219055, 0.06674554198980331, 6.995237350463867
image_103, 20, 0.44651803374290466, 0.08361409604549408, 7.99379825592041
image_103, 20, 0.5305042862892151, 0.10455930233001709, 8.991714477539062
image_103, 20, 0.5706191062927246, 0.10959549248218536, 9.991347312927246
image_103, 20, 0.6067765951156616, 0.11422888189554214, 10.991107940673828
image_103, 20, 0.6444213390350342, 0.11893945187330246, 11.990842819213867
image_103, 20, 0.6872998476028442, 0.124680295586586, 12.990431785583496
image_103, 20, 0.723679780960083, 0.12911400198936462, 13.990204811096191
image_103, 20, 0.7592281699180603, 0.13336138427257538, 14.98998737335205
image_103, 20, 0.7942081093788147, 0.1373710334300995, 15.989773750305176
image_103, 20, 0.8305949568748474, 0.14158202707767487, 16.989530563354492
image_103, 20, 0.8702834844589233, 0.14645059406757355, 17.989208221435547
image_103, 20, 0.9054982662200928, 0.15035530924797058, 18.988998413085938
image_103, 20, 0.9388361573219299, 0.1538778841495514, 19.988819122314453
image_103, 20, 0.9734061360359192, 0.1576257199048996, 20.98858642578125
image_103, 20, 1.0164611339569092, 0.16272102296352386, 21.98810577392578
image_103, 20, 1.0643970966339111, 0.16880390048027039, 22.98743438720703
image_103, 20, 1.0985097885131836, 0.1723257303237915, 23.987211227416992
image_103, 20, 1.1318140029907227, 0.17579512298107147, 24.98702621459961
image_103, 20, 1.165435791015625, 0.1793856918811798, 25.98682975769043
image_103, 20, 1.2006852626800537, 0.18335725367069244, 26.986604690551758
image_103, 20, 1.2404882907867432, 0.1878957748413086, 27.986225128173828
image_103, 20, 1.283679485321045, 0.1929093599319458, 28.985769271850586
image_103, 20, 1.3241276741027832, 0.197899729013443, 29.985431671142578
image_24, 21, 0.06366079300642014, 0.014055672101676464, 0.9990292191505432
image_24, 21, 0.15799278020858765, 0.04175884649157524, 1.9964542388916016
image_24, 21, 0.2098940908908844, 0.05178331956267357, 2.995943069458008
image_24, 21, 0.26111066341400146, 0.06177077069878578, 3.995408296585083
image_24, 21, 0.32676681876182556, 0.07771802693605423, 4.994296073913574
image_24, 21, 0.42054206132888794, 0.10658294707536697, 5.991732597351074
image_24, 21, 0.5114595293998718, 0.13363811373710632, 6.989364147186279
image_24, 21, 0.6034701466560364, 0.16062386333942413, 7.986902236938477
image_24, 21, 0.6946538686752319, 0.1869640350341797, 8.984518051147461
image_24, 21, 0.789821207523346, 0.2153295874595642, 9.98186206817627
image_24, 21, 0.8766385912895203, 0.2401980310678482, 10.979907035827637
image_24, 21, 0.9642584919929504, 0.2657184302806854, 11.977846145629883
image_24, 21, 1.0543829202651978, 0.2919497787952423, 12.975643157958984
image_24, 21, 1.135326862335205, 0.3138904869556427, 13.973834037780762
image_24, 21, 1.188138484954834, 0.32378387451171875, 14.973142623901367
image_24, 21, 1.249986171722412, 0.3372734785079956, 15.972107887268066
image_24, 21, 1.3194676637649536, 0.3547850549221039, 16.970895767211914
image_24, 21, 1.3708473443984985, 0.3654520809650421, 17.970354080200195
image_24, 21, 1.418602466583252, 0.37447264790534973, 18.969877243041992
image_24, 21, 1.4689650535583496, 0.38331088423728943, 19.969266891479492
image_24, 21, 1.5164904594421387, 0.39207908511161804, 20.968833923339844
image_24, 21, 1.5641632080078125, 0.40113508701324463, 21.968364715576172
image_24, 21, 1.6107792854309082, 0.4097682237625122, 22.96794319152832
image_24, 21, 1.6565604209899902, 0.4179968535900116, 23.967546463012695
image_24, 21, 1.7047123908996582, 0.42729225754737854, 24.967073440551758
image_24, 21, 1.7969375848770142, 0.45473915338516235, 25.96456527709961
image_24, 21, 1.8867790699005127, 0.48098325729370117, 26.962247848510742
image_24, 21, 1.9797576665878296, 0.5075188279151917, 27.95953941345215
image_24, 21, 2.0523955821990967, 0.5249196290969849, 28.95825958251953
image_24, 21, 2.1227264404296875, 0.5405779480934143, 29.956933975219727
image_143, 22, 0.0771733820438385, 0.018293071538209915, 0.9988244771957397
image_143, 22, 0.13446225225925446, 0.02884358912706375, 1.9982789754867554
image_143, 22, 0.18789595365524292, 0.037395864725112915, 2.9977333545684814
image_143, 22, 0.2447180449962616, 0.04749460145831108, 3.997159719467163
image_143, 22, 0.3119077682495117, 0.06188762187957764, 4.996424198150635
image_143, 22, 0.38267606496810913, 0.07745130360126495, 5.99556827545166
image_143, 22, 0.4539055824279785, 0.09314882010221481, 6.994691848754883
image_143, 22, 0.5234867930412292, 0.10806913673877716, 7.9939069747924805
image_143, 22, 0.5955348014831543, 0.123867467045784, 8.992907524108887
image_143, 22, 0.6644996404647827, 0.13861453533172607, 9.992020606994629
image_143, 22, 0.7289482355117798, 0.1518184244632721, 10.991220474243164
image_143, 22, 0.7955440282821655, 0.16568531095981598, 11.990443229675293
image_143, 22, 0.8671749830245972, 0.1811671108007431, 12.989409446716309
image_143, 22, 0.9217939376831055, 0.19047331809997559, 13.98894214630127
image_143, 22, 0.9757121801376343, 0.19961674511432648, 14.988485336303711
image_143, 22, 1.023742437362671, 0.20601007342338562, 15.988014221191406
image_143, 22, 1.0733600854873657, 0.21260549128055573, 16.987459182739258
image_143, 22, 1.118675708770752, 0.21822665631771088, 17.98702049255371
image_143, 22, 1.1642780303955078, 0.2238234132528305, 18.98659324645996
image_143, 22, 1.217630386352539, 0.23121657967567444, 19.985931396484375
image_143, 22, 1.263136863708496, 0.2368108183145523, 20.98550796508789
image_143, 22, 1.3014360666275024, 0.24101747572422028, 21.985260009765625
image_143, 22, 1.3374656438827515, 0.24489173293113708, 22.985055923461914
image_143, 22, 1.3760650157928467, 0.24918673932552338, 23.984790802001953
image_143, 22, 1.4201607704162598, 0.25466328859329224, 24.984357833862305
image_143, 22, 1.4587900638580322, 0.2588014304637909, 25.98404312133789
image_143, 22, 1.4962472915649414, 0.26290303468704224, 26.983779907226562
image_143, 22, 1.5356898307800293, 0.2674122154712677, 27.9835262298584
image_143, 22, 1.5773887634277344, 0.2727097272872925, 28.98322105407715
image_143, 22, 1.6185710430145264, 0.2778521776199341, 29.982912063598633
image_12, 23, 0.1169779896736145, 0.02919684164226055, 0.9982113838195801
image_12, 23, 0.2130354642868042, 0.05111371725797653, 1.9970283508300781
image_12, 23, 0.3228127658367157, 0.08108414709568024, 2.9951486587524414
image_12, 23, 0.4327680468559265, 0.10938321053981781, 3.9933714866638184
image_12, 23, 0.5581343770027161, 0.1388171762228012, 4.991322040557861
image_12, 23, 0.6705552339553833, 0.16591417789459229, 5.98959493637085
image_12, 23, 0.786068320274353, 0.19193117320537567, 6.987915515899658
image_12, 23, 0.9006631374359131, 0.21809600293636322, 7.986198902130127
image_12, 23, 1.0171473026275635, 0.2458275407552719, 8.984353065490723
image_12, 23, 1.1233519315719604, 0.272518128156662, 9.982658386230469
image_12, 23, 1.236100673675537, 0.3029860854148865, 10.979971885681152
image_12, 23, 1.350362777709961, 0.3334979712963104, 11.977298736572266
image_12, 23, 1.461686372756958, 0.36017391085624695, 12.97537612915039
image_12, 23, 1.5715556144714355, 0.39113515615463257, 13.972647666931152
image_12, 23, 1.685715913772583, 0.42526087164878845, 14.969393730163574
image_12, 23, 1.8010770082473755, 0.45789605379104614, 15.966373443603516
image_12, 23, 1.9225959777832031, 0.48917314410209656, 16.963573455810547
image_12, 23, 2.040370464324951, 0.5202311277389526, 17.960702896118164
image_12, 23, 2.1561808586120605, 0.549175500869751, 18.958215713500977
image_12, 23, 2.26926589012146, 0.5767096877098083, 19.955883026123047
image_12, 23, 2.334352493286133, 0.5866585373878479, 20.955184936523438
image_12, 23, 2.3987293243408203, 0.5973607301712036, 21.95452117919922
image_12, 23, 2.46700119972229, 0.6086996793746948, 22.95355224609375
image_12, 23, 2.5231759548187256, 0.6166224479675293, 23.95305824279785
image_12, 23, 2.5881853103637695, 0.6256983280181885, 24.952516555786133
image_12, 23, 2.649732828140259, 0.6344650387763977, 25.95198631286621
image_12, 23, 2.711766004562378, 0.6433039307594299, 26.951452255249023
image_12, 23, 2.790055274963379, 0.6533952355384827, 27.950702667236328
image_12, 23, 2.8521530628204346, 0.6624689698219299, 28.950103759765625
image_12, 23, 2.9160196781158447, 0.6729994416236877, 29.949350357055664
image_113, 24, 0.059662945568561554, 0.012157215736806393, 0.9993512630462646
image_113, 24, 0.11315488815307617, 0.021823009476065636, 1.9988341331481934
image_113, 24, 0.16312099993228912, 0.029586445540189743, 2.998338222503662
image_113, 24, 0.21071140468120575, 0.036918435245752335, 3.9979135990142822
image_113, 24, 0.26192760467529297, 0.045566901564598083, 4.997415542602539
image_113, 24, 0.31714344024658203, 0.05603998526930809, 5.996773719787598
image_113, 24, 0.3830499053001404, 0.07026749104261398, 6.995926380157471
image_113, 24, 0.4514174163341522, 0.08537561446428299, 7.994925022125244
image_113, 24, 0.519358217716217, 0.10047952085733414, 8.993993759155273
image_113, 24, 0.5950496196746826, 0.11865409463644028, 9.992565155029297
image_113, 24, 0.6658987998962402, 0.13488057255744934, 10.991362571716309
image_113, 24, 0.7194935083389282, 0.14315040409564972, 11.990687370300293
image_113, 24, 0.7742770314216614, 0.1515655219554901, 12.989947319030762
image_113, 24, 0.831410825252533, 0.16221009194850922, 13.989275932312012
image_113, 24, 0.8901323080062866, 0.17369185388088226, 14.988667488098145
image_113, 24, 0.9335105419158936, 0.17889781296253204, 15.988288879394531
image_113, 24, 0.9724113345146179, 0.18312546610832214, 16.987995147705078
image_113, 24, 1.016798496246338, 0.1883898675441742, 17.987533569335938
image_113, 24, 1.0610240697860718, 0.19351232051849365, 18.987070083618164
image_113, 24, 1.0990056991577148, 0.1974731981754303, 19.986791610717773
image_113, 24, 1.140114188194275, 0.20210705697536469, 20.986434936523438
image_113, 24, 1.1811940670013428, 0.20702815055847168, 21.986101150512695
image_113, 24, 1.2224644422531128, 0.21199683845043182, 22.985754013061523
image_113, 24, 1.2657326459884644, 0.21719865500926971, 23.985342025756836
image_113, 24, 1.3029494285583496, 0.22114238142967224, 24.985090255737305
image_113, 24, 1.3413809537887573, 0.2254703789949417, 25.98480796813965
image_113, 24, 1.3773674964904785, 0.22951576113700867, 26.98456573486328
image_113, 24, 1.4166187047958374, 0.23431754112243652, 27.984243392944336
image_113, 24, 1.4608815908432007, 0.2402239292860031, 28.98377227783203
image_113, 24, 1.500956416130066, 0.2453269511461258, 29.983444213867188
image_112, 25, 0.05135110393166542, 0.008487352170050144, 0.9993204474449158
image_112, 25, 0.0936039462685585, 0.014248386025428772, 1.9988899230957031
image_112, 25, 0.13127698004245758, 0.0189861748367548, 2.9986093044281006
image_112, 25, 0.17102977633476257, 0.024464033544063568, 3.9982852935791016
image_112, 25, 0.2443200647830963, 0.04155103489756584, 4.996760368347168
image_112, 25, 0.325496107339859, 0.06201561167836189, 5.994840145111084
image_112, 25, 0.41780245304107666, 0.08727099746465683, 6.9920454025268555
image_112, 25, 0.5078137516975403, 0.11152844876050949, 7.989399433135986
image_112, 25, 0.5450381636619568, 0.11621702462434769, 8.989152908325195
image_112, 25, 0.5800803303718567, 0.12028123438358307, 9.98894214630127
image_112, 25, 0.6195238828659058, 0.12486164271831512, 10.988567352294922
image_112, 25, 0.6561015844345093, 0.12900297343730927, 11.98829174041748
image_112, 25, 0.7038673162460327, 0.1356724053621292, 12.987645149230957
image_112, 25, 0.7524743676185608, 0.1434786170721054, 13.987064361572266
image_112, 25, 0.8060546517372131, 0.15211816132068634, 14.98624038696289
image_112, 25, 0.8449919819831848, 0.15689969062805176, 15.985877990722656
image_112, 25, 0.8798233270645142, 0.16088421642780304, 16.985658645629883
image_112, 25, 0.9144912362098694, 0.16478949785232544, 17.985454559326172
image_112, 25, 0.9483095407485962, 0.1684250682592392, 18.9852237701416
image_112, 25, 0.9817056655883789, 0.17182989418506622, 19.985008239746094
image_112, 25, 1.0156103372573853, 0.1754995435476303, 20.984769821166992
image_112, 25, 1.0506680011749268, 0.17936813831329346, 21.9844970703125
image_112, 25, 1.095848560333252, 0.18508538603782654, 22.983871459960938
image_112, 25, 1.1432065963745117, 0.19118505716323853, 23.98318099975586
image_112, 25, 1.193416953086853, 0.19803254306316376, 24.9824161529541
image_112, 25, 1.2293205261230469, 0.2021326720714569, 25.98215675354004
image_112, 25, 1.2653656005859375, 0.20631404221057892, 26.981904983520508
image_112, 25, 1.3013828992843628, 0.2103453129529953, 27.98164176940918
image_112, 25, 1.3388932943344116, 0.21445800364017487, 28.981342315673828
image_112, 25, 1.3769282102584839, 0.21910212934017181, 29.981046676635742
image_62, 26, 0.05721962824463844, 0.011111687868833542, 0.9991528987884521
image_62, 26, 0.11012602597475052, 0.020840276032686234, 1.9985356330871582
image_62, 26, 0.16884194314479828, 0.032022181898355484, 2.9975576400756836
image_62, 26, 0.21906334161758423, 0.04063395410776138, 3.997037172317505
image_62, 26, 0.2781854271888733, 0.05215352773666382, 4.996115684509277
image_62, 26, 0.3722084164619446, 0.07999904453754425, 5.993488311767578
image_62, 26, 0.4703673720359802, 0.10948309302330017, 6.990477085113525
image_62, 26, 0.5668962597846985, 0.13821658492088318, 7.98752498626709
image_62, 26, 0.6654750108718872, 0.16773539781570435, 8.984426498413086
image_62, 26, 0.7615281343460083, 0.19630344212055206, 9.98163890838623
image_62, 26, 0.8231688737869263, 0.20918923616409302, 10.980727195739746
image_62, 26, 0.911838948726654, 0.23438186943531036, 11.978582382202148
image_62, 26, 1.0079560279846191, 0.26327311992645264, 12.975732803344727
image_62, 26, 1.0797789096832275, 0.2797911465167999, 13.974194526672363
image_62, 26, 1.1525050401687622, 0.29711318016052246, 14.972696304321289
image_62, 26, 1.2413004636764526, 0.3221357762813568, 15.970495223999023
image_62, 26, 1.3432769775390625, 0.35382428765296936, 16.967174530029297
image_62, 26, 1.4424089193344116, 0.384273886680603, 17.964012145996094
image_62, 26, 1.4882879257202148, 0.3912704288959503, 18.96361541748047
image_62, 26, 1.532904863357544, 0.3975924551486969, 19.963226318359375
image_62, 26, 1.5916990041732788, 0.4093906581401825, 20.9624080657959
image_62, 26, 1.6413600444793701, 0.41756391525268555, 21.961772918701172
image_62, 26, 1.6903586387634277, 0.4257332980632782, 22.96120262145996
image_62, 26, 1.7388911247253418, 0.4333972632884979, 23.960613250732422
image_62, 26, 1.7905960083007812, 0.4424094259738922, 24.95989227294922
image_62, 26, 1.8428542613983154, 0.45172420144081116, 25.959163665771484
image_62, 26, 1.9284731149673462, 0.47448480129241943, 26.95676040649414
image_62, 26, 2.0073211193084717, 0.4945550262928009, 27.954734802246094
image_62, 26, 2.0658066272735596, 0.5056726932525635, 28.953739166259766
image_62, 26, 2.12709641456604, 0.5174770951271057, 29.952625274658203
image_10, 27, 0.08827416598796844, 0.023185811936855316, 0.997512698173523
image_10, 27, 0.1704137623310089, 0.0431789755821228, 1.9953876733779907
image_10, 27, 0.23262882232666016, 0.05475406348705292, 2.9943981170654297
image_10, 27, 0.2893567681312561, 0.06452492624521255, 3.9936301708221436
image_10, 27, 0.33516696095466614, 0.07151145488023758, 4.993256092071533
image_10, 27, 0.3819681406021118, 0.07828788459300995, 5.992842674255371
image_10, 27, 0.4339424669742584, 0.08653499186038971, 6.992301940917969
image_10, 27, 0.5067669749259949, 0.10177856683731079, 7.990890026092529
image_10, 27, 0.5844083428382874, 0.11933553218841553, 8.989290237426758
image_10, 27, 0.6307520866394043, 0.12585827708244324, 9.98880386352539
image_10, 27, 0.7130086421966553, 0.14546386897563934, 10.98674201965332
image_10, 27, 0.7943496108055115, 0.16446661949157715, 11.984769821166992
image_10, 27, 0.860559344291687, 0.17739854753017426, 12.983546257019043
image_10, 27, 0.9150182604789734, 0.1864224225282669, 13.982810020446777
image_10, 27, 0.9536006450653076, 0.19107533991336823, 14.982540130615234
image_10, 27, 0.9940320253372192, 0.19624386727809906, 15.982210159301758
image_10, 27, 1.0288200378417969, 0.20000575482845306, 16.98200798034668
image_10, 27, 1.0645636320114136, 0.2039310485124588, 17.981792449951172
image_10, 27, 1.098283290863037, 0.207249253988266, 18.98161506652832
image_10, 27, 1.1325472593307495, 0.21072527766227722, 19.981399536132812
image_10, 27, 1.1676362752914429, 0.21441462635993958, 20.98117446899414
image_10, 27, 1.202901005744934, 0.21795868873596191, 21.980939865112305
image_10, 27, 1.2424395084381104, 0.22205574810504913, 22.980562210083008
image_10, 27, 1.2803900241851807, 0.2259158194065094, 23.980247497558594
image_10, 27, 1.3205289840698242, 0.23013383150100708, 24.979843139648438
image_10, 27, 1.3584083318710327, 0.23395763337612152, 25.979488372802734
image_10, 27, 1.3963561058044434, 0.23783734440803528, 26.97913360595703
image_10, 27, 1.4349355697631836, 0.24185344576835632, 27.978759765625
image_10, 27, 1.4718830585479736, 0.2458166480064392, 28.978450775146484
image_10, 27, 1.5123329162597656, 0.25039324164390564, 29.97804069519043
image_40, 28, 0.06914769113063812, 0.0156464334577322, 0.9985014796257019
image_40, 28, 0.12714114785194397, 0.02846118062734604, 1.997539758682251
image_40, 28, 0.22749146819114685, 0.05976824462413788, 2.994795799255371
image_40, 28, 0.33271682262420654, 0.09278275072574615, 3.991584300994873
image_40, 28, 0.43719226121902466, 0.1251162439584732, 4.98837423324585
image_40, 28, 0.5418933033943176, 0.1573830246925354, 5.985142707824707
image_40, 28, 0.646611213684082, 0.18937520682811737, 6.981719017028809
image_40, 28, 0.7401727437973022, 0.21563012897968292, 7.9792375564575195
image_40, 28, 0.833861231803894, 0.2421504557132721, 8.976693153381348
image_40, 28, 0.9298039674758911, 0.26933854818344116, 9.974035263061523
image_40, 28, 1.0270514488220215, 0.29717859625816345, 10.971277236938477
image_40, 28, 1.1136937141418457, 0.3202282786369324, 11.96905517578125
image_40, 28, 1.185969352722168, 0.33657893538475037, 12.96753978729248
image_40, 28, 1.2552783489227295, 0.35139745473861694, 13.966175079345703
image_40, 28, 1.338417410850525, 0.37111926078796387, 14.963961601257324
image_40, 28, 1.4400535821914673, 0.4007810354232788, 15.96066665649414
image_40, 28, 1.5318185091018677, 0.4263835847377777, 16.95806884765625
image_40, 28, 1.5825811624526978, 0.43475979566574097, 17.95737648010254
image_40, 28, 1.6297954320907593, 0.44254812598228455, 18.956802368164062
image_40, 28, 1.6727931499481201, 0.449538916349411, 19.956396102905273
image_40, 28, 1.7157893180847168, 0.4561048448085785, 20.95599365234375
image_40, 28, 1.7565155029296875, 0.4620594382286072, 21.955657958984375
image_40, 28, 1.7970398664474487, 0.4678342044353485, 22.95528793334961
image_40, 28, 1.8427062034606934, 0.47453010082244873, 23.954675674438477
image_40, 28, 1.8873356580734253, 0.481366902589798, 24.954120635986328
image_40, 28, 1.93073308467865, 0.48831215500831604, 25.953691482543945
image_40, 28, 1.9851490259170532, 0.49834105372428894, 26.952836990356445
image_40, 28, 2.0786237716674805, 0.5261074900627136, 27.949785232543945
image_40, 28, 2.1546342372894287, 0.5454132556915283, 28.94794273376465
image_40, 28, 2.242171287536621, 0.5705389976501465, 29.9453182220459
image_132, 29, 0.08034881949424744, 0.019083702936768532, 0.9986205101013184
image_132, 29, 0.12883853912353516, 0.026880992576479912, 1.9982173442840576
image_132, 29, 0.17727389931678772, 0.034425798803567886, 2.997807025909424
image_132, 29, 0.2295539826154709, 0.043274663388729095, 3.9972739219665527
image_132, 29, 0.2827252149581909, 0.052657049149274826, 4.996753692626953
image_132, 29, 0.3431331217288971, 0.06446147710084915, 5.996119499206543
image_132, 29, 0.4023970365524292, 0.07592139393091202, 6.995567321777344
image_132, 29, 0.4809933304786682, 0.09550057351589203, 7.994281768798828
image_132, 29, 0.5683916807174683, 0.11913018673658371, 8.992412567138672
image_132, 29, 0.6568781733512878, 0.1434849351644516, 9.99051284790039
image_132, 29, 0.7484101057052612, 0.16868294775485992, 10.988348960876465
image_132, 29, 0.8444860577583313, 0.19566284120082855, 11.985715866088867
image_132, 29, 0.9329004287719727, 0.21909548342227936, 12.983787536621094
image_132, 29, 1.0235979557037354, 0.24346451461315155, 13.981730461120605
image_132, 29, 1.115338921546936, 0.267813503742218, 14.979609489440918
image_132, 29, 1.1614184379577637, 0.2752075791358948, 15.979211807250977
image_132, 29, 1.2062137126922607, 0.2820937931537628, 16.978866577148438
image_132, 29, 1.2494521141052246, 0.28861817717552185, 17.978546142578125
image_132, 29, 1.2928166389465332, 0.2947285771369934, 18.978208541870117
image_132, 29, 1.334986925125122, 0.30056196451187134, 19.977895736694336
image_132, 29, 1.378947377204895, 0.30662181973457336, 20.977510452270508
image_132, 29, 1.4247236251831055, 0.3135386109352112, 21.977066040039062
image_132, 29, 1.4739166498184204, 0.3214256167411804, 22.97652816772461
image_132, 29, 1.5629478693008423, 0.34499862790107727, 23.974119186401367
image_132, 29, 1.643661618232727, 0.36485981941223145, 24.972352981567383
image_132, 29, 1.7261669635772705, 0.38558995723724365, 25.97049903869629
image_132, 29, 1.809950351715088, 0.40679582953453064, 26.96863555908203
image_132, 29, 1.9041657447814941, 0.432844877243042, 27.965923309326172
image_132, 29, 1.9975481033325195, 0.4582831561565399, 28.963163375854492
image_132, 29, 2.0810139179229736, 0.4793199300765991, 29.961265563964844
image_134, 30, 0.09311287105083466, 0.02459617145359516, 0.99848473072052
image_134, 30, 0.17209404706954956, 0.04359551891684532, 1.9974440336227417
image_134, 30, 0.2332739531993866, 0.05572783946990967, 2.9968044757843018
image_134, 30, 0.31443315744400024, 0.0753369852900505, 3.995671272277832
image_134, 30, 0.4033094346523285, 0.09843292832374573, 4.994330406188965
image_134, 30, 0.4927012026309967, 0.12195774912834167, 5.993013858795166
image_134, 30, 0.581567645072937, 0.14515763521194458, 6.991748809814453
image_134, 30, 0.6710531115531921, 0.16870473325252533, 7.990428924560547
image_134, 30, 0.7378715872764587, 0.182735413312912, 8.989568710327148
image_134, 30, 0.7963660955429077, 0.19405341148376465, 9.988912582397461
image_134, 30, 0.8619270324707031, 0.208184614777565, 10.987975120544434
image_134, 30, 0.9236140251159668, 0.22122587263584137, 11.987181663513184
image_134, 30, 0.9917158484458923, 0.23657681047916412, 12.986174583435059
image_134, 30, 1.0567255020141602, 0.25077152252197266, 13.985251426696777
image_134, 30, 1.1194161176681519, 0.2641456127166748, 14.984448432922363
image_134, 30, 1.181105375289917, 0.27723175287246704, 15.983704566955566
image_134, 30, 1.2391080856323242, 0.2885270416736603, 16.98302459716797
image_134, 30, 1.2919881343841553, 0.29820185899734497, 17.982479095458984
image_134, 30, 1.3527888059616089, 0.3105716407299042, 18.98170280456543
image_134, 30, 1.4123084545135498, 0.3202967941761017, 19.9808406829834
image_134, 30, 1.4732260704040527, 0.33205974102020264, 20.980104446411133
image_134, 30, 1.524322271347046, 0.3410342335700989, 21.979598999023438
image_134, 30, 1.5783867835998535, 0.35071223974227905, 22.979000091552734
image_134, 30, 1.6402747631072998, 0.36274683475494385, 23.978179931640625
image_134, 30, 1.6983696222305298, 0.3720499873161316, 24.977354049682617
image_134, 30, 1.762399435043335, 0.38546043634414673, 25.976449966430664
image_134, 30, 1.8256781101226807, 0.39850032329559326, 26.9755802154541
image_134, 30, 1.890239953994751, 0.411559522151947, 27.974668502807617
image_134, 30, 1.9667975902557373, 0.4299941658973694, 28.973575592041016
image_134, 30, 2.0433926582336426, 0.4483475387096405, 29.972471237182617
