Case_ID, Slide_ID, mae, mse, ssim
image_99, 1, 0.09730833768844604, 0.46940693259239197, 0.9896312952041626
image_99, 1, 0.2429298460483551, 0.8519344925880432, 1.9742480516433716
image_99, 1, 0.4428447484970093, 1.1203521490097046, 2.95156192779541
image_99, 1, 0.6462647914886475, 1.3996108770370483, 3.9279117584228516
image_99, 1, 0.8473929166793823, 1.680584192276001, 4.905084609985352
image_99, 1, 1.0515775680541992, 1.9624005556106567, 5.882153034210205
image_99, 1, 1.2615134716033936, 2.2490086555480957, 6.857563018798828
image_99, 1, 1.467570424079895, 2.5475428104400635, 7.832733631134033
image_99, 1, 1.6697211265563965, 2.839757204055786, 8.809195518493652
image_99, 1, 1.8745054006576538, 3.111255407333374, 9.78652286529541
image_99, 1, 2.0895891189575195, 3.3649380207061768, 10.763412475585938
image_99, 1, 2.3018288612365723, 3.6171374320983887, 11.740779876708984
image_99, 1, 2.5127649307250977, 3.8917109966278076, 12.7174072265625
image_99, 1, 2.7253589630126953, 4.163965702056885, 13.69363021850586
image_99, 1, 2.9435625076293945, 4.437015056610107, 14.669393539428711
image_99, 1, 3.1731724739074707, 4.7167534828186035, 15.643613815307617
image_99, 1, 3.27305006980896, 5.201033592224121, 16.633909225463867
image_99, 1, 3.3719794750213623, 5.689495086669922, 17.62457847595215
image_99, 1, 3.471061944961548, 6.166019439697266, 18.61541748046875
image_99, 1, 3.5667967796325684, 6.646968841552734, 19.60600471496582
image_99, 1, 3.665437936782837, 7.115163803100586, 20.596521377563477
image_99, 1, 3.873375415802002, 7.3836774826049805, 21.573572158813477
image_99, 1, 4.089480400085449, 7.6412353515625, 22.549495697021484
image_99, 1, 4.304952144622803, 7.892868518829346, 23.526391983032227
image_99, 1, 4.539338111877441, 8.181367874145508, 24.498991012573242
image_99, 1, 4.755532741546631, 8.448799133300781, 25.475332260131836
image_99, 1, 4.966332912445068, 8.728106498718262, 26.451480865478516
image_99, 1, 5.172791004180908, 9.006196022033691, 27.427932739257812
image_99, 1, 5.3924031257629395, 9.287704467773438, 28.40287208557129
image_99, 1, 5.609375, 9.554299354553223, 29.379127502441406
image_77, 2, 0.23145537078380585, 0.28606748580932617, 0.9723307490348816
image_77, 2, 0.4528242349624634, 0.5578844547271729, 1.9465973377227783
image_77, 2, 0.6769949197769165, 0.8286665678024292, 2.920706272125244
image_77, 2, 0.9227456450462341, 1.1297615766525269, 3.890810966491699
image_77, 2, 1.1618751287460327, 1.4160609245300293, 4.862756729125977
image_77, 2, 1.3999608755111694, 1.7093665599822998, 5.8348612785339355
image_77, 2, 1.6174359321594238, 1.9777706861495972, 6.811193943023682
image_77, 2, 1.8354181051254272, 2.2482738494873047, 7.7875075340271
image_77, 2, 2.070382595062256, 2.5408284664154053, 8.760259628295898
image_77, 2, 2.309906005859375, 2.824784517288208, 9.732842445373535
image_77, 2, 2.533863067626953, 3.057542324066162, 10.710673332214355
image_77, 2, 2.7502593994140625, 3.2842226028442383, 11.689522743225098
image_77, 2, 2.968151092529297, 3.518552303314209, 12.667950630187988
image_77, 2, 3.1978423595428467, 3.775617837905884, 13.644020080566406
image_77, 2, 3.4479429721832275, 4.0596232414245605, 14.6156005859375
image_77, 2, 3.5558691024780273, 4.558979511260986, 15.60473346710205
image_77, 2, 3.7263381481170654, 5.136537551879883, 16.588088989257812
image_77, 2, 3.907301425933838, 5.711520671844482, 17.570104598999023
image_77, 2, 4.089770317077637, 6.288143634796143, 18.551183700561523
image_77, 2, 4.261837005615234, 6.876443386077881, 19.52781105041504
image_77, 2, 4.443048000335693, 7.461270809173584, 20.50099754333496
image_77, 2, 4.638941287994385, 8.037163734436035, 21.470590591430664
image_77, 2, 4.852322578430176, 8.603042602539062, 22.434545516967773
image_77, 2, 5.05820369720459, 9.170495986938477, 23.403076171875
image_77, 2, 5.371222496032715, 9.623627662658691, 24.35492515563965
image_77, 2, 5.583705902099609, 9.888257026672363, 25.332605361938477
image_77, 2, 5.789892673492432, 10.16537094116211, 26.31049156188965
image_77, 2, 6.0000200271606445, 10.435672760009766, 27.28734016418457
image_77, 2, 6.201303958892822, 10.68184757232666, 28.26593017578125
image_77, 2, 6.408267974853516, 10.932624816894531, 29.243677139282227
image_150, 3, 0.19229942560195923, 0.2850073575973511, 0.9792159795761108
image_150, 3, 0.3777075707912445, 0.5885521173477173, 1.959039568901062
image_150, 3, 0.5645753741264343, 0.8813794851303101, 2.9388508796691895
image_150, 3, 0.7493049502372742, 1.2042779922485352, 3.919053077697754
image_150, 3, 0.9601460695266724, 1.4556188583374023, 4.896627902984619
image_150, 3, 1.1728715896606445, 1.7074847221374512, 5.87399959564209
image_150, 3, 1.3856542110443115, 1.9460809230804443, 6.85167121887207
image_150, 3, 1.600215196609497, 2.1792752742767334, 7.8291778564453125
image_150, 3, 1.8149269819259644, 2.4171762466430664, 8.806597709655762
image_150, 3, 2.029107093811035, 2.6625704765319824, 9.784133911132812
image_150, 3, 2.2455434799194336, 2.9061264991760254, 10.761529922485352
image_150, 3, 2.466930627822876, 3.1649739742279053, 11.737727165222168
image_150, 3, 2.6721348762512207, 3.4270360469818115, 12.71584701538086
image_150, 3, 2.8772132396698, 3.685699462890625, 13.693342208862305
image_150, 3, 3.0794970989227295, 3.943634510040283, 14.671305656433105
image_150, 3, 3.2870140075683594, 4.207679748535156, 15.648523330688477
image_150, 3, 3.4918711185455322, 4.465972900390625, 16.626123428344727
image_150, 3, 3.697014331817627, 4.726927757263184, 17.603635787963867
image_150, 3, 3.904209852218628, 4.977962493896484, 18.581172943115234
image_150, 3, 4.118374347686768, 5.227912425994873, 19.557802200317383
image_150, 3, 4.335867881774902, 5.486390590667725, 20.533992767333984
image_150, 3, 4.554050922393799, 5.746809959411621, 21.509422302246094
image_150, 3, 4.768011093139648, 5.993473052978516, 22.4859676361084
image_150, 3, 4.982062816619873, 6.233524799346924, 23.463354110717773
image_150, 3, 5.19166374206543, 6.480274677276611, 24.440898895263672
image_150, 3, 5.407049655914307, 6.72299337387085, 25.41749382019043
image_150, 3, 5.620144844055176, 6.977328300476074, 26.39443588256836
image_150, 3, 5.821657180786133, 7.25636100769043, 27.373126983642578
image_150, 3, 6.019021034240723, 7.528882026672363, 28.352840423583984
image_150, 3, 6.217289924621582, 7.812269687652588, 29.332035064697266
image_26, 4, 0.2104412466287613, 0.2644231617450714, 0.9778209924697876
image_26, 4, 0.41246283054351807, 0.519945502281189, 1.9570837020874023
image_26, 4, 0.6239475011825562, 0.7806061506271362, 2.93489146232605
image_26, 4, 0.8435226678848267, 1.0481626987457275, 3.9114277362823486
image_26, 4, 1.0576574802398682, 1.3112622499465942, 4.888905048370361
image_26, 4, 1.2661528587341309, 1.568122386932373, 5.867628574371338
image_26, 4, 1.4736701250076294, 1.828478455543518, 6.8462724685668945
image_26, 4, 1.6808608770370483, 2.0821146965026855, 7.825799942016602
image_26, 4, 1.8955481052398682, 2.3436617851257324, 8.803848266601562
image_26, 4, 2.1106879711151123, 2.6092140674591064, 9.781662940979004
image_26, 4, 2.3289482593536377, 2.8664586544036865, 10.75977897644043
image_26, 4, 2.546704053878784, 3.112419605255127, 11.738422393798828
image_26, 4, 2.7567856311798096, 3.3532462120056152, 12.718915939331055
image_26, 4, 2.971330404281616, 3.5917186737060547, 13.698579788208008
image_26, 4, 3.1873974800109863, 3.830350399017334, 14.678229331970215
image_26, 4, 3.3674447536468506, 4.193397521972656, 15.661514282226562
image_26, 4, 3.487143039703369, 4.681579113006592, 16.651124954223633
image_26, 4, 3.597581148147583, 5.170266151428223, 17.64132308959961
image_26, 4, 3.7068533897399902, 5.654026031494141, 18.631664276123047
image_26, 4, 3.813084840774536, 6.144408702850342, 19.621912002563477
image_26, 4, 3.935965061187744, 6.634089469909668, 20.61104393005371
image_26, 4, 4.159481525421143, 6.86998176574707, 21.590322494506836
image_26, 4, 4.377758502960205, 7.096187114715576, 22.570571899414062
image_26, 4, 4.601733684539795, 7.327943325042725, 23.55006217956543
image_26, 4, 4.8253960609436035, 7.5675764083862305, 24.529064178466797
image_26, 4, 5.050045967102051, 7.818668365478516, 25.507129669189453
image_26, 4, 5.272991180419922, 8.068609237670898, 26.48555564880371
image_26, 4, 5.493985652923584, 8.316129684448242, 27.46419334411621
image_26, 4, 5.701709747314453, 8.547677040100098, 28.444746017456055
image_26, 4, 5.9104204177856445, 8.780346870422363, 29.42489242553711
image_51, 5, 0.2038952112197876, 0.24696719646453857, 0.9776294827461243
image_51, 5, 0.4132061004638672, 0.4982266426086426, 1.9547297954559326
image_51, 5, 0.6269310116767883, 0.7514683604240417, 2.9312541484832764
image_51, 5, 0.8353028893470764, 0.9998096823692322, 3.908686637878418
image_51, 5, 1.0479265451431274, 1.2600760459899902, 4.884739875793457
image_51, 5, 1.2534180879592896, 1.5077409744262695, 5.862162113189697
image_51, 5, 1.4593852758407593, 1.7667090892791748, 6.839418411254883
image_51, 5, 1.6637954711914062, 2.0304136276245117, 7.816746711730957
image_51, 5, 1.8639341592788696, 2.2996320724487305, 8.794023513793945
image_51, 5, 2.0605695247650146, 2.5589282512664795, 9.772076606750488
image_51, 5, 2.268885374069214, 2.8081886768341064, 10.749401092529297
image_51, 5, 2.478789806365967, 3.059281349182129, 11.726435661315918
image_51, 5, 2.695291757583618, 3.319936752319336, 12.70203685760498
image_51, 5, 2.908393621444702, 3.5688939094543457, 13.678706169128418
image_51, 5, 3.127817392349243, 3.826200008392334, 14.653846740722656
image_51, 5, 3.253861427307129, 4.240127086639404, 15.642321586608887
image_51, 5, 3.3532254695892334, 4.722378730773926, 16.63307762145996
image_51, 5, 3.4474403858184814, 5.202340126037598, 17.624094009399414
image_51, 5, 3.540156602859497, 5.670897483825684, 18.615354537963867
image_51, 5, 3.6367745399475098, 6.148262977600098, 19.606138229370117
image_51, 5, 3.7499008178710938, 6.603061199188232, 20.596214294433594
image_51, 5, 3.96612548828125, 6.880176067352295, 21.571605682373047
image_51, 5, 4.183021068572998, 7.145545482635498, 22.547115325927734
image_51, 5, 4.388681888580322, 7.396209716796875, 23.525157928466797
image_51, 5, 4.596718788146973, 7.656278610229492, 24.502212524414062
image_51, 5, 4.809255599975586, 7.917620658874512, 25.478313446044922
image_51, 5, 5.020175457000732, 8.187033653259277, 26.4544620513916
image_51, 5, 5.227971076965332, 8.459118843078613, 27.43109703063965
image_51, 5, 5.445712089538574, 8.741432189941406, 28.4058895111084
image_51, 5, 5.654674530029297, 9.000335693359375, 29.382488250732422
image_82, 6, 0.18205863237380981, 0.21799537539482117, 0.9812670350074768
image_82, 6, 0.36197543144226074, 0.42358532547950745, 1.9634714126586914
image_82, 6, 0.5410066246986389, 0.6208227872848511, 2.9465157985687256
image_82, 6, 0.7344454526901245, 0.8376251459121704, 3.9271812438964844
image_82, 6, 0.9322448968887329, 1.0615622997283936, 4.907382965087891
image_82, 6, 1.1131902933120728, 1.2692537307739258, 5.890458583831787
image_82, 6, 1.297581672668457, 1.491215705871582, 6.872896671295166
image_82, 6, 1.483280062675476, 1.714624285697937, 7.855100154876709
image_82, 6, 1.6797008514404297, 1.9398796558380127, 8.835639953613281
image_82, 6, 1.875126838684082, 2.152785301208496, 9.817312240600586
image_82, 6, 2.0789294242858887, 2.3681797981262207, 10.798138618469238
image_82, 6, 2.2825927734375, 2.5791666507720947, 11.779195785522461
image_82, 6, 2.4791951179504395, 2.7937939167022705, 12.760421752929688
image_82, 6, 2.589543104171753, 3.262939453125, 13.750529289245605
image_82, 6, 2.6954479217529297, 3.7461235523223877, 14.740622520446777
image_82, 6, 2.8055193424224854, 4.230620384216309, 15.730643272399902
image_82, 6, 2.9191412925720215, 4.7060723304748535, 16.72085952758789
image_82, 6, 3.0210933685302734, 5.179721355438232, 17.71165657043457
image_82, 6, 3.122770071029663, 5.656062602996826, 18.70234489440918
image_82, 6, 3.238741159439087, 6.138993263244629, 19.692033767700195
image_82, 6, 3.419738292694092, 6.411062717437744, 20.67464828491211
image_82, 6, 3.6241025924682617, 6.627008438110352, 21.654468536376953
image_82, 6, 3.8324055671691895, 6.864956855773926, 22.633047103881836
image_82, 6, 4.0388898849487305, 7.111368179321289, 23.611906051635742
image_82, 6, 4.245649814605713, 7.351785659790039, 24.590612411499023
image_82, 6, 4.446192741394043, 7.581722736358643, 25.570486068725586
image_82, 6, 4.650017261505127, 7.825738430023193, 26.5493221282959
image_82, 6, 4.8538618087768555, 8.057117462158203, 27.52908706665039
image_82, 6, 5.058727741241455, 8.282461166381836, 28.50917625427246
image_82, 6, 5.252455234527588, 8.502432823181152, 29.490577697753906
image_80, 7, 0.20028211176395416, 0.23154433071613312, 0.9796136021614075
image_80, 7, 0.40249884128570557, 0.46662551164627075, 1.9587560892105103
image_80, 7, 0.6081311106681824, 0.7163838744163513, 2.936739921569824
image_80, 7, 0.8076224327087402, 0.961506724357605, 3.9157981872558594
image_80, 7, 1.0131206512451172, 1.2096710205078125, 4.8943376541137695
image_80, 7, 1.2109676599502563, 1.4504282474517822, 5.873973846435547
image_80, 7, 1.4031662940979004, 1.6851869821548462, 6.854455947875977
image_80, 7, 1.6045427322387695, 1.928597092628479, 7.833247661590576
image_80, 7, 1.8118007183074951, 2.1730704307556152, 8.811243057250977
image_80, 7, 2.015526294708252, 2.4044806957244873, 9.790562629699707
image_80, 7, 2.2215254306793213, 2.633180618286133, 10.76999282836914
image_80, 7, 2.4295315742492676, 2.8675498962402344, 11.748942375183105
image_80, 7, 2.6365015506744385, 3.1041126251220703, 12.727985382080078
image_80, 7, 2.8467729091644287, 3.354092836380005, 13.705827713012695
image_80, 7, 3.0535707473754883, 3.6039042472839355, 14.684425354003906
image_80, 7, 3.2579495906829834, 3.854579448699951, 15.662592887878418
image_80, 7, 3.352335214614868, 4.32249641418457, 16.65367889404297
image_80, 7, 3.452200174331665, 4.794679164886475, 17.64470863342285
image_80, 7, 3.5480403900146484, 5.2784833908081055, 18.63559913635254
image_80, 7, 3.644254446029663, 5.763929843902588, 19.62641716003418
image_80, 7, 3.7532758712768555, 6.243808746337891, 20.616607666015625
image_80, 7, 3.9636614322662354, 6.480427265167236, 21.5947265625
image_80, 7, 4.172485828399658, 6.710046291351318, 22.57413673400879
image_80, 7, 4.384111404418945, 6.936010360717773, 23.553606033325195
image_80, 7, 4.595509052276611, 7.169822692871094, 24.532365798950195
image_80, 7, 4.807635307312012, 7.412944793701172, 25.510427474975586
image_80, 7, 5.010458946228027, 7.647186756134033, 26.490022659301758
image_80, 7, 5.212437629699707, 7.879126071929932, 27.469615936279297
image_80, 7, 5.416403293609619, 8.115731239318848, 28.448238372802734
image_80, 7, 5.61478328704834, 8.348015785217285, 29.427776336669922
image_1, 8, 0.19270393252372742, 0.23092685639858246, 0.9788050651550293
image_1, 8, 0.3861451745033264, 0.4641737937927246, 1.95749831199646
image_1, 8, 0.5869160890579224, 0.7180808782577515, 2.934502124786377
image_1, 8, 0.7927750945091248, 0.9844425916671753, 3.9102203845977783
image_1, 8, 0.9928346872329712, 1.241262435913086, 4.8873820304870605
image_1, 8, 1.1849337816238403, 1.4884309768676758, 5.8667988777160645
image_1, 8, 1.3782063722610474, 1.7308862209320068, 6.846796989440918
image_1, 8, 1.5765650272369385, 1.980875849723816, 7.825899600982666
image_1, 8, 1.7769882678985596, 2.2301554679870605, 8.804587364196777
image_1, 8, 1.9824150800704956, 2.4746851921081543, 9.782758712768555
image_1, 8, 2.1903886795043945, 2.706774950027466, 10.761116027832031
image_1, 8, 2.3918495178222656, 2.9201812744140625, 11.74119758605957
image_1, 8, 2.5967369079589844, 3.1473031044006348, 12.720181465148926
image_1, 8, 2.8064160346984863, 3.3839874267578125, 13.698091506958008
image_1, 8, 3.0075557231903076, 3.608259439468384, 14.67753791809082
image_1, 8, 3.1062445640563965, 4.085935592651367, 15.668039321899414
image_1, 8, 3.2000818252563477, 4.565164566040039, 16.658946990966797
image_1, 8, 3.2903249263763428, 5.041532039642334, 17.650041580200195
image_1, 8, 3.3781344890594482, 5.513659477233887, 18.641294479370117
image_1, 8, 3.469249963760376, 5.985696315765381, 19.632476806640625
image_1, 8, 3.5671634674072266, 6.455874443054199, 20.62322235107422
image_1, 8, 3.7467148303985596, 6.705435276031494, 21.604854583740234
image_1, 8, 3.9429867267608643, 6.921560287475586, 22.5853271484375
image_1, 8, 4.141823768615723, 7.148758888244629, 23.56499481201172
image_1, 8, 4.342663764953613, 7.375960350036621, 24.544780731201172
image_1, 8, 4.553829669952393, 7.615108013153076, 25.52280616760254
image_1, 8, 4.768242359161377, 7.871945858001709, 26.499692916870117
image_1, 8, 4.969222545623779, 8.12349796295166, 27.478591918945312
image_1, 8, 5.170181751251221, 8.37454605102539, 28.457382202148438
image_1, 8, 5.364862442016602, 8.61037540435791, 29.437414169311523
image_124, 9, 0.22152413427829742, 0.3230646252632141, 0.9760060906410217
image_124, 9, 0.43661555647850037, 0.6149616837501526, 1.9540657997131348
image_124, 9, 0.6515412926673889, 0.8985869884490967, 2.932065963745117
image_124, 9, 0.8666191697120667, 1.1715673208236694, 3.9104042053222656
image_124, 9, 1.0834707021713257, 1.451451301574707, 4.888493537902832
image_124, 9, 1.3041774034500122, 1.727065920829773, 5.866824626922607
image_124, 9, 1.53694486618042, 2.0197176933288574, 6.842966079711914
image_124, 9, 1.7697556018829346, 2.2919397354125977, 7.819676876068115
image_124, 9, 2.0005435943603516, 2.5520081520080566, 8.796987533569336
image_124, 9, 2.2342047691345215, 2.8218116760253906, 9.773168563842773
image_124, 9, 2.4643120765686035, 3.0793697834014893, 10.750449180603027
image_124, 9, 2.6964778900146484, 3.3327925205230713, 11.72784423828125
image_124, 9, 2.92901349067688, 3.572845220565796, 12.706282615661621
image_124, 9, 3.1633896827697754, 3.825913667678833, 13.683564186096191
image_124, 9, 3.3947179317474365, 4.0900492668151855, 14.660826683044434
image_124, 9, 3.624783992767334, 4.350485324859619, 15.638202667236328
image_124, 9, 3.745227813720703, 4.852224349975586, 16.627851486206055
image_124, 9, 3.8658602237701416, 5.34974479675293, 17.61802864074707
image_124, 9, 3.9843075275421143, 5.839717864990234, 18.608375549316406
image_124, 9, 4.101106643676758, 6.331343650817871, 19.598716735839844
image_124, 9, 4.21962308883667, 6.835009574890137, 20.58831214904785
image_124, 9, 4.450318813323975, 7.091078281402588, 21.56570053100586
image_124, 9, 4.677475929260254, 7.345154762268066, 22.54384994506836
image_124, 9, 4.908762454986572, 7.595035076141357, 23.521413803100586
image_124, 9, 5.14007568359375, 7.848577976226807, 24.49853515625
image_124, 9, 5.367980480194092, 8.103779792785645, 25.475984573364258
image_124, 9, 5.594573020935059, 8.358705520629883, 26.45353126525879
image_124, 9, 5.820435047149658, 8.620384216308594, 27.430418014526367
image_124, 9, 6.04726505279541, 8.88904857635498, 28.40703010559082
image_124, 9, 6.26675271987915, 9.15605354309082, 29.38508415222168
image_65, 10, 0.22330836951732635, 0.280196875333786, 0.9744612574577332
image_65, 10, 0.46153724193573, 0.5784321427345276, 1.9461745023727417
image_65, 10, 0.7014474272727966, 0.8748441934585571, 2.917592763900757
image_65, 10, 0.9288846850395203, 1.160433053970337, 3.8910329341888428
image_65, 10, 1.1618740558624268, 1.4649937152862549, 4.862767219543457
image_65, 10, 1.3855478763580322, 1.7575539350509644, 5.836564540863037
image_65, 10, 1.5986839532852173, 2.0334830284118652, 6.812870025634766
image_65, 10, 1.8131650686264038, 2.3224000930786133, 7.78868293762207
image_65, 10, 2.039018154144287, 2.628588914871216, 8.761948585510254
image_65, 10, 2.2497763633728027, 2.905917167663574, 9.738740921020508
image_65, 10, 2.4628703594207764, 3.1848604679107666, 10.714967727661133
image_65, 10, 2.6892688274383545, 3.4928383827209473, 11.687978744506836
image_65, 10, 2.8975324630737305, 3.7624423503875732, 12.66573715209961
image_65, 10, 3.118295907974243, 4.035338878631592, 13.641515731811523
image_65, 10, 3.341136932373047, 4.314775466918945, 14.616816520690918
image_65, 10, 3.5697877407073975, 4.594768047332764, 15.591450691223145
image_65, 10, 3.7847228050231934, 4.910132884979248, 16.567018508911133
image_65, 10, 3.886378049850464, 5.422065734863281, 17.55708885192871
image_65, 10, 3.991462230682373, 5.921455383300781, 18.547515869140625
image_65, 10, 4.094747066497803, 6.419564723968506, 19.53813362121582
image_65, 10, 4.200836181640625, 6.928197383880615, 20.527772903442383
image_65, 10, 4.439570426940918, 7.239357948303223, 21.49884796142578
image_65, 10, 4.677765846252441, 7.558716773986816, 22.46980094909668
image_65, 10, 4.9039387702941895, 7.878820896148682, 23.44296646118164
image_65, 10, 5.134467124938965, 8.194625854492188, 24.415586471557617
image_65, 10, 5.370858192443848, 8.50951099395752, 25.38722801208496
image_65, 10, 5.601794242858887, 8.823762893676758, 26.359573364257812
image_65, 10, 5.826538562774658, 9.144126892089844, 27.332284927368164
image_65, 10, 6.0521345138549805, 9.46341323852539, 28.305070877075195
image_65, 10, 6.276017665863037, 9.789901733398438, 29.278003692626953
image_137, 11, 0.19692812860012054, 0.23242343962192535, 0.9805760383605957
image_137, 11, 0.38730621337890625, 0.4505925476551056, 1.96282958984375
image_137, 11, 0.5782705545425415, 0.6699997782707214, 2.945082187652588
image_137, 11, 0.7762746214866638, 0.8988671898841858, 3.9259815216064453
image_137, 11, 0.9689735174179077, 1.1194409132003784, 4.90778923034668
image_137, 11, 1.1609879732131958, 1.342097282409668, 5.889379501342773
image_137, 11, 1.3567370176315308, 1.5671374797821045, 6.870364189147949
image_137, 11, 1.5578861236572266, 1.8128834962844849, 7.850124835968018
image_137, 11, 1.76059091091156, 2.060030460357666, 8.829590797424316
image_137, 11, 1.9638702869415283, 2.2922520637512207, 9.809961318969727
image_137, 11, 2.177506923675537, 2.537623405456543, 10.788545608520508
image_137, 11, 2.3938512802124023, 2.7840614318847656, 11.766904830932617
image_137, 11, 2.6072723865509033, 3.0245447158813477, 12.746047019958496
image_137, 11, 2.8143155574798584, 3.2566184997558594, 13.726701736450195
image_137, 11, 3.016420364379883, 3.483222484588623, 14.708548545837402
image_137, 11, 3.2203996181488037, 3.7193775177001953, 15.689672470092773
image_137, 11, 3.3365836143493652, 4.1930341720581055, 16.679658889770508
image_137, 11, 3.4613304138183594, 4.680653095245361, 17.66937255859375
image_137, 11, 3.586242198944092, 5.174194812774658, 18.65906524658203
image_137, 11, 3.710315704345703, 5.669079780578613, 19.648746490478516
image_137, 11, 3.8307454586029053, 6.154388904571533, 20.63843536376953
image_137, 11, 4.048855304718018, 6.394047737121582, 21.617734909057617
image_137, 11, 4.2668137550354, 6.620083808898926, 22.59758186340332
image_137, 11, 4.485362529754639, 6.8575544357299805, 23.57634925842285
image_137, 11, 4.699141025543213, 7.102851390838623, 24.555505752563477
image_137, 11, 4.901402950286865, 7.358815670013428, 25.5361270904541
image_137, 11, 5.10064697265625, 7.624096393585205, 26.516550064086914
image_137, 11, 5.303660869598389, 7.879944801330566, 27.496097564697266
image_137, 11, 5.503251075744629, 8.124800682067871, 28.476112365722656
image_137, 11, 5.694297790527344, 8.367239952087402, 29.458053588867188
image_14, 12, 0.20495395362377167, 0.25721055269241333, 0.9770768284797668
image_14, 12, 0.4095783233642578, 0.5194773077964783, 1.9540393352508545
image_14, 12, 0.624416172504425, 0.7959119081497192, 2.9291279315948486
image_14, 12, 0.8400071263313293, 1.0657659769058228, 3.904325485229492
image_14, 12, 1.0504086017608643, 1.3277943134307861, 4.880374908447266
image_14, 12, 1.266140341758728, 1.5956439971923828, 5.855347633361816
image_14, 12, 1.4882888793945312, 1.879819393157959, 6.828824520111084
image_14, 12, 1.6982029676437378, 2.1487679481506348, 7.805042743682861
image_14, 12, 1.9175249338150024, 2.4182469844818115, 8.779975891113281
image_14, 12, 2.1342880725860596, 2.6681723594665527, 9.75639820098877
image_14, 12, 2.3477940559387207, 2.9249420166015625, 10.732865333557129
image_14, 12, 2.5577287673950195, 3.1831672191619873, 11.709924697875977
image_14, 12, 2.770681142807007, 3.4324755668640137, 12.686725616455078
image_14, 12, 2.9876327514648438, 3.6892693042755127, 13.662528038024902
image_14, 12, 3.2024359703063965, 3.9468953609466553, 14.638893127441406
image_14, 12, 3.436962127685547, 4.238885879516602, 15.611221313476562
image_14, 12, 3.534778356552124, 4.726863861083984, 16.601465225219727
image_14, 12, 3.632805824279785, 5.212339878082275, 17.592378616333008
image_14, 12, 3.7295217514038086, 5.698562145233154, 18.583213806152344
image_14, 12, 3.829326868057251, 6.187170505523682, 19.574058532714844
image_14, 12, 3.9918038845062256, 6.5704426765441895, 20.557363510131836
image_14, 12, 4.223273277282715, 6.854903221130371, 21.529644012451172
image_14, 12, 4.436253070831299, 7.118737697601318, 22.505586624145508
image_14, 12, 4.6488776206970215, 7.377987861633301, 23.481834411621094
image_14, 12, 4.862461090087891, 7.621362686157227, 24.458711624145508
image_14, 12, 5.075976371765137, 7.8573455810546875, 25.436054229736328
image_14, 12, 5.294677257537842, 8.101137161254883, 26.412771224975586
image_14, 12, 5.512298583984375, 8.346780776977539, 27.389209747314453
image_14, 12, 5.729560852050781, 8.601394653320312, 28.365318298339844
image_14, 12, 5.937070846557617, 8.873016357421875, 29.3419246673584
image_68, 13, 0.205515518784523, 0.25661009550094604, 0.9776024222373962
image_68, 13, 0.41064661741256714, 0.5182371735572815, 1.9553029537200928
image_68, 13, 0.6137969493865967, 0.7731449604034424, 2.9336466789245605
image_68, 13, 0.8173213601112366, 1.0169496536254883, 3.9123528003692627
image_68, 13, 1.0141605138778687, 1.245423674583435, 4.892723083496094
image_68, 13, 1.2204020023345947, 1.4808189868927002, 5.871708393096924
image_68, 13, 1.4339314699172974, 1.7272645235061646, 6.849079132080078
image_68, 13, 1.643288016319275, 1.9626034498214722, 7.827673435211182
image_68, 13, 1.845338225364685, 2.1809074878692627, 8.808145523071289
image_68, 13, 2.0461485385894775, 2.393240451812744, 9.78903865814209
image_68, 13, 2.245831251144409, 2.6049087047576904, 10.769826889038086
image_68, 13, 2.451306104660034, 2.8262276649475098, 11.749368667602539
image_68, 13, 2.6533493995666504, 3.0393288135528564, 12.729899406433105
image_68, 13, 2.8682291507720947, 3.2751567363739014, 13.707669258117676
image_68, 13, 3.0725529193878174, 3.502776861190796, 14.687081336975098
image_68, 13, 3.267653465270996, 3.7476587295532227, 15.667557716369629
image_68, 13, 3.3649866580963135, 4.230985164642334, 16.658002853393555
image_68, 13, 3.4520673751831055, 4.715882301330566, 17.648988723754883
image_68, 13, 3.5408523082733154, 5.194425582885742, 18.6401424407959
image_68, 13, 3.6322367191314697, 5.665058135986328, 19.631288528442383
image_68, 13, 3.7249205112457275, 6.134200572967529, 20.621950149536133
image_68, 13, 3.9376776218414307, 6.3804121017456055, 21.59939193725586
image_68, 13, 4.1439619064331055, 6.6164751052856445, 22.578081130981445
image_68, 13, 4.349825859069824, 6.857182502746582, 23.55653953552246
image_68, 13, 4.550948143005371, 7.086806297302246, 24.53647232055664
image_68, 13, 4.755779266357422, 7.318607330322266, 25.515928268432617
image_68, 13, 4.96804666519165, 7.559291362762451, 26.49403953552246
image_68, 13, 5.1846418380737305, 7.810739040374756, 27.47108268737793
image_68, 13, 5.383825302124023, 8.042162895202637, 28.45101547241211
image_68, 13, 5.585787773132324, 8.282157897949219, 29.430025100708008
image_96, 14, 0.11483815312385559, 0.45114797353744507, 0.9889490604400635
image_96, 14, 0.2892414927482605, 0.7283925414085388, 1.9707467555999756
image_96, 14, 0.48406124114990234, 1.0171442031860352, 2.949070453643799
image_96, 14, 0.6870588064193726, 1.2879332304000854, 3.926692008972168
image_96, 14, 0.8765435814857483, 1.5355737209320068, 4.907329559326172
image_96, 14, 1.067657709121704, 1.778210163116455, 5.887764930725098
image_96, 14, 1.2640141248703003, 2.032702922821045, 6.867714881896973
image_96, 14, 1.468367576599121, 2.293785572052002, 7.846428871154785
image_96, 14, 1.674532175064087, 2.543755054473877, 8.825526237487793
image_96, 14, 1.8806242942810059, 2.790252208709717, 9.804672241210938
image_96, 14, 2.098945379257202, 3.04683256149292, 10.781943321228027
image_96, 14, 2.326540470123291, 3.312514543533325, 11.757763862609863
image_96, 14, 2.564086675643921, 3.5926945209503174, 12.731350898742676
image_96, 14, 2.804219961166382, 3.866739273071289, 13.705143928527832
image_96, 14, 3.042670726776123, 4.15465784072876, 14.67818546295166
image_96, 14, 3.1921327114105225, 4.574052810668945, 15.664351463317871
image_96, 14, 3.29325795173645, 5.0625410079956055, 16.654651641845703
image_96, 14, 3.3917274475097656, 5.542296886444092, 17.64537239074707
image_96, 14, 3.491109609603882, 6.011795520782471, 18.636226654052734
image_96, 14, 3.5893256664276123, 6.488370895385742, 19.6265811920166
image_96, 14, 3.802394151687622, 6.72499942779541, 20.605331420898438
image_96, 14, 4.037369251251221, 6.998266696929932, 21.57961654663086
image_96, 14, 4.256564617156982, 7.248202800750732, 22.557832717895508
image_96, 14, 4.481470584869385, 7.5102386474609375, 23.534502029418945
image_96, 14, 4.7105207443237305, 7.780644416809082, 24.509796142578125
image_96, 14, 4.939723968505859, 8.060503005981445, 25.484376907348633
image_96, 14, 5.168440818786621, 8.353145599365234, 26.458534240722656
image_96, 14, 5.391619682312012, 8.652926445007324, 27.432838439941406
image_96, 14, 5.616013050079346, 8.954305648803711, 28.406673431396484
image_96, 14, 5.8306121826171875, 9.250885963439941, 29.382884979248047
image_27, 15, 0.2113160789012909, 0.2989325225353241, 0.9747675061225891
image_27, 15, 0.42701059579849243, 0.6032497882843018, 1.948227882385254
image_27, 15, 0.6438202857971191, 0.894262969493866, 2.922268867492676
image_27, 15, 0.8682858943939209, 1.1856708526611328, 3.895552158355713
image_27, 15, 1.1005934476852417, 1.4916326999664307, 4.867143630981445
image_27, 15, 1.31608247756958, 1.7820420265197754, 5.841737747192383
image_27, 15, 1.5341812372207642, 2.059987783432007, 6.816545486450195
image_27, 15, 1.7558398246765137, 2.3473286628723145, 7.789919853210449
image_27, 15, 1.9741692543029785, 2.6192080974578857, 8.764369010925293
image_27, 15, 2.19020676612854, 2.878066062927246, 9.739798545837402
image_27, 15, 2.414646863937378, 3.1576690673828125, 10.713592529296875
image_27, 15, 2.6436777114868164, 3.4425711631774902, 11.687058448791504
image_27, 15, 2.8702385425567627, 3.7002956867218018, 12.662299156188965
image_27, 15, 3.0975723266601562, 3.9745287895202637, 13.636588096618652
image_27, 15, 3.3167972564697266, 4.243599891662598, 14.611641883850098
image_27, 15, 3.540081024169922, 4.526930332183838, 15.585671424865723
image_27, 15, 3.6411619186401367, 5.010983467102051, 16.575618743896484
image_27, 15, 3.738969564437866, 5.497556209564209, 17.5664119720459
image_27, 15, 3.840219020843506, 5.985037803649902, 18.557180404663086
image_27, 15, 3.9396119117736816, 6.47918701171875, 19.547861099243164
image_27, 15, 4.04044771194458, 6.972797393798828, 20.53845977783203
image_27, 15, 4.264862060546875, 7.252928733825684, 21.512907028198242
image_27, 15, 4.488470077514648, 7.534524440765381, 22.486974716186523
image_27, 15, 4.705984115600586, 7.798086166381836, 23.462711334228516
image_27, 15, 4.923189640045166, 8.0655517578125, 24.438697814941406
image_27, 15, 5.14440393447876, 8.341203689575195, 25.413530349731445
image_27, 15, 5.359710216522217, 8.604898452758789, 26.389347076416016
image_27, 15, 5.575085639953613, 8.882068634033203, 27.364688873291016
image_27, 15, 5.789303302764893, 9.150971412658691, 28.340835571289062
image_27, 15, 5.99958610534668, 9.419038772583008, 29.317623138427734
image_79, 16, 0.22689853608608246, 0.3318691551685333, 0.971298336982727
image_79, 16, 0.4515153765678406, 0.6574795246124268, 1.9439642429351807
image_79, 16, 0.6790616512298584, 0.9644879102706909, 2.9171276092529297
image_79, 16, 0.9121727347373962, 1.2637079954147339, 3.8896231651306152
image_79, 16, 1.1463618278503418, 1.5626716613769531, 4.861516952514648
image_79, 16, 1.3760743141174316, 1.8514324426651, 5.8344316482543945
image_79, 16, 1.6055611371994019, 2.144049644470215, 6.807546615600586
image_79, 16, 1.8287549018859863, 2.438598871231079, 7.780838489532471
image_79, 16, 2.053230047225952, 2.742105484008789, 8.752853393554688
image_79, 16, 2.259643793106079, 3.0463552474975586, 9.728055953979492
image_79, 16, 2.451629638671875, 3.388979911804199, 10.70616626739502
image_79, 16, 2.6755356788635254, 3.6790709495544434, 11.679567337036133
image_79, 16, 2.9085330963134766, 3.9717512130737305, 12.651449203491211
image_79, 16, 3.143653392791748, 4.26322078704834, 13.623181343078613
image_79, 16, 3.3754067420959473, 4.5478315353393555, 14.595879554748535
image_79, 16, 3.6045541763305664, 4.829042434692383, 15.569165229797363
image_79, 16, 3.830963611602783, 5.1199049949646, 16.54203987121582
image_79, 16, 3.930069923400879, 5.631972789764404, 17.5318546295166
image_79, 16, 4.031462669372559, 6.146478176116943, 18.521953582763672
image_79, 16, 4.130892753601074, 6.656007766723633, 19.512222290039062
image_79, 16, 4.228817939758301, 7.151318073272705, 20.502695083618164
image_79, 16, 4.327976703643799, 7.6489739418029785, 21.492782592773438
image_79, 16, 4.555229663848877, 7.952989101409912, 22.465503692626953
image_79, 16, 4.778428554534912, 8.24077033996582, 23.439912796020508
image_79, 16, 5.0065412521362305, 8.531494140625, 24.413095474243164
image_79, 16, 5.242437362670898, 8.834299087524414, 25.383987426757812
image_79, 16, 5.464562892913818, 9.111605644226074, 26.35780906677246
image_79, 16, 5.688251972198486, 9.393514633178711, 27.33135986328125
image_79, 16, 5.911478042602539, 9.69275188446045, 28.304100036621094
image_79, 16, 6.1341047286987305, 9.97430419921875, 29.278091430664062
image_50, 17, 0.18394725024700165, 0.22687457501888275, 0.9806857109069824
image_50, 17, 0.3732793927192688, 0.46229565143585205, 1.9604564905166626
image_50, 17, 0.5767794847488403, 0.7206881046295166, 2.937434434890747
image_50, 17, 0.7769309282302856, 0.9666554927825928, 3.91550612449646
image_50, 17, 0.9700116515159607, 1.2019593715667725, 4.895200729370117
image_50, 17, 1.1614094972610474, 1.44808030128479, 5.874852657318115
image_50, 17, 1.360255479812622, 1.699224829673767, 6.853574275970459
image_50, 17, 1.562422513961792, 1.9527056217193604, 7.831837177276611
image_50, 17, 1.768654227256775, 2.2165117263793945, 8.80918025970459
image_50, 17, 1.974050521850586, 2.473196029663086, 9.787071228027344
image_50, 17, 2.179543972015381, 2.715801477432251, 10.765850067138672
image_50, 17, 2.3838956356048584, 2.945613145828247, 11.745594024658203
image_50, 17, 2.5887441635131836, 3.166806697845459, 12.72567081451416
image_50, 17, 2.789152145385742, 3.3926358222961426, 13.705888748168945
image_50, 17, 2.9004580974578857, 3.8265388011932373, 14.695881843566895
image_50, 17, 2.9941842555999756, 4.297792911529541, 15.686702728271484
image_50, 17, 3.093634843826294, 4.768498420715332, 16.67758560180664
image_50, 17, 3.1871063709259033, 5.2322096824646, 17.66897964477539
image_50, 17, 3.283745050430298, 5.687681198120117, 18.660472869873047
image_50, 17, 3.379035711288452, 6.154763221740723, 19.651554107666016
image_50, 17, 3.489612579345703, 6.622682571411133, 20.641765594482422
image_50, 17, 3.6619746685028076, 6.928545951843262, 21.62471580505371
image_50, 17, 3.8669543266296387, 7.15898323059082, 22.603939056396484
image_50, 17, 4.073298454284668, 7.395172119140625, 23.582809448242188
image_50, 17, 4.274590492248535, 7.631666660308838, 24.562108993530273
image_50, 17, 4.475955963134766, 7.86822509765625, 25.54118537902832
image_50, 17, 4.682530879974365, 8.115218162536621, 26.51913070678711
image_50, 17, 4.8863935470581055, 8.360397338867188, 27.497289657592773
image_50, 17, 5.08661413192749, 8.596263885498047, 28.47641372680664
image_50, 17, 5.28640079498291, 8.839401245117188, 29.455276489257812
image_128, 18, 0.21370358765125275, 0.2623894512653351, 0.9762869477272034
image_128, 18, 0.4264065623283386, 0.5390397310256958, 1.952043056488037
image_128, 18, 0.6244062185287476, 0.8034827709197998, 2.9305148124694824
image_128, 18, 0.8266278505325317, 1.0733462572097778, 3.90826678276062
image_128, 18, 1.0221178531646729, 1.3261079788208008, 4.887393951416016
image_128, 18, 1.2204426527023315, 1.5820412635803223, 5.866022109985352
image_128, 18, 1.426979422569275, 1.8450735807418823, 6.84372091293335
image_128, 18, 1.6274927854537964, 2.092360258102417, 7.822952747344971
image_128, 18, 1.8341195583343506, 2.3483333587646484, 8.80095386505127
image_128, 18, 2.04779052734375, 2.600630521774292, 9.77834701538086
image_128, 18, 2.2669336795806885, 2.8505208492279053, 10.755361557006836
image_128, 18, 2.492434501647949, 3.0923080444335938, 11.732024192810059
image_128, 18, 2.715108871459961, 3.3220417499542236, 12.709696769714355
image_128, 18, 2.9333550930023193, 3.550532579421997, 13.688182830810547
image_128, 18, 3.1528162956237793, 3.7898120880126953, 14.666067123413086
image_128, 18, 3.3694751262664795, 4.030770778656006, 15.643936157226562
image_128, 18, 3.473533868789673, 4.49837064743042, 16.63456153869629
image_128, 18, 3.5687246322631836, 4.974608898162842, 17.62554931640625
image_128, 18, 3.665032386779785, 5.445542812347412, 18.61663818359375
image_128, 18, 3.7563319206237793, 5.9234418869018555, 19.6075382232666
image_128, 18, 3.8449692726135254, 6.403299808502197, 20.59809684753418
image_128, 18, 3.9796969890594482, 6.814627170562744, 21.585697174072266
image_128, 18, 4.194002151489258, 7.0705790519714355, 22.563810348510742
image_128, 18, 4.4010910987854, 7.303814888000488, 23.543636322021484
image_128, 18, 4.623322010040283, 7.551945686340332, 24.520578384399414
image_128, 18, 4.864599227905273, 7.8303093910217285, 25.49338722229004
image_128, 18, 5.101487636566162, 8.114812850952148, 26.466266632080078
image_128, 18, 5.328649044036865, 8.397562026977539, 27.44029426574707
image_128, 18, 5.566982269287109, 8.699620246887207, 28.411848068237305
image_128, 18, 5.801745414733887, 8.999578475952148, 29.384103775024414
image_119, 19, 0.20158885419368744, 0.2479875683784485, 0.9781622886657715
image_119, 19, 0.40644681453704834, 0.4970545768737793, 1.955974817276001
image_119, 19, 0.6153512001037598, 0.7483395338058472, 2.9332938194274902
image_119, 19, 0.8270896673202515, 0.9985119700431824, 3.9106392860412598
image_119, 19, 1.0494595766067505, 1.2669012546539307, 4.88565731048584
image_119, 19, 1.2658848762512207, 1.5206046104431152, 5.8625006675720215
image_119, 19, 1.4877119064331055, 1.7729681730270386, 6.838711738586426
image_119, 19, 1.7076078653335571, 2.035153388977051, 7.815042495727539
image_119, 19, 1.9221543073654175, 2.304002285003662, 8.791763305664062
image_119, 19, 2.131216049194336, 2.564636468887329, 9.76960563659668
image_119, 19, 2.3307857513427734, 2.8232719898223877, 10.74937915802002
image_119, 19, 2.5328216552734375, 3.0864105224609375, 11.729007720947266
image_119, 19, 2.7416834831237793, 3.338134288787842, 12.70739459991455
image_119, 19, 2.9535341262817383, 3.57902455329895, 13.686068534851074
image_119, 19, 3.1169373989105225, 3.9249534606933594, 14.67071533203125
image_119, 19, 3.2234272956848145, 4.406198024749756, 15.660848617553711
image_119, 19, 3.322391986846924, 4.889396667480469, 16.651504516601562
image_119, 19, 3.4198520183563232, 5.361209392547607, 17.642566680908203
image_119, 19, 3.519094467163086, 5.829553604125977, 18.633657455444336
image_119, 19, 3.617772102355957, 6.3064374923706055, 19.624649047851562
image_119, 19, 3.7179033756256104, 6.787213325500488, 20.615217208862305
image_119, 19, 3.9326393604278564, 7.033359527587891, 21.593076705932617
image_119, 19, 4.149879455566406, 7.2786784172058105, 22.571239471435547
image_119, 19, 4.3617963790893555, 7.514159679412842, 23.550994873046875
image_119, 19, 4.573500633239746, 7.759147644042969, 24.53050994873047
image_119, 19, 4.7811360359191895, 8.00741958618164, 25.509904861450195
image_119, 19, 4.994852066040039, 8.265941619873047, 26.487308502197266
image_119, 19, 5.211859703063965, 8.52005386352539, 27.464149475097656
image_119, 19, 5.426584243774414, 8.766559600830078, 28.441789627075195
image_119, 19, 5.640136241912842, 9.031547546386719, 29.419282913208008
image_103, 20, 0.20113585889339447, 0.2517264783382416, 0.9770401120185852
image_103, 20, 0.40955811738967896, 0.49790167808532715, 1.9537417888641357
image_103, 20, 0.6163098812103271, 0.7418798208236694, 2.9311671257019043
image_103, 20, 0.821882963180542, 0.9842063188552856, 3.908992290496826
image_103, 20, 1.0251879692077637, 1.2257356643676758, 4.887173652648926
image_103, 20, 1.2243320941925049, 1.471116304397583, 5.865791320800781
image_103, 20, 1.4336316585540771, 1.7438827753067017, 6.842895030975342
image_103, 20, 1.6361870765686035, 2.012392282485962, 7.821503639221191
image_103, 20, 1.8287028074264526, 2.266502857208252, 8.801766395568848
image_103, 20, 2.027907371520996, 2.514777421951294, 9.780927658081055
image_103, 20, 2.230818033218384, 2.7539560794830322, 10.759844779968262
image_103, 20, 2.437342405319214, 2.9890153408050537, 11.738801956176758
image_103, 20, 2.6460700035095215, 3.21919584274292, 12.717933654785156
image_103, 20, 2.853543281555176, 3.447716474533081, 13.697057723999023
image_103, 20, 3.061068296432495, 3.6814842224121094, 14.675503730773926
image_103, 20, 3.2767527103424072, 3.935600519180298, 15.65141773223877
image_103, 20, 3.363926649093628, 4.420452117919922, 16.642210006713867
image_103, 20, 3.45638108253479, 4.907166957855225, 17.63310432434082
image_103, 20, 3.547884464263916, 5.3819074630737305, 18.624292373657227
image_103, 20, 3.641937255859375, 5.853519916534424, 19.61547088623047
image_103, 20, 3.737668991088867, 6.328935146331787, 20.606290817260742
image_103, 20, 3.8579156398773193, 6.741166114807129, 21.595714569091797
image_103, 20, 4.06064510345459, 6.984098434448242, 22.573562622070312
image_103, 20, 4.264499664306641, 7.218798637390137, 23.552059173583984
image_103, 20, 4.482285499572754, 7.461806774139404, 24.528907775878906
image_103, 20, 4.711989879608154, 7.723354816436768, 25.50369644165039
image_103, 20, 4.9328083992004395, 7.9681854248046875, 26.480642318725586
image_103, 20, 5.146461486816406, 8.211091041564941, 27.458467483520508
image_103, 20, 5.360467910766602, 8.457956314086914, 28.435758590698242
image_103, 20, 5.574350357055664, 8.709541320800781, 29.412860870361328
image_24, 21, 0.22344893217086792, 0.3216145932674408, 0.9729986786842346
image_24, 21, 0.4492608308792114, 0.6334115862846375, 1.94586181640625
image_24, 21, 0.6751517057418823, 0.9608736038208008, 2.918212652206421
image_24, 21, 0.8851221203804016, 1.2836391925811768, 3.8935861587524414
image_24, 21, 1.1034741401672363, 1.5935535430908203, 4.868250846862793
image_24, 21, 1.3347365856170654, 1.908440113067627, 5.840260028839111
image_24, 21, 1.5622010231018066, 2.1920313835144043, 6.813919544219971
image_24, 21, 1.7881256341934204, 2.467111587524414, 7.788399696350098
image_24, 21, 2.0144779682159424, 2.731613874435425, 8.762836456298828
image_24, 21, 2.245204448699951, 3.0043487548828125, 9.736125946044922
image_24, 21, 2.469855308532715, 3.270700693130493, 10.710725784301758
image_24, 21, 2.689603090286255, 3.538822650909424, 11.686149597167969
image_24, 21, 2.9123806953430176, 3.809263229370117, 12.660978317260742
image_24, 21, 3.1416661739349365, 4.075033187866211, 13.634808540344238
image_24, 21, 3.3136894702911377, 4.456109046936035, 14.617362022399902
image_24, 21, 3.410829782485962, 4.961586952209473, 15.607584953308105
image_24, 21, 3.5116147994995117, 5.4583940505981445, 16.59827995300293
image_24, 21, 3.619447708129883, 5.963771820068359, 17.588632583618164
image_24, 21, 3.726785898208618, 6.475545406341553, 18.578737258911133
image_24, 21, 3.830364227294922, 6.97318696975708, 19.569101333618164
image_24, 21, 3.9284868240356445, 7.462778568267822, 20.5593318939209
image_24, 21, 4.031861305236816, 7.9499640464782715, 21.5492000579834
image_24, 21, 4.254737854003906, 8.236410140991211, 22.523096084594727
image_24, 21, 4.483839511871338, 8.512763977050781, 23.496788024902344
image_24, 21, 4.713176250457764, 8.79313850402832, 24.47011375427246
image_24, 21, 4.9321699142456055, 9.070858001708984, 25.44557762145996
image_24, 21, 5.148554801940918, 9.349468231201172, 26.421140670776367
image_24, 21, 5.373867511749268, 9.622016906738281, 27.39535140991211
image_24, 21, 5.592635631561279, 9.893574714660645, 28.370704650878906
image_24, 21, 5.817216396331787, 10.177145957946777, 29.344507217407227
image_143, 22, 0.20186381042003632, 0.26166588068008423, 0.978135883808136
image_143, 22, 0.4060869812965393, 0.5123937129974365, 1.956396222114563
image_143, 22, 0.6062119603157043, 0.7636785507202148, 2.935201644897461
image_143, 22, 0.8044504523277283, 1.0063726902008057, 3.9150826930999756
image_143, 22, 1.0042855739593506, 1.241199254989624, 4.895117282867432
image_143, 22, 1.2043884992599487, 1.4870656728744507, 5.874208450317383
image_143, 22, 1.3993853330612183, 1.7458233833312988, 6.853226661682129
image_143, 22, 1.5981370210647583, 1.995522379875183, 7.8323235511779785
image_143, 22, 1.8060091733932495, 2.2402281761169434, 8.810535430908203
image_143, 22, 2.0136971473693848, 2.4691720008850098, 9.78921890258789
image_143, 22, 2.2147929668426514, 2.7233829498291016, 10.76840877532959
image_143, 22, 2.4246015548706055, 2.985828161239624, 11.746604919433594
image_143, 22, 2.640806198120117, 3.24318790435791, 12.72419548034668
image_143, 22, 2.8526451587677, 3.4859437942504883, 13.702598571777344
image_143, 22, 3.065054178237915, 3.7301089763641357, 14.680181503295898
image_143, 22, 3.1916093826293945, 4.163308620452881, 15.668954849243164
image_143, 22, 3.2936882972717285, 4.647525787353516, 16.659650802612305
image_143, 22, 3.3914711475372314, 5.124749183654785, 17.650596618652344
image_143, 22, 3.488992214202881, 5.600090980529785, 18.641468048095703
image_143, 22, 3.5866153240203857, 6.076799392700195, 19.63247299194336
image_143, 22, 3.6889305114746094, 6.554858684539795, 20.622875213623047
image_143, 22, 3.8940603733062744, 6.8038835525512695, 21.602294921875
image_143, 22, 4.105048179626465, 7.041696071624756, 22.581924438476562
image_143, 22, 4.311625957489014, 7.27430534362793, 23.562326431274414
image_143, 22, 4.521909713745117, 7.52426290512085, 24.540637969970703
image_143, 22, 4.734725475311279, 7.780696392059326, 25.51789665222168
image_143, 22, 4.9409499168396, 8.02005672454834, 26.496774673461914
image_143, 22, 5.146003246307373, 8.249327659606934, 27.475799560546875
image_143, 22, 5.350740909576416, 8.480137825012207, 28.45496940612793
image_143, 22, 5.551633358001709, 8.729589462280273, 29.433927536010742
image_12, 23, 0.24589547514915466, 0.2907957136631012, 0.975084125995636
image_12, 23, 0.49775058031082153, 0.5853831768035889, 1.9492090940475464
image_12, 23, 0.7431987524032593, 0.8717906475067139, 2.9237990379333496
image_12, 23, 0.9891958236694336, 1.159302830696106, 3.8990392684936523
image_12, 23, 1.2363947629928589, 1.4289093017578125, 4.876482009887695
image_12, 23, 1.48350989818573, 1.7044618129730225, 5.852659702301025
image_12, 23, 1.7310141324996948, 1.9805710315704346, 6.828591346740723
image_12, 23, 1.9695239067077637, 2.255662679672241, 7.804661273956299
image_12, 23, 2.22926926612854, 2.5263736248016357, 8.781064987182617
image_12, 23, 2.4682369232177734, 2.8037750720977783, 9.7570161819458
image_12, 23, 2.7157490253448486, 3.0937182903289795, 10.731735229492188
image_12, 23, 2.9513778686523438, 3.3905510902404785, 11.707952499389648
image_12, 23, 3.1934804916381836, 3.681138753890991, 12.68418025970459
image_12, 23, 3.4284791946411133, 3.9717373847961426, 13.659910202026367
image_12, 23, 3.6746349334716797, 4.259531497955322, 14.63560962677002
image_12, 23, 3.926710844039917, 4.574178695678711, 15.610143661499023
image_12, 23, 4.06620454788208, 5.063776016235352, 16.599855422973633
image_12, 23, 4.201883316040039, 5.554912090301514, 17.590065002441406
image_12, 23, 4.331042289733887, 6.053949356079102, 18.580224990844727
image_12, 23, 4.467783451080322, 6.549957752227783, 19.57015037536621
image_12, 23, 4.72941255569458, 6.845810890197754, 20.546104431152344
image_12, 23, 4.98670768737793, 7.141449451446533, 21.521894454956055
image_12, 23, 5.235654354095459, 7.434957027435303, 22.49825096130371
image_12, 23, 5.489527702331543, 7.721532821655273, 23.474048614501953
image_12, 23, 5.725396633148193, 8.020040512084961, 24.45060157775879
image_12, 23, 5.974050521850586, 8.300600051879883, 25.42814826965332
image_12, 23, 6.220990180969238, 8.574545860290527, 26.404300689697266
image_12, 23, 6.476534366607666, 8.843037605285645, 27.380908966064453
image_12, 23, 6.726048469543457, 9.13245964050293, 28.355453491210938
image_12, 23, 6.972819805145264, 9.403711318969727, 29.331417083740234
image_113, 24, 0.1938139796257019, 0.23628951609134674, 0.9799267649650574
image_113, 24, 0.40407347679138184, 0.4938599467277527, 1.9572581052780151
image_113, 24, 0.6005236506462097, 0.7367717027664185, 2.9371161460876465
image_113, 24, 0.7991136908531189, 0.9794176816940308, 3.916780471801758
image_113, 24, 1.002392292022705, 1.222773551940918, 4.895935535430908
image_113, 24, 1.2130588293075562, 1.4751307964324951, 5.873672008514404
image_113, 24, 1.4207600355148315, 1.7333920001983643, 6.851457595825195
image_113, 24, 1.6193963289260864, 1.9898579120635986, 7.83079719543457
image_113, 24, 1.8183763027191162, 2.2427725791931152, 8.810385704040527
image_113, 24, 2.018336772918701, 2.478351593017578, 9.790338516235352
image_113, 24, 2.219181776046753, 2.7039947509765625, 10.770691871643066
image_113, 24, 2.423966884613037, 2.93383526802063, 11.750426292419434
image_113, 24, 2.630455493927002, 3.1607062816619873, 12.730477333068848
image_113, 24, 2.8456177711486816, 3.3978421688079834, 13.708784103393555
image_113, 24, 3.059612512588501, 3.631664276123047, 14.687087059020996
image_113, 24, 3.2708287239074707, 3.8603663444519043, 15.666007995605469
image_113, 24, 3.376110076904297, 4.3241047859191895, 16.65641212463379
image_113, 24, 3.471273899078369, 4.8010172843933105, 17.64735984802246
image_113, 24, 3.5686962604522705, 5.271179676055908, 18.638347625732422
image_113, 24, 3.6681246757507324, 5.738857746124268, 19.62922477722168
image_113, 24, 3.766597032546997, 6.213216304779053, 20.619853973388672
image_113, 24, 3.878109931945801, 6.669897079467773, 21.609386444091797
image_113, 24, 4.082357406616211, 6.931212902069092, 22.588491439819336
image_113, 24, 4.291858196258545, 7.18093729019165, 23.567264556884766
image_113, 24, 4.502640247344971, 7.400105953216553, 24.54697036743164
image_113, 24, 4.711928367614746, 7.614940166473389, 25.526996612548828
image_113, 24, 4.919931411743164, 7.8407135009765625, 26.506731033325195
image_113, 24, 5.1230316162109375, 8.064861297607422, 27.487224578857422
image_113, 24, 5.33634090423584, 8.301641464233398, 28.465700149536133
image_113, 24, 5.541909217834473, 8.526832580566406, 29.44547462463379
image_112, 25, 0.21258215606212616, 0.2606488764286041, 0.9759995937347412
image_112, 25, 0.4320460557937622, 0.5270671844482422, 1.9510185718536377
image_112, 25, 0.6619473695755005, 0.802489161491394, 2.9244437217712402
image_112, 25, 0.895129919052124, 1.0819990634918213, 3.897559881210327
image_112, 25, 1.1111533641815186, 1.3348721265792847, 4.874457836151123
image_112, 25, 1.3254934549331665, 1.587378978729248, 5.851665019989014
image_112, 25, 1.5394855737686157, 1.8391523361206055, 6.828929424285889
image_112, 25, 1.7589048147201538, 2.0970818996429443, 7.805222988128662
image_112, 25, 1.9833027124404907, 2.3512394428253174, 8.780964851379395
image_112, 25, 2.20753812789917, 2.607686996459961, 9.756438255310059
image_112, 25, 2.4294793605804443, 2.8603858947753906, 10.732481002807617
image_112, 25, 2.6524817943573, 3.111736536026001, 11.708708763122559
image_112, 25, 2.870755195617676, 3.3571243286132812, 12.685855865478516
image_112, 25, 3.101186752319336, 3.622521162033081, 13.660317420959473
image_112, 25, 3.3359713554382324, 3.8932840824127197, 14.633774757385254
image_112, 25, 3.564404249191284, 4.153770446777344, 15.608715057373047
image_112, 25, 3.657353162765503, 4.649779319763184, 16.59916114807129
image_112, 25, 3.753739833831787, 5.153256893157959, 17.589866638183594
image_112, 25, 3.8521852493286133, 5.640454292297363, 18.580795288085938
image_112, 25, 3.949620485305786, 6.106049537658691, 19.571897506713867
image_112, 25, 4.045321941375732, 6.580964088439941, 20.562538146972656
image_112, 25, 4.272490501403809, 6.855493068695068, 21.536867141723633
image_112, 25, 4.4941840171813965, 7.113088130950928, 22.513235092163086
image_112, 25, 4.712872505187988, 7.359306812286377, 23.490570068359375
image_112, 25, 4.9471588134765625, 7.634483337402344, 24.464092254638672
image_112, 25, 5.173842430114746, 7.897369861602783, 25.43946075439453
image_112, 25, 5.396395206451416, 8.16382884979248, 26.414981842041016
image_112, 25, 5.614480495452881, 8.424214363098145, 27.391090393066406
image_112, 25, 5.825912952423096, 8.662114143371582, 28.36928939819336
image_112, 25, 6.040264129638672, 8.903169631958008, 29.347078323364258
image_62, 26, 0.2305990308523178, 0.2786789834499359, 0.9734154343605042
image_62, 26, 0.4671385884284973, 0.560968279838562, 1.9456186294555664
image_62, 26, 0.7004960775375366, 0.8313666582107544, 2.918665647506714
image_62, 26, 0.9308345317840576, 1.106717586517334, 3.891974449157715
image_62, 26, 1.1650346517562866, 1.3902595043182373, 4.864315032958984
image_62, 26, 1.400796890258789, 1.6799709796905518, 5.83626127243042
image_62, 26, 1.6392042636871338, 1.9674046039581299, 6.808058738708496
image_62, 26, 1.883362889289856, 2.2600879669189453, 7.7789201736450195
image_62, 26, 2.1256797313690186, 2.547354221343994, 8.749913215637207
image_62, 26, 2.357489585876465, 2.822816848754883, 9.723150253295898
image_62, 26, 2.590282440185547, 3.107752561569214, 10.696106910705566
image_62, 26, 2.82840895652771, 3.390521287918091, 11.668227195739746
image_62, 26, 3.071733236312866, 3.6714725494384766, 12.63947868347168
image_62, 26, 3.3041248321533203, 3.936023235321045, 13.613821029663086
image_62, 26, 3.541905641555786, 4.223956108093262, 14.586198806762695
image_62, 26, 3.7794852256774902, 4.523684501647949, 15.557656288146973
image_62, 26, 3.8927628993988037, 5.017037868499756, 16.546701431274414
image_62, 26, 3.9947452545166016, 5.518980503082275, 17.537303924560547
image_62, 26, 4.097188949584961, 6.00648307800293, 18.52804183959961
image_62, 26, 4.197793006896973, 6.497296333312988, 19.51875877380371
image_62, 26, 4.300512313842773, 6.994263648986816, 20.508573532104492
image_62, 26, 4.539706707000732, 7.285848617553711, 21.480497360229492
image_62, 26, 4.777523517608643, 7.559061527252197, 22.453227996826172
image_62, 26, 5.011270999908447, 7.83220911026001, 23.42627716064453
image_62, 26, 5.2408528327941895, 8.111146926879883, 24.399581909179688
image_62, 26, 5.472695350646973, 8.38735580444336, 25.3725643157959
image_62, 26, 5.70458459854126, 8.665848731994629, 26.3453369140625
image_62, 26, 5.936946392059326, 8.935430526733398, 27.318456649780273
image_62, 26, 6.163546562194824, 9.203210830688477, 28.2926025390625
image_62, 26, 6.393196105957031, 9.47622013092041, 29.265958786010742
image_10, 27, 0.20492298901081085, 0.26472926139831543, 0.9776199460029602
image_10, 27, 0.41074132919311523, 0.5181035995483398, 1.9558093547821045
image_10, 27, 0.626242995262146, 0.7874380946159363, 2.9322285652160645
image_10, 27, 0.8337534666061401, 1.0454543828964233, 3.9100871086120605
image_10, 27, 1.034703254699707, 1.29591703414917, 4.888881206512451
image_10, 27, 1.2442965507507324, 1.5571677684783936, 5.8657965660095215
image_10, 27, 1.451519250869751, 1.8118171691894531, 6.843726634979248
image_10, 27, 1.660603642463684, 2.0677409172058105, 7.82138729095459
image_10, 27, 1.8649543523788452, 2.3167364597320557, 8.799803733825684
image_10, 27, 2.0736489295959473, 2.573201894760132, 9.777488708496094
image_10, 27, 2.2955515384674072, 2.83512806892395, 10.753196716308594
image_10, 27, 2.5233118534088135, 3.086369037628174, 11.728622436523438
image_10, 27, 2.74787974357605, 3.331869125366211, 12.704821586608887
image_10, 27, 2.973754644393921, 3.576963186264038, 13.681302070617676
image_10, 27, 3.1986069679260254, 3.8187220096588135, 14.65812873840332
image_10, 27, 3.4255075454711914, 4.073075294494629, 15.633566856384277
image_10, 27, 3.529109477996826, 4.553442001342773, 16.623641967773438
image_10, 27, 3.6286473274230957, 5.051652431488037, 17.61415672302246
image_10, 27, 3.7256217002868652, 5.539455413818359, 18.605058670043945
image_10, 27, 3.8208484649658203, 6.019006729125977, 19.596155166625977
image_10, 27, 3.9128429889678955, 6.492794990539551, 20.587099075317383
image_10, 27, 4.126115798950195, 6.75228214263916, 21.563934326171875
image_10, 27, 4.346325397491455, 7.0037946701049805, 22.540136337280273
image_10, 27, 4.567974090576172, 7.25217342376709, 23.516441345214844
image_10, 27, 4.788112163543701, 7.502004146575928, 24.49318504333496
image_10, 27, 4.999866485595703, 7.743574619293213, 25.47140884399414
image_10, 27, 5.205496788024902, 7.984665870666504, 26.45040512084961
image_10, 27, 5.409625053405762, 8.224574089050293, 27.429670333862305
image_10, 27, 5.6207170486450195, 8.466897010803223, 28.40802764892578
image_10, 27, 5.840324401855469, 8.720133781433105, 29.384746551513672
image_40, 28, 0.17307457327842712, 0.3612532913684845, 0.981582522392273
image_40, 28, 0.3447076678276062, 0.744247555732727, 1.9625239372253418
image_40, 28, 0.569863498210907, 1.0273194313049316, 2.936248302459717
image_40, 28, 0.803520679473877, 1.3255419731140137, 3.908205986022949
image_40, 28, 1.0370709896087646, 1.613369107246399, 4.879343032836914
image_40, 28, 1.2728700637817383, 1.9084579944610596, 5.849804878234863
image_40, 28, 1.5014758110046387, 2.1987712383270264, 6.821662425994873
image_40, 28, 1.7290743589401245, 2.48051118850708, 7.794205665588379
image_40, 28, 1.9718111753463745, 2.767261028289795, 8.764457702636719
image_40, 28, 2.2046875953674316, 3.0322117805480957, 9.73776626586914
image_40, 28, 2.4334492683410645, 3.298701286315918, 10.711581230163574
image_40, 28, 2.6686370372772217, 3.581636905670166, 11.683956146240234
image_40, 28, 2.8962502479553223, 3.848392963409424, 12.657989501953125
image_40, 28, 3.1276302337646484, 4.128542900085449, 13.630447387695312
image_40, 28, 3.3541884422302246, 4.416309833526611, 14.603694915771484
image_40, 28, 3.460967540740967, 4.908437252044678, 15.592483520507812
image_40, 28, 3.55969500541687, 5.413058757781982, 16.581993103027344
image_40, 28, 3.657653570175171, 5.915576934814453, 17.572229385375977
image_40, 28, 3.7627432346343994, 6.418408393859863, 18.562301635742188
image_40, 28, 3.864814281463623, 6.911909580230713, 19.55270004272461
image_40, 28, 3.9628543853759766, 7.411707878112793, 20.542396545410156
image_40, 28, 4.195537090301514, 7.728371620178223, 21.513418197631836
image_40, 28, 4.428889751434326, 8.013701438903809, 22.485774993896484
image_40, 28, 4.6631364822387695, 8.289098739624023, 23.458242416381836
image_40, 28, 4.894747734069824, 8.549945831298828, 24.432085037231445
image_40, 28, 5.13222074508667, 8.807168960571289, 25.405521392822266
image_40, 28, 5.37203311920166, 9.081201553344727, 26.377595901489258
image_40, 28, 5.604254722595215, 9.35809326171875, 27.350082397460938
image_40, 28, 5.845486640930176, 9.656630516052246, 28.320100784301758
image_40, 28, 6.073339462280273, 9.953723907470703, 29.29277229309082
image_132, 29, 0.14193502068519592, 0.46779122948646545, 0.9852730631828308
image_132, 29, 0.27644360065460205, 0.9498529434204102, 1.97146737575531
image_132, 29, 0.5071337819099426, 1.267047643661499, 2.9437878131866455
image_132, 29, 0.7302010655403137, 1.5722306966781616, 3.9186975955963135
image_132, 29, 0.9572106003761292, 1.8652328252792358, 4.892950057983398
image_132, 29, 1.1879268884658813, 2.1462600231170654, 5.866946220397949
image_132, 29, 1.414249300956726, 2.4249908924102783, 6.842343330383301
image_132, 29, 1.6422498226165771, 2.7025418281555176, 7.817526817321777
image_132, 29, 1.8710033893585205, 2.979443311691284, 8.792889595031738
image_132, 29, 2.104949474334717, 3.2527596950531006, 9.767467498779297
image_132, 29, 2.3331377506256104, 3.521498441696167, 10.742725372314453
image_132, 29, 2.565061330795288, 3.804511070251465, 11.716987609863281
image_132, 29, 2.7839624881744385, 4.060795783996582, 12.69448471069336
image_132, 29, 2.994053840637207, 4.336334228515625, 13.672587394714355
image_132, 29, 3.14157772064209, 4.759469509124756, 14.659585952758789
image_132, 29, 3.2576897144317627, 5.246063232421875, 15.649482727050781
image_132, 29, 3.3763985633850098, 5.753058910369873, 16.639572143554688
image_132, 29, 3.489997625350952, 6.257336139678955, 17.62996482849121
image_132, 29, 3.602175235748291, 6.742119312286377, 18.62062644958496
image_132, 29, 3.71284556388855, 7.226532936096191, 19.611228942871094
image_132, 29, 3.830556869506836, 7.711505889892578, 20.601486206054688
image_132, 29, 4.01704216003418, 8.044654846191406, 21.584299087524414
image_132, 29, 4.222921848297119, 8.368246078491211, 22.563148498535156
image_132, 29, 4.4452619552612305, 8.619512557983398, 23.54064178466797
image_132, 29, 4.664357662200928, 8.871293067932129, 24.518693923950195
image_132, 29, 4.889689922332764, 9.139171600341797, 25.49512481689453
image_132, 29, 5.110387802124023, 9.406510353088379, 26.472246170043945
image_132, 29, 5.330522060394287, 9.664302825927734, 27.44963836669922
image_132, 29, 5.558446407318115, 9.919384002685547, 28.426097869873047
image_132, 29, 5.786218166351318, 10.174943923950195, 29.402341842651367
image_134, 30, 0.21400444209575653, 0.2571158707141876, 0.9778313040733337
image_134, 30, 0.43162745237350464, 0.5152254104614258, 1.9561800956726074
image_134, 30, 0.6597254276275635, 0.8081006407737732, 2.9313814640045166
image_134, 30, 0.8764320015907288, 1.0981703996658325, 3.907632350921631
image_134, 30, 1.085799217224121, 1.3625922203063965, 4.885581016540527
image_134, 30, 1.3112313747406006, 1.6447871923446655, 5.860872268676758
image_134, 30, 1.5272026062011719, 1.919203758239746, 6.838077545166016
image_134, 30, 1.753896951675415, 2.206491708755493, 7.812856674194336
image_134, 30, 1.9823178052902222, 2.481412410736084, 8.78791332244873
image_134, 30, 2.209298849105835, 2.740426540374756, 9.764120101928711
image_134, 30, 2.432413339614868, 2.993684768676758, 10.741572380065918
image_134, 30, 2.6597487926483154, 3.2419497966766357, 11.719005584716797
image_134, 30, 2.8908915519714355, 3.497833251953125, 12.695396423339844
image_134, 30, 3.1215262413024902, 3.765481472015381, 13.67092514038086
image_134, 30, 3.3419418334960938, 4.018773078918457, 14.648701667785645
image_134, 30, 3.5689735412597656, 4.318737030029297, 15.62313175201416
image_134, 30, 3.6695334911346436, 4.816717147827148, 16.613462448120117
image_134, 30, 3.778446912765503, 5.31902551651001, 17.603878021240234
image_134, 30, 3.885010242462158, 5.815647602081299, 18.594390869140625
image_134, 30, 3.989489793777466, 6.3113603591918945, 19.5849552154541
image_134, 30, 4.104542255401611, 6.789762020111084, 20.574325561523438
image_134, 30, 4.325726509094238, 7.047428607940674, 21.551881790161133
image_134, 30, 4.54995584487915, 7.294408798217773, 22.52932357788086
image_134, 30, 4.772961139678955, 7.539975166320801, 23.506778717041016
image_134, 30, 4.992300033569336, 7.79659366607666, 24.48406982421875
image_134, 30, 5.213218688964844, 8.045064926147461, 25.46147346496582
image_134, 30, 5.4371209144592285, 8.294806480407715, 26.438671112060547
image_134, 30, 5.658076763153076, 8.535832405090332, 27.416671752929688
image_134, 30, 5.879631996154785, 8.784622192382812, 28.39419937133789
image_134, 30, 6.094000339508057, 9.05021858215332, 29.372772216796875
