Case_ID, Slide_ID, mae, mse, ssim
image_99, 1, 0.1520269811153412, 0.1252889186143875, 0.9972017407417297
image_99, 1, 0.30731111764907837, 0.247496098279953, 1.9945528507232666
image_99, 1, 0.4642847776412964, 0.3696698546409607, 2.9919142723083496
image_99, 1, 0.6200343370437622, 0.49256908893585205, 3.9892828464508057
image_99, 1, 0.7777775526046753, 0.6179167628288269, 4.986583232879639
image_99, 1, 0.9356533288955688, 0.7448971271514893, 5.983841419219971
image_99, 1, 1.090035080909729, 0.8717471957206726, 6.981110095977783
image_99, 1, 1.2428741455078125, 1.0014220476150513, 7.978299617767334
image_99, 1, 1.3987913131713867, 1.1331539154052734, 8.975493431091309
image_99, 1, 1.5577740669250488, 1.2649400234222412, 9.972698211669922
image_99, 1, 1.7156109809875488, 1.3941810131072998, 10.969945907592773
image_99, 1, 1.8736857175827026, 1.5190528631210327, 11.967249870300293
image_99, 1, 2.026834726333618, 1.639944314956665, 12.964616775512695
image_99, 1, 2.1788382530212402, 1.758461594581604, 13.962013244628906
image_99, 1, 2.327186107635498, 1.875467300415039, 14.959442138671875
image_99, 1, 2.4725289344787598, 1.992869257926941, 15.956762313842773
image_99, 1, 2.622936487197876, 2.1128363609313965, 16.953994750976562
image_99, 1, 2.7723309993743896, 2.232217311859131, 17.9512996673584
image_99, 1, 2.926370143890381, 2.3512678146362305, 18.948619842529297
image_99, 1, 3.074648380279541, 2.467836380004883, 19.94599723815918
image_99, 1, 3.2238214015960693, 2.585017681121826, 20.943403244018555
image_99, 1, 3.379831314086914, 2.7047295570373535, 21.94069480895996
image_99, 1, 3.5366744995117188, 2.82576847076416, 22.938016891479492
image_99, 1, 3.6953225135803223, 2.948347568511963, 23.93531608581543
image_99, 1, 3.8439273834228516, 3.0733325481414795, 24.93230438232422
image_99, 1, 4.002386093139648, 3.2002780437469482, 25.929502487182617
image_99, 1, 4.162368297576904, 3.329699754714966, 26.926626205444336
image_99, 1, 4.324902057647705, 3.4590647220611572, 27.92372703552246
image_99, 1, 4.483625888824463, 3.5866756439208984, 28.920801162719727
image_99, 1, 4.646520614624023, 3.712573528289795, 29.91793441772461
image_77, 2, 0.15483340620994568, 0.12794604897499084, 0.9969173073768616
image_77, 2, 0.3168761134147644, 0.25565770268440247, 1.9938715696334839
image_77, 2, 0.4803205132484436, 0.3850250244140625, 2.990736246109009
image_77, 2, 0.6339949369430542, 0.5167350172996521, 3.9872496128082275
image_77, 2, 0.7937939763069153, 0.6476978063583374, 4.983951091766357
image_77, 2, 0.9537078738212585, 0.7793685793876648, 5.980585098266602
image_77, 2, 1.1280087232589722, 0.9151268601417542, 6.976986885070801
image_77, 2, 1.3019459247589111, 1.0508437156677246, 7.973439693450928
image_77, 2, 1.4635963439941406, 1.1833325624465942, 8.970004081726074
image_77, 2, 1.624302625656128, 1.3131229877471924, 9.966617584228516
image_77, 2, 1.8018497228622437, 1.4457770586013794, 10.962995529174805
image_77, 2, 1.9837194681167603, 1.5799643993377686, 11.959127426147461
image_77, 2, 2.1639585494995117, 1.7136411666870117, 12.955368041992188
image_77, 2, 2.3346574306488037, 1.8425397872924805, 13.95200252532959
image_77, 2, 2.4923198223114014, 1.9704976081848145, 14.948600769042969
image_77, 2, 2.6533150672912598, 2.099024772644043, 15.945294380187988
image_77, 2, 2.7890589237213135, 2.277494430541992, 16.933876037597656
image_77, 2, 2.9298110008239746, 2.4720726013183594, 17.921066284179688
image_77, 2, 3.069486141204834, 2.6762681007385254, 18.907665252685547
image_77, 2, 3.2359585762023926, 2.9632859230041504, 19.888566970825195
image_77, 2, 3.3994998931884766, 3.2513089179992676, 20.86978530883789
image_77, 2, 3.5632195472717285, 3.5278499126434326, 21.851421356201172
image_77, 2, 3.732006311416626, 3.8173985481262207, 22.83251953125
image_77, 2, 3.892094373703003, 4.093390941619873, 23.814668655395508
image_77, 2, 4.0279412269592285, 4.275690078735352, 24.802766799926758
image_77, 2, 4.196993827819824, 4.407505512237549, 25.79961395263672
image_77, 2, 4.364223003387451, 4.539431571960449, 26.7965087890625
image_77, 2, 4.527990341186523, 4.670875072479248, 27.793474197387695
image_77, 2, 4.698728084564209, 4.803422927856445, 28.790491104125977
image_77, 2, 4.866862773895264, 4.934290885925293, 29.78765106201172
image_150, 3, 0.16108253598213196, 0.12334504723548889, 0.9970565438270569
image_150, 3, 0.3243419826030731, 0.24726217985153198, 1.9940654039382935
image_150, 3, 0.4943154454231262, 0.37386757135391235, 2.9907264709472656
image_150, 3, 0.6562302708625793, 0.4959241449832916, 3.9879209995269775
image_150, 3, 0.8211312294006348, 0.6193727254867554, 4.9849534034729
image_150, 3, 0.985204815864563, 0.7430559992790222, 5.982043266296387
image_150, 3, 1.151693344116211, 0.8678785562515259, 6.979004859924316
image_150, 3, 1.3168702125549316, 0.9926762580871582, 7.976040363311768
image_150, 3, 1.481665849685669, 1.1191922426223755, 8.973084449768066
image_150, 3, 1.644858956336975, 1.2447806596755981, 9.970178604125977
image_150, 3, 1.8080703020095825, 1.3702011108398438, 10.967247009277344
image_150, 3, 1.9684083461761475, 1.4964265823364258, 11.964434623718262
image_150, 3, 2.129926919937134, 1.6236542463302612, 12.96157455444336
image_150, 3, 2.2930214405059814, 1.7514468431472778, 13.958651542663574
image_150, 3, 2.4580533504486084, 1.878058671951294, 14.955694198608398
image_150, 3, 2.6202244758605957, 2.0024807453155518, 15.952882766723633
image_150, 3, 2.7832155227661133, 2.1275932788848877, 16.950014114379883
image_150, 3, 2.9459145069122314, 2.2529633045196533, 17.947185516357422
image_150, 3, 3.110016107559204, 2.3798694610595703, 18.944271087646484
image_150, 3, 3.272404670715332, 2.507478952407837, 19.94141960144043
image_150, 3, 3.430495023727417, 2.63283109664917, 20.938684463500977
image_150, 3, 3.5840952396392822, 2.755553960800171, 21.93604850769043
image_150, 3, 3.7451975345611572, 2.879350423812866, 22.933298110961914
image_150, 3, 3.9076387882232666, 3.0041122436523438, 23.930496215820312
image_150, 3, 4.070354461669922, 3.127830743789673, 24.927658081054688
image_150, 3, 4.2281341552734375, 3.2471163272857666, 25.924978256225586
image_150, 3, 4.386717319488525, 3.368363618850708, 26.92224884033203
image_150, 3, 4.546387195587158, 3.4909536838531494, 27.919504165649414
image_150, 3, 4.708708763122559, 3.614565372467041, 28.91666030883789
image_150, 3, 4.8693976402282715, 3.73806095123291, 29.913898468017578
image_26, 4, 0.162185400724411, 0.11814336478710175, 0.9973260760307312
image_26, 4, 0.329975426197052, 0.23738569021224976, 1.994480848312378
image_26, 4, 0.4934810996055603, 0.35445910692214966, 2.991804599761963
image_26, 4, 0.6533800363540649, 0.47016048431396484, 3.989229202270508
image_26, 4, 0.8176526427268982, 0.5877422094345093, 4.986570358276367
image_26, 4, 0.9868518114089966, 0.7077586054801941, 5.983754634857178
image_26, 4, 1.155683159828186, 0.8290032148361206, 6.980906963348389
image_26, 4, 1.3262381553649902, 0.953834593296051, 7.977879524230957
image_26, 4, 1.4931977987289429, 1.0804442167282104, 8.974906921386719
image_26, 4, 1.6627675294876099, 1.2090706825256348, 9.971883773803711
image_26, 4, 1.8336458206176758, 1.3386359214782715, 10.96891975402832
image_26, 4, 2.0072054862976074, 1.4674968719482422, 11.96589469909668
image_26, 4, 2.187808036804199, 1.5984771251678467, 12.96245002746582
image_26, 4, 2.3717169761657715, 1.7313886880874634, 13.958735466003418
image_26, 4, 2.557724714279175, 1.8657771348953247, 14.954795837402344
image_26, 4, 2.726226568222046, 1.9928436279296875, 15.951653480529785
image_26, 4, 2.8930182456970215, 2.1167702674865723, 16.948558807373047
image_26, 4, 3.056262969970703, 2.23738694190979, 17.945627212524414
image_26, 4, 3.2210240364074707, 2.359701633453369, 18.94252586364746
image_26, 4, 3.3816797733306885, 2.482163429260254, 19.939411163330078
image_26, 4, 3.5499908924102783, 2.608214855194092, 20.935991287231445
image_26, 4, 3.7294955253601074, 2.738159418106079, 21.932010650634766
image_26, 4, 3.916637897491455, 2.8727688789367676, 22.92782974243164
image_26, 4, 4.103453159332275, 3.0100505352020264, 23.923870086669922
image_26, 4, 4.288410663604736, 3.1473217010498047, 24.920011520385742
image_26, 4, 4.471307754516602, 3.283165454864502, 25.91628074645996
image_26, 4, 4.655478477478027, 3.419093132019043, 26.91241455078125
image_26, 4, 4.836025238037109, 3.551713466644287, 27.908708572387695
image_26, 4, 5.02620792388916, 3.686844825744629, 28.904396057128906
image_26, 4, 5.214456558227539, 3.818727970123291, 29.900360107421875
image_51, 5, 0.15468789637088776, 0.12100980430841446, 0.9973841905593872
image_51, 5, 0.3073309063911438, 0.2411709427833557, 1.994820237159729
image_51, 5, 0.4588458240032196, 0.36099064350128174, 2.992264986038208
image_51, 5, 0.6124972701072693, 0.48117178678512573, 3.9896903038024902
image_51, 5, 0.7638096809387207, 0.6011505722999573, 4.987143039703369
image_51, 5, 0.9199362993240356, 0.721988320350647, 5.9845380783081055
image_51, 5, 1.0743290185928345, 0.844282329082489, 6.981911659240723
image_51, 5, 1.229453682899475, 0.968584418296814, 7.9792633056640625
image_51, 5, 1.3854647874832153, 1.0927534103393555, 8.976608276367188
image_51, 5, 1.5448923110961914, 1.218076467514038, 9.97387409210205
image_51, 5, 1.7014530897140503, 1.3433115482330322, 10.971205711364746
image_51, 5, 1.8563706874847412, 1.468079924583435, 11.968552589416504
image_51, 5, 2.0059242248535156, 1.5908392667770386, 12.965887069702148
image_51, 5, 2.1560378074645996, 1.7115308046340942, 13.963273048400879
image_51, 5, 2.30267596244812, 1.829488754272461, 14.960686683654785
image_51, 5, 2.4516522884368896, 1.9478745460510254, 15.958017349243164
image_51, 5, 2.601858139038086, 2.068002223968506, 16.955322265625
image_51, 5, 2.754063844680786, 2.196293830871582, 17.952468872070312
image_51, 5, 2.9094865322113037, 2.327202320098877, 18.949552536010742
image_51, 5, 3.057286500930786, 2.4536192417144775, 19.94657325744629
image_51, 5, 3.2132811546325684, 2.5781099796295166, 20.943801879882812
image_51, 5, 3.359877347946167, 2.700301170349121, 21.94106101989746
image_51, 5, 3.509505271911621, 2.8211936950683594, 22.938434600830078
image_51, 5, 3.6670682430267334, 2.9440183639526367, 23.935787200927734
image_51, 5, 3.8248562812805176, 3.0671329498291016, 24.93314552307129
image_51, 5, 3.9815104007720947, 3.1911492347717285, 25.93050193786621
image_51, 5, 4.137268543243408, 3.317497491836548, 26.927759170532227
image_51, 5, 4.292062759399414, 3.441824197769165, 27.92506217956543
image_51, 5, 4.442257404327393, 3.563196897506714, 28.922325134277344
image_51, 5, 4.5972514152526855, 3.6829819679260254, 29.91975212097168
image_82, 6, 0.1749068647623062, 0.12776461243629456, 0.9965090155601501
image_82, 6, 0.35340043902397156, 0.2572539150714874, 1.9927809238433838
image_82, 6, 0.5340006351470947, 0.38771069049835205, 2.98903751373291
image_82, 6, 0.7051311731338501, 0.5123460292816162, 3.986086130142212
image_82, 6, 0.8733084797859192, 0.6360755562782288, 4.9832868576049805
image_82, 6, 1.0537644624710083, 0.7681211233139038, 5.979639053344727
image_82, 6, 1.2321776151657104, 0.9008390307426453, 6.976253986358643
image_82, 6, 1.4107556343078613, 1.034508228302002, 7.972908020019531
image_82, 6, 1.5838770866394043, 1.1646840572357178, 8.969926834106445
image_82, 6, 1.759602665901184, 1.2957627773284912, 9.966672897338867
image_82, 6, 1.9316805601119995, 1.4248018264770508, 10.963542938232422
image_82, 6, 2.1060853004455566, 1.554388165473938, 11.960227966308594
image_82, 6, 2.2815682888031006, 1.6825268268585205, 12.956747055053711
image_82, 6, 2.4496347904205322, 1.8067833185195923, 13.953824043273926
image_82, 6, 2.615539073944092, 1.9322762489318848, 14.950979232788086
image_82, 6, 2.785778522491455, 2.060326337814331, 15.947943687438965
image_82, 6, 2.9607889652252197, 2.1900861263275146, 16.944618225097656
image_82, 6, 3.13057541847229, 2.3176071643829346, 17.941707611083984
image_82, 6, 3.3005006313323975, 2.446028232574463, 18.93880271911621
image_82, 6, 3.4722189903259277, 2.5747547149658203, 19.935623168945312
image_82, 6, 3.6417641639709473, 2.699979066848755, 20.932405471801758
image_82, 6, 3.8061633110046387, 2.8196592330932617, 21.929553985595703
image_82, 6, 3.9675655364990234, 2.940239667892456, 22.92695426940918
image_82, 6, 4.128887176513672, 3.0645809173583984, 23.924335479736328
image_82, 6, 4.290738582611084, 3.1913132667541504, 24.921653747558594
image_82, 6, 4.458434581756592, 3.3187382221221924, 25.918804168701172
image_82, 6, 4.624536037445068, 3.444019317626953, 26.91608238220215
image_82, 6, 4.792454242706299, 3.5695598125457764, 27.913341522216797
image_82, 6, 4.96099328994751, 3.695761203765869, 28.91057777404785
image_82, 6, 5.136469841003418, 3.824934482574463, 29.907485961914062
image_80, 7, 0.1645614206790924, 0.12253664433956146, 0.9970908164978027
image_80, 7, 0.3260011076927185, 0.2411975860595703, 1.9943647384643555
image_80, 7, 0.48232367634773254, 0.35588350892066956, 2.9918785095214844
image_80, 7, 0.6426442861557007, 0.4713938236236572, 3.989297866821289
image_80, 7, 0.8015328645706177, 0.5863581299781799, 4.986808776855469
image_80, 7, 0.9639984965324402, 0.7024951577186584, 5.984132289886475
image_80, 7, 1.1290675401687622, 0.8219088315963745, 6.981236934661865
image_80, 7, 1.2893381118774414, 0.9423156976699829, 7.978550910949707
image_80, 7, 1.449997067451477, 1.0649571418762207, 8.975845336914062
image_80, 7, 1.6168849468231201, 1.1904512643814087, 9.972832679748535
image_80, 7, 1.7840354442596436, 1.3149991035461426, 10.969822883605957
image_80, 7, 1.948948621749878, 1.437636375427246, 11.966959953308105
image_80, 7, 2.1139144897460938, 1.559906244277954, 12.964067459106445
image_80, 7, 2.274911880493164, 1.6811038255691528, 13.961299896240234
image_80, 7, 2.4364376068115234, 1.803434133529663, 14.958442687988281
image_80, 7, 2.594430446624756, 1.9233732223510742, 15.955657958984375
image_80, 7, 2.7466187477111816, 2.0388829708099365, 16.953079223632812
image_80, 7, 2.905017614364624, 2.1588778495788574, 17.950284957885742
image_80, 7, 3.06136155128479, 2.281918525695801, 18.947593688964844
image_80, 7, 3.22050142288208, 2.4065675735473633, 19.944854736328125
image_80, 7, 3.383287191390991, 2.52955961227417, 20.941938400268555
image_80, 7, 3.540344476699829, 2.648353099822998, 21.939302444458008
image_80, 7, 3.7020750045776367, 2.767742156982422, 22.936532974243164
image_80, 7, 3.8676631450653076, 2.890028715133667, 23.93360137939453
image_80, 7, 4.031301975250244, 3.011867046356201, 24.930770874023438
image_80, 7, 4.192221641540527, 3.132720470428467, 25.928104400634766
image_80, 7, 4.358969688415527, 3.2549068927764893, 26.925188064575195
image_80, 7, 4.526070594787598, 3.376873254776001, 27.922290802001953
image_80, 7, 4.691732406616211, 3.498772382736206, 28.919498443603516
image_80, 7, 4.859918594360352, 3.620741128921509, 29.916568756103516
image_1, 8, 0.16543717682361603, 0.12768344581127167, 0.9970789551734924
image_1, 8, 0.33121296763420105, 0.2549179196357727, 1.9942147731781006
image_1, 8, 0.4923173189163208, 0.3800317645072937, 2.991560697555542
image_1, 8, 0.650047779083252, 0.5032455325126648, 3.988978385925293
image_1, 8, 0.810894250869751, 0.6275709867477417, 4.986341953277588
image_1, 8, 0.9746119379997253, 0.7549997568130493, 5.983523845672607
image_1, 8, 1.1385118961334229, 0.8838646411895752, 6.980681419372559
image_1, 8, 1.2995365858078003, 1.011314868927002, 7.977963447570801
image_1, 8, 1.4607974290847778, 1.1387028694152832, 8.975258827209473
image_1, 8, 1.6220002174377441, 1.2664165496826172, 9.972575187683105
image_1, 8, 1.7830716371536255, 1.392777919769287, 10.969918251037598
image_1, 8, 1.9477512836456299, 1.5204054117202759, 11.967138290405273
image_1, 8, 2.108840227127075, 1.64654541015625, 12.964447975158691
image_1, 8, 2.2665886878967285, 1.769891381263733, 13.961810111999512
image_1, 8, 2.425884485244751, 1.8922899961471558, 14.959070205688477
image_1, 8, 2.5813181400299072, 2.0120394229888916, 15.956396102905273
image_1, 8, 2.7325470447540283, 2.129279851913452, 16.95383071899414
image_1, 8, 2.8828957080841064, 2.2500429153442383, 17.95123291015625
image_1, 8, 3.0365099906921387, 2.3732855319976807, 18.948596954345703
image_1, 8, 3.1920664310455322, 2.494577407836914, 19.945968627929688
image_1, 8, 3.347517967224121, 2.6153388023376465, 20.943252563476562
image_1, 8, 3.5074169635772705, 2.7389588356018066, 21.94046974182129
image_1, 8, 3.671407699584961, 2.8651411533355713, 22.937652587890625
image_1, 8, 3.8336517810821533, 2.9900646209716797, 23.93494987487793
image_1, 8, 3.99601411819458, 3.115878105163574, 24.932249069213867
image_1, 8, 4.1570844650268555, 3.2441093921661377, 25.9295654296875
image_1, 8, 4.315608024597168, 3.374577760696411, 26.926820755004883
image_1, 8, 4.4782490730285645, 3.506613254547119, 27.924057006835938
image_1, 8, 4.639632701873779, 3.637599468231201, 28.921314239501953
image_1, 8, 4.804976940155029, 3.7677419185638428, 29.918485641479492
image_124, 9, 0.16490639746189117, 0.1207282766699791, 0.9971802234649658
image_124, 9, 0.3411903977394104, 0.24173758924007416, 1.994159460067749
image_124, 9, 0.5173390507698059, 0.35987943410873413, 2.991152286529541
image_124, 9, 0.694796621799469, 0.4770233929157257, 3.9881091117858887
image_124, 9, 0.8731554746627808, 0.5957944989204407, 4.9850873947143555
image_124, 9, 1.0550470352172852, 0.7179372310638428, 5.981939792633057
image_124, 9, 1.228916049003601, 0.8386802077293396, 6.978955268859863
image_124, 9, 1.4098681211471558, 0.9627336263656616, 7.975809574127197
image_124, 9, 1.5942879915237427, 1.0910093784332275, 8.972396850585938
image_124, 9, 1.7729346752166748, 1.2199790477752686, 9.969108581542969
image_124, 9, 1.956965446472168, 1.3538203239440918, 10.965598106384277
image_124, 9, 2.1395957469940186, 1.4874578714370728, 11.962124824523926
image_124, 9, 2.3229005336761475, 1.6199278831481934, 12.958552360534668
image_124, 9, 2.5000624656677246, 1.7494703531265259, 13.955133438110352
image_124, 9, 2.67177152633667, 1.8764289617538452, 14.951887130737305
image_124, 9, 2.8427538871765137, 2.0031044483184814, 15.948603630065918
image_124, 9, 3.0124921798706055, 2.1305339336395264, 16.945261001586914
image_124, 9, 3.182392120361328, 2.2590959072113037, 17.941923141479492
image_124, 9, 3.3507726192474365, 2.3908333778381348, 18.938594818115234
image_124, 9, 3.520322322845459, 2.524305820465088, 19.93524169921875
image_124, 9, 3.686631679534912, 2.653052806854248, 20.93196678161621
image_124, 9, 3.8531298637390137, 2.777756690979004, 21.92884063720703
image_124, 9, 4.025617599487305, 2.9043731689453125, 22.925586700439453
image_124, 9, 4.2017388343811035, 3.0340678691864014, 23.922374725341797
image_124, 9, 4.378016948699951, 3.1634464263916016, 24.919252395629883
image_124, 9, 4.556138038635254, 3.2927207946777344, 25.916109085083008
image_124, 9, 4.734966278076172, 3.4197773933410645, 26.912982940673828
image_124, 9, 4.91370153427124, 3.546691417694092, 27.909908294677734
image_124, 9, 5.092095375061035, 3.674410820007324, 28.906841278076172
image_124, 9, 5.274235725402832, 3.8025918006896973, 29.903738021850586
image_65, 10, 0.15201044082641602, 0.12179756164550781, 0.9973486065864563
image_65, 10, 0.2973378896713257, 0.24174317717552185, 1.9945273399353027
image_65, 10, 0.44305896759033203, 0.3604058623313904, 2.9916892051696777
image_65, 10, 0.5933454036712646, 0.47699376940727234, 3.9890828132629395
image_65, 10, 0.7397429943084717, 0.594303548336029, 4.986307621002197
image_65, 10, 0.8917118310928345, 0.7104806900024414, 5.983732223510742
image_65, 10, 1.050001859664917, 0.8271898031234741, 6.98118782043457
image_65, 10, 1.2050323486328125, 0.9443492889404297, 7.978606224060059
image_65, 10, 1.3544082641601562, 1.0632675886154175, 8.975798606872559
image_65, 10, 1.513099193572998, 1.1837866306304932, 9.973167419433594
image_65, 10, 1.6700525283813477, 1.3056572675704956, 10.970541954040527
image_65, 10, 1.8161871433258057, 1.4267668724060059, 11.967660903930664
image_65, 10, 1.9744312763214111, 1.5449116230010986, 12.965058326721191
image_65, 10, 2.12727952003479, 1.6620962619781494, 13.96245288848877
image_65, 10, 2.279096841812134, 1.7790448665618896, 14.959809303283691
image_65, 10, 2.4295523166656494, 1.8959755897521973, 15.9571533203125
image_65, 10, 2.5769152641296387, 2.015035629272461, 16.95433807373047
image_65, 10, 2.724092960357666, 2.138247013092041, 17.951162338256836
image_65, 10, 2.87532114982605, 2.2647318840026855, 18.94808578491211
image_65, 10, 3.0262858867645264, 2.3882765769958496, 19.945144653320312
image_65, 10, 3.1645822525024414, 2.5098469257354736, 20.941974639892578
image_65, 10, 3.3061306476593018, 2.6284608840942383, 21.939075469970703
image_65, 10, 3.446316719055176, 2.7482962608337402, 22.936031341552734
image_65, 10, 3.5944464206695557, 2.8702287673950195, 23.933034896850586
image_65, 10, 3.744922637939453, 2.993428945541382, 24.929948806762695
image_65, 10, 3.892460584640503, 3.116548538208008, 25.92682456970215
image_65, 10, 4.038491725921631, 3.238952875137329, 26.92382049560547
image_65, 10, 4.185202121734619, 3.359246253967285, 27.920930862426758
image_65, 10, 4.332857131958008, 3.4780337810516357, 28.918119430541992
image_65, 10, 4.480563163757324, 3.59775447845459, 29.915224075317383
image_137, 11, 0.1762014925479889, 0.12723124027252197, 0.9968088865280151
image_137, 11, 0.35934072732925415, 0.2572059631347656, 1.9931628704071045
image_137, 11, 0.5425418615341187, 0.38657939434051514, 2.9896039962768555
image_137, 11, 0.7202081680297852, 0.5116748809814453, 3.9864933490753174
image_137, 11, 0.9014580249786377, 0.6375581622123718, 4.983133792877197
image_137, 11, 1.0831001996994019, 0.7626802921295166, 5.9797821044921875
image_137, 11, 1.264355182647705, 0.8873571157455444, 6.976431846618652
image_137, 11, 1.4373952150344849, 1.0088893175125122, 7.973509788513184
image_137, 11, 1.607681393623352, 1.1299693584442139, 8.970638275146484
image_137, 11, 1.783776044845581, 1.2546634674072266, 9.967334747314453
image_137, 11, 1.954136848449707, 1.377854824066162, 10.964383125305176
image_137, 11, 2.125300645828247, 1.5020029544830322, 11.961443901062012
image_137, 11, 2.300852060317993, 1.627746820449829, 12.958353042602539
image_137, 11, 2.4844846725463867, 1.7571507692337036, 13.954534530639648
image_137, 11, 2.6706700325012207, 1.8890745639801025, 14.950345039367676
image_137, 11, 2.849181652069092, 2.0165865421295166, 15.946836471557617
image_137, 11, 3.0199928283691406, 2.139968156814575, 16.943830490112305
image_137, 11, 3.195952892303467, 2.265913724899292, 17.940378189086914
image_137, 11, 3.371730327606201, 2.392226457595825, 18.936918258666992
image_137, 11, 3.544752836227417, 2.5162160396575928, 19.933704376220703
image_137, 11, 3.7144174575805664, 2.6373536586761475, 20.930767059326172
image_137, 11, 3.8885257244110107, 2.7618587017059326, 21.92765235900879
image_137, 11, 4.064053058624268, 2.8873701095581055, 22.924442291259766
image_137, 11, 4.237782001495361, 3.0120224952697754, 23.921411514282227
image_137, 11, 4.415671348571777, 3.1391329765319824, 24.918180465698242
image_137, 11, 4.599299907684326, 3.268843650817871, 25.91440773010254
image_137, 11, 4.781797409057617, 3.3964805603027344, 26.910675048828125
image_137, 11, 4.95731258392334, 3.5188658237457275, 27.907508850097656
image_137, 11, 5.135030746459961, 3.6414265632629395, 28.904298782348633
image_137, 11, 5.317538738250732, 3.7661960124969482, 29.900829315185547
image_14, 12, 0.15672747790813446, 0.12453364580869675, 0.9972741603851318
image_14, 12, 0.31236696243286133, 0.24629899859428406, 1.994626522064209
image_14, 12, 0.46162545680999756, 0.36408090591430664, 2.9920923709869385
image_14, 12, 0.6103156208992004, 0.47918152809143066, 3.98964524269104
image_14, 12, 0.7635099291801453, 0.5954625606536865, 4.987157344818115
image_14, 12, 0.9160999655723572, 0.7124527096748352, 5.984677314758301
image_14, 12, 1.063849925994873, 0.8284639120101929, 6.982182025909424
image_14, 12, 1.2182539701461792, 0.9467587471008301, 7.979674816131592
image_14, 12, 1.3694077730178833, 1.0680532455444336, 8.977110862731934
image_14, 12, 1.523070216178894, 1.1926158666610718, 9.974489212036133
image_14, 12, 1.6755318641662598, 1.3166933059692383, 10.971884727478027
image_14, 12, 1.830623745918274, 1.440995454788208, 11.969276428222656
image_14, 12, 1.986764907836914, 1.56544029712677, 12.966639518737793
image_14, 12, 2.138028144836426, 1.6877986192703247, 13.964024543762207
image_14, 12, 2.2907774448394775, 1.8093349933624268, 14.961424827575684
image_14, 12, 2.4331305027008057, 1.931732177734375, 15.958563804626465
image_14, 12, 2.5790605545043945, 2.0546205043792725, 16.95583152770996
image_14, 12, 2.7308452129364014, 2.17810320854187, 17.953142166137695
image_14, 12, 2.8812668323516846, 2.3048996925354004, 18.95041847229004
image_14, 12, 3.0370426177978516, 2.430410861968994, 19.94767189025879
image_14, 12, 3.1839256286621094, 2.550363063812256, 20.945043563842773
image_14, 12, 3.326885223388672, 2.6683764457702637, 21.94236183166504
image_14, 12, 3.478466272354126, 2.78706693649292, 22.939796447753906
image_14, 12, 3.63287091255188, 2.908021926879883, 23.93721580505371
image_14, 12, 3.7898786067962646, 3.032348871231079, 24.934587478637695
image_14, 12, 3.9480392932891846, 3.1574277877807617, 25.931947708129883
image_14, 12, 4.103695392608643, 3.2815990447998047, 26.929336547851562
image_14, 12, 4.26320743560791, 3.4062294960021973, 27.92668914794922
image_14, 12, 4.422765254974365, 3.5284583568573, 28.924095153808594
image_14, 12, 4.583163738250732, 3.6509768962860107, 29.921483993530273
image_68, 13, 0.1616968810558319, 0.12377333641052246, 0.9973312020301819
image_68, 13, 0.32174402475357056, 0.2469845414161682, 1.994701862335205
image_68, 13, 0.48369506001472473, 0.37043389678001404, 2.9920690059661865
image_68, 13, 0.6469008326530457, 0.49291181564331055, 3.989439010620117
image_68, 13, 0.81385338306427, 0.6178604364395142, 4.986614227294922
image_68, 13, 0.9759321212768555, 0.7443186044692993, 5.983897686004639
image_68, 13, 1.1345558166503906, 0.8715247511863708, 6.981230735778809
image_68, 13, 1.297635793685913, 1.000439167022705, 7.97844934463501
image_68, 13, 1.4668707847595215, 1.130109429359436, 8.975419044494629
image_68, 13, 1.6364102363586426, 1.2592483758926392, 9.972434043884277
image_68, 13, 1.8059014081954956, 1.3875325918197632, 10.969483375549316
image_68, 13, 1.9724851846694946, 1.513694167137146, 11.966666221618652
image_68, 13, 2.1431875228881836, 1.641723394393921, 12.963624000549316
image_68, 13, 2.3068606853485107, 1.7665917873382568, 13.960912704467773
image_68, 13, 2.475045919418335, 1.8931559324264526, 14.957986831665039
image_68, 13, 2.640627384185791, 2.0182783603668213, 15.955130577087402
image_68, 13, 2.801328659057617, 2.141188144683838, 16.952451705932617
image_68, 13, 2.9553658962249756, 2.264343500137329, 17.949750900268555
image_68, 13, 3.111241102218628, 2.387208938598633, 18.947080612182617
image_68, 13, 3.2707266807556152, 2.508760929107666, 19.944421768188477
image_68, 13, 3.4269866943359375, 2.629521608352661, 20.941802978515625
image_68, 13, 3.5855422019958496, 2.7513577938079834, 21.93912696838379
image_68, 13, 3.750182867050171, 2.8761565685272217, 22.936279296875
image_68, 13, 3.9154510498046875, 3.0029869079589844, 23.93347930908203
image_68, 13, 4.084751605987549, 3.1311190128326416, 24.930553436279297
image_68, 13, 4.250672340393066, 3.2569069862365723, 25.927762985229492
image_68, 13, 4.412425994873047, 3.3818135261535645, 26.92509651184082
image_68, 13, 4.571538925170898, 3.507181406021118, 27.922460556030273
image_68, 13, 4.739391803741455, 3.6357221603393555, 28.91954231262207
image_68, 13, 4.903703212738037, 3.762185573577881, 29.916763305664062
image_96, 14, 0.16091464459896088, 0.11975467950105667, 0.9973682761192322
image_96, 14, 0.3318723738193512, 0.24263055622577667, 1.9943184852600098
image_96, 14, 0.4911222457885742, 0.36038902401924133, 2.991726875305176
image_96, 14, 0.6508496999740601, 0.4774809181690216, 3.9891550540924072
image_96, 14, 0.8204591870307922, 0.5969222187995911, 4.9862775802612305
image_96, 14, 0.9914770126342773, 0.7162911891937256, 5.983306407928467
image_96, 14, 1.1569809913635254, 0.8349043130874634, 6.980550289154053
image_96, 14, 1.3189777135849, 0.9551023840904236, 7.9778642654418945
image_96, 14, 1.4855424165725708, 1.0805631875991821, 8.975004196166992
image_96, 14, 1.6562360525131226, 1.2095863819122314, 9.972002983093262
image_96, 14, 1.819619059562683, 1.336169958114624, 10.969171524047852
image_96, 14, 1.9778624773025513, 1.4600199460983276, 11.9663667678833
image_96, 14, 2.1325037479400635, 1.5850859880447388, 12.963376998901367
image_96, 14, 2.2878410816192627, 1.7109745740890503, 13.960386276245117
image_96, 14, 2.4386203289031982, 1.8362836837768555, 14.957245826721191
image_96, 14, 2.5881409645080566, 1.958020806312561, 15.95426082611084
image_96, 14, 2.747462511062622, 2.078887462615967, 16.951416015625
image_96, 14, 2.9045162200927734, 2.202486038208008, 17.948579788208008
image_96, 14, 3.0642359256744385, 2.325944423675537, 18.945676803588867
image_96, 14, 3.2197818756103516, 2.4467411041259766, 19.942829132080078
image_96, 14, 3.381239891052246, 2.5708513259887695, 20.9398136138916
image_96, 14, 3.5363729000091553, 2.695202350616455, 21.936857223510742
image_96, 14, 3.70637845993042, 2.8235716819763184, 22.933826446533203
image_96, 14, 3.8708980083465576, 2.9504430294036865, 23.930925369262695
image_96, 14, 4.032015323638916, 3.077162981033325, 24.927995681762695
image_96, 14, 4.19102668762207, 3.204935312271118, 25.925006866455078
image_96, 14, 4.346578598022461, 3.330591917037964, 26.922012329101562
image_96, 14, 4.500551700592041, 3.452732563018799, 27.91910171508789
image_96, 14, 4.653097629547119, 3.5714683532714844, 28.91621971130371
image_96, 14, 4.808727741241455, 3.6881799697875977, 29.913490295410156
image_27, 15, 0.15006712079048157, 0.11996929347515106, 0.9973697662353516
image_27, 15, 0.29737389087677, 0.2380782663822174, 1.9947295188903809
image_27, 15, 0.44669684767723083, 0.3532513380050659, 2.992216110229492
image_27, 15, 0.5938284397125244, 0.46922290325164795, 3.989589214324951
image_27, 15, 0.7366982698440552, 0.5859819054603577, 4.986753463745117
image_27, 15, 0.8852718472480774, 0.7002802491188049, 5.984261512756348
image_27, 15, 1.0348944664001465, 0.8137568235397339, 6.981815814971924
image_27, 15, 1.1812772750854492, 0.9284061193466187, 7.979301452636719
image_27, 15, 1.3325612545013428, 1.04763662815094, 8.97673511505127
image_27, 15, 1.4840528964996338, 1.1681183576583862, 9.974174499511719
image_27, 15, 1.6302366256713867, 1.2880825996398926, 10.971542358398438
image_27, 15, 1.7757453918457031, 1.4082235097885132, 11.968907356262207
image_27, 15, 1.9261000156402588, 1.528262972831726, 12.966334342956543
image_27, 15, 2.0727033615112305, 1.6459928750991821, 13.96379566192627
image_27, 15, 2.220184803009033, 1.7642494440078735, 14.961251258850098
image_27, 15, 2.3631229400634766, 1.8811774253845215, 15.958694458007812
image_27, 15, 2.5011353492736816, 1.9978598356246948, 16.956022262573242
image_27, 15, 2.6433157920837402, 2.1156139373779297, 17.95340919494629
image_27, 15, 2.7882537841796875, 2.2366433143615723, 18.950706481933594
image_27, 15, 2.934250593185425, 2.3565673828125, 19.948081970214844
image_27, 15, 3.0801937580108643, 2.477160930633545, 20.945415496826172
image_27, 15, 3.2251780033111572, 2.5992143154144287, 21.942697525024414
image_27, 15, 3.3711330890655518, 2.7203707695007324, 22.94002914428711
image_27, 15, 3.5225889682769775, 2.842617988586426, 23.937395095825195
image_27, 15, 3.673953056335449, 2.9645397663116455, 24.934764862060547
image_27, 15, 3.8222928047180176, 3.0861263275146484, 25.932085037231445
image_27, 15, 3.9748892784118652, 3.2071187496185303, 26.929487228393555
image_27, 15, 4.124889373779297, 3.326664447784424, 27.926877975463867
image_27, 15, 4.276417255401611, 3.445962905883789, 28.9243221282959
image_27, 15, 4.428403854370117, 3.5625038146972656, 29.921836853027344
image_79, 16, 0.13956698775291443, 0.118412546813488, 0.997039794921875
image_79, 16, 0.2802373170852661, 0.23563791811466217, 1.9942009449005127
image_79, 16, 0.4226435124874115, 0.35076242685317993, 2.991548776626587
image_79, 16, 0.5641070604324341, 0.4656413197517395, 3.988863945007324
image_79, 16, 0.7047097086906433, 0.5802585482597351, 4.986152172088623
image_79, 16, 0.8496733903884888, 0.6964498162269592, 5.983545303344727
image_79, 16, 0.9952633380889893, 0.8141063451766968, 6.980894088745117
image_79, 16, 1.1414326429367065, 0.9325664639472961, 7.978259086608887
image_79, 16, 1.2835350036621094, 1.0523592233657837, 8.975569725036621
image_79, 16, 1.4294772148132324, 1.1717820167541504, 9.973003387451172
image_79, 16, 1.5734388828277588, 1.292174220085144, 10.970349311828613
image_79, 16, 1.7201203107833862, 1.4121731519699097, 11.967719078063965
image_79, 16, 1.8632804155349731, 1.5299185514450073, 12.96503734588623
image_79, 16, 2.0044844150543213, 1.6477476358413696, 13.962322235107422
image_79, 16, 2.1478404998779297, 1.765937328338623, 14.959663391113281
image_79, 16, 2.291928291320801, 1.8840558528900146, 15.95701789855957
image_79, 16, 2.434434413909912, 2.002988815307617, 16.95433235168457
image_79, 16, 2.5745630264282227, 2.1231207847595215, 17.95148468017578
image_79, 16, 2.713860511779785, 2.245231866836548, 18.948589324951172
image_79, 16, 2.8557214736938477, 2.370100736618042, 19.94563865661621
image_79, 16, 2.998453140258789, 2.494429111480713, 20.94278907775879
image_79, 16, 3.141023635864258, 2.6157538890838623, 21.940013885498047
image_79, 16, 3.283137798309326, 2.733475685119629, 22.937313079833984
image_79, 16, 3.4282846450805664, 2.8508408069610596, 23.93467140197754
image_79, 16, 3.572606086730957, 2.9690728187561035, 24.931983947753906
image_79, 16, 3.7147562503814697, 3.0891473293304443, 25.929075241088867
image_79, 16, 3.8650853633880615, 3.2067131996154785, 26.92650032043457
image_79, 16, 4.013856410980225, 3.3229620456695557, 27.9239501953125
image_79, 16, 4.15968132019043, 3.439399242401123, 28.921321868896484
image_79, 16, 4.310701370239258, 3.554891586303711, 29.918792724609375
image_50, 17, 0.16541114449501038, 0.12483954429626465, 0.9970236420631409
image_50, 17, 0.32797497510910034, 0.2476549595594406, 1.9942607879638672
image_50, 17, 0.4830907881259918, 0.36820802092552185, 2.9917101860046387
image_50, 17, 0.6415258049964905, 0.4895469844341278, 3.989109992980957
image_50, 17, 0.8044084310531616, 0.6125571131706238, 4.986361026763916
image_50, 17, 0.9667521715164185, 0.737015962600708, 5.983603477478027
image_50, 17, 1.1263456344604492, 0.8628530502319336, 6.980907917022705
image_50, 17, 1.284964919090271, 0.9893132448196411, 7.978212356567383
image_50, 17, 1.4416669607162476, 1.1161937713623047, 8.975521087646484
image_50, 17, 1.6013596057891846, 1.2432150840759277, 9.972813606262207
image_50, 17, 1.7641417980194092, 1.3701794147491455, 10.970046997070312
image_50, 17, 1.9287116527557373, 1.4956014156341553, 11.967225074768066
image_50, 17, 2.092986583709717, 1.621173620223999, 12.964376449584961
image_50, 17, 2.2565665245056152, 1.7473078966140747, 13.961494445800781
image_50, 17, 2.4150166511535645, 1.8714115619659424, 14.958756446838379
image_50, 17, 2.5668704509735107, 1.9912352561950684, 15.956162452697754
image_50, 17, 2.7225332260131836, 2.111906051635742, 16.95343780517578
image_50, 17, 2.8792319297790527, 2.237077236175537, 17.950653076171875
image_50, 17, 3.043076992034912, 2.3664963245391846, 18.947708129882812
image_50, 17, 3.1996593475341797, 2.490959882736206, 19.94497299194336
image_50, 17, 3.360694646835327, 2.6139168739318848, 20.942018508911133
image_50, 17, 3.517265796661377, 2.7352285385131836, 21.939374923706055
image_50, 17, 3.677954912185669, 2.8603997230529785, 22.936635971069336
image_50, 17, 3.8387091159820557, 2.9862842559814453, 23.93394660949707
image_50, 17, 4.001770496368408, 3.113528251647949, 24.93123435974121
image_50, 17, 4.166062355041504, 3.245000123977661, 25.928451538085938
image_50, 17, 4.32753849029541, 3.377657175064087, 26.925655364990234
image_50, 17, 4.49066162109375, 3.5081753730773926, 27.922889709472656
image_50, 17, 4.656010627746582, 3.6355338096618652, 28.920164108276367
image_50, 17, 4.820546627044678, 3.761882781982422, 29.917463302612305
image_128, 18, 0.157274529337883, 0.12225347012281418, 0.9973757863044739
image_128, 18, 0.31204575300216675, 0.24492639303207397, 1.9947435855865479
image_128, 18, 0.4736679196357727, 0.3686732053756714, 2.9920637607574463
image_128, 18, 0.633867621421814, 0.492093563079834, 3.989426374435425
image_128, 18, 0.7990555167198181, 0.615971565246582, 4.98668909072876
image_128, 18, 0.9630398154258728, 0.7387181520462036, 5.983998775482178
image_128, 18, 1.1240084171295166, 0.8621874451637268, 6.981344699859619
image_128, 18, 1.2917386293411255, 0.9914126396179199, 7.978425025939941
image_128, 18, 1.4566540718078613, 1.124053955078125, 8.975554466247559
image_128, 18, 1.6218692064285278, 1.2579360008239746, 9.972679138183594
image_128, 18, 1.7864582538604736, 1.3887333869934082, 10.969863891601562
image_128, 18, 1.9486021995544434, 1.514437198638916, 11.967155456542969
image_128, 18, 2.1113970279693604, 1.6381791830062866, 12.96448802947998
image_128, 18, 2.276123285293579, 1.763744831085205, 13.961729049682617
image_128, 18, 2.438422203063965, 1.8883130550384521, 14.958972930908203
image_128, 18, 2.598294734954834, 2.010030746459961, 15.956226348876953
image_128, 18, 2.759892225265503, 2.131232976913452, 16.953397750854492
image_128, 18, 2.9168102741241455, 2.252849578857422, 17.950746536254883
image_128, 18, 3.077394723892212, 2.3780951499938965, 18.947994232177734
image_128, 18, 3.2318131923675537, 2.5025267601013184, 19.945199966430664
image_128, 18, 3.382704734802246, 2.624454975128174, 20.942476272583008
image_128, 18, 3.536940574645996, 2.746657371520996, 21.939796447753906
image_128, 18, 3.699091911315918, 2.873034715652466, 22.937040328979492
image_128, 18, 3.87139630317688, 3.0041866302490234, 23.93401336669922
image_128, 18, 4.033526420593262, 3.131758213043213, 24.931270599365234
image_128, 18, 4.185051918029785, 3.2599401473999023, 25.928220748901367
image_128, 18, 4.3363142013549805, 3.389504909515381, 26.925199508666992
image_128, 18, 4.49045467376709, 3.517906904220581, 27.922351837158203
image_128, 18, 4.640115261077881, 3.645920991897583, 28.919153213500977
image_128, 18, 4.791167259216309, 3.7713873386383057, 29.91608238220215
image_119, 19, 0.16428443789482117, 0.1245645135641098, 0.9971575736999512
image_119, 19, 0.3281961679458618, 0.24851244688034058, 1.994407296180725
image_119, 19, 0.4898664653301239, 0.3702462613582611, 2.9917662143707275
image_119, 19, 0.6497985124588013, 0.48993173241615295, 3.9891865253448486
image_119, 19, 0.803518533706665, 0.6083353161811829, 4.986667156219482
image_119, 19, 0.963371753692627, 0.7283106446266174, 5.984102249145508
image_119, 19, 1.1245319843292236, 0.8490183353424072, 6.98151969909668
image_119, 19, 1.2853590250015259, 0.9678459167480469, 7.978955268859863
image_119, 19, 1.4451594352722168, 1.085181474685669, 8.976428985595703
image_119, 19, 1.605219841003418, 1.2015764713287354, 9.97390365600586
image_119, 19, 1.7686163187026978, 1.3201355934143066, 10.971267700195312
image_119, 19, 1.9306505918502808, 1.4408423900604248, 11.968620300292969
image_119, 19, 2.092255115509033, 1.5626815557479858, 12.96592903137207
image_119, 19, 2.2551143169403076, 1.6848517656326294, 13.963109970092773
image_119, 19, 2.416083335876465, 1.8072752952575684, 14.960310935974121
image_119, 19, 2.5722644329071045, 1.9292693138122559, 15.957619667053223
image_119, 19, 2.7285871505737305, 2.050541639328003, 16.9549503326416
image_119, 19, 2.890648126602173, 2.177015781402588, 17.952106475830078
image_119, 19, 3.053645133972168, 2.3064188957214355, 18.949220657348633
image_119, 19, 3.2145895957946777, 2.433401346206665, 19.946395874023438
image_119, 19, 3.3709559440612793, 2.5567662715911865, 20.943708419799805
image_119, 19, 3.5293726921081543, 2.679259777069092, 21.9410343170166
image_119, 19, 3.689984083175659, 2.8009448051452637, 22.93838882446289
image_119, 19, 3.8553566932678223, 2.922626256942749, 23.935636520385742
image_119, 19, 4.0190815925598145, 3.0428178310394287, 24.93297576904297
image_119, 19, 4.184368133544922, 3.163402795791626, 25.9302978515625
image_119, 19, 4.345548629760742, 3.283250570297241, 26.927722930908203
image_119, 19, 4.505616188049316, 3.403140068054199, 27.925151824951172
image_119, 19, 4.667989253997803, 3.5234856605529785, 28.922536849975586
image_119, 19, 4.829316139221191, 3.644221544265747, 29.919923782348633
image_103, 20, 0.16040390729904175, 0.12559369206428528, 0.9972797632217407
image_103, 20, 0.31910037994384766, 0.2493666410446167, 1.9946469068527222
image_103, 20, 0.47908663749694824, 0.37345367670059204, 2.9920029640197754
image_103, 20, 0.6408830881118774, 0.4976997971534729, 3.989330291748047
image_103, 20, 0.8048069477081299, 0.6218925714492798, 4.98662805557251
image_103, 20, 0.969589352607727, 0.7460592985153198, 5.983895778656006
image_103, 20, 1.1265515089035034, 0.8686469793319702, 6.981308937072754
image_103, 20, 1.2860865592956543, 0.9926772117614746, 7.9786763191223145
image_103, 20, 1.4520459175109863, 1.1208183765411377, 8.97579574584961
image_103, 20, 1.6157134771347046, 1.2484616041183472, 9.973024368286133
image_103, 20, 1.7779760360717773, 1.3739326000213623, 10.970315933227539
image_103, 20, 1.9378846883773804, 1.4962878227233887, 11.967659950256348
image_103, 20, 2.097503185272217, 1.6179677248001099, 12.964993476867676
image_103, 20, 2.2567198276519775, 1.7394660711288452, 13.96231746673584
image_103, 20, 2.4153475761413574, 1.861536979675293, 14.959620475769043
image_103, 20, 2.565720558166504, 1.9813395738601685, 15.957035064697266
image_103, 20, 2.7101848125457764, 2.1001193523406982, 16.95439910888672
image_103, 20, 2.8541603088378906, 2.2194676399230957, 17.951690673828125
image_103, 20, 3.008044481277466, 2.341339111328125, 18.949047088623047
image_103, 20, 3.168107748031616, 2.464930534362793, 19.9462890625
image_103, 20, 3.3266167640686035, 2.5874698162078857, 20.9435977935791
image_103, 20, 3.487028121948242, 2.711481809616089, 21.940807342529297
image_103, 20, 3.6447548866271973, 2.8355941772460938, 22.93813133239746
image_103, 20, 3.8048105239868164, 2.9611518383026123, 23.93543243408203
image_103, 20, 3.961559534072876, 3.0871059894561768, 24.932767868041992
image_103, 20, 4.113515853881836, 3.2112364768981934, 25.930086135864258
image_103, 20, 4.271806716918945, 3.334669589996338, 26.92745590209961
image_103, 20, 4.431203365325928, 3.45833420753479, 27.924819946289062
image_103, 20, 4.59215784072876, 3.580758810043335, 28.92219352722168
image_103, 20, 4.753605365753174, 3.702465295791626, 29.919570922851562
image_24, 21, 0.1469828337430954, 0.12018325924873352, 0.9971955418586731
image_24, 21, 0.2945338487625122, 0.23852364718914032, 1.9944775104522705
image_24, 21, 0.43877702951431274, 0.35593515634536743, 2.9916415214538574
image_24, 21, 0.5890719294548035, 0.4717065989971161, 3.989089012145996
image_24, 21, 0.7383327484130859, 0.5889831781387329, 4.986469268798828
image_24, 21, 0.8826521635055542, 0.7063224911689758, 5.983658790588379
image_24, 21, 1.032912015914917, 0.8209401965141296, 6.981180667877197
image_24, 21, 1.1855547428131104, 0.9371018409729004, 7.978679656982422
image_24, 21, 1.3401304483413696, 1.0544801950454712, 8.976150512695312
image_24, 21, 1.4912703037261963, 1.17195725440979, 9.973567008972168
image_24, 21, 1.6445142030715942, 1.290954828262329, 10.97098159790039
image_24, 21, 1.7975327968597412, 1.4080533981323242, 11.968466758728027
image_24, 21, 1.949607014656067, 1.525360107421875, 12.965930938720703
image_24, 21, 2.098615884780884, 1.6409556865692139, 13.963385581970215
image_24, 21, 2.247532844543457, 1.7567371129989624, 14.960844993591309
image_24, 21, 2.391000986099243, 1.875585675239563, 15.958115577697754
image_24, 21, 2.53515887260437, 1.9955319166183472, 16.955402374267578
image_24, 21, 2.6851353645324707, 2.113615036010742, 17.952781677246094
image_24, 21, 2.833268642425537, 2.233466625213623, 18.950124740600586
image_24, 21, 2.9845144748687744, 2.3570172786712646, 19.947378158569336
image_24, 21, 3.1337552070617676, 2.477729558944702, 20.944664001464844
image_24, 21, 3.2850351333618164, 2.5955710411071777, 21.942052841186523
image_24, 21, 3.432283401489258, 2.713014841079712, 22.93941307067871
image_24, 21, 3.5794665813446045, 2.829212188720703, 23.936826705932617
image_24, 21, 3.7261829376220703, 2.9459691047668457, 24.93421745300293
image_24, 21, 3.878476142883301, 3.0629093647003174, 25.931659698486328
image_24, 21, 4.03362512588501, 3.1816582679748535, 26.929044723510742
image_24, 21, 4.187192440032959, 3.2994916439056396, 27.926462173461914
image_24, 21, 4.340339660644531, 3.4158668518066406, 28.92395782470703
image_24, 21, 4.48900842666626, 3.5314645767211914, 29.921401977539062
image_143, 22, 0.1630297303199768, 0.12101046741008759, 0.9972781538963318
image_143, 22, 0.32469403743743896, 0.23950472474098206, 1.9946415424346924
image_143, 22, 0.48855915665626526, 0.357757568359375, 2.991960048675537
image_143, 22, 0.654749870300293, 0.47668173909187317, 3.98919677734375
image_143, 22, 0.8227710127830505, 0.5968029499053955, 4.986396789550781
image_143, 22, 0.9882788062095642, 0.716245174407959, 5.983726501464844
image_143, 22, 1.1533210277557373, 0.836061418056488, 6.9810380935668945
image_143, 22, 1.3199893236160278, 0.9588316082954407, 7.9782209396362305
image_143, 22, 1.4839152097702026, 1.081641435623169, 8.97549819946289
image_143, 22, 1.6512895822525024, 1.2053112983703613, 9.972620964050293
image_143, 22, 1.8176045417785645, 1.3291727304458618, 10.969752311706543
image_143, 22, 1.97991144657135, 1.4501076936721802, 11.96708869934082
image_143, 22, 2.1402170658111572, 1.5689091682434082, 12.964488983154297
image_143, 22, 2.306636333465576, 1.689894437789917, 13.961517333984375
image_143, 22, 2.4660141468048096, 1.8080494403839111, 14.95876407623291
image_143, 22, 2.6212542057037354, 1.924625039100647, 15.956167221069336
image_143, 22, 2.7774999141693115, 2.042973756790161, 16.95352554321289
image_143, 22, 2.9333789348602295, 2.165005683898926, 17.950881958007812
image_143, 22, 3.083634853363037, 2.2892873287200928, 18.948179244995117
image_143, 22, 3.239816427230835, 2.4115371704101562, 19.945528030395508
image_143, 22, 3.39520263671875, 2.529561996459961, 20.94294548034668
image_143, 22, 3.557365655899048, 2.6483306884765625, 21.940109252929688
image_143, 22, 3.7244842052459717, 2.7696940898895264, 22.937091827392578
image_143, 22, 3.89436411857605, 2.8924355506896973, 23.933963775634766
image_143, 22, 4.056937217712402, 3.012420415878296, 24.931276321411133
image_143, 22, 4.217248439788818, 3.131096124649048, 25.9287052154541
image_143, 22, 4.384803771972656, 3.252082347869873, 26.925874710083008
image_143, 22, 4.55228328704834, 3.3737049102783203, 27.92302703857422
image_143, 22, 4.719010829925537, 3.4956085681915283, 28.920202255249023
image_143, 22, 4.884049892425537, 3.616875171661377, 29.917495727539062
image_12, 23, 0.17084231972694397, 0.11652662605047226, 0.9973492622375488
image_12, 23, 0.34537792205810547, 0.23259472846984863, 1.9946298599243164
image_12, 23, 0.5190016627311707, 0.3490891456604004, 2.9919536113739014
image_12, 23, 0.6972424983978271, 0.465398907661438, 3.9892497062683105
image_12, 23, 0.8960791230201721, 0.5843952894210815, 4.98625373840332
image_12, 23, 1.0825773477554321, 0.7012251019477844, 5.983467102050781
image_12, 23, 1.271976351737976, 0.820505678653717, 6.9806294441223145
image_12, 23, 1.4562275409698486, 0.9430717825889587, 7.977808952331543
image_12, 23, 1.668954849243164, 1.0710134506225586, 8.97443675994873
image_12, 23, 1.8492895364761353, 1.1930568218231201, 9.971601486206055
image_12, 23, 2.020035743713379, 1.3102856874465942, 10.968792915344238
image_12, 23, 2.189096689224243, 1.42699134349823, 11.966072082519531
image_12, 23, 2.365429162979126, 1.544811725616455, 12.96328353881836
image_12, 23, 2.531148910522461, 1.6610076427459717, 13.960596084594727
image_12, 23, 2.712008237838745, 1.7781769037246704, 14.957736015319824
image_12, 23, 2.8905444145202637, 1.8943616151809692, 15.954777717590332
image_12, 23, 3.0650336742401123, 2.0147762298583984, 16.95176124572754
image_12, 23, 3.247657299041748, 2.1418874263763428, 17.948684692382812
image_12, 23, 3.421194553375244, 2.2642791271209717, 18.945802688598633
image_12, 23, 3.5992932319641113, 2.383192539215088, 19.942834854125977
image_12, 23, 3.79728364944458, 2.501680612564087, 20.93958854675293
image_12, 23, 3.985974073410034, 2.6193556785583496, 21.936613082885742
image_12, 23, 4.174719333648682, 2.7389540672302246, 22.93368148803711
image_12, 23, 4.368710517883301, 2.85982608795166, 23.930654525756836
image_12, 23, 4.5496745109558105, 2.9805409908294678, 24.927764892578125
image_12, 23, 4.752560138702393, 3.102789878845215, 25.924612045288086
image_12, 23, 4.9402546882629395, 3.2245185375213623, 26.921703338623047
image_12, 23, 5.144877910614014, 3.3505475521087646, 27.918481826782227
image_12, 23, 5.328233242034912, 3.4741573333740234, 28.91554069519043
image_12, 23, 5.521829128265381, 3.5966992378234863, 29.912599563598633
image_113, 24, 0.16635917127132416, 0.12297078222036362, 0.9970515370368958
image_113, 24, 0.3247528374195099, 0.2412448525428772, 1.9944913387298584
image_113, 24, 0.4913444519042969, 0.36114978790283203, 2.9915847778320312
image_113, 24, 0.6584078073501587, 0.4806338846683502, 3.9886579513549805
image_113, 24, 0.8245540261268616, 0.599716067314148, 4.985833168029785
image_113, 24, 0.9865620732307434, 0.7182987332344055, 5.983218193054199
image_113, 24, 1.150078535079956, 0.8391150236129761, 6.980578899383545
image_113, 24, 1.3182106018066406, 0.9633264541625977, 7.9777679443359375
image_113, 24, 1.4867199659347534, 1.0897536277770996, 8.974928855895996
image_113, 24, 1.6586493253707886, 1.219642996788025, 9.97193717956543
image_113, 24, 1.8321380615234375, 1.3500186204910278, 10.968850135803223
image_113, 24, 2.002551794052124, 1.4778485298156738, 11.965935707092285
image_113, 24, 2.171797037124634, 1.6041932106018066, 12.963047981262207
image_113, 24, 2.334611415863037, 1.7272546291351318, 13.960371971130371
image_113, 24, 2.4980876445770264, 1.8486698865890503, 14.957655906677246
image_113, 24, 2.6625919342041016, 1.9682714939117432, 15.954854965209961
image_113, 24, 2.8255221843719482, 2.0870015621185303, 16.95207405090332
image_113, 24, 2.981945514678955, 2.206219434738159, 17.949451446533203
image_113, 24, 3.1387486457824707, 2.3277454376220703, 18.946779251098633
image_113, 24, 3.2982356548309326, 2.4503092765808105, 19.94399642944336
image_113, 24, 3.456709384918213, 2.57182240486145, 20.9412841796875
image_113, 24, 3.6114373207092285, 2.6912777423858643, 21.938697814941406
image_113, 24, 3.7742223739624023, 2.812154531478882, 22.935909271240234
image_113, 24, 3.937542200088501, 2.93376088142395, 23.933168411254883
image_113, 24, 4.108609676361084, 3.060070037841797, 24.930021286010742
image_113, 24, 4.281465530395508, 3.188643455505371, 25.926725387573242
image_113, 24, 4.451744556427002, 3.3158369064331055, 26.923595428466797
image_113, 24, 4.621896266937256, 3.4415152072906494, 27.920530319213867
image_113, 24, 4.785355091094971, 3.5626580715179443, 28.917890548706055
image_113, 24, 4.954024314880371, 3.6845483779907227, 29.915081024169922
image_112, 25, 0.15323933959007263, 0.1184714213013649, 0.9974642992019653
image_112, 25, 0.30440911650657654, 0.2357475459575653, 1.9949171543121338
image_112, 25, 0.4516826868057251, 0.3522406220436096, 2.992304801940918
image_112, 25, 0.5987242460250854, 0.46987590193748474, 3.989640474319458
image_112, 25, 0.7577012777328491, 0.5894458889961243, 4.987083435058594
image_112, 25, 0.9169213771820068, 0.7079871892929077, 5.984539985656738
image_112, 25, 1.0748249292373657, 0.8255645036697388, 6.982021808624268
image_112, 25, 1.2312579154968262, 0.9448865652084351, 7.979482650756836
image_112, 25, 1.3879342079162598, 1.0657340288162231, 8.976913452148438
image_112, 25, 1.5450879335403442, 1.189069151878357, 9.974305152893066
image_112, 25, 1.7021582126617432, 1.314107894897461, 10.971671104431152
image_112, 25, 1.8578698635101318, 1.4366239309310913, 11.969073295593262
image_112, 25, 2.0152835845947266, 1.558084487915039, 12.966444969177246
image_112, 25, 2.1656181812286377, 1.6787716150283813, 13.963833808898926
image_112, 25, 2.312886953353882, 1.7990715503692627, 14.961197853088379
image_112, 25, 2.4592714309692383, 1.9179532527923584, 15.958606719970703
image_112, 25, 2.603043556213379, 2.0340328216552734, 16.956026077270508
image_112, 25, 2.7468528747558594, 2.1505625247955322, 17.953413009643555
image_112, 25, 2.8983569145202637, 2.2702057361602783, 18.950780868530273
image_112, 25, 3.0525689125061035, 2.3924949169158936, 19.94804573059082
image_112, 25, 3.202195167541504, 2.512697458267212, 20.94536590576172
image_112, 25, 3.348999500274658, 2.6296892166137695, 21.94274139404297
image_112, 25, 3.5022242069244385, 2.7469592094421387, 22.94016456604004
image_112, 25, 3.6598973274230957, 2.8683359622955322, 23.93748664855957
image_112, 25, 3.8075413703918457, 2.989701271057129, 24.934810638427734
image_112, 25, 3.962137460708618, 3.1123836040496826, 25.93215560913086
image_112, 25, 4.119337558746338, 3.2337889671325684, 26.92951202392578
image_112, 25, 4.27755880355835, 3.3510401248931885, 27.926956176757812
image_112, 25, 4.442939758300781, 3.4702937602996826, 28.92426300048828
image_112, 25, 4.607534885406494, 3.59161114692688, 29.921573638916016
image_62, 26, 0.1506923884153366, 0.11840960383415222, 0.9973333477973938
image_62, 26, 0.29819294810295105, 0.2359415888786316, 1.9945805072784424
image_62, 26, 0.44870543479919434, 0.3533734083175659, 2.9919633865356445
image_62, 26, 0.6003608703613281, 0.4700775146484375, 3.989415168762207
image_62, 26, 0.7508998513221741, 0.5889748930931091, 4.98675537109375
image_62, 26, 0.8998744487762451, 0.7084673643112183, 5.983998775482178
image_62, 26, 1.04812490940094, 0.8269866704940796, 6.981265544891357
image_62, 26, 1.193812370300293, 0.9456251263618469, 7.978429317474365
image_62, 26, 1.3407212495803833, 1.0630087852478027, 8.975723266601562
image_62, 26, 1.4923591613769531, 1.18009352684021, 9.973160743713379
image_62, 26, 1.6425650119781494, 1.2995643615722656, 10.970474243164062
image_62, 26, 1.7907159328460693, 1.421746015548706, 11.967637062072754
image_62, 26, 1.9366786479949951, 1.545474648475647, 12.964710235595703
image_62, 26, 2.086693525314331, 1.6641103029251099, 13.962118148803711
image_62, 26, 2.232081651687622, 1.7816611528396606, 14.959461212158203
image_62, 26, 2.375443696975708, 1.9013404846191406, 15.956612586975098
image_62, 26, 2.5171289443969727, 2.0223512649536133, 16.953670501708984
image_62, 26, 2.6645069122314453, 2.1426520347595215, 17.950944900512695
image_62, 26, 2.8139045238494873, 2.2691268920898438, 18.94814109802246
image_62, 26, 2.9609806537628174, 2.393824338912964, 19.945314407348633
image_62, 26, 3.1029884815216064, 2.5116171836853027, 20.942556381225586
image_62, 26, 3.2476961612701416, 2.631068229675293, 21.93976402282715
image_62, 26, 3.3976311683654785, 2.7527854442596436, 22.937068939208984
image_62, 26, 3.548717498779297, 2.875384569168091, 23.934364318847656
image_62, 26, 3.7000136375427246, 2.9965574741363525, 24.931699752807617
image_62, 26, 3.8520936965942383, 3.1172385215759277, 25.929035186767578
image_62, 26, 4.004105091094971, 3.2384185791015625, 26.926319122314453
image_62, 26, 4.1595659255981445, 3.3600001335144043, 27.923664093017578
image_62, 26, 4.316915035247803, 3.482104539871216, 28.92102813720703
image_62, 26, 4.472819805145264, 3.6045689582824707, 29.918336868286133
image_10, 27, 0.16175009310245514, 0.1290709376335144, 0.9971569776535034
image_10, 27, 0.32479679584503174, 0.25779664516448975, 1.994326114654541
image_10, 27, 0.4820527732372284, 0.3838684856891632, 2.991588830947876
image_10, 27, 0.6434652805328369, 0.509803295135498, 3.988879680633545
image_10, 27, 0.8081124424934387, 0.6354148387908936, 4.986125469207764
image_10, 27, 0.9680485129356384, 0.759520411491394, 5.983462333679199
image_10, 27, 1.1290069818496704, 0.8849114179611206, 6.980766773223877
image_10, 27, 1.2879306077957153, 1.0118224620819092, 7.978053092956543
image_10, 27, 1.449253797531128, 1.1404738426208496, 8.975309371948242
image_10, 27, 1.6094099283218384, 1.2703777551651, 9.97256851196289
image_10, 27, 1.7666711807250977, 1.4012202024459839, 10.96971321105957
image_10, 27, 1.9233659505844116, 1.5301896333694458, 11.96685791015625
image_10, 27, 2.080310344696045, 1.6560320854187012, 12.964115142822266
image_10, 27, 2.237297534942627, 1.7814569473266602, 13.961383819580078
image_10, 27, 2.3962507247924805, 1.9078458547592163, 14.95860767364502
image_10, 27, 2.5493223667144775, 2.031573534011841, 15.955886840820312
image_10, 27, 2.701234817504883, 2.150935649871826, 16.953258514404297
image_10, 27, 2.8565752506256104, 2.2715790271759033, 17.9505615234375
image_10, 27, 3.009223461151123, 2.3922348022460938, 18.947879791259766
image_10, 27, 3.1578452587127686, 2.5107674598693848, 19.94524574279785
image_10, 27, 3.3054089546203613, 2.628445863723755, 20.942668914794922
image_10, 27, 3.4555819034576416, 2.7469682693481445, 21.9400577545166
image_10, 27, 3.6092069149017334, 2.868398427963257, 22.9373836517334
image_10, 27, 3.767482042312622, 2.992738723754883, 23.934661865234375
image_10, 27, 3.9273524284362793, 3.1194005012512207, 24.931894302368164
image_10, 27, 4.089750289916992, 3.2488791942596436, 25.929094314575195
image_10, 27, 4.254092216491699, 3.3794336318969727, 26.926288604736328
image_10, 27, 4.419986724853516, 3.5101444721221924, 27.9234676361084
image_10, 27, 4.5834760665893555, 3.6377060413360596, 28.92072296142578
image_10, 27, 4.742641448974609, 3.763150691986084, 29.918012619018555
image_40, 28, 0.1488233506679535, 0.11818162351846695, 0.9974426627159119
image_40, 28, 0.29525744915008545, 0.23602572083473206, 1.9948276281356812
image_40, 28, 0.4432266652584076, 0.35391104221343994, 2.9922430515289307
image_40, 28, 0.5876469016075134, 0.47151249647140503, 3.9895172119140625
image_40, 28, 0.7346577644348145, 0.589576005935669, 4.986888885498047
image_40, 28, 0.8799546957015991, 0.7089297771453857, 5.984157562255859
image_40, 28, 1.0283212661743164, 0.8280845284461975, 6.981524467468262
image_40, 28, 1.1781173944473267, 0.9471603035926819, 7.97894811630249
image_40, 28, 1.3236043453216553, 1.067398190498352, 8.976188659667969
image_40, 28, 1.4745501279830933, 1.1869492530822754, 9.973634719848633
image_40, 28, 1.6240822076797485, 1.3052973747253418, 10.971101760864258
image_40, 28, 1.7672070264816284, 1.4227287769317627, 11.968491554260254
image_40, 28, 1.9139800071716309, 1.5395023822784424, 12.965978622436523
image_40, 28, 2.056572198867798, 1.6563749313354492, 13.963361740112305
image_40, 28, 2.1994731426239014, 1.7723749876022339, 14.960782051086426
image_40, 28, 2.3368940353393555, 1.889937400817871, 15.957889556884766
image_40, 28, 2.4733500480651855, 2.0115182399749756, 16.954713821411133
image_40, 28, 2.6151013374328613, 2.1343283653259277, 17.951818466186523
image_40, 28, 2.753075122833252, 2.260411500930786, 18.94859504699707
image_40, 28, 2.891983985900879, 2.3837196826934814, 19.94561767578125
image_40, 28, 3.0281381607055664, 2.5039708614349365, 20.942590713500977
image_40, 28, 3.1671054363250732, 2.625565528869629, 21.939476013183594
image_40, 28, 3.3117263317108154, 2.7447550296783447, 22.936731338500977
image_40, 28, 3.4581856727600098, 2.8643527030944824, 23.934051513671875
image_40, 28, 3.6062943935394287, 2.985469102859497, 24.93144989013672
image_40, 28, 3.7543132305145264, 3.105724811553955, 25.92884063720703
image_40, 28, 3.898418426513672, 3.226947784423828, 26.926103591918945
image_40, 28, 4.0448102951049805, 3.346794605255127, 27.92348861694336
image_40, 28, 4.1883544921875, 3.4667232036590576, 28.920637130737305
image_40, 28, 4.334100246429443, 3.5840132236480713, 29.917978286743164
image_132, 29, 0.14612117409706116, 0.1205439418554306, 0.9968666434288025
image_132, 29, 0.29187101125717163, 0.23765268921852112, 1.9938603639602661
image_132, 29, 0.4424659013748169, 0.3538072109222412, 2.9910473823547363
image_132, 29, 0.6002364158630371, 0.471512109041214, 3.9883430004119873
image_132, 29, 0.7602927088737488, 0.589769721031189, 4.985561847686768
image_132, 29, 0.9185303449630737, 0.7038424015045166, 5.9829277992248535
image_132, 29, 1.0775843858718872, 0.8176988363265991, 6.9803266525268555
image_132, 29, 1.2379279136657715, 0.9367921352386475, 7.9776458740234375
image_132, 29, 1.3965954780578613, 1.0574657917022705, 8.974921226501465
image_132, 29, 1.5526152849197388, 1.1752663850784302, 9.972262382507324
image_132, 29, 1.7112860679626465, 1.29274320602417, 10.96961498260498
image_132, 29, 1.865153193473816, 1.4108062982559204, 11.966897010803223
image_132, 29, 2.0275280475616455, 1.5301644802093506, 12.964092254638672
image_132, 29, 2.189488649368286, 1.6492494344711304, 13.961295127868652
image_132, 29, 2.3479127883911133, 1.7686076164245605, 14.9585542678833
image_132, 29, 2.5031683444976807, 1.8890838623046875, 15.955728530883789
image_132, 29, 2.6626498699188232, 2.0095767974853516, 16.95284652709961
image_132, 29, 2.8184218406677246, 2.1338789463043213, 17.949995040893555
image_132, 29, 2.9822146892547607, 2.264747381210327, 18.946964263916016
image_132, 29, 3.1395366191864014, 2.3914995193481445, 19.944034576416016
image_132, 29, 3.301398277282715, 2.5146071910858154, 20.94100570678711
image_132, 29, 3.46319842338562, 2.6346731185913086, 21.937936782836914
image_132, 29, 3.6183571815490723, 2.7528233528137207, 22.935157775878906
image_132, 29, 3.7834482192993164, 2.873396158218384, 23.93230628967285
image_132, 29, 3.9499623775482178, 2.9928154945373535, 24.929399490356445
image_132, 29, 4.110546588897705, 3.110595464706421, 25.926700592041016
image_132, 29, 4.2748847007751465, 3.2310333251953125, 26.923906326293945
image_132, 29, 4.439273357391357, 3.3501524925231934, 27.921133041381836
image_132, 29, 4.603011131286621, 3.4670376777648926, 28.918455123901367
image_132, 29, 4.767312526702881, 3.5827343463897705, 29.91579246520996
image_134, 30, 0.17068280279636383, 0.1220572367310524, 0.9970755577087402
image_134, 30, 0.3384770154953003, 0.24135977029800415, 1.994356393814087
image_134, 30, 0.49438855051994324, 0.357785701751709, 2.991741180419922
image_134, 30, 0.6550968885421753, 0.47442084550857544, 3.9891839027404785
image_134, 30, 0.8274909853935242, 0.5945132970809937, 4.986413478851318
image_134, 30, 0.9904570579528809, 0.7121195197105408, 5.983827590942383
image_134, 30, 1.160776972770691, 0.8320194482803345, 6.9810380935668945
image_134, 30, 1.324177861213684, 0.953866183757782, 7.978293418884277
image_134, 30, 1.4890339374542236, 1.0783008337020874, 8.975554466247559
image_134, 30, 1.6576030254364014, 1.202498435974121, 9.97276782989502
image_134, 30, 1.8277769088745117, 1.3263062238693237, 10.96987533569336
image_134, 30, 1.9950904846191406, 1.4492652416229248, 11.967057228088379
image_134, 30, 2.1605703830718994, 1.571451187133789, 12.964262962341309
image_134, 30, 2.322322368621826, 1.6904747486114502, 13.961520195007324
image_134, 30, 2.4901809692382812, 1.8129225969314575, 14.958497047424316
image_134, 30, 2.6422581672668457, 1.9314147233963013, 15.955796241760254
image_134, 30, 2.7930757999420166, 2.0473406314849854, 16.95313835144043
image_134, 30, 2.9526851177215576, 2.166461706161499, 17.950342178344727
image_134, 30, 3.1103322505950928, 2.2891488075256348, 18.947587966918945
image_134, 30, 3.266630172729492, 2.412400960922241, 19.94481086730957
image_134, 30, 3.4145114421844482, 2.5306544303894043, 20.942005157470703
image_134, 30, 3.572566509246826, 2.647540330886841, 21.93928337097168
image_134, 30, 3.7367186546325684, 2.7664568424224854, 22.936511993408203
image_134, 30, 3.9026830196380615, 2.886536121368408, 23.93377685546875
image_134, 30, 4.068397045135498, 3.0073626041412354, 24.931053161621094
image_134, 30, 4.235143184661865, 3.1301655769348145, 25.928274154663086
image_134, 30, 4.401420593261719, 3.2527852058410645, 26.92552375793457
image_134, 30, 4.5725884437561035, 3.375490188598633, 27.92266082763672
image_134, 30, 4.744026184082031, 3.4963746070861816, 28.919870376586914
image_134, 30, 4.916402816772461, 3.616520881652832, 29.917041778564453
