Case_ID, Slide_ID, mae, mse, ssim
image_99, 1, 0.19279804825782776, 0.04880658909678459, 0.9941825866699219
image_99, 1, 0.3803032636642456, 0.09558957815170288, 1.9888324737548828
image_99, 1, 0.564113438129425, 0.1408490389585495, 2.9837613105773926
image_99, 1, 0.7481704950332642, 0.18602381646633148, 3.9786205291748047
image_99, 1, 0.9304631948471069, 0.23033329844474792, 4.973623752593994
image_99, 1, 1.112555742263794, 0.2746155858039856, 5.96863317489624
image_99, 1, 1.2963552474975586, 0.31925395131111145, 6.963479995727539
image_99, 1, 1.4823822975158691, 0.36470386385917664, 7.958163261413574
image_99, 1, 1.66506826877594, 0.40862762928009033, 8.95318603515625
image_99, 1, 1.8443809747695923, 0.45116305351257324, 9.94852352142334
image_99, 1, 2.0237860679626465, 0.4936913847923279, 10.943856239318848
image_99, 1, 2.201343536376953, 0.5355085730552673, 11.939329147338867
image_99, 1, 2.3818092346191406, 0.5785844326019287, 12.934515953063965
image_99, 1, 2.5622029304504395, 0.6216967701911926, 13.929757118225098
image_99, 1, 2.747781276702881, 0.6669411659240723, 14.924659729003906
image_99, 1, 2.9397876262664795, 0.7154647707939148, 15.918949127197266
image_99, 1, 3.128471851348877, 0.762604296207428, 16.91347312927246
image_99, 1, 3.314481019973755, 0.8092616200447083, 17.90802574157715
image_99, 1, 3.4993088245391846, 0.8546208143234253, 18.902938842773438
image_99, 1, 3.6883888244628906, 0.903012752532959, 19.8972110748291
image_99, 1, 3.8768739700317383, 0.9502764940261841, 20.891712188720703
image_99, 1, 4.059321403503418, 0.9939231276512146, 21.886932373046875
image_99, 1, 4.237797737121582, 1.0359587669372559, 22.88235855102539
image_99, 1, 4.415586948394775, 1.0779038667678833, 23.8778018951416
image_99, 1, 4.6061835289001465, 1.1260143518447876, 24.87189483642578
image_99, 1, 4.786149024963379, 1.1688389778137207, 25.86715316772461
image_99, 1, 4.967365741729736, 1.2121230363845825, 26.862377166748047
image_99, 1, 5.147726535797119, 1.2554707527160645, 27.857694625854492
image_99, 1, 5.332429885864258, 1.3005986213684082, 28.85259246826172
image_99, 1, 5.5124053955078125, 1.3439264297485352, 29.84790802001953
image_77, 2, 0.19041863083839417, 0.04813333973288536, 0.9940999150276184
image_77, 2, 0.372011661529541, 0.09292686730623245, 1.9888801574707031
image_77, 2, 0.5535538792610168, 0.1375400722026825, 2.983686923980713
image_77, 2, 0.7517956495285034, 0.18851569294929504, 3.9771926403045654
image_77, 2, 0.9390453696250916, 0.23489630222320557, 4.971573829650879
image_77, 2, 1.124989628791809, 0.28077417612075806, 5.966024398803711
image_77, 2, 1.2977184057235718, 0.32185065746307373, 6.961575984954834
image_77, 2, 1.470236897468567, 0.3627026081085205, 7.957133769989014
image_77, 2, 1.654434084892273, 0.4077644646167755, 8.951719284057617
image_77, 2, 1.8389369249343872, 0.4531485140323639, 9.94625473022461
image_77, 2, 2.008207321166992, 0.49319449067115784, 10.94202709197998
image_77, 2, 2.1777915954589844, 0.5332944393157959, 11.93792724609375
image_77, 2, 2.3476390838623047, 0.5738447904586792, 12.933757781982422
image_77, 2, 2.520691394805908, 0.6155208945274353, 13.929244995117188
image_77, 2, 2.7086257934570312, 0.6630439162254333, 14.923468589782715
image_77, 2, 2.8912389278411865, 0.7084777355194092, 15.918169975280762
image_77, 2, 3.1729607582092285, 0.8195568323135376, 16.901084899902344
image_77, 2, 3.4577014446258545, 0.9334375858306885, 17.88353157043457
image_77, 2, 3.7442893981933594, 1.0490683317184448, 18.865673065185547
image_77, 2, 4.031200408935547, 1.1649203300476074, 19.84777069091797
image_77, 2, 4.318083763122559, 1.280867338180542, 20.829858779907227
image_77, 2, 4.604973316192627, 1.3967586755752563, 21.811965942382812
image_77, 2, 4.891930103302002, 1.5127341747283936, 22.794052124023438
image_77, 2, 5.178697109222412, 1.628480076789856, 23.77617645263672
image_77, 2, 5.4637956619262695, 1.742724895477295, 24.75855255126953
image_77, 2, 5.640450954437256, 1.7854833602905273, 25.753908157348633
image_77, 2, 5.817934513092041, 1.8282732963562012, 26.749229431152344
image_77, 2, 5.9970574378967285, 1.8714255094528198, 27.744409561157227
image_77, 2, 6.170151710510254, 1.9120392799377441, 28.740182876586914
image_77, 2, 6.343539714813232, 1.9524450302124023, 29.73586082458496
image_150, 3, 0.1812317669391632, 0.04342067986726761, 0.995130181312561
image_150, 3, 0.360467791557312, 0.08582018315792084, 1.9904682636260986
image_150, 3, 0.539864182472229, 0.12735573947429657, 2.9860846996307373
image_150, 3, 0.7163165807723999, 0.16919724643230438, 3.9814682006835938
image_150, 3, 0.8926399946212769, 0.21030989289283752, 4.977029800415039
image_150, 3, 1.0685007572174072, 0.2511897683143616, 5.972568035125732
image_150, 3, 1.2444305419921875, 0.29160112142562866, 6.968236446380615
image_150, 3, 1.420117974281311, 0.33217912912368774, 7.9638495445251465
image_150, 3, 1.596648931503296, 0.37328803539276123, 8.959362983703613
image_150, 3, 1.7730003595352173, 0.4142484664916992, 9.954837799072266
image_150, 3, 1.9481624364852905, 0.4547593295574188, 10.950366020202637
image_150, 3, 2.1248412132263184, 0.4964730441570282, 11.945632934570312
image_150, 3, 2.3018393516540527, 0.5379908084869385, 12.940995216369629
image_150, 3, 2.479764938354492, 0.5797326564788818, 13.936437606811523
image_150, 3, 2.657240152359009, 0.6208922863006592, 14.93205451965332
image_150, 3, 2.8347606658935547, 0.6622921228408813, 15.927602767944336
image_150, 3, 3.0118367671966553, 0.7032842636108398, 16.923261642456055
image_150, 3, 3.187695264816284, 0.7439246773719788, 17.91893768310547
image_150, 3, 3.3637428283691406, 0.7843306660652161, 18.914684295654297
image_150, 3, 3.5401508808135986, 0.8250945806503296, 19.910303115844727
image_150, 3, 3.7179031372070312, 0.8665763139724731, 20.905691146850586
image_150, 3, 3.8983640670776367, 0.9091551303863525, 21.900814056396484
image_150, 3, 4.07512092590332, 0.9500752091407776, 22.89637565612793
image_150, 3, 4.2530035972595215, 0.991793692111969, 23.8918514251709
image_150, 3, 4.430570125579834, 1.0335005521774292, 24.887338638305664
image_150, 3, 4.609556198120117, 1.0759094953536987, 25.882640838623047
image_150, 3, 4.7887043952941895, 1.1182020902633667, 26.878009796142578
image_150, 3, 4.968108654022217, 1.1606295108795166, 27.873403549194336
image_150, 3, 5.146483421325684, 1.202781319618225, 28.868894577026367
image_150, 3, 5.325608730316162, 1.2454931735992432, 29.864198684692383
image_26, 4, 0.17781126499176025, 0.04166174307465553, 0.995430052280426
image_26, 4, 0.3513232171535492, 0.08199526369571686, 1.991229772567749
image_26, 4, 0.5261190533638, 0.1226649135351181, 2.9868812561035156
image_26, 4, 0.7035204172134399, 0.16437843441963196, 3.982271432876587
image_26, 4, 0.8773067593574524, 0.20502473413944244, 4.977950096130371
image_26, 4, 1.0479869842529297, 0.24495139718055725, 5.973859786987305
image_26, 4, 1.21927809715271, 0.2849500775337219, 6.969704627990723
image_26, 4, 1.3901863098144531, 0.3249344229698181, 7.965569972991943
image_26, 4, 1.5626962184906006, 0.3651900589466095, 8.961296081542969
image_26, 4, 1.7330338954925537, 0.4048268496990204, 9.957154273986816
image_26, 4, 1.9036648273468018, 0.44453975558280945, 10.952991485595703
image_26, 4, 2.074439287185669, 0.4842544496059418, 11.94888973236084
image_26, 4, 2.24489164352417, 0.5243368744850159, 12.944900512695312
image_26, 4, 2.416008472442627, 0.5645992159843445, 13.940935134887695
image_26, 4, 2.588887929916382, 0.6052523851394653, 14.936944961547852
image_26, 4, 2.765242338180542, 0.6466765403747559, 15.932469367980957
image_26, 4, 2.944063186645508, 0.688467800617218, 16.927978515625
image_26, 4, 3.1176512241363525, 0.7290222644805908, 17.923566818237305
image_26, 4, 3.2933852672576904, 0.7708730697631836, 18.918968200683594
image_26, 4, 3.4725089073181152, 0.8143588900566101, 19.914045333862305
image_26, 4, 3.6555795669555664, 0.8590547442436218, 20.9091739654541
image_26, 4, 3.8397483825683594, 0.9045045375823975, 21.904470443725586
image_26, 4, 4.015308856964111, 0.9472415447235107, 22.900203704833984
image_26, 4, 4.1871562004089355, 0.9888238310813904, 23.896018981933594
image_26, 4, 4.358763694763184, 1.0304135084152222, 24.891809463500977
image_26, 4, 4.53030252456665, 1.0715299844741821, 25.887636184692383
image_26, 4, 4.7005791664123535, 1.1124049425125122, 26.88352394104004
image_26, 4, 4.870870590209961, 1.152832269668579, 27.879375457763672
image_26, 4, 5.040400505065918, 1.1939971446990967, 28.875301361083984
image_26, 4, 5.20997953414917, 1.2350077629089355, 29.871212005615234
image_51, 5, 0.18934476375579834, 0.04695245623588562, 0.9946466684341431
image_51, 5, 0.37819600105285645, 0.09338336437940598, 1.9892947673797607
image_51, 5, 0.5661563873291016, 0.1395399421453476, 2.9839444160461426
image_51, 5, 0.7526849508285522, 0.1850879043340683, 3.978811740875244
image_51, 5, 0.9401532411575317, 0.23113635182380676, 4.9735517501831055
image_51, 5, 1.124383807182312, 0.275314062833786, 5.968733310699463
image_51, 5, 1.3086142539978027, 0.3194882869720459, 6.963815212249756
image_51, 5, 1.4908442497253418, 0.3627468943595886, 7.959015369415283
image_51, 5, 1.6720811128616333, 0.4054892063140869, 8.95429801940918
image_51, 5, 1.8514223098754883, 0.4473606050014496, 9.949821472167969
image_51, 5, 2.0326266288757324, 0.48982933163642883, 10.945136070251465
image_51, 5, 2.2166249752044678, 0.5336700677871704, 11.940262794494629
image_51, 5, 2.4047608375549316, 0.5798812508583069, 12.934925079345703
image_51, 5, 2.5923736095428467, 0.6254909634590149, 13.929811477661133
image_51, 5, 2.7801401615142822, 0.6714719533920288, 14.924566268920898
image_51, 5, 2.9711790084838867, 0.7184625267982483, 15.919336318969727
image_51, 5, 3.1585752964019775, 0.7645246386528015, 16.9141902923584
image_51, 5, 3.344674825668335, 0.8106807470321655, 17.908782958984375
image_51, 5, 3.5333375930786133, 0.8573853969573975, 18.903350830078125
image_51, 5, 3.7271432876586914, 0.9075248837471008, 19.897323608398438
image_51, 5, 3.916342258453369, 0.9531126618385315, 20.892406463623047
image_51, 5, 4.10676908493042, 1.000606656074524, 21.88681983947754
image_51, 5, 4.292534351348877, 1.0454965829849243, 22.88167953491211
image_51, 5, 4.475541591644287, 1.0883705615997314, 23.877099990844727
image_51, 5, 4.657553672790527, 1.1311630010604858, 24.872499465942383
image_51, 5, 4.840761184692383, 1.1746660470962524, 25.867738723754883
image_51, 5, 5.025540828704834, 1.2190552949905396, 26.86276626586914
image_51, 5, 5.210187911987305, 1.2634066343307495, 27.857757568359375
image_51, 5, 5.398515701293945, 1.309804081916809, 28.852237701416016
image_51, 5, 5.581508636474609, 1.353530764579773, 29.847373962402344
image_82, 6, 0.17932675778865814, 0.04009844362735748, 0.9957956671714783
image_82, 6, 0.35848796367645264, 0.07952405512332916, 1.9916951656341553
image_82, 6, 0.5365784168243408, 0.11839048564434052, 2.987680435180664
image_82, 6, 0.7036765217781067, 0.1551744043827057, 3.98380708694458
image_82, 6, 0.8679816126823425, 0.19158156216144562, 4.979933261871338
image_82, 6, 1.0399094820022583, 0.22853568196296692, 5.976181507110596
image_82, 6, 1.2086663246154785, 0.26476702094078064, 6.972531318664551
image_82, 6, 1.376457929611206, 0.30068889260292053, 7.968927383422852
image_82, 6, 1.5392485857009888, 0.33604520559310913, 8.96530532836914
image_82, 6, 1.7039344310760498, 0.3712869882583618, 9.961776733398438
image_82, 6, 1.8680167198181152, 0.40657904744148254, 10.958202362060547
image_82, 6, 2.0345499515533447, 0.44210678339004517, 11.954610824584961
image_82, 6, 2.202747106552124, 0.47788968682289124, 12.9509859085083
image_82, 6, 2.3693978786468506, 0.5141506791114807, 13.947196960449219
image_82, 6, 2.5405404567718506, 0.5527722239494324, 14.94308090209961
image_82, 6, 2.711207866668701, 0.5909324288368225, 15.93912124633789
image_82, 6, 2.8836212158203125, 0.6286847591400146, 16.93523597717285
image_82, 6, 3.0527307987213135, 0.6656604409217834, 17.931310653686523
image_82, 6, 3.223054885864258, 0.7030904293060303, 18.927316665649414
image_82, 6, 3.3947339057922363, 0.7409350275993347, 19.92333984375
image_82, 6, 3.565406560897827, 0.7784466743469238, 20.919416427612305
image_82, 6, 3.733301877975464, 0.8152740001678467, 21.915536880493164
image_82, 6, 3.8996098041534424, 0.8523029088973999, 22.91157341003418
image_82, 6, 4.0656328201293945, 0.8894811868667603, 23.907554626464844
image_82, 6, 4.232597351074219, 0.9269695281982422, 24.903507232666016
image_82, 6, 4.3975138664245605, 0.963502049446106, 25.899734497070312
image_82, 6, 4.562899589538574, 1.0004616975784302, 26.89583969116211
image_82, 6, 4.72878360748291, 1.0377751588821411, 27.891925811767578
image_82, 6, 4.894790172576904, 1.0750296115875244, 28.88802146911621
image_82, 6, 5.063359260559082, 1.1124753952026367, 29.884227752685547
image_80, 7, 0.17491744458675385, 0.04148194193840027, 0.9955313205718994
image_80, 7, 0.3489631414413452, 0.0826898068189621, 1.9910545349121094
image_80, 7, 0.5242096185684204, 0.12432698905467987, 2.986402750015259
image_80, 7, 0.696306049823761, 0.1646941900253296, 3.982003688812256
image_80, 7, 0.8680230379104614, 0.20476053655147552, 4.97758674621582
image_80, 7, 1.0368026494979858, 0.24337591230869293, 5.9734649658203125
image_80, 7, 1.2043896913528442, 0.2815069854259491, 6.969468116760254
image_80, 7, 1.3721649646759033, 0.319672554731369, 7.965324878692627
image_80, 7, 1.5394978523254395, 0.35747063159942627, 8.961222648620605
image_80, 7, 1.7034971714019775, 0.3938799798488617, 9.957448959350586
image_80, 7, 1.8686814308166504, 0.4304812550544739, 10.953662872314453
image_80, 7, 2.0356078147888184, 0.4677610993385315, 11.949746131896973
image_80, 7, 2.20371413230896, 0.5055627226829529, 12.945781707763672
image_80, 7, 2.374990224838257, 0.544694185256958, 13.94156551361084
image_80, 7, 2.5489673614501953, 0.5848205089569092, 14.937284469604492
image_80, 7, 2.725879669189453, 0.6262054443359375, 15.932821273803711
image_80, 7, 2.9056835174560547, 0.6684290766716003, 16.928146362304688
image_80, 7, 3.085271120071411, 0.7101508378982544, 17.92367935180664
image_80, 7, 3.263798952102661, 0.7522086501121521, 18.91897964477539
image_80, 7, 3.439258575439453, 0.7925024628639221, 19.91459083557129
image_80, 7, 3.6146600246429443, 0.8320672512054443, 20.910524368286133
image_80, 7, 3.791839599609375, 0.872921884059906, 21.906137466430664
image_80, 7, 3.9650542736053467, 0.9126142263412476, 22.902009963989258
image_80, 7, 4.134242057800293, 0.950903594493866, 23.898090362548828
image_80, 7, 4.301249027252197, 0.9883843660354614, 24.89417266845703
image_80, 7, 4.468015193939209, 1.0258114337921143, 25.890134811401367
image_80, 7, 4.631552219390869, 1.0620930194854736, 26.886354446411133
image_80, 7, 4.794305324554443, 1.09822416305542, 27.882585525512695
image_80, 7, 4.957828521728516, 1.1348321437835693, 28.878725051879883
image_80, 7, 5.121889114379883, 1.1715965270996094, 29.874908447265625
image_1, 8, 0.1777746081352234, 0.04230652004480362, 0.9954127669334412
image_1, 8, 0.3526633679866791, 0.08344532549381256, 1.9909847974777222
image_1, 8, 0.5264968872070312, 0.1247800886631012, 2.986398458480835
image_1, 8, 0.7022655010223389, 0.16630306839942932, 3.981679677963257
image_1, 8, 0.8728351593017578, 0.20592375099658966, 4.97730827331543
image_1, 8, 1.0406062602996826, 0.2439357042312622, 5.973241806030273
image_1, 8, 1.2082451581954956, 0.28173625469207764, 6.969221591949463
image_1, 8, 1.3768010139465332, 0.31988006830215454, 7.965081691741943
image_1, 8, 1.5462315082550049, 0.35823461413383484, 8.960916519165039
image_1, 8, 1.7168666124343872, 0.39694181084632874, 9.956690788269043
image_1, 8, 1.8875765800476074, 0.43551069498062134, 10.952491760253906
image_1, 8, 2.0580391883850098, 0.47382083535194397, 11.948464393615723
image_1, 8, 2.230067014694214, 0.5127944350242615, 12.9442138671875
image_1, 8, 2.403380870819092, 0.5522567629814148, 13.939824104309082
image_1, 8, 2.5787413120269775, 0.5918014645576477, 14.935541152954102
image_1, 8, 2.7590465545654297, 0.6329887509346008, 15.930994987487793
image_1, 8, 2.9421744346618652, 0.6757492423057556, 16.926130294799805
image_1, 8, 3.124722480773926, 0.7194010019302368, 17.920978546142578
image_1, 8, 3.3049683570861816, 0.761989951133728, 18.91598892211914
image_1, 8, 3.4845969676971436, 0.8030257225036621, 19.911338806152344
image_1, 8, 3.6689088344573975, 0.8454743027687073, 20.9066219329834
image_1, 8, 3.8496861457824707, 0.8867207765579224, 21.90215301513672
image_1, 8, 4.023342609405518, 0.9257062673568726, 22.898033142089844
image_1, 8, 4.1939802169799805, 0.964038074016571, 23.893939971923828
image_1, 8, 4.36358118057251, 1.0022773742675781, 24.889848709106445
image_1, 8, 4.534875392913818, 1.0411828756332397, 25.88556671142578
image_1, 8, 4.709922790527344, 1.0815895795822144, 26.880979537963867
image_1, 8, 4.881285667419434, 1.1206132173538208, 27.876750946044922
image_1, 8, 5.05312967300415, 1.1598215103149414, 28.87249183654785
image_1, 8, 5.222160816192627, 1.1982190608978271, 29.868453979492188
image_124, 9, 0.18659821152687073, 0.046733271330595016, 0.9949659705162048
image_124, 9, 0.3667677044868469, 0.09143400192260742, 1.9907020330429077
image_124, 9, 0.546413004398346, 0.13578419387340546, 2.986457586288452
image_124, 9, 0.7239636182785034, 0.17933650314807892, 3.982346296310425
image_124, 9, 0.9012784957885742, 0.22283299267292023, 4.97816276550293
image_124, 9, 1.0786598920822144, 0.2666413187980652, 5.973972797393799
image_124, 9, 1.2590426206588745, 0.3109912574291229, 6.969346046447754
image_124, 9, 1.4353314638137817, 0.35392963886260986, 7.965183734893799
image_124, 9, 1.6109548807144165, 0.3969375789165497, 8.961138725280762
image_124, 9, 1.789031982421875, 0.44036203622817993, 9.956849098205566
image_124, 9, 1.965703010559082, 0.4834742248058319, 10.95277214050293
image_124, 9, 2.142521858215332, 0.5265382528305054, 11.948646545410156
image_124, 9, 2.319791793823242, 0.570155143737793, 12.944586753845215
image_124, 9, 2.4974474906921387, 0.613675057888031, 13.940445899963379
image_124, 9, 2.676966428756714, 0.6578590273857117, 14.936100006103516
image_124, 9, 2.8592658042907715, 0.703162670135498, 15.931602478027344
image_124, 9, 3.0438072681427, 0.7492289543151855, 16.926908493041992
image_124, 9, 3.2274575233459473, 0.795436680316925, 17.922048568725586
image_124, 9, 3.4108376502990723, 0.8422437906265259, 18.916969299316406
image_124, 9, 3.594214916229248, 0.8884627223014832, 19.912063598632812
image_124, 9, 3.7786922454833984, 0.9346527457237244, 20.907194137573242
image_124, 9, 3.9611921310424805, 0.9795664548873901, 21.90262794494629
image_124, 9, 4.139228820800781, 1.0227795839309692, 22.898426055908203
image_124, 9, 4.314243316650391, 1.0649385452270508, 23.894319534301758
image_124, 9, 4.489760398864746, 1.1070612668991089, 24.890235900878906
image_124, 9, 4.665436744689941, 1.14922034740448, 25.886192321777344
image_124, 9, 4.8402485847473145, 1.190916895866394, 26.88218116760254
image_124, 9, 5.015109539031982, 1.2326291799545288, 27.878074645996094
image_124, 9, 5.191117286682129, 1.2748260498046875, 28.87385368347168
image_124, 9, 5.365800380706787, 1.3169113397598267, 29.869813919067383
image_65, 10, 0.1862705647945404, 0.04578148201107979, 0.9945949912071228
image_65, 10, 0.3829302191734314, 0.09595930576324463, 1.9882917404174805
image_65, 10, 0.580370306968689, 0.14646998047828674, 2.9819607734680176
image_65, 10, 0.7694953680038452, 0.19320464134216309, 3.9763827323913574
image_65, 10, 0.9642058610916138, 0.24225041270256042, 4.970293998718262
image_65, 10, 1.149434208869934, 0.2872116267681122, 5.965017795562744
image_65, 10, 1.3272937536239624, 0.32942894101142883, 6.9603657722473145
image_65, 10, 1.5104093551635742, 0.37343913316726685, 7.955295562744141
image_65, 10, 1.7011990547180176, 0.4208531081676483, 8.949478149414062
image_65, 10, 1.8777401447296143, 0.46228039264678955, 9.9449462890625
image_65, 10, 2.0562949180603027, 0.5042886734008789, 10.940271377563477
image_65, 10, 2.249415397644043, 0.5530630946159363, 11.934236526489258
image_65, 10, 2.427830934524536, 0.5950310826301575, 12.929727554321289
image_65, 10, 2.6102242469787598, 0.6385773420333862, 13.924842834472656
image_65, 10, 2.794464111328125, 0.6830977201461792, 14.919882774353027
image_65, 10, 2.980545997619629, 0.7288157343864441, 15.914780616760254
image_65, 10, 3.172372579574585, 0.7779607772827148, 16.909114837646484
image_65, 10, 3.36689829826355, 0.8292393088340759, 17.902996063232422
image_65, 10, 3.556124210357666, 0.8779823780059814, 18.89732551574707
image_65, 10, 3.743025302886963, 0.9253951907157898, 19.891857147216797
image_65, 10, 3.944876194000244, 0.980376124382019, 20.884899139404297
image_65, 10, 4.140600204467773, 1.0315742492675781, 21.878665924072266
image_65, 10, 4.340284824371338, 1.0845173597335815, 22.872024536132812
image_65, 10, 4.535336971282959, 1.1347495317459106, 23.86594581604004
image_65, 10, 4.731091022491455, 1.1853957176208496, 24.8597412109375
image_65, 10, 4.929333686828613, 1.2369626760482788, 25.8532772064209
image_65, 10, 5.126196384429932, 1.2876232862472534, 26.846914291381836
image_65, 10, 5.321444034576416, 1.3371471166610718, 27.84073829650879
image_65, 10, 5.5151567459106445, 1.385923147201538, 28.834733963012695
image_65, 10, 5.709905624389648, 1.4353792667388916, 29.82857894897461
image_137, 11, 0.16506505012512207, 0.036506589502096176, 0.9960620999336243
image_137, 11, 0.33319878578186035, 0.07309030741453171, 1.9921947717666626
image_137, 11, 0.49872124195098877, 0.10899088531732559, 2.9884281158447266
image_137, 11, 0.659110426902771, 0.14419585466384888, 3.984708547592163
image_137, 11, 0.8204602599143982, 0.17906352877616882, 4.981115341186523
image_137, 11, 0.9810608625411987, 0.21355967223644257, 5.977602005004883
image_137, 11, 1.140648365020752, 0.24781426787376404, 6.974121570587158
image_137, 11, 1.2976417541503906, 0.2824035882949829, 7.970513343811035
image_137, 11, 1.4543530941009521, 0.31691694259643555, 8.966902732849121
image_137, 11, 1.6125805377960205, 0.3511260449886322, 9.963425636291504
image_137, 11, 1.770387887954712, 0.38593578338623047, 10.959774017333984
image_137, 11, 1.9291625022888184, 0.4211578667163849, 11.956061363220215
image_137, 11, 2.0880212783813477, 0.45600274205207825, 12.952470779418945
image_137, 11, 2.2557177543640137, 0.492699533700943, 13.948769569396973
image_137, 11, 2.42984938621521, 0.5319001078605652, 14.944795608520508
image_137, 11, 2.598325490951538, 0.5694358944892883, 15.940969467163086
image_137, 11, 2.763925790786743, 0.605699896812439, 16.93718719482422
image_137, 11, 2.930623769760132, 0.6418734788894653, 17.93347930908203
image_137, 11, 3.100090980529785, 0.678628146648407, 18.92967414855957
image_137, 11, 3.2679686546325684, 0.7150655388832092, 19.925884246826172
image_137, 11, 3.4343252182006836, 0.7515122294425964, 20.922056198120117
image_137, 11, 3.601229190826416, 0.7886859774589539, 21.918195724487305
image_137, 11, 3.768148899078369, 0.8262524604797363, 22.9143123626709
image_137, 11, 3.9314348697662354, 0.8627204895019531, 23.910518646240234
image_137, 11, 4.093175411224365, 0.8982990980148315, 24.906875610351562
image_137, 11, 4.2577033042907715, 0.9335779547691345, 25.9033260345459
image_137, 11, 4.419405460357666, 0.9678556323051453, 26.89989471435547
image_137, 11, 4.57564115524292, 1.0015558004379272, 27.896451950073242
image_137, 11, 4.732774257659912, 1.0353944301605225, 28.893003463745117
image_137, 11, 4.893003940582275, 1.0693200826644897, 29.889577865600586
image_14, 12, 0.18605752289295197, 0.046340227127075195, 0.9947390556335449
image_14, 12, 0.37122687697410583, 0.0919683575630188, 1.9895858764648438
image_14, 12, 0.5608965754508972, 0.13906346261501312, 2.9840450286865234
image_14, 12, 0.7477326393127441, 0.1849886178970337, 3.9787018299102783
image_14, 12, 0.9293450117111206, 0.22883127629756927, 4.97379732131958
image_14, 12, 1.112182855606079, 0.27294108271598816, 5.968791484832764
image_14, 12, 1.3007081747055054, 0.3190351724624634, 6.963310241699219
image_14, 12, 1.481065273284912, 0.3619025945663452, 7.958553314208984
image_14, 12, 1.6659424304962158, 0.4061231315135956, 8.953461647033691
image_14, 12, 1.8472447395324707, 0.4490073621273041, 9.94863224029541
image_14, 12, 2.028452157974243, 0.49193236231803894, 10.943777084350586
image_14, 12, 2.207113742828369, 0.5339677929878235, 11.93914794921875
image_14, 12, 2.3843979835510254, 0.575564444065094, 12.934613227844238
image_14, 12, 2.566321611404419, 0.6190486550331116, 13.929689407348633
image_14, 12, 2.74670672416687, 0.661979079246521, 14.92493724822998
image_14, 12, 2.9420580863952637, 0.7120215892791748, 15.918763160705566
image_14, 12, 3.134396553039551, 0.7600341439247131, 16.913196563720703
image_14, 12, 3.321519613265991, 0.8052735924720764, 17.90816879272461
image_14, 12, 3.5096547603607178, 0.852080762386322, 18.902618408203125
image_14, 12, 3.6952438354492188, 0.896388053894043, 19.897785186767578
image_14, 12, 3.8855862617492676, 0.9434751272201538, 20.892383575439453
image_14, 12, 4.077775478363037, 0.9916059970855713, 21.886592864990234
image_14, 12, 4.259444236755371, 1.0350862741470337, 22.881797790527344
image_14, 12, 4.438722610473633, 1.0773574113845825, 23.877151489257812
image_14, 12, 4.615717887878418, 1.118719220161438, 24.872648239135742
image_14, 12, 4.791629791259766, 1.15976083278656, 25.868192672729492
image_14, 12, 4.970845699310303, 1.2019720077514648, 26.86345100402832
image_14, 12, 5.146956443786621, 1.2433611154556274, 27.858915328979492
image_14, 12, 5.322566032409668, 1.2844916582107544, 28.85439109802246
image_14, 12, 5.497654438018799, 1.3255066871643066, 29.849855422973633
image_68, 13, 0.17496663331985474, 0.04125137999653816, 0.9953485727310181
image_68, 13, 0.3505359888076782, 0.08260305970907211, 1.9906394481658936
image_68, 13, 0.5236667990684509, 0.12294498085975647, 2.986137866973877
image_68, 13, 0.694420576095581, 0.1623111069202423, 3.9818429946899414
image_68, 13, 0.8628089427947998, 0.20048801600933075, 4.977838516235352
image_68, 13, 1.032908320426941, 0.239362433552742, 5.973635673522949
image_68, 13, 1.2056175470352173, 0.2790670096874237, 6.969207763671875
image_68, 13, 1.374216914176941, 0.31718528270721436, 7.965139865875244
image_68, 13, 1.5409002304077148, 0.3544245958328247, 8.961321830749512
image_68, 13, 1.7080068588256836, 0.39186999201774597, 9.9574556350708
image_68, 13, 1.8770815134048462, 0.4299698770046234, 10.95350456237793
image_68, 13, 2.0461716651916504, 0.46824461221694946, 11.94946575164795
image_68, 13, 2.2159416675567627, 0.5064507126808167, 12.94553279876709
image_68, 13, 2.386453151702881, 0.545240044593811, 13.941317558288574
image_68, 13, 2.5614895820617676, 0.5848444700241089, 14.937115669250488
image_68, 13, 2.7370991706848145, 0.6244080066680908, 15.932862281799316
image_68, 13, 2.910127639770508, 0.6632124185562134, 16.92856216430664
image_68, 13, 3.088239908218384, 0.7049866318702698, 17.923633575439453
image_68, 13, 3.265950918197632, 0.74610435962677, 18.918834686279297
image_68, 13, 3.4400906562805176, 0.7851418256759644, 19.914451599121094
image_68, 13, 3.6159017086029053, 0.825395941734314, 20.909875869750977
image_68, 13, 3.7928857803344727, 0.8660199046134949, 21.905391693115234
image_68, 13, 3.967129707336426, 0.9060389399528503, 22.901142120361328
image_68, 13, 4.137335300445557, 0.9449312686920166, 23.89700698852539
image_68, 13, 4.306085109710693, 0.9827722311019897, 24.893085479736328
image_68, 13, 4.47342586517334, 1.0204524993896484, 25.889123916625977
image_68, 13, 4.642675399780273, 1.058786392211914, 26.884952545166016
image_68, 13, 4.81402063369751, 1.0979628562927246, 27.880563735961914
image_68, 13, 4.981171131134033, 1.1354631185531616, 28.87668228149414
image_68, 13, 5.149474143981934, 1.1736280918121338, 29.872629165649414
image_96, 14, 0.1752990335226059, 0.04125107824802399, 0.9954478144645691
image_96, 14, 0.3449763059616089, 0.08026938140392303, 1.9914926290512085
image_96, 14, 0.520983099937439, 0.12138418108224869, 2.986912965774536
image_96, 14, 0.6955559253692627, 0.1619398593902588, 3.982438564300537
image_96, 14, 0.8624399304389954, 0.19990381598472595, 4.978604316711426
image_96, 14, 1.028620958328247, 0.23766270279884338, 5.974869251251221
image_96, 14, 1.196414589881897, 0.27620193362236023, 6.970917701721191
image_96, 14, 1.366385817527771, 0.31545060873031616, 7.966767311096191
image_96, 14, 1.533360242843628, 0.353541761636734, 8.962836265563965
image_96, 14, 1.698952555656433, 0.39117223024368286, 9.95900821685791
image_96, 14, 1.8715155124664307, 0.43127647042274475, 10.954612731933594
image_96, 14, 2.0489070415496826, 0.4735246002674103, 11.949772834777832
image_96, 14, 2.231081962585449, 0.5183784365653992, 12.94439697265625
image_96, 14, 2.4123504161834717, 0.5629220008850098, 13.939103126525879
image_96, 14, 2.600112199783325, 0.6106598973274231, 14.933238983154297
image_96, 14, 2.7873332500457764, 0.6583117246627808, 15.927445411682129
image_96, 14, 2.968083143234253, 0.7012495398521423, 16.922632217407227
image_96, 14, 3.1488893032073975, 0.7452304363250732, 17.917572021484375
image_96, 14, 3.3325891494750977, 0.7892981171607971, 18.912641525268555
image_96, 14, 3.517935037612915, 0.8342387676239014, 19.907543182373047
image_96, 14, 3.701160430908203, 0.8778462409973145, 20.902822494506836
image_96, 14, 3.882199764251709, 0.921819269657135, 21.897680282592773
image_96, 14, 4.052924156188965, 0.9613934755325317, 22.893587112426758
image_96, 14, 4.225579738616943, 1.0017763376235962, 23.889184951782227
image_96, 14, 4.402061939239502, 1.0436543226242065, 24.884449005126953
image_96, 14, 4.581789970397949, 1.0870460271835327, 25.87940788269043
image_96, 14, 4.765359878540039, 1.132394790649414, 26.873991012573242
image_96, 14, 4.949827194213867, 1.1781808137893677, 27.86850929260254
image_96, 14, 5.13581657409668, 1.22461998462677, 28.86288070678711
image_96, 14, 5.316978931427002, 1.2686522006988525, 29.85772705078125
image_27, 15, 0.1934165358543396, 0.04885336756706238, 0.994247555732727
image_27, 15, 0.38839226961135864, 0.09816846251487732, 1.9883360862731934
image_27, 15, 0.5786569714546204, 0.14543519914150238, 2.9828410148620605
image_27, 15, 0.7730619311332703, 0.19441255927085876, 3.9769487380981445
image_27, 15, 0.9732577800750732, 0.2461065798997879, 4.970459461212158
image_27, 15, 1.1627153158187866, 0.2925845980644226, 5.965025901794434
image_27, 15, 1.3490618467330933, 0.3377935588359833, 6.95986270904541
image_27, 15, 1.5394222736358643, 0.384799599647522, 7.954304218292236
image_27, 15, 1.7260180711746216, 0.430198609828949, 8.949132919311523
image_27, 15, 1.9111753702163696, 0.4747125506401062, 9.944111824035645
image_27, 15, 2.1037986278533936, 0.5225803256034851, 10.938375473022461
image_27, 15, 2.295809745788574, 0.570361852645874, 11.93270492553711
image_27, 15, 2.4828009605407715, 0.6158109307289124, 12.927637100219727
image_27, 15, 2.673532247543335, 0.6628291606903076, 13.92221450805664
image_27, 15, 2.8632893562316895, 0.7093141674995422, 14.916971206665039
image_27, 15, 3.0567705631256104, 0.7577527165412903, 15.911348342895508
image_27, 15, 3.25730299949646, 0.8102120161056519, 16.90505027770996
image_27, 15, 3.4562342166900635, 0.8616882562637329, 17.899145126342773
image_27, 15, 3.6529922485351562, 0.9128099083900452, 18.89312171936035
image_27, 15, 3.8459060192108154, 0.9618081450462341, 19.88742446899414
image_27, 15, 4.042803764343262, 1.0117133855819702, 20.88184356689453
image_27, 15, 4.238184928894043, 1.061095952987671, 21.876197814941406
image_27, 15, 4.431428909301758, 1.1093648672103882, 22.870616912841797
image_27, 15, 4.619193077087402, 1.1548309326171875, 23.865562438964844
image_27, 15, 4.806487560272217, 1.2000575065612793, 24.860504150390625
image_27, 15, 4.996579170227051, 1.2466042041778564, 25.855079650878906
image_27, 15, 5.1825456619262695, 1.2912425994873047, 26.850086212158203
image_27, 15, 5.372034549713135, 1.3373444080352783, 27.84473991394043
image_27, 15, 5.559642314910889, 1.3826690912246704, 28.839569091796875
image_27, 15, 5.745097637176514, 1.4273821115493774, 29.83453941345215
image_79, 16, 0.20711608231067657, 0.05549915134906769, 0.9928133487701416
image_79, 16, 0.41201281547546387, 0.10989923775196075, 1.9858574867248535
image_79, 16, 0.6122316122055054, 0.1619565486907959, 2.979374647140503
image_79, 16, 0.8132278919219971, 0.21445775032043457, 3.9728126525878906
image_79, 16, 1.0144648551940918, 0.2669724225997925, 4.966221332550049
image_79, 16, 1.209535837173462, 0.3166026175022125, 5.960194110870361
image_79, 16, 1.4047794342041016, 0.36631929874420166, 6.954153537750244
image_79, 16, 1.5988414287567139, 0.41556137800216675, 7.948234558105469
image_79, 16, 1.795741081237793, 0.4660166800022125, 8.942033767700195
image_79, 16, 1.9868431091308594, 0.5137742757797241, 9.936403274536133
image_79, 16, 2.181236505508423, 0.5631625652313232, 10.930450439453125
image_79, 16, 2.3732564449310303, 0.6116737723350525, 11.924731254577637
image_79, 16, 2.5699710845947266, 0.6624963879585266, 12.918588638305664
image_79, 16, 2.7691783905029297, 0.7144277691841125, 13.912220001220703
image_79, 16, 2.9665040969848633, 0.765447199344635, 14.906145095825195
image_79, 16, 3.1631717681884766, 0.8162509202957153, 15.900187492370605
image_79, 16, 3.362117290496826, 0.8682125210762024, 16.89409637451172
image_79, 16, 3.5643131732940674, 0.922089695930481, 17.887632369995117
image_79, 16, 3.767263174057007, 0.9765689373016357, 18.881086349487305
image_79, 16, 3.9668631553649902, 1.029125690460205, 19.874757766723633
image_79, 16, 4.165822982788086, 1.0810481309890747, 20.868473052978516
image_79, 16, 4.364443302154541, 1.1325554847717285, 21.862308502197266
image_79, 16, 4.561853408813477, 1.1833922863006592, 22.856182098388672
image_79, 16, 4.755106449127197, 1.2322375774383545, 23.850439071655273
image_79, 16, 4.949512481689453, 1.2816352844238281, 24.84455108642578
image_79, 16, 5.1496992111206055, 1.333858847618103, 25.838027954101562
image_79, 16, 5.3389668464660645, 1.380962610244751, 26.832611083984375
image_79, 16, 5.5292510986328125, 1.428591251373291, 27.827041625976562
image_79, 16, 5.723543643951416, 1.4779107570648193, 28.82109260559082
image_79, 16, 5.9107279777526855, 1.52427077293396, 29.815744400024414
image_50, 17, 0.18294697999954224, 0.0443790964782238, 0.9951919317245483
image_50, 17, 0.3636077642440796, 0.08765491098165512, 1.9904446601867676
image_50, 17, 0.5467814803123474, 0.1313658207654953, 2.9854071140289307
image_50, 17, 0.7274863123893738, 0.17403173446655273, 3.9806392192840576
image_50, 17, 0.9043918251991272, 0.2153550386428833, 4.976194858551025
image_50, 17, 1.0812383890151978, 0.25639548897743225, 5.971752166748047
image_50, 17, 1.2591763734817505, 0.2977742552757263, 6.967188835144043
image_50, 17, 1.4367637634277344, 0.3390091359615326, 7.962614059448242
image_50, 17, 1.6149733066558838, 0.38067826628685, 8.95788860321045
image_50, 17, 1.7910315990447998, 0.4211714267730713, 9.95338249206543
image_50, 17, 1.9668468236923218, 0.46112141013145447, 10.949061393737793
image_50, 17, 2.1422338485717773, 0.5006706118583679, 11.944853782653809
image_50, 17, 2.3179609775543213, 0.5402069091796875, 12.940642356872559
image_50, 17, 2.494723081588745, 0.5800890922546387, 13.936378479003906
image_50, 17, 2.6745574474334717, 0.6213770508766174, 14.931817054748535
image_50, 17, 2.858792543411255, 0.6649588942527771, 15.926823616027832
image_50, 17, 3.0444087982177734, 0.7086357474327087, 16.921966552734375
image_50, 17, 3.2293529510498047, 0.7525476813316345, 17.917011260986328
image_50, 17, 3.4131908416748047, 0.795210599899292, 18.91230583190918
image_50, 17, 3.5981297492980957, 0.8386816382408142, 19.907337188720703
image_50, 17, 3.7850465774536133, 0.8824073076248169, 20.902524948120117
image_50, 17, 3.965599536895752, 0.9242576360702515, 21.897850036621094
image_50, 17, 4.142744064331055, 0.964876115322113, 22.8934268951416
image_50, 17, 4.319733619689941, 1.0056824684143066, 23.889001846313477
image_50, 17, 4.496469974517822, 1.0464099645614624, 24.884645462036133
image_50, 17, 4.6728363037109375, 1.087022304534912, 25.880308151245117
image_50, 17, 4.850679874420166, 1.1284945011138916, 26.87574005126953
image_50, 17, 5.027906894683838, 1.169602394104004, 27.871244430541992
image_50, 17, 5.202783107757568, 1.2100039720535278, 28.86692237854004
image_50, 17, 5.379014015197754, 1.2510011196136475, 29.86250877380371
image_128, 18, 0.17984189093112946, 0.04355952888727188, 0.9949784874916077
image_128, 18, 0.3622070848941803, 0.08771956712007523, 1.9897992610931396
image_128, 18, 0.5372105240821838, 0.12881307303905487, 2.9852545261383057
image_128, 18, 0.7122870087623596, 0.16964714229106903, 3.9806406497955322
image_128, 18, 0.881920337677002, 0.2084331512451172, 4.976425647735596
image_128, 18, 1.0516127347946167, 0.24705970287322998, 5.972210884094238
image_128, 18, 1.223465919494629, 0.28648969531059265, 6.967831611633301
image_128, 18, 1.3894683122634888, 0.3240799009799957, 7.963911056518555
image_128, 18, 1.5569534301757812, 0.3619850277900696, 8.959848403930664
image_128, 18, 1.724285364151001, 0.3997030556201935, 9.95577335357666
image_128, 18, 1.8905731439590454, 0.43710577487945557, 10.951691627502441
image_128, 18, 2.0594968795776367, 0.47535252571105957, 11.947417259216309
image_128, 18, 2.2262916564941406, 0.512886106967926, 12.943288803100586
image_128, 18, 2.392460346221924, 0.5501002669334412, 13.939285278320312
image_128, 18, 2.560997724533081, 0.5880931615829468, 14.935172080993652
image_128, 18, 2.7329115867614746, 0.6270644068717957, 15.93091869354248
image_128, 18, 2.906750202178955, 0.6662700176239014, 16.926673889160156
image_128, 18, 3.080972909927368, 0.705887496471405, 17.922218322753906
image_128, 18, 3.254542112350464, 0.7450978755950928, 18.917884826660156
image_128, 18, 3.4314091205596924, 0.7867336273193359, 19.913009643554688
image_128, 18, 3.611828565597534, 0.8298906087875366, 20.907869338989258
image_128, 18, 3.7899796962738037, 0.8716146945953369, 21.903057098388672
image_128, 18, 3.9621987342834473, 0.9106009006500244, 22.8987979888916
image_128, 18, 4.131506443023682, 0.9487188458442688, 23.894893646240234
image_128, 18, 4.3034820556640625, 0.9886590242385864, 24.89045524597168
image_128, 18, 4.491018295288086, 1.0347890853881836, 25.884750366210938
image_128, 18, 4.677299976348877, 1.080290675163269, 26.879148483276367
image_128, 18, 4.857892036437988, 1.1232904195785522, 27.87401008605957
image_128, 18, 5.050643444061279, 1.1716290712356567, 28.86786651611328
image_128, 18, 5.241086006164551, 1.2189016342163086, 29.86191749572754
image_119, 19, 0.17588278651237488, 0.04096556082367897, 0.9956085681915283
image_119, 19, 0.35032719373703003, 0.08153028786182404, 1.9912421703338623
image_119, 19, 0.523236095905304, 0.12163358181715012, 2.9868645668029785
image_119, 19, 0.6958693265914917, 0.16158416867256165, 3.9824788570404053
image_119, 19, 0.874681830406189, 0.20391060411930084, 4.97755765914917
image_119, 19, 1.046142339706421, 0.24327054619789124, 5.973226070404053
image_119, 19, 1.2161011695861816, 0.28205233812332153, 6.968972682952881
image_119, 19, 1.3851954936981201, 0.3204377591609955, 7.964786052703857
image_119, 19, 1.5546404123306274, 0.3590163290500641, 8.96058177947998
image_119, 19, 1.7232348918914795, 0.3973639905452728, 9.95645809173584
image_119, 19, 1.8901525735855103, 0.4348495304584503, 10.952558517456055
image_119, 19, 2.058241128921509, 0.4727615416049957, 11.948575973510742
image_119, 19, 2.227775812149048, 0.511102557182312, 12.944552421569824
image_119, 19, 2.399353265762329, 0.5500558018684387, 13.940532684326172
image_119, 19, 2.574502468109131, 0.5904422402381897, 14.936330795288086
image_119, 19, 2.7532029151916504, 0.6322816014289856, 15.9318208694458
image_119, 19, 2.9311680793762207, 0.673677921295166, 16.92734146118164
image_119, 19, 3.108936071395874, 0.7145046591758728, 17.922958374023438
image_119, 19, 3.2871127128601074, 0.755500078201294, 18.918550491333008
image_119, 19, 3.4647977352142334, 0.7966281175613403, 19.914207458496094
image_119, 19, 3.644503355026245, 0.8390851020812988, 20.909683227539062
image_119, 19, 3.8225905895233154, 0.8808348774909973, 21.90532112121582
image_119, 19, 3.9959917068481445, 0.9207533597946167, 22.901165008544922
image_119, 19, 4.165820598602295, 0.9590378999710083, 23.897314071655273
image_119, 19, 4.3354973793029785, 0.9975914359092712, 24.893354415893555
image_119, 19, 4.5043158531188965, 1.035917043685913, 25.88945198059082
image_119, 19, 4.676880836486816, 1.075844645500183, 26.885143280029297
image_119, 19, 4.849649906158447, 1.115909218788147, 27.880754470825195
image_119, 19, 5.018496513366699, 1.1544216871261597, 28.87664222717285
image_119, 19, 5.188675880432129, 1.1934019327163696, 29.872406005859375
image_103, 20, 0.17847071588039398, 0.04358559101819992, 0.9951086640357971
image_103, 20, 0.35565492510795593, 0.08634117245674133, 1.9903091192245483
image_103, 20, 0.5314855575561523, 0.1283361315727234, 2.985649585723877
image_103, 20, 0.7057675123214722, 0.16952751576900482, 3.981138229370117
image_103, 20, 0.8777461051940918, 0.20957320928573608, 4.976826190948486
image_103, 20, 1.0483860969543457, 0.24883303046226501, 5.972638130187988
image_103, 20, 1.2232840061187744, 0.28973594307899475, 6.967996597290039
image_103, 20, 1.3944038152694702, 0.3291218876838684, 7.963664531707764
image_103, 20, 1.5624595880508423, 0.3669947385787964, 8.959712982177734
image_103, 20, 1.7303117513656616, 0.405245840549469, 9.955656051635742
image_103, 20, 1.898135781288147, 0.44339361786842346, 10.951584815979004
image_103, 20, 2.065810203552246, 0.48134124279022217, 11.947518348693848
image_103, 20, 2.2349021434783936, 0.5197089910507202, 12.943418502807617
image_103, 20, 2.4055960178375244, 0.5587303042411804, 13.939262390136719
image_103, 20, 2.5792853832244873, 0.5985201597213745, 14.934968948364258
image_103, 20, 2.759783983230591, 0.6410242915153503, 15.930076599121094
image_103, 20, 2.9444100856781006, 0.685882031917572, 16.92471694946289
image_103, 20, 3.1308436393737793, 0.7319643497467041, 17.919130325317383
image_103, 20, 3.3092706203460693, 0.7739790678024292, 18.914369583129883
image_103, 20, 3.4846057891845703, 0.81383216381073, 19.91002082824707
image_103, 20, 3.6591522693634033, 0.8534642457962036, 20.90567970275879
image_103, 20, 3.833968162536621, 0.8926979899406433, 21.901473999023438
image_103, 20, 4.007958889007568, 0.9321346282958984, 22.89714813232422
image_103, 20, 4.180135250091553, 0.9711419939994812, 23.89293098449707
image_103, 20, 4.353921890258789, 1.0112406015396118, 24.8884220123291
image_103, 20, 4.532993793487549, 1.0537476539611816, 25.883413314819336
image_103, 20, 4.705111503601074, 1.0933748483657837, 26.879045486450195
image_103, 20, 4.878631114959717, 1.1334668397903442, 27.87468910217285
image_103, 20, 5.052743911743164, 1.1740663051605225, 28.870296478271484
image_103, 20, 5.226891040802002, 1.214635968208313, 29.865907669067383
image_24, 21, 0.19758372008800507, 0.051242537796497345, 0.9936842918395996
image_24, 21, 0.3942280411720276, 0.10192316770553589, 1.9874629974365234
image_24, 21, 0.5964034199714661, 0.15504276752471924, 2.980740547180176
image_24, 21, 0.7861631512641907, 0.20271587371826172, 3.97507905960083
image_24, 21, 0.9778944253921509, 0.2507944405078888, 4.969301700592041
image_24, 21, 1.1775091886520386, 0.30226758122444153, 5.962830066680908
image_24, 21, 1.365334153175354, 0.3484992980957031, 6.957354545593262
image_24, 21, 1.5502387285232544, 0.3936038911342621, 7.952126502990723
image_24, 21, 1.7328182458877563, 0.4378508925437927, 8.9471435546875
image_24, 21, 1.9205865859985352, 0.484048455953598, 9.941779136657715
image_24, 21, 2.1055102348327637, 0.528887152671814, 10.936708450317383
image_24, 21, 2.289846181869507, 0.5734577178955078, 11.93171501159668
image_24, 21, 2.4751744270324707, 0.6186118721961975, 12.926629066467285
image_24, 21, 2.6627182960510254, 0.6647184491157532, 13.921340942382812
image_24, 21, 2.8504252433776855, 0.7109788060188293, 14.916093826293945
image_24, 21, 3.046851396560669, 0.7613315582275391, 15.910066604614258
image_24, 21, 3.2443606853485107, 0.8120854496955872, 16.904172897338867
image_24, 21, 3.4373366832733154, 0.8604099750518799, 17.898862838745117
image_24, 21, 3.633124351501465, 0.9104670882225037, 18.893186569213867
image_24, 21, 3.8286526203155518, 0.9602217674255371, 19.88759422302246
image_24, 21, 4.023397445678711, 1.0098764896392822, 20.881921768188477
image_24, 21, 4.214061737060547, 1.0575942993164062, 21.876628875732422
image_24, 21, 4.407230854034424, 1.1062910556793213, 22.870948791503906
image_24, 21, 4.59836483001709, 1.15401291847229, 23.865373611450195
image_24, 21, 4.790289402008057, 1.2017308473587036, 24.859699249267578
image_24, 21, 4.976428031921387, 1.246797800064087, 25.854604721069336
image_24, 21, 5.161801338195801, 1.2916886806488037, 26.849538803100586
image_24, 21, 5.348393440246582, 1.337026596069336, 27.8443603515625
image_24, 21, 5.5358076095581055, 1.3829436302185059, 28.83914566040039
image_24, 21, 5.729327201843262, 1.4314444065093994, 29.833383560180664
image_143, 22, 0.1732044517993927, 0.040823791176080704, 0.9954841732978821
image_143, 22, 0.34595590829849243, 0.08146534860134125, 1.9910204410552979
image_143, 22, 0.5175707936286926, 0.12150745838880539, 2.9867143630981445
image_143, 22, 0.6877540946006775, 0.16074800491333008, 3.982576847076416
image_143, 22, 0.8568736910820007, 0.19937768578529358, 4.978553295135498
image_143, 22, 1.025477409362793, 0.23804835975170135, 5.974460601806641
image_143, 22, 1.1936109066009521, 0.27659061551094055, 6.970383167266846
image_143, 22, 1.3605537414550781, 0.31444698572158813, 7.966419219970703
image_143, 22, 1.5280227661132812, 0.35250943899154663, 8.962371826171875
image_143, 22, 1.6935429573059082, 0.38952919840812683, 9.95857048034668
image_143, 22, 1.8595771789550781, 0.42662009596824646, 10.954731941223145
image_143, 22, 2.028149366378784, 0.4646603465080261, 11.950674057006836
image_143, 22, 2.1973965167999268, 0.5031996369361877, 12.94653606414795
image_143, 22, 2.3655378818511963, 0.5412140488624573, 13.942703247070312
image_143, 22, 2.5382981300354004, 0.581135094165802, 14.938582420349121
image_143, 22, 2.716829776763916, 0.6227191090583801, 15.934170722961426
image_143, 22, 2.893218994140625, 0.6629115343093872, 16.929824829101562
image_143, 22, 3.0718085765838623, 0.7043032646179199, 17.92513656616211
image_143, 22, 3.255011796951294, 0.7489596009254456, 18.919857025146484
image_143, 22, 3.433523416519165, 0.7907161116600037, 19.915252685546875
image_143, 22, 3.612269639968872, 0.832517683506012, 20.910737991333008
image_143, 22, 3.78559947013855, 0.8724774718284607, 21.90667724609375
image_143, 22, 3.955223321914673, 0.9108984470367432, 22.902835845947266
image_143, 22, 4.1240973472595215, 0.9488505125045776, 23.89906120300293
image_143, 22, 4.293726921081543, 0.987422525882721, 24.895015716552734
image_143, 22, 4.4636006355285645, 1.0263135433197021, 25.890850067138672
image_143, 22, 4.630030632019043, 1.0635868310928345, 26.887062072753906
image_143, 22, 4.79567813873291, 1.1007171869277954, 27.883302688598633
image_143, 22, 4.9621710777282715, 1.138449788093567, 28.87946319580078
image_143, 22, 5.130194187164307, 1.1768295764923096, 29.875452041625977
image_12, 23, 0.16852732002735138, 0.040320709347724915, 0.9953144788742065
image_12, 23, 0.3324493169784546, 0.07951495051383972, 1.9907143115997314
image_12, 23, 0.49699467420578003, 0.11839847266674042, 2.9862678050994873
image_12, 23, 0.6557407379150391, 0.15552781522274017, 3.982095718383789
image_12, 23, 0.7916669845581055, 0.18588516116142273, 4.979086875915527
image_12, 23, 0.9414386749267578, 0.22026002407073975, 5.975412845611572
image_12, 23, 1.0871655941009521, 0.2531701624393463, 6.971987247467041
image_12, 23, 1.2400168180465698, 0.28787776827812195, 7.968369960784912
image_12, 23, 1.3625515699386597, 0.3145489990711212, 8.9658203125
image_12, 23, 1.520106554031372, 0.35063624382019043, 9.961845397949219
image_12, 23, 1.6868655681610107, 0.3902314305305481, 10.957158088684082
image_12, 23, 1.8550937175750732, 0.42990201711654663, 11.95260238647461
image_12, 23, 2.0158934593200684, 0.4674800932407379, 12.948431015014648
image_12, 23, 2.187608242034912, 0.5086021423339844, 13.943798065185547
image_12, 23, 2.3420979976654053, 0.5444262027740479, 14.939963340759277
image_12, 23, 2.4983043670654297, 0.5822488069534302, 15.935698509216309
image_12, 23, 2.661623001098633, 0.6221535205841064, 16.931320190429688
image_12, 23, 2.825953722000122, 0.6605851650238037, 17.92729377746582
image_12, 23, 2.9898934364318848, 0.6999044418334961, 18.922834396362305
image_12, 23, 3.153627395629883, 0.738329291343689, 19.91888999938965
image_12, 23, 3.2907116413116455, 0.7698675394058228, 20.91571807861328
image_12, 23, 3.4346513748168945, 0.8028276562690735, 21.912199020385742
image_12, 23, 3.5804097652435303, 0.835762619972229, 22.908714294433594
image_12, 23, 3.722581148147583, 0.8678107261657715, 23.905330657958984
image_12, 23, 3.880079746246338, 0.9041212201118469, 24.9013671875
image_12, 23, 4.01198148727417, 0.9328161478042603, 25.898557662963867
image_12, 23, 4.160808086395264, 0.9660660028457642, 26.89508056640625
image_12, 23, 4.290797233581543, 0.9941651225090027, 27.892366409301758
image_12, 23, 4.445145130157471, 1.0294106006622314, 28.888439178466797
image_12, 23, 4.587242126464844, 1.0608500242233276, 29.885196685791016
image_113, 24, 0.1741212010383606, 0.040045980364084244, 0.9957702159881592
image_113, 24, 0.3465132713317871, 0.08024708926677704, 1.9913015365600586
image_113, 24, 0.5157471895217896, 0.11803039908409119, 2.987377166748047
image_113, 24, 0.6833562254905701, 0.15519388020038605, 3.9835381507873535
image_113, 24, 0.8497324585914612, 0.19218091666698456, 4.97967529296875
image_113, 24, 1.015631914138794, 0.22952410578727722, 5.975649356842041
image_113, 24, 1.1805063486099243, 0.266545832157135, 6.9716668128967285
image_113, 24, 1.341997742652893, 0.30201324820518494, 7.967975616455078
image_113, 24, 1.5026683807373047, 0.3372657001018524, 8.964317321777344
image_113, 24, 1.66292405128479, 0.3720253109931946, 9.960800170898438
image_113, 24, 1.8239470720291138, 0.4066755771636963, 10.957345008850098
image_113, 24, 1.9847257137298584, 0.44179481267929077, 11.953805923461914
image_113, 24, 2.146678924560547, 0.47744157910346985, 12.950243949890137
image_113, 24, 2.311291217803955, 0.5144178867340088, 13.946377754211426
image_113, 24, 2.475656747817993, 0.5510084629058838, 14.942595481872559
image_113, 24, 2.6402668952941895, 0.5871275663375854, 15.938913345336914
image_113, 24, 2.806114435195923, 0.6236823797225952, 16.935148239135742
image_113, 24, 2.9773831367492676, 0.6626577377319336, 17.930885314941406
image_113, 24, 3.1498048305511475, 0.7017139196395874, 18.926645278930664
image_113, 24, 3.3213868141174316, 0.7400520443916321, 19.922542572021484
image_113, 24, 3.4909863471984863, 0.7782275676727295, 20.918418884277344
image_113, 24, 3.662726402282715, 0.8178159594535828, 21.913984298706055
image_113, 24, 3.8310747146606445, 0.8556317090988159, 22.90999412536621
image_113, 24, 3.997727394104004, 0.8929935693740845, 23.90601921081543
image_113, 24, 4.161352157592773, 0.9281789064407349, 24.902454376220703
image_113, 24, 4.322865962982178, 0.9622817635536194, 25.89902114868164
image_113, 24, 4.482519626617432, 0.9964553117752075, 26.895540237426758
image_113, 24, 4.6436543464660645, 1.0314903259277344, 27.891965866088867
image_113, 24, 4.806698799133301, 1.068137288093567, 28.888025283813477
image_113, 24, 4.969221591949463, 1.1039886474609375, 29.884328842163086
image_112, 25, 0.18451176583766937, 0.04493565112352371, 0.9948562383651733
image_112, 25, 0.37098413705825806, 0.09051253646612167, 1.9895210266113281
image_112, 25, 0.5619552135467529, 0.13778144121170044, 2.983768939971924
image_112, 25, 0.753089189529419, 0.18519245088100433, 3.97796893119812
image_112, 25, 0.9297915697097778, 0.22695301473140717, 4.973397254943848
image_112, 25, 1.104556918144226, 0.2679179608821869, 5.968942165374756
image_112, 25, 1.279180645942688, 0.30885767936706543, 6.964487075805664
image_112, 25, 1.4566056728363037, 0.3507888615131378, 7.95985746383667
image_112, 25, 1.6357067823410034, 0.39308229088783264, 8.955155372619629
image_112, 25, 1.8143640756607056, 0.4350367486476898, 9.950496673583984
image_112, 25, 1.9931598901748657, 0.4771502614021301, 10.945837020874023
image_112, 25, 2.1723763942718506, 0.5194922089576721, 11.941167831420898
image_112, 25, 2.349299430847168, 0.5608890056610107, 12.936763763427734
image_112, 25, 2.5322892665863037, 0.6050578355789185, 13.931680679321289
image_112, 25, 2.7197763919830322, 0.6514657139778137, 14.926219940185547
image_112, 25, 2.909266948699951, 0.6988946199417114, 15.92070484161377
image_112, 25, 3.10260009765625, 0.7481566667556763, 16.91490364074707
image_112, 25, 3.2944796085357666, 0.7971760034561157, 17.909130096435547
image_112, 25, 3.4774160385131836, 0.84099280834198, 18.904211044311523
image_112, 25, 3.6604580879211426, 0.8840433359146118, 19.899433135986328
image_112, 25, 3.8468215465545654, 0.9294966459274292, 20.89426612854004
image_112, 25, 4.034082889556885, 0.9759252667427063, 21.888940811157227
image_112, 25, 4.21517276763916, 1.0193603038787842, 22.884246826171875
image_112, 25, 4.392712116241455, 1.0615390539169312, 23.87981414794922
image_112, 25, 4.580529689788818, 1.1079736948013306, 24.87430763244629
image_112, 25, 4.762275695800781, 1.151556134223938, 25.869373321533203
image_112, 25, 4.943151473999023, 1.1948025226593018, 26.864500045776367
image_112, 25, 5.121322154998779, 1.2370227575302124, 27.859840393066406
image_112, 25, 5.293248653411865, 1.277227520942688, 28.85568618774414
image_112, 25, 5.46591329574585, 1.3176326751708984, 29.851402282714844
image_62, 26, 0.1922490894794464, 0.04883727431297302, 0.9942052364349365
image_62, 26, 0.3886494040489197, 0.09915947169065475, 1.988057017326355
image_62, 26, 0.5783069133758545, 0.14628443121910095, 2.9824681282043457
image_62, 26, 0.7645955681800842, 0.1918618381023407, 3.97711181640625
image_62, 26, 0.9537837505340576, 0.23854683339595795, 4.9715399742126465
image_62, 26, 1.145792841911316, 0.28656256198883057, 5.965716361999512
image_62, 26, 1.3384592533111572, 0.3349314332008362, 6.9598259925842285
image_62, 26, 1.534730076789856, 0.3849269151687622, 7.953591823577881
image_62, 26, 1.7279046773910522, 0.4335014224052429, 8.947653770446777
image_62, 26, 1.9123908281326294, 0.4780813455581665, 9.94250202178955
image_62, 26, 2.100491762161255, 0.5242993831634521, 10.937043190002441
image_62, 26, 2.2930808067321777, 0.572587788105011, 11.931193351745605
image_62, 26, 2.4882028102874756, 0.6220948696136475, 12.92512321472168
image_62, 26, 2.6737256050109863, 0.6675595045089722, 13.919929504394531
image_62, 26, 2.8656680583953857, 0.7161904573440552, 14.914180755615234
image_62, 26, 3.0641660690307617, 0.768306314945221, 15.907882690429688
image_62, 26, 3.2669453620910645, 0.8224457502365112, 16.901342391967773
image_62, 26, 3.463115692138672, 0.8728513121604919, 17.895647048950195
image_62, 26, 3.6556966304779053, 0.9223558902740479, 18.889835357666016
image_62, 26, 3.8509767055511475, 0.9724223613739014, 19.883981704711914
image_62, 26, 4.049911975860596, 1.0240237712860107, 20.877927780151367
image_62, 26, 4.246829986572266, 1.0748330354690552, 21.871877670288086
image_62, 26, 4.436755657196045, 1.1222748756408691, 22.866451263427734
image_62, 26, 4.624170780181885, 1.1685583591461182, 23.861188888549805
image_62, 26, 4.810876846313477, 1.2141979932785034, 24.85594367980957
image_62, 26, 4.997257709503174, 1.2593638896942139, 25.850666046142578
image_62, 26, 5.184326171875, 1.3048787117004395, 26.84526252746582
image_62, 26, 5.366671085357666, 1.3486812114715576, 27.840246200561523
image_62, 26, 5.547269344329834, 1.3917819261550903, 28.835384368896484
image_62, 26, 5.730471134185791, 1.4360105991363525, 29.83025550842285
image_10, 27, 0.18292485177516937, 0.04470481351017952, 0.9950332045555115
image_10, 27, 0.36520063877105713, 0.08907351642847061, 1.9901541471481323
image_10, 27, 0.5511783957481384, 0.13450053334236145, 2.9848875999450684
image_10, 27, 0.7318623065948486, 0.17765317857265472, 3.980076789855957
image_10, 27, 0.9090238213539124, 0.21943345665931702, 4.9755730628967285
image_10, 27, 1.0880169868469238, 0.26177269220352173, 5.9708099365234375
image_10, 27, 1.2651365995407104, 0.30341237783432007, 6.966175556182861
image_10, 27, 1.44317626953125, 0.34524446725845337, 7.961480617523193
image_10, 27, 1.6185812950134277, 0.3861583173274994, 8.957012176513672
image_10, 27, 1.7946232557296753, 0.42750248312950134, 9.952406883239746
image_10, 27, 1.974797010421753, 0.47082391381263733, 10.94738483428955
image_10, 27, 2.1562578678131104, 0.5147241950035095, 11.942307472229004
image_10, 27, 2.3380613327026367, 0.5587639808654785, 12.937323570251465
image_10, 27, 2.5192830562591553, 0.6028016209602356, 13.932415962219238
image_10, 27, 2.6997857093811035, 0.6462435722351074, 14.927671432495117
image_10, 27, 2.884483575820923, 0.6914421319961548, 15.922493934631348
image_10, 27, 3.0691397190093994, 0.7363088130950928, 16.917409896850586
image_10, 27, 3.2552318572998047, 0.781515896320343, 17.91240119934082
image_10, 27, 3.4436144828796387, 0.8282980918884277, 18.90703010559082
image_10, 27, 3.6317787170410156, 0.8753212094306946, 19.90152359008789
image_10, 27, 3.819679021835327, 0.9217467308044434, 20.896142959594727
image_10, 27, 4.007425308227539, 0.9677477478981018, 21.89093589782715
image_10, 27, 4.192490577697754, 1.0130366086959839, 22.88587760925293
image_10, 27, 4.372722625732422, 1.0565546751022339, 23.881101608276367
image_10, 27, 4.551103591918945, 1.0992764234542847, 24.876392364501953
image_10, 27, 4.728262424468994, 1.141209602355957, 25.87189483642578
image_10, 27, 4.903369426727295, 1.1824382543563843, 26.867538452148438
image_10, 27, 5.076722621917725, 1.2229511737823486, 27.863258361816406
image_10, 27, 5.251829147338867, 1.2640902996063232, 28.858787536621094
image_10, 27, 5.431768417358398, 1.3069871664047241, 29.85390853881836
image_40, 28, 0.18792308866977692, 0.04705478996038437, 0.9943355917930603
image_40, 28, 0.380311518907547, 0.09548203647136688, 1.9883644580841064
image_40, 28, 0.5716269612312317, 0.14308147132396698, 2.98258376121521
image_40, 28, 0.769007682800293, 0.19306634366512299, 3.976309299468994
image_40, 28, 0.9611973166465759, 0.24058011174201965, 4.97048282623291
image_40, 28, 1.1567384004592896, 0.2894059419631958, 5.96437931060791
image_40, 28, 1.347050666809082, 0.3359469473361969, 6.958713531494141
image_40, 28, 1.5340361595153809, 0.3811655640602112, 7.9532880783081055
image_40, 28, 1.7291136980056763, 0.4298419654369354, 8.947220802307129
image_40, 28, 1.914385437965393, 0.4743648171424866, 9.942021369934082
image_40, 28, 2.1003808975219727, 0.5191410183906555, 10.936771392822266
image_40, 28, 2.2943508625030518, 0.5672730207443237, 11.930841445922852
image_40, 28, 2.4823999404907227, 0.6128286719322205, 12.925455093383789
image_40, 28, 2.6756112575531006, 0.6609601974487305, 13.919532775878906
image_40, 28, 2.867788076400757, 0.7090376615524292, 14.913697242736816
image_40, 28, 3.071352481842041, 0.7629420161247253, 15.906850814819336
image_40, 28, 3.28031849861145, 0.8197538256645203, 16.89950942993164
image_40, 28, 3.482665538787842, 0.8729801177978516, 17.89307975769043
image_40, 28, 3.688429117202759, 0.9288447499275208, 18.8859920501709
image_40, 28, 3.8909032344818115, 0.9824889898300171, 19.87939453125
image_40, 28, 4.0971293449401855, 1.0378754138946533, 20.872406005859375
image_40, 28, 4.302745819091797, 1.092796802520752, 21.865388870239258
image_40, 28, 4.497613430023193, 1.1418594121932983, 22.859453201293945
image_40, 28, 4.689184188842773, 1.1892577409744263, 23.853769302368164
image_40, 28, 4.876416206359863, 1.234780192375183, 24.84844398498535
image_40, 28, 5.0649943351745605, 1.2808862924575806, 25.842941284179688
image_40, 28, 5.260108947753906, 1.3296359777450562, 26.8369140625
image_40, 28, 5.450976371765137, 1.3766224384307861, 27.831260681152344
image_40, 28, 5.649259090423584, 1.4270145893096924, 28.824914932250977
image_40, 28, 5.8432464599609375, 1.4753313064575195, 29.818967819213867
image_132, 29, 0.2037159949541092, 0.054984770715236664, 0.9930406212806702
image_132, 29, 0.4058283269405365, 0.10900571942329407, 1.9862558841705322
image_132, 29, 0.6008603572845459, 0.1591860055923462, 2.9802169799804688
image_132, 29, 0.7878516912460327, 0.20552383363246918, 3.975020408630371
image_132, 29, 0.9721033573150635, 0.2507162094116211, 4.9700608253479
image_132, 29, 1.1533819437026978, 0.29471781849861145, 5.9652886390686035
image_132, 29, 1.3314194679260254, 0.33714747428894043, 6.960816383361816
image_132, 29, 1.5089921951293945, 0.3791922926902771, 7.956358909606934
image_132, 29, 1.6882015466690063, 0.4218240976333618, 8.951749801635742
image_132, 29, 1.869226336479187, 0.4653792381286621, 9.946940422058105
image_132, 29, 2.048807382583618, 0.5084892511367798, 10.94229793548584
image_132, 29, 2.2319602966308594, 0.5536370873451233, 11.937235832214355
image_132, 29, 2.4100492000579834, 0.5961968302726746, 12.932961463928223
image_132, 29, 2.5901501178741455, 0.6395297050476074, 13.928585052490234
image_132, 29, 2.772085428237915, 0.6841684579849243, 14.923871994018555
image_132, 29, 2.9585437774658203, 0.731332540512085, 15.918739318847656
image_132, 29, 3.1457650661468506, 0.7779623866081238, 16.913984298706055
image_132, 29, 3.331775426864624, 0.8256487250328064, 17.908740997314453
image_132, 29, 3.514730453491211, 0.871877133846283, 18.903724670410156
image_132, 29, 3.700970411300659, 0.9199036359786987, 19.898406982421875
image_132, 29, 3.8882060050964355, 0.966838002204895, 20.893587112426758
image_132, 29, 4.070802688598633, 1.0116288661956787, 21.889135360717773
image_132, 29, 4.252685070037842, 1.0562855005264282, 22.884254455566406
image_132, 29, 4.4283671379089355, 1.09786856174469, 23.88004493713379
image_132, 29, 4.602043151855469, 1.138951063156128, 24.8759765625
image_132, 29, 4.778440475463867, 1.180917501449585, 25.87153434753418
image_132, 29, 4.952028751373291, 1.2219228744506836, 26.867355346679688
image_132, 29, 5.125214576721191, 1.2630139589309692, 27.863189697265625
image_132, 29, 5.2992472648620605, 1.3044202327728271, 28.858896255493164
image_132, 29, 5.473361968994141, 1.345887303352356, 29.85456657409668
image_134, 30, 0.17480555176734924, 0.042518530040979385, 0.9956247806549072
image_134, 30, 0.348518967628479, 0.08421535789966583, 1.9912679195404053
image_134, 30, 0.5350939631462097, 0.13041554391384125, 2.985858678817749
image_134, 30, 0.7142486572265625, 0.17374400794506073, 3.9810285568237305
image_134, 30, 0.8821227550506592, 0.21310384571552277, 4.9770965576171875
image_134, 30, 1.0561803579330444, 0.2545756995677948, 5.9725518226623535
image_134, 30, 1.222382664680481, 0.29322385787963867, 6.968626022338867
image_134, 30, 1.3956758975982666, 0.3343653976917267, 7.964138507843018
image_134, 30, 1.5669357776641846, 0.37473857402801514, 8.959855079650879
image_134, 30, 1.7338266372680664, 0.4132542014122009, 9.955942153930664
image_134, 30, 1.9009153842926025, 0.4516707956790924, 10.952134132385254
image_134, 30, 2.070765495300293, 0.491092324256897, 11.948141098022461
image_134, 30, 2.244481086730957, 0.5321219563484192, 12.943883895874023
image_134, 30, 2.4222707748413086, 0.575145959854126, 13.939291954040527
image_134, 30, 2.6002166271209717, 0.6187402606010437, 14.934945106506348
image_134, 30, 2.7885897159576416, 0.6666104793548584, 15.92945671081543
image_134, 30, 2.978632926940918, 0.7148927450180054, 16.923912048339844
image_134, 30, 3.162311315536499, 0.7596318125724792, 17.91912078857422
image_134, 30, 3.344024181365967, 0.803877592086792, 18.9141788482666
image_134, 30, 3.526777744293213, 0.8482975959777832, 19.90924644470215
image_134, 30, 3.717689037322998, 0.8971301913261414, 20.903438568115234
image_134, 30, 3.900865316390991, 0.9417096972465515, 21.89869499206543
image_134, 30, 4.0747575759887695, 0.9826638102531433, 22.894527435302734
image_134, 30, 4.246057510375977, 1.022661566734314, 23.890472412109375
image_134, 30, 4.418100833892822, 1.0631070137023926, 24.88634490966797
image_134, 30, 4.588871479034424, 1.1031297445297241, 25.882291793823242
image_134, 30, 4.758500576019287, 1.1427136659622192, 26.878250122070312
image_134, 30, 4.92421817779541, 1.181086778640747, 27.874479293823242
image_134, 30, 5.0896453857421875, 1.2194558382034302, 28.870683670043945
image_134, 30, 5.255454063415527, 1.2579379081726074, 29.866901397705078
