Case_ID, Slide_ID, mae, mse, ssim
image_99, 1, 0.04443160071969032, 0.005728123243898153, 0.9996463656425476
image_99, 1, 0.0868305116891861, 0.011025624349713326, 1.99932861328125
image_99, 1, 0.12929360568523407, 0.016217127442359924, 2.9990017414093018
image_99, 1, 0.16882754862308502, 0.021276138722896576, 3.9987151622772217
image_99, 1, 0.2096656858921051, 0.02650485187768936, 4.998392105102539
image_99, 1, 0.2586689889431, 0.033459264785051346, 5.997826099395752
image_99, 1, 0.29898157715797424, 0.038427937775850296, 6.997535228729248
image_99, 1, 0.38143032789230347, 0.058831587433815, 7.995819091796875
image_99, 1, 0.4584137797355652, 0.07684178650379181, 8.994430541992188
image_99, 1, 0.5321453809738159, 0.09380093216896057, 9.9932279586792
image_99, 1, 0.5867293477058411, 0.10298080742359161, 10.992679595947266
image_99, 1, 0.6299880146980286, 0.10881248116493225, 11.992362976074219
image_99, 1, 0.6698758602142334, 0.11389011889696121, 12.992101669311523
image_99, 1, 0.7093096375465393, 0.1188068687915802, 13.991837501525879
image_99, 1, 0.7487991452217102, 0.12378207594156265, 14.991565704345703
image_99, 1, 0.7866250276565552, 0.12818793952465057, 15.991314888000488
image_99, 1, 0.8275598883628845, 0.13373959064483643, 16.990962982177734
image_99, 1, 0.8660670518875122, 0.1383303999900818, 17.99069595336914
image_99, 1, 0.9054555892944336, 0.1426345854997635, 18.990432739257812
image_99, 1, 0.9933716654777527, 0.16490352153778076, 19.988370895385742
image_99, 1, 1.0740551948547363, 0.1842586249113083, 20.986740112304688
image_99, 1, 1.1424214839935303, 0.19843541085720062, 21.985685348510742
image_99, 1, 1.2047666311264038, 0.20985352993011475, 22.984771728515625
image_99, 1, 1.2938834428787231, 0.23309096693992615, 23.982452392578125
image_99, 1, 1.3777787685394287, 0.25366881489753723, 24.98062515258789
image_99, 1, 1.4521859884262085, 0.27031221985816956, 25.979324340820312
image_99, 1, 1.533708930015564, 0.2897661328315735, 26.977405548095703
image_99, 1, 1.5850679874420166, 0.2970098853111267, 27.97675323486328
image_99, 1, 1.6260052919387817, 0.30215921998023987, 28.976409912109375
image_99, 1, 1.6671103239059448, 0.3074195981025696, 29.976051330566406
image_77, 2, 0.05358416587114334, 0.011952520348131657, 0.9988725781440735
image_77, 2, 0.10979777574539185, 0.022443493828177452, 1.9977593421936035
image_77, 2, 0.17351259291172028, 0.03393477946519852, 2.9963881969451904
image_77, 2, 0.22979877889156342, 0.046786218881607056, 3.9950554370880127
image_77, 2, 0.2853487730026245, 0.05930892005562782, 4.993776798248291
image_77, 2, 0.37075579166412354, 0.08363683521747589, 5.991582870483398
image_77, 2, 0.45210033655166626, 0.10703136026859283, 6.989570140838623
image_77, 2, 0.5226324200630188, 0.12580342590808868, 7.987878322601318
image_77, 2, 0.5820932388305664, 0.13987937569618225, 8.986403465270996
image_77, 2, 0.6355412006378174, 0.15162011981010437, 9.985180854797363
image_77, 2, 0.6889597177505493, 0.16324205696582794, 10.98397445678711
image_77, 2, 0.7434176802635193, 0.17502577602863312, 11.982771873474121
image_77, 2, 0.7983535528182983, 0.18681859970092773, 12.981573104858398
image_77, 2, 0.8503165245056152, 0.19688065350055695, 13.980499267578125
image_77, 2, 0.9143041372299194, 0.2085355967283249, 14.9790678024292
image_77, 2, 1.0078349113464355, 0.22864477336406708, 15.976142883300781
image_77, 2, 1.067333459854126, 0.2395465075969696, 16.974870681762695
image_77, 2, 1.121662974357605, 0.24938446283340454, 17.97378158569336
image_77, 2, 1.174432635307312, 0.25887197256088257, 18.97274398803711
image_77, 2, 1.2310898303985596, 0.2689327001571655, 19.971588134765625
image_77, 2, 1.2878473997116089, 0.2811538577079773, 20.97040367126465
image_77, 2, 1.3763536214828491, 0.30595600605010986, 21.967926025390625
image_77, 2, 1.4678518772125244, 0.3314703106880188, 22.965248107910156
image_77, 2, 1.5529251098632812, 0.3544670343399048, 23.962984085083008
image_77, 2, 1.6512956619262695, 0.38306570053100586, 24.95989990234375
image_77, 2, 1.7562179565429688, 0.4154958128929138, 25.95634651184082
image_77, 2, 1.8506561517715454, 0.4424681067466736, 26.95346450805664
image_77, 2, 1.9562690258026123, 0.4753381609916687, 27.94952392578125
image_77, 2, 2.0212390422821045, 0.48950570821762085, 28.94844627380371
image_77, 2, 2.0870602130889893, 0.5035367012023926, 29.947458267211914
image_150, 3, 0.10915261507034302, 0.033877983689308167, 0.9979124665260315
image_150, 3, 0.21739473938941956, 0.06727495789527893, 1.9959278106689453
image_150, 3, 0.32457971572875977, 0.09986688196659088, 2.994020938873291
image_150, 3, 0.41169437766075134, 0.12225017696619034, 3.9925432205200195
image_150, 3, 0.5004032254219055, 0.14511065185070038, 4.990891933441162
image_150, 3, 0.5996530652046204, 0.17380386590957642, 5.989145278930664
image_150, 3, 0.7046488523483276, 0.2053820788860321, 6.987215995788574
image_150, 3, 0.8163772225379944, 0.2409469485282898, 7.984949588775635
image_150, 3, 0.9264936447143555, 0.2756619453430176, 8.982874870300293
image_150, 3, 1.019343614578247, 0.2986316680908203, 9.980762481689453
image_150, 3, 1.123995065689087, 0.33007803559303284, 10.978909492492676
image_150, 3, 1.2021547555923462, 0.34721648693084717, 11.9775390625
image_150, 3, 1.2825239896774292, 0.36502304673194885, 12.976119041442871
image_150, 3, 1.3512064218521118, 0.37859052419662476, 13.9751615524292
image_150, 3, 1.4192558526992798, 0.39182817935943604, 14.974201202392578
image_150, 3, 1.5034558773040771, 0.41102004051208496, 15.972502708435059
image_150, 3, 1.5860084295272827, 0.42947307229042053, 16.970869064331055
image_150, 3, 1.6628422737121582, 0.4456945061683655, 17.969499588012695
image_150, 3, 1.7214568853378296, 0.45627498626708984, 18.968748092651367
image_150, 3, 1.7841157913208008, 0.4680519104003906, 19.9678897857666
image_150, 3, 1.852532148361206, 0.4815405011177063, 20.96681785583496
image_150, 3, 1.9482313394546509, 0.509268581867218, 21.96503448486328
image_150, 3, 2.0453073978424072, 0.5376417636871338, 22.96328353881836
image_150, 3, 2.1421704292297363, 0.5653447508811951, 23.9615478515625
image_150, 3, 2.2383229732513428, 0.5925666093826294, 24.959806442260742
image_150, 3, 2.3301498889923096, 0.6185700297355652, 25.958133697509766
image_150, 3, 2.42533802986145, 0.6462829113006592, 26.95604705810547
image_150, 3, 2.528514862060547, 0.6786438226699829, 27.953269958496094
image_150, 3, 2.634002447128296, 0.7131807208061218, 28.950237274169922
image_150, 3, 2.748121738433838, 0.7532727718353271, 29.946304321289062
image_26, 4, 0.036036085337400436, 0.003907606936991215, 0.9997352957725525
image_26, 4, 0.07073037326335907, 0.007823045365512371, 1.9994831085205078
image_26, 4, 0.10606902837753296, 0.011741566471755505, 2.999204158782959
image_26, 4, 0.1479800045490265, 0.016961710527539253, 3.9987428188323975
image_26, 4, 0.19835512340068817, 0.02398376725614071, 4.9980387687683105
image_26, 4, 0.2554720938205719, 0.03519868105649948, 5.99744176864624
image_26, 4, 0.30499568581581116, 0.04208756983280182, 6.996829986572266
image_26, 4, 0.34716036915779114, 0.04742210730910301, 7.996448993682861
image_26, 4, 0.38532257080078125, 0.052021726965904236, 8.996170043945312
image_26, 4, 0.4290260374546051, 0.05788324400782585, 9.995739936828613
image_26, 4, 0.47407615184783936, 0.06411682069301605, 10.995264053344727
image_26, 4, 0.516917884349823, 0.06988755613565445, 11.994847297668457
image_26, 4, 0.5601118803024292, 0.07590749859809875, 12.994399070739746
image_26, 4, 0.5958106517791748, 0.07992546260356903, 13.994178771972656
image_26, 4, 0.6324365139007568, 0.08381300419569016, 14.993948936462402
image_26, 4, 0.6734888553619385, 0.08898576349020004, 15.993600845336914
image_26, 4, 0.7095201015472412, 0.09315060824155807, 16.993370056152344
image_26, 4, 0.7469246983528137, 0.09748643636703491, 17.993091583251953
image_26, 4, 0.7908050417900085, 0.10310551524162292, 18.99262237548828
image_26, 4, 0.8307693004608154, 0.10810595750808716, 19.992223739624023
image_26, 4, 0.8663247227668762, 0.11215449869632721, 20.991924285888672
image_26, 4, 0.8995421528816223, 0.11554758995771408, 21.991683959960938
image_26, 4, 0.9353048801422119, 0.11975579708814621, 22.991418838500977
image_26, 4, 0.9860147833824158, 0.12876319885253906, 23.990856170654297
image_26, 4, 1.0370160341262817, 0.138015016913414, 24.99027442932129
image_26, 4, 1.0757417678833008, 0.14289626479148865, 25.989974975585938
image_26, 4, 1.1113322973251343, 0.14696095883846283, 26.989713668823242
image_26, 4, 1.1446443796157837, 0.15051217377185822, 27.989484786987305
image_26, 4, 1.176429271697998, 0.15356813371181488, 28.989290237426758
image_26, 4, 1.2089825868606567, 0.15671713650226593, 29.989084243774414
image_51, 5, 0.051594797521829605, 0.00846904143691063, 0.9994515180587769
image_51, 5, 0.10103768110275269, 0.015589771792292595, 1.998984456062317
image_51, 5, 0.15097802877426147, 0.02214730717241764, 2.9985005855560303
image_51, 5, 0.19688037037849426, 0.02844889834523201, 3.998124837875366
image_51, 5, 0.2403288334608078, 0.03472859412431717, 4.99776554107666
image_51, 5, 0.28403788805007935, 0.040342479944229126, 5.997417449951172
image_51, 5, 0.3300183415412903, 0.046606745570898056, 6.997010707855225
image_51, 5, 0.3814068138599396, 0.05383644998073578, 7.996437072753906
image_51, 5, 0.47556182742118835, 0.07965496182441711, 8.994084358215332
image_51, 5, 0.5634652376174927, 0.10283862054347992, 9.992300033569336
image_51, 5, 0.6093332767486572, 0.10959580540657043, 10.991918563842773
image_51, 5, 0.6546401381492615, 0.11643163114786148, 11.991525650024414
image_51, 5, 0.7014614939689636, 0.12403559684753418, 12.99108600616455
image_51, 5, 0.7486665844917297, 0.13149914145469666, 13.990663528442383
image_51, 5, 0.7965499758720398, 0.13888517022132874, 14.990227699279785
image_51, 5, 0.8512960076332092, 0.14766111969947815, 15.989583015441895
image_51, 5, 0.9016221761703491, 0.15576237440109253, 16.989038467407227
image_51, 5, 0.9499050974845886, 0.16334334015846252, 17.988525390625
image_51, 5, 0.9972389340400696, 0.16970008611679077, 18.988088607788086
image_51, 5, 1.0469087362289429, 0.1774863749742508, 19.987646102905273
image_51, 5, 1.1359046697616577, 0.20110297203063965, 20.98603630065918
image_51, 5, 1.2265667915344238, 0.2253103107213974, 21.984155654907227
image_51, 5, 1.2961971759796143, 0.23998771607875824, 22.983171463012695
image_51, 5, 1.3861141204833984, 0.2643822133541107, 23.98100471496582
image_51, 5, 1.465361475944519, 0.2831912040710449, 24.97943687438965
image_51, 5, 1.5093553066253662, 0.28986603021621704, 25.979013442993164
image_51, 5, 1.5511095523834229, 0.295241117477417, 26.97868537902832
image_51, 5, 1.594529628753662, 0.3009696900844574, 27.978317260742188
image_51, 5, 1.6403071880340576, 0.3069816827774048, 28.9778995513916
image_51, 5, 1.689731478691101, 0.313933402299881, 29.977394104003906
image_82, 6, 0.054723870009183884, 0.008929611183702946, 0.9992272853851318
image_82, 6, 0.12154503166675568, 0.020947813987731934, 1.998018741607666
image_82, 6, 0.2053367793560028, 0.038671307265758514, 2.995980978012085
image_82, 6, 0.27607280015945435, 0.0523817278444767, 3.994577646255493
image_82, 6, 0.34584176540374756, 0.06557770073413849, 4.993222713470459
image_82, 6, 0.41346532106399536, 0.0778532326221466, 5.992023944854736
image_82, 6, 0.49314072728157043, 0.09404211491346359, 6.990250587463379
image_82, 6, 0.5695573687553406, 0.10891218483448029, 7.98862361907959
image_82, 6, 0.6269264221191406, 0.11816133558750153, 8.98782730102539
image_82, 6, 0.6860947012901306, 0.12805640697479248, 9.98695182800293
image_82, 6, 0.7553431987762451, 0.14091219007968903, 10.985613822937012
image_82, 6, 0.8258793950080872, 0.15446823835372925, 11.984209060668945
image_82, 6, 0.8924001455307007, 0.16691820323467255, 12.982956886291504
image_82, 6, 0.967842161655426, 0.18224304914474487, 13.981255531311035
image_82, 6, 1.0363117456436157, 0.19507700204849243, 14.979891777038574
image_82, 6, 1.1095253229141235, 0.20968279242515564, 15.978283882141113
image_82, 6, 1.168569564819336, 0.2199738323688507, 16.977293014526367
image_82, 6, 1.2306480407714844, 0.23069094121456146, 17.9761962890625
image_82, 6, 1.283002257347107, 0.23866868019104004, 18.97549819946289
image_82, 6, 1.3466403484344482, 0.250044047832489, 19.97437286376953
image_82, 6, 1.394858717918396, 0.25728362798690796, 20.97382926940918
image_82, 6, 1.439014196395874, 0.2635272443294525, 21.973417282104492
image_82, 6, 1.4951573610305786, 0.27251991629600525, 22.972578048706055
image_82, 6, 1.5579051971435547, 0.2832542359828949, 23.97144889831543
image_82, 6, 1.6367467641830444, 0.2998124957084656, 24.969511032104492
image_82, 6, 1.6864100694656372, 0.308541864156723, 25.9689998626709
image_82, 6, 1.74365234375, 0.3199467957019806, 26.96832275390625
image_82, 6, 1.8017587661743164, 0.3316781520843506, 27.967575073242188
image_82, 6, 1.8594884872436523, 0.34237921237945557, 28.966917037963867
image_82, 6, 1.9160670042037964, 0.35238412022590637, 29.96625518798828
image_80, 7, 0.05056100711226463, 0.008021322079002857, 0.9993376731872559
image_80, 7, 0.094661183655262, 0.014370011165738106, 1.9988863468170166
image_80, 7, 0.13387782871723175, 0.019462814554572105, 2.998570442199707
image_80, 7, 0.17761249840259552, 0.025310467928647995, 3.998122215270996
image_80, 7, 0.2154991328716278, 0.029626771807670593, 4.997830390930176
image_80, 7, 0.2552121877670288, 0.03437377139925957, 5.997521877288818
image_80, 7, 0.34388357400894165, 0.059670913964509964, 6.9956159591674805
image_80, 7, 0.43035808205604553, 0.08378765732049942, 7.99392032623291
image_80, 7, 0.512224555015564, 0.10543940961360931, 8.992488861083984
image_80, 7, 0.5586906671524048, 0.1122845783829689, 9.992100715637207
image_80, 7, 0.5972766876220703, 0.1167568564414978, 10.991808891296387
image_80, 7, 0.6375190019607544, 0.12143496423959732, 11.991475105285645
image_80, 7, 0.6850261688232422, 0.12767618894577026, 12.990958213806152
image_80, 7, 0.7299814224243164, 0.13344353437423706, 13.9905424118042
image_80, 7, 0.7773127555847168, 0.1405992954969406, 14.990131378173828
image_80, 7, 0.8502681255340576, 0.15788885951042175, 15.989215850830078
image_80, 7, 0.8924511671066284, 0.16338540613651276, 16.988861083984375
image_80, 7, 0.9310073852539062, 0.1681092530488968, 17.988588333129883
image_80, 7, 0.9673225283622742, 0.1722186952829361, 18.988313674926758
image_80, 7, 1.0040922164916992, 0.17647644877433777, 19.988048553466797
image_80, 7, 1.0539638996124268, 0.18382826447486877, 20.987455368041992
image_80, 7, 1.117034912109375, 0.1967044174671173, 21.98674774169922
image_80, 7, 1.1989887952804565, 0.21820400655269623, 22.985429763793945
image_80, 7, 1.2800657749176025, 0.239064022898674, 23.984210968017578
image_80, 7, 1.356919527053833, 0.25779515504837036, 24.98322868347168
image_80, 7, 1.4351085424423218, 0.27713918685913086, 25.982210159301758
image_80, 7, 1.4980311393737793, 0.290214478969574, 26.981517791748047
image_80, 7, 1.5529422760009766, 0.3003704845905304, 27.980953216552734
image_80, 7, 1.6153615713119507, 0.31332746148109436, 28.9802303314209
image_80, 7, 1.68478524684906, 0.32947805523872375, 29.97927474975586
image_1, 8, 0.039861928671598434, 0.004483204334974289, 0.9996429085731506
image_1, 8, 0.08242350816726685, 0.009227314963936806, 1.9992074966430664
image_1, 8, 0.14389535784721375, 0.018227696418762207, 2.9981255531311035
image_1, 8, 0.20533430576324463, 0.027097541838884354, 3.997049331665039
image_1, 8, 0.27051955461502075, 0.037061918526887894, 4.995816230773926
image_1, 8, 0.32569050788879395, 0.047614652663469315, 5.995211124420166
image_1, 8, 0.38274386525154114, 0.058774977922439575, 6.9945526123046875
image_1, 8, 0.4396992027759552, 0.06990314275026321, 7.993939399719238
image_1, 8, 0.48359766602516174, 0.07504786550998688, 8.993486404418945
image_1, 8, 0.5240011811256409, 0.07970943301916122, 9.993091583251953
image_1, 8, 0.5942534804344177, 0.09211837500333786, 10.991583824157715
image_1, 8, 0.65950608253479, 0.10303113609552383, 11.990310668945312
image_1, 8, 0.7237431406974792, 0.1136428713798523, 12.989094734191895
image_1, 8, 0.7880545258522034, 0.12419255077838898, 13.98789119720459
image_1, 8, 0.8579294681549072, 0.13662217557430267, 14.986422538757324
image_1, 8, 0.9280826449394226, 0.1496649980545044, 15.984879493713379
image_1, 8, 1.0029393434524536, 0.16476844251155853, 16.983022689819336
image_1, 8, 1.0706963539123535, 0.17708519101142883, 17.98154067993164
image_1, 8, 1.127503514289856, 0.185857355594635, 18.980575561523438
image_1, 8, 1.1755049228668213, 0.19224286079406738, 19.97992515563965
image_1, 8, 1.2258435487747192, 0.1989986002445221, 20.97923469543457
image_1, 8, 1.2924902439117432, 0.21340857446193695, 21.978229522705078
image_1, 8, 1.3643033504486084, 0.2299724817276001, 22.977008819580078
image_1, 8, 1.4217422008514404, 0.24222494661808014, 23.976224899291992
image_1, 8, 1.4748821258544922, 0.2525322735309601, 24.975603103637695
image_1, 8, 1.5248297452926636, 0.26170316338539124, 25.975074768066406
image_1, 8, 1.5683516263961792, 0.26751217246055603, 26.974567413330078
image_1, 8, 1.6164642572402954, 0.27333182096481323, 27.973909378051758
image_1, 8, 1.6636649370193481, 0.27881920337677, 28.973297119140625
image_1, 8, 1.7119383811950684, 0.28463950753211975, 29.97266387939453
image_124, 9, 0.05609805881977081, 0.011350679211318493, 0.999115526676178
image_124, 9, 0.11542508751153946, 0.02441185712814331, 1.9980638027191162
image_124, 9, 0.17045429348945618, 0.03545505180954933, 2.997227907180786
image_124, 9, 0.23507457971572876, 0.04941689968109131, 3.9960196018218994
image_124, 9, 0.2940146028995514, 0.0611046738922596, 4.995075225830078
image_124, 9, 0.3516627252101898, 0.07247386872768402, 5.994208335876465
image_124, 9, 0.4502720832824707, 0.09892154484987259, 6.992116451263428
image_124, 9, 0.5451112985610962, 0.12360954284667969, 7.9901933670043945
image_124, 9, 0.619516909122467, 0.14006046950817108, 8.988899230957031
image_124, 9, 0.6899338364601135, 0.1551867574453354, 9.987680435180664
image_124, 9, 0.7586246728897095, 0.17133396863937378, 10.98637866973877
image_124, 9, 0.8320661783218384, 0.18913231790065765, 11.985033988952637
image_124, 9, 0.9043327569961548, 0.20641803741455078, 12.983794212341309
image_124, 9, 0.9748005867004395, 0.22208259999752045, 13.982767105102539
image_124, 9, 1.0345888137817383, 0.23362000286579132, 14.981935501098633
image_124, 9, 1.1144477128982544, 0.2532932460308075, 15.980783462524414
image_124, 9, 1.2053653001785278, 0.27788329124450684, 16.979246139526367
image_124, 9, 1.2811087369918823, 0.29536718130111694, 17.978191375732422
image_124, 9, 1.3498765230178833, 0.31015461683273315, 18.977279663085938
image_124, 9, 1.4071507453918457, 0.320580393075943, 19.97655487060547
image_124, 9, 1.4660999774932861, 0.3316897749900818, 20.975738525390625
image_124, 9, 1.5267994403839111, 0.34331122040748596, 21.974939346313477
image_124, 9, 1.6118074655532837, 0.36390724778175354, 22.9736328125
image_124, 9, 1.7094700336456299, 0.3905157148838043, 23.97174644470215
image_124, 9, 1.8141191005706787, 0.4216337502002716, 24.96942901611328
image_124, 9, 1.9211567640304565, 0.4538521468639374, 25.966856002807617
image_124, 9, 2.0183911323547363, 0.48121482133865356, 26.964818954467773
image_124, 9, 2.1169373989105225, 0.5091864466667175, 27.962800979614258
image_124, 9, 2.210625648498535, 0.5353732705116272, 28.961078643798828
image_124, 9, 2.3062989711761475, 0.5637882351875305, 29.95896339416504
image_65, 10, 0.04689794033765793, 0.006884051952511072, 0.9995740056037903
image_65, 10, 0.09396281093358994, 0.013975586742162704, 1.9991950988769531
image_65, 10, 0.17733971774578094, 0.035463303327560425, 2.9978280067443848
image_65, 10, 0.24115310609340668, 0.04856285825371742, 3.9970600605010986
image_65, 10, 0.3440062701702118, 0.08103302121162415, 4.994260311126709
image_65, 10, 0.44508910179138184, 0.11274605244398117, 5.991659641265869
image_65, 10, 0.5459891557693481, 0.14410534501075745, 6.989078998565674
image_65, 10, 0.6448465585708618, 0.17408163845539093, 7.9867682456970215
image_65, 10, 0.7493855953216553, 0.20706325769424438, 8.983940124511719
image_65, 10, 0.8457099795341492, 0.23552578687667847, 9.981640815734863
image_65, 10, 0.9120364785194397, 0.2493630349636078, 10.98048210144043
image_65, 10, 0.9747239947319031, 0.2616259753704071, 11.979344367980957
image_65, 10, 1.0345168113708496, 0.27322664856910706, 12.97834587097168
image_65, 10, 1.1006394624710083, 0.2870524227619171, 13.977240562438965
image_65, 10, 1.201572060585022, 0.3180614113807678, 14.974607467651367
image_65, 10, 1.2945482730865479, 0.34501031041145325, 15.972618103027344
image_65, 10, 1.3859118223190308, 0.37164515256881714, 16.97065544128418
image_65, 10, 1.4815168380737305, 0.4007455110549927, 17.968456268310547
image_65, 10, 1.5833568572998047, 0.4328746199607849, 18.96584701538086
image_65, 10, 1.6798386573791504, 0.4616302251815796, 19.963531494140625
image_65, 10, 1.7801567316055298, 0.4928338825702667, 20.960683822631836
image_65, 10, 1.874208927154541, 0.5204160213470459, 21.95832061767578
image_65, 10, 1.9723045825958252, 0.5506658554077148, 22.955812454223633
image_65, 10, 2.03112530708313, 0.5619338154792786, 23.954893112182617
image_65, 10, 2.128732919692993, 0.5921841263771057, 24.95229721069336
image_65, 10, 2.2313246726989746, 0.6247628927230835, 25.949003219604492
image_65, 10, 2.3248467445373535, 0.6523779034614563, 26.94654083251953
image_65, 10, 2.413236141204834, 0.677912712097168, 27.94451332092285
image_65, 10, 2.498065710067749, 0.7019312977790833, 28.942790985107422
image_65, 10, 2.585301399230957, 0.7268090844154358, 29.940847396850586
image_137, 11, 0.04714871942996979, 0.006342530250549316, 0.999466598033905
image_137, 11, 0.09354288876056671, 0.012431672774255276, 1.998927116394043
image_137, 11, 0.15055282413959503, 0.02082246169447899, 2.9980077743530273
image_137, 11, 0.2058129608631134, 0.028385154902935028, 3.9971718788146973
image_137, 11, 0.26392704248428345, 0.03661719709634781, 4.996219158172607
image_137, 11, 0.3296838402748108, 0.04726462811231613, 5.994941711425781
image_137, 11, 0.3874160647392273, 0.05577966198325157, 6.993996620178223
image_137, 11, 0.4491559565067291, 0.06570273637771606, 7.992861270904541
image_137, 11, 0.5021430253982544, 0.07354845106601715, 8.992046356201172
image_137, 11, 0.556771993637085, 0.0819089487195015, 9.991164207458496
image_137, 11, 0.6192162036895752, 0.09246419370174408, 10.989959716796875
image_137, 11, 0.6804187893867493, 0.10247724503278732, 11.988821983337402
image_137, 11, 0.7374517917633057, 0.11123135685920715, 12.987868309020996
image_137, 11, 0.7988954782485962, 0.121389240026474, 13.986710548400879
image_137, 11, 0.8657246232032776, 0.13326862454414368, 14.9852933883667
image_137, 11, 0.9343814849853516, 0.1456281691789627, 15.98379898071289
image_137, 11, 1.0062161684036255, 0.1592291295528412, 16.982139587402344
image_137, 11, 1.0662049055099487, 0.16922646760940552, 17.981014251708984
image_137, 11, 1.1095645427703857, 0.1748313456773758, 18.980504989624023
image_137, 11, 1.149477243423462, 0.1796942502260208, 19.9800968170166
image_137, 11, 1.2000654935836792, 0.18790072202682495, 20.97955894470215
image_137, 11, 1.2424496412277222, 0.19360369443893433, 21.979137420654297
image_137, 11, 1.286776065826416, 0.20012196898460388, 22.978662490844727
image_137, 11, 1.3487285375595093, 0.2135482281446457, 23.977853775024414
image_137, 11, 1.4086886644363403, 0.22607609629631042, 24.977115631103516
image_137, 11, 1.4675750732421875, 0.23811423778533936, 25.976390838623047
image_137, 11, 1.5278503894805908, 0.2504587471485138, 26.975635528564453
image_137, 11, 1.583014726638794, 0.2601267397403717, 27.974925994873047
image_137, 11, 1.6490005254745483, 0.2741222083568573, 28.974102020263672
image_137, 11, 1.7179900407791138, 0.2894405722618103, 29.973236083984375
image_14, 12, 0.04196014627814293, 0.005675666034221649, 0.999672532081604
image_14, 12, 0.08697369694709778, 0.012078536674380302, 1.9992940425872803
image_14, 12, 0.13429200649261475, 0.019008710980415344, 2.998835563659668
image_14, 12, 0.17838115990161896, 0.025063887238502502, 3.9984683990478516
image_14, 12, 0.26439207792282104, 0.047796472907066345, 4.996843338012695
image_14, 12, 0.35092243552207947, 0.07125188410282135, 5.9951558113098145
image_14, 12, 0.3926880657672882, 0.07692712545394897, 6.994804382324219
image_14, 12, 0.4820481240749359, 0.10219188034534454, 7.992752552032471
image_14, 12, 0.56492680311203, 0.1246282309293747, 8.991109848022461
image_14, 12, 0.6080028414726257, 0.1308385282754898, 9.99077033996582
image_14, 12, 0.6514703631401062, 0.13700948655605316, 10.990457534790039
image_14, 12, 0.6947868466377258, 0.14301805198192596, 11.990150451660156
image_14, 12, 0.7404423356056213, 0.14954906702041626, 12.989789962768555
image_14, 12, 0.7894185781478882, 0.15702371299266815, 13.989339828491211
image_14, 12, 0.8357325196266174, 0.16362647712230682, 14.988932609558105
image_14, 12, 0.8835046291351318, 0.17065267264842987, 15.98847770690918
image_14, 12, 0.9244354963302612, 0.1761668175458908, 16.988178253173828
image_14, 12, 0.9676929712295532, 0.1822507679462433, 17.98783302307129
image_14, 12, 1.0086275339126587, 0.18782509863376617, 18.98754119873047
image_14, 12, 1.0520099401474, 0.19421206414699554, 19.987171173095703
image_14, 12, 1.13228178024292, 0.21413087844848633, 20.985822677612305
image_14, 12, 1.1822468042373657, 0.2220832258462906, 21.985410690307617
image_14, 12, 1.2622089385986328, 0.24209973216056824, 22.9841251373291
image_14, 12, 1.3495903015136719, 0.2662944495677948, 23.982532501220703
image_14, 12, 1.4393675327301025, 0.2918741703033447, 24.980642318725586
image_14, 12, 1.5288245677947998, 0.3170645833015442, 25.978660583496094
image_14, 12, 1.6254950761795044, 0.3470039367675781, 26.975955963134766
image_14, 12, 1.7268409729003906, 0.37994033098220825, 27.972753524780273
image_14, 12, 1.8317816257476807, 0.4154116213321686, 28.9692325592041
image_14, 12, 1.924635887145996, 0.4441196918487549, 29.966815948486328
image_68, 13, 0.04834078624844551, 0.006698313634842634, 0.9994404315948486
image_68, 13, 0.09910619258880615, 0.013537444174289703, 1.9987934827804565
image_68, 13, 0.14916381239891052, 0.02003554068505764, 2.9981582164764404
image_68, 13, 0.1981082260608673, 0.0263148695230484, 3.997558116912842
image_68, 13, 0.25393959879875183, 0.03519084304571152, 4.996799468994141
image_68, 13, 0.31069132685661316, 0.046063248068094254, 5.9961371421813965
image_68, 13, 0.34992948174476624, 0.05051378160715103, 6.995831489562988
image_68, 13, 0.3856711685657501, 0.054356105625629425, 7.995591640472412
image_68, 13, 0.4215734004974365, 0.0582498162984848, 8.99534797668457
image_68, 13, 0.4586862027645111, 0.06240230053663254, 9.995079040527344
image_68, 13, 0.49745577573776245, 0.0670223981142044, 10.994769096374512
image_68, 13, 0.5372588634490967, 0.07206951826810837, 11.994430541992188
image_68, 13, 0.5761679410934448, 0.07696747034788132, 12.994114875793457
image_68, 13, 0.6164217591285706, 0.08211102336645126, 13.993782997131348
image_68, 13, 0.6617702841758728, 0.08822360634803772, 14.993311882019043
image_68, 13, 0.702446460723877, 0.09325075149536133, 15.992958068847656
image_68, 13, 0.7418202757835388, 0.09801612794399261, 16.99262237548828
image_68, 13, 0.7854506373405457, 0.10390007495880127, 17.992156982421875
image_68, 13, 0.8235355615615845, 0.1085534319281578, 18.9918270111084
image_68, 13, 0.8615561723709106, 0.11312863975763321, 19.991506576538086
image_68, 13, 0.9179031848907471, 0.12306869029998779, 20.990764617919922
image_68, 13, 0.9772853255271912, 0.13486596941947937, 21.990005493164062
image_68, 13, 1.0222679376602173, 0.14166902005672455, 22.989551544189453
image_68, 13, 1.0681023597717285, 0.14830195903778076, 23.989017486572266
image_68, 13, 1.1110868453979492, 0.15437372028827667, 24.988624572753906
image_68, 13, 1.1510909795761108, 0.15954017639160156, 25.988239288330078
image_68, 13, 1.189817190170288, 0.16432012617588043, 26.98788070678711
image_68, 13, 1.226801872253418, 0.1689087301492691, 27.98756980895996
image_68, 13, 1.2616021633148193, 0.17260491847991943, 28.987308502197266
image_68, 13, 1.2962353229522705, 0.17615944147109985, 29.987062454223633
image_96, 14, 0.03364662453532219, 0.0033085679169744253, 0.9998026490211487
image_96, 14, 0.06708931922912598, 0.006759879179298878, 1.9995851516723633
image_96, 14, 0.10997536033391953, 0.01271878182888031, 2.9992010593414307
image_96, 14, 0.1695789247751236, 0.024885790422558784, 3.9985039234161377
image_96, 14, 0.22929537296295166, 0.03753520920872688, 4.997765064239502
image_96, 14, 0.29108643531799316, 0.05033757910132408, 5.997003078460693
image_96, 14, 0.3292001485824585, 0.05483103170990944, 6.996694087982178
image_96, 14, 0.36451682448387146, 0.058331575244665146, 7.996472358703613
image_96, 14, 0.40208011865615845, 0.062063757330179214, 8.996207237243652
image_96, 14, 0.43782150745391846, 0.06567774713039398, 9.995978355407715
image_96, 14, 0.4788557291030884, 0.07078196853399277, 10.995577812194824
image_96, 14, 0.525581955909729, 0.07713388651609421, 11.995016098022461
image_96, 14, 0.5631908178329468, 0.08150432258844376, 12.994733810424805
image_96, 14, 0.6047766208648682, 0.08667151629924774, 13.99433708190918
image_96, 14, 0.6496453881263733, 0.09262184798717499, 14.993839263916016
image_96, 14, 0.6963493824005127, 0.09932545572519302, 15.99332332611084
image_96, 14, 0.7450240850448608, 0.1068977564573288, 16.99286460876465
image_96, 14, 0.7887943387031555, 0.11288773268461227, 17.992361068725586
image_96, 14, 0.8563805818557739, 0.1268141120672226, 18.991477966308594
image_96, 14, 0.9238531589508057, 0.1409984529018402, 19.990617752075195
image_96, 14, 0.9909374713897705, 0.15518906712532043, 20.989768981933594
image_96, 14, 1.0532418489456177, 0.16753731667995453, 21.98900032043457
image_96, 14, 1.0935052633285522, 0.17254649102687836, 22.988672256469727
image_96, 14, 1.1463749408721924, 0.1814659982919693, 23.98807716369629
image_96, 14, 1.18655526638031, 0.18656988441944122, 24.987751007080078
image_96, 14, 1.2437241077423096, 0.19688472151756287, 25.987117767333984
image_96, 14, 1.3040187358856201, 0.20884810388088226, 26.986448287963867
image_96, 14, 1.3584662675857544, 0.218671053647995, 27.985857009887695
image_96, 14, 1.4062004089355469, 0.22591446340084076, 28.985280990600586
image_96, 14, 1.4573277235031128, 0.23405691981315613, 29.984643936157227
image_27, 15, 0.05141245573759079, 0.00825013779103756, 0.9994953274726868
image_27, 15, 0.10087509453296661, 0.01627299189567566, 1.9990284442901611
image_27, 15, 0.15076816082000732, 0.024087723344564438, 2.998556613922119
image_27, 15, 0.1991923749446869, 0.031044447794556618, 3.9981017112731934
image_27, 15, 0.2499532848596573, 0.03819453716278076, 4.9975128173828125
image_27, 15, 0.3091079294681549, 0.04972391948103905, 5.996787071228027
image_27, 15, 0.40095072984695435, 0.0767376571893692, 6.9949493408203125
image_27, 15, 0.4926382303237915, 0.1044745147228241, 7.993082523345947
image_27, 15, 0.5903968811035156, 0.13550780713558197, 8.990532875061035
image_27, 15, 0.6480587720870972, 0.14700300991535187, 9.989827156066895
image_27, 15, 0.7283338904380798, 0.16921213269233704, 10.988155364990234
image_27, 15, 0.8186468482017517, 0.19663006067276, 11.986201286315918
image_27, 15, 0.8783401846885681, 0.208515003323555, 12.985464096069336
image_27, 15, 0.9455487132072449, 0.22349970042705536, 13.984489440917969
image_27, 15, 1.037117838859558, 0.2511962354183197, 14.982305526733398
image_27, 15, 1.1249909400939941, 0.2772829532623291, 15.98043441772461
image_27, 15, 1.2138677835464478, 0.3040013611316681, 16.97855567932129
image_27, 15, 1.3074867725372314, 0.3330654203891754, 17.976348876953125
image_27, 15, 1.410020112991333, 0.36705291271209717, 18.9732723236084
image_27, 15, 1.5048620700836182, 0.396854430437088, 19.970947265625
image_27, 15, 1.5977901220321655, 0.4249001741409302, 20.968801498413086
image_27, 15, 1.7029309272766113, 0.4595178961753845, 21.965579986572266
image_27, 15, 1.8059990406036377, 0.49322786927223206, 22.962514877319336
image_27, 15, 1.9070724248886108, 0.5257028341293335, 23.959604263305664
image_27, 15, 2.006169557571411, 0.5578132271766663, 24.9567813873291
image_27, 15, 2.115618944168091, 0.5959833264350891, 25.952863693237305
image_27, 15, 2.2121565341949463, 0.6272744536399841, 26.950241088867188
image_27, 15, 2.3115508556365967, 0.6594631671905518, 27.947315216064453
image_27, 15, 2.371554374694824, 0.6706643104553223, 28.94640350341797
image_27, 15, 2.4593567848205566, 0.6957923769950867, 29.944257736206055
image_79, 16, 0.0481351763010025, 0.006990823894739151, 0.9995167255401611
image_79, 16, 0.0920364260673523, 0.012853071093559265, 1.999168872833252
image_79, 16, 0.13737033307552338, 0.019244518131017685, 2.9988245964050293
image_79, 16, 0.18519636988639832, 0.026233837008476257, 3.998366355895996
image_79, 16, 0.23120546340942383, 0.032750681042671204, 4.997976303100586
image_79, 16, 0.30743536353111267, 0.052184343338012695, 5.996486663818359
image_79, 16, 0.4093453884124756, 0.08603207767009735, 6.993752479553223
image_79, 16, 0.512011706829071, 0.1197696328163147, 7.991058826446533
image_79, 16, 0.6139683127403259, 0.15357300639152527, 8.988181114196777
image_79, 16, 0.7166709303855896, 0.18762925267219543, 9.985152244567871
image_79, 16, 0.8168046474456787, 0.21979159116744995, 10.982423782348633
image_79, 16, 0.9151243567466736, 0.25056079030036926, 11.979959487915039
image_79, 16, 1.0107033252716064, 0.2808053493499756, 12.97764778137207
image_79, 16, 1.0714982748031616, 0.29378584027290344, 13.976813316345215
image_79, 16, 1.162776231765747, 0.32235634326934814, 14.974714279174805
image_79, 16, 1.2546783685684204, 0.3511742651462555, 15.97247314453125
image_79, 16, 1.3503174781799316, 0.3817150294780731, 16.970050811767578
image_79, 16, 1.4519861936569214, 0.415783166885376, 17.967302322387695
image_79, 16, 1.5530340671539307, 0.44933804869651794, 18.96446990966797
image_79, 16, 1.6588212251663208, 0.4851122498512268, 19.961158752441406
image_79, 16, 1.7646942138671875, 0.5210326910018921, 20.958091735839844
image_79, 16, 1.8659164905548096, 0.5544096231460571, 21.955354690551758
image_79, 16, 1.9685992002487183, 0.58870929479599, 22.952423095703125
image_79, 16, 2.076322555541992, 0.6262801885604858, 23.94903564453125
image_79, 16, 2.1825692653656006, 0.6631091237068176, 24.94571876525879
image_79, 16, 2.2857511043548584, 0.6971822381019592, 25.9428768157959
image_79, 16, 2.3882884979248047, 0.7314497828483582, 26.940034866333008
image_79, 16, 2.4947292804718018, 0.7681223750114441, 27.93645477294922
image_79, 16, 2.6065452098846436, 0.8076245784759521, 28.932369232177734
image_79, 16, 2.7233853340148926, 0.8498013615608215, 29.92795181274414
image_50, 17, 0.04050032049417496, 0.0049704620614647865, 0.9996837377548218
image_50, 17, 0.08047851175069809, 0.01020381785929203, 1.9993212223052979
image_50, 17, 0.11861661076545715, 0.014930391684174538, 2.9990081787109375
image_50, 17, 0.15841978788375854, 0.020122220739722252, 3.998624563217163
image_50, 17, 0.20607894659042358, 0.027209900319576263, 4.997988700866699
image_50, 17, 0.2500189542770386, 0.03358371928334236, 5.997504234313965
image_50, 17, 0.3136030435562134, 0.04659327492117882, 6.996697425842285
image_50, 17, 0.37993568181991577, 0.06050502508878708, 7.995755195617676
image_50, 17, 0.42286044359207153, 0.06643030047416687, 8.995340347290039
image_50, 17, 0.46920424699783325, 0.07347435504198074, 9.994794845581055
image_50, 17, 0.5157865285873413, 0.08077933639287949, 10.994256019592285
image_50, 17, 0.5605211853981018, 0.08737313002347946, 11.993819236755371
image_50, 17, 0.6079380512237549, 0.09489046037197113, 12.993341445922852
image_50, 17, 0.6572098731994629, 0.10317707061767578, 13.992768287658691
image_50, 17, 0.707385241985321, 0.11172638088464737, 14.992137908935547
image_50, 17, 0.7560911178588867, 0.11958438903093338, 15.991511344909668
image_50, 17, 0.8052124977111816, 0.12768827378749847, 16.9908447265625
image_50, 17, 0.8540834784507751, 0.13568969070911407, 17.99015998840332
image_50, 17, 0.9023119211196899, 0.14291001856327057, 18.989604949951172
image_50, 17, 0.9708280563354492, 0.15784552693367004, 19.988540649414062
image_50, 17, 1.0378086566925049, 0.1725909411907196, 20.987546920776367
image_50, 17, 1.105954647064209, 0.1874971240758896, 21.986536026000977
image_50, 17, 1.171390175819397, 0.20117756724357605, 22.98560905456543
image_50, 17, 1.24503755569458, 0.21756915748119354, 23.984270095825195
image_50, 17, 1.3087875843048096, 0.23088429868221283, 24.983409881591797
image_50, 17, 1.3681508302688599, 0.2434648871421814, 25.982622146606445
image_50, 17, 1.4305815696716309, 0.256391704082489, 26.981843948364258
image_50, 17, 1.4976638555526733, 0.2707577347755432, 27.98099708557129
image_50, 17, 1.5688129663467407, 0.28682631254196167, 28.980045318603516
image_50, 17, 1.6354652643203735, 0.30120420455932617, 29.97910499572754
image_128, 18, 0.040634896606206894, 0.005142384674400091, 0.9996750950813293
image_128, 18, 0.07973569631576538, 0.009810056537389755, 1.999399185180664
image_128, 18, 0.15307191014289856, 0.026389963924884796, 2.9984426498413086
image_128, 18, 0.22565311193466187, 0.04298653081059456, 3.997445821762085
image_128, 18, 0.29688307642936707, 0.05900981277227402, 4.996515274047852
image_128, 18, 0.3674447536468506, 0.07469488680362701, 5.9956159591674805
image_128, 18, 0.4373648762702942, 0.09022971987724304, 6.99470329284668
image_128, 18, 0.49127981066703796, 0.09816206991672516, 7.993936061859131
image_128, 18, 0.5399589538574219, 0.10474645346403122, 8.993327140808105
image_128, 18, 0.5828137397766113, 0.10968782752752304, 9.992920875549316
image_128, 18, 0.631083607673645, 0.1157250925898552, 10.992339134216309
image_128, 18, 0.6745481491088867, 0.12106923758983612, 11.991921424865723
image_128, 18, 0.7140201330184937, 0.12582042813301086, 12.9916353225708
image_128, 18, 0.752964198589325, 0.13057087361812592, 13.991364479064941
image_128, 18, 0.7983241081237793, 0.13661783933639526, 14.990922927856445
image_128, 18, 0.8424060344696045, 0.1424422264099121, 15.990500450134277
image_128, 18, 0.8830214142799377, 0.1474922001361847, 16.99016571044922
image_128, 18, 0.9373117685317993, 0.15568245947360992, 17.98939323425293
image_128, 18, 0.9935379028320312, 0.16431166231632233, 18.988540649414062
image_128, 18, 1.0492528676986694, 0.1730271875858307, 19.987707138061523
image_128, 18, 1.100953221321106, 0.18096941709518433, 20.987045288085938
image_128, 18, 1.1485775709152222, 0.18832072615623474, 21.986595153808594
image_128, 18, 1.2222230434417725, 0.20532090961933136, 22.98527717590332
image_128, 18, 1.2879034280776978, 0.2196463793516159, 23.984344482421875
image_128, 18, 1.3489439487457275, 0.23220588266849518, 24.983551025390625
image_128, 18, 1.3952442407608032, 0.23913654685020447, 25.983121871948242
image_128, 18, 1.4373375177383423, 0.2448348104953766, 26.9827880859375
image_128, 18, 1.4751050472259521, 0.24933955073356628, 27.982526779174805
image_128, 18, 1.514216423034668, 0.2540516257286072, 28.98221206665039
image_128, 18, 1.55466628074646, 0.2589419484138489, 29.981868743896484
image_119, 19, 0.04782584682106972, 0.006430885288864374, 0.9995143413543701
image_119, 19, 0.0989970862865448, 0.013566847890615463, 1.9988930225372314
image_119, 19, 0.14645887911319733, 0.01967475563287735, 2.9983954429626465
image_119, 19, 0.19922815263271332, 0.027108892798423767, 3.997713565826416
image_119, 19, 0.25049903988838196, 0.0340447723865509, 4.997098445892334
image_119, 19, 0.29686790704727173, 0.03989912196993828, 5.9966721534729
image_119, 19, 0.36723756790161133, 0.05560678988695145, 6.995764255523682
image_119, 19, 0.4208552837371826, 0.06507161259651184, 7.995218276977539
image_119, 19, 0.4878237843513489, 0.08069609105587006, 8.994285583496094
image_119, 19, 0.5372339487075806, 0.08847357332706451, 9.99377727508545
image_119, 19, 0.582976758480072, 0.09513439983129501, 10.993385314941406
image_119, 19, 0.6276233196258545, 0.1015787199139595, 11.993005752563477
image_119, 19, 0.6702224612236023, 0.10726229846477509, 12.992666244506836
image_119, 19, 0.7119991183280945, 0.11265023052692413, 13.992341041564941
image_119, 19, 0.7603400945663452, 0.1194506585597992, 14.991876602172852
image_119, 19, 0.827253520488739, 0.13403615355491638, 15.990964889526367
image_119, 19, 0.9009366035461426, 0.1515180766582489, 16.98979377746582
image_119, 19, 0.9741712212562561, 0.16859333217144012, 17.988603591918945
image_119, 19, 1.0297422409057617, 0.1783209592103958, 18.98798942565918
image_119, 19, 1.096077799797058, 0.1921546757221222, 19.987123489379883
image_119, 19, 1.1766140460968018, 0.2118881642818451, 20.98581886291504
image_119, 19, 1.2632362842559814, 0.23397354781627655, 21.98421859741211
image_119, 19, 1.3202095031738281, 0.24369347095489502, 22.983543395996094
image_119, 19, 1.3678778409957886, 0.2504565715789795, 23.983104705810547
image_119, 19, 1.4389793872833252, 0.26660609245300293, 24.98186492919922
image_119, 19, 1.5182744264602661, 0.28606611490249634, 25.98029327392578
image_119, 19, 1.5965619087219238, 0.3053700923919678, 26.978940963745117
image_119, 19, 1.678929090499878, 0.32664620876312256, 27.97753143310547
image_119, 19, 1.7621010541915894, 0.34852948784828186, 28.976179122924805
image_119, 19, 1.8529644012451172, 0.3748747408390045, 29.974140167236328
image_103, 20, 0.03943699225783348, 0.0045856693759560585, 0.9996718168258667
image_103, 20, 0.0755372941493988, 0.008542006835341454, 1.9994235038757324
image_103, 20, 0.12241485714912415, 0.014209767803549767, 2.9989359378814697
image_103, 20, 0.18798886239528656, 0.028637003153562546, 3.9980461597442627
image_103, 20, 0.25588202476501465, 0.043882742524147034, 4.996986389160156
image_103, 20, 0.32567107677459717, 0.059877995401620865, 5.995822429656982
image_103, 20, 0.39246493577957153, 0.07489199936389923, 6.9947710037231445
image_103, 20, 0.454913854598999, 0.08843527734279633, 7.993906021118164
image_103, 20, 0.5188051462173462, 0.10261667519807816, 8.993005752563477
image_103, 20, 0.5732401609420776, 0.11269845068454742, 9.99242115020752
image_103, 20, 0.6221300363540649, 0.11916320770978928, 10.991839408874512
image_103, 20, 0.6660712361335754, 0.12488935887813568, 11.991412162780762
image_103, 20, 0.7126095294952393, 0.13087821006774902, 12.990947723388672
image_103, 20, 0.7555080056190491, 0.1364128142595291, 13.990579605102539
image_103, 20, 0.798717200756073, 0.142227903008461, 14.990180969238281
image_103, 20, 0.8393744826316833, 0.14712920784950256, 15.98984146118164
image_103, 20, 0.8767385482788086, 0.15137168765068054, 16.989574432373047
image_103, 20, 0.9170916080474854, 0.1565178483724594, 17.989255905151367
image_103, 20, 0.9638210535049438, 0.16353729367256165, 18.98881721496582
image_103, 20, 1.035076379776001, 0.18097682297229767, 19.987751007080078
image_103, 20, 1.1028728485107422, 0.19736118614673615, 20.98668098449707
image_103, 20, 1.170754313468933, 0.2128545343875885, 21.985559463500977
image_103, 20, 1.2412935495376587, 0.22915507853031158, 22.984310150146484
image_103, 20, 1.3008739948272705, 0.24169546365737915, 23.983604431152344
image_103, 20, 1.35848069190979, 0.25359660387039185, 24.98297882080078
image_103, 20, 1.4165807962417603, 0.2652771770954132, 25.982425689697266
image_103, 20, 1.4794304370880127, 0.27801185846328735, 26.981731414794922
image_103, 20, 1.55284583568573, 0.2945883572101593, 27.98043441772461
image_103, 20, 1.621546745300293, 0.3096594214439392, 28.97936248779297
image_103, 20, 1.6974503993988037, 0.3276025950908661, 29.97799301147461
image_24, 21, 0.049382660537958145, 0.007274646777659655, 0.9994510412216187
image_24, 21, 0.09531129896640778, 0.014562450349330902, 1.9990419149398804
image_24, 21, 0.1417982131242752, 0.021705826744437218, 2.9985849857330322
image_24, 21, 0.18983331322669983, 0.029602866619825363, 3.998138904571533
image_24, 21, 0.24678082764148712, 0.04003574326634407, 4.99739408493042
image_24, 21, 0.33839669823646545, 0.06830956786870956, 5.995387554168701
image_24, 21, 0.4318748116493225, 0.09790635108947754, 6.993284702301025
image_24, 21, 0.5246185064315796, 0.1259310394525528, 7.991262912750244
image_24, 21, 0.6123301982879639, 0.15190987288951874, 8.989538192749023
image_24, 21, 0.699471652507782, 0.17793700098991394, 9.987931251525879
image_24, 21, 0.7866982221603394, 0.20404887199401855, 10.986274719238281
image_24, 21, 0.8392683863639832, 0.21411427855491638, 11.985771179199219
image_24, 21, 0.8857240676879883, 0.22190140187740326, 12.985328674316406
image_24, 21, 0.9316916465759277, 0.22956007719039917, 13.984894752502441
image_24, 21, 1.0224175453186035, 0.2582972049713135, 14.982826232910156
image_24, 21, 1.1172747611999512, 0.2881951928138733, 15.980570793151855
image_24, 21, 1.2094945907592773, 0.3165137469768524, 16.97852897644043
image_24, 21, 1.3073322772979736, 0.3478865921497345, 17.9760684967041
image_24, 21, 1.396540641784668, 0.37387359142303467, 18.97419548034668
image_24, 21, 1.4783753156661987, 0.39545997977256775, 19.97256088256836
image_24, 21, 1.53317391872406, 0.40521812438964844, 20.971847534179688
image_24, 21, 1.6276910305023193, 0.4351244568824768, 21.969409942626953
image_24, 21, 1.7237513065338135, 0.4658545255661011, 22.966764450073242
image_24, 21, 1.8237873315811157, 0.4984194040298462, 23.963714599609375
image_24, 21, 1.9216350317001343, 0.5307457447052002, 24.960994720458984
image_24, 21, 2.018890619277954, 0.5627298951148987, 25.958297729492188
image_24, 21, 2.117680788040161, 0.5955336093902588, 26.955453872680664
image_24, 21, 2.219773292541504, 0.630341112613678, 27.9522762298584
image_24, 21, 2.322456121444702, 0.6653015613555908, 28.949113845825195
image_24, 21, 2.420945405960083, 0.6973098516464233, 29.946378707885742
image_143, 22, 0.0466088242828846, 0.006745028309524059, 0.9995719194412231
image_143, 22, 0.0925455093383789, 0.013381561264395714, 1.9991466999053955
image_143, 22, 0.139224112033844, 0.01979898475110531, 2.998615264892578
image_143, 22, 0.18258200585842133, 0.025887764990329742, 3.9982376098632812
image_143, 22, 0.2677883803844452, 0.04723744839429855, 4.9969329833984375
image_143, 22, 0.35146647691726685, 0.06777598708868027, 5.99578332901001
image_143, 22, 0.43557825684547424, 0.08852043747901917, 6.994634628295898
image_143, 22, 0.5272567868232727, 0.11254268884658813, 7.992998123168945
image_143, 22, 0.6023648977279663, 0.12880459427833557, 8.991869926452637
image_143, 22, 0.6445189714431763, 0.13393497467041016, 9.991569519042969
image_143, 22, 0.7017470002174377, 0.14288395643234253, 10.990753173828125
image_143, 22, 0.7578356266021729, 0.1514485627412796, 11.989981651306152
image_143, 22, 0.8071755170822144, 0.15852877497673035, 12.989442825317383
image_143, 22, 0.860802948474884, 0.16691716015338898, 13.988768577575684
image_143, 22, 0.9173826575279236, 0.176222026348114, 14.988021850585938
image_143, 22, 0.9583725929260254, 0.18151839077472687, 15.987722396850586
image_143, 22, 1.0007094144821167, 0.18696509301662445, 16.98737144470215
image_143, 22, 1.045886754989624, 0.19314783811569214, 17.986982345581055
image_143, 22, 1.1295709609985352, 0.2133103311061859, 18.985755920410156
image_143, 22, 1.2160906791687012, 0.234860360622406, 19.98418617248535
image_143, 22, 1.2981879711151123, 0.2545815408229828, 20.982892990112305
image_143, 22, 1.3591252565383911, 0.2657856047153473, 21.98224449157715
image_143, 22, 1.411323070526123, 0.27394649386405945, 22.981733322143555
image_143, 22, 1.4745887517929077, 0.28557687997817993, 23.98103141784668
image_143, 22, 1.5584291219711304, 0.30587369203567505, 24.97978401184082
image_143, 22, 1.640923023223877, 0.3257596492767334, 25.978450775146484
image_143, 22, 1.705700159072876, 0.3382352590560913, 26.977771759033203
image_143, 22, 1.7888705730438232, 0.35931774973869324, 27.976551055908203
image_143, 22, 1.842807650566101, 0.36811381578445435, 28.975971221923828
image_143, 22, 1.9045414924621582, 0.37946203351020813, 29.975013732910156
image_12, 23, 0.06525443494319916, 0.009366068989038467, 0.9994013905525208
image_12, 23, 0.1295047551393509, 0.01761784963309765, 1.9988726377487183
image_12, 23, 0.19000408053398132, 0.02517019212245941, 2.998383045196533
image_12, 23, 0.26033255457878113, 0.03629102185368538, 3.9976935386657715
image_12, 23, 0.37118765711784363, 0.06818733364343643, 4.995317459106445
image_12, 23, 0.4799027442932129, 0.09844166785478592, 5.993168354034424
image_12, 23, 0.5883554220199585, 0.13195805251598358, 6.99061918258667
image_12, 23, 0.701177716255188, 0.16484469175338745, 7.988306045532227
image_12, 23, 0.8198515772819519, 0.196966290473938, 8.98614501953125
image_12, 23, 0.8794182538986206, 0.20596659183502197, 9.985595703125
image_12, 23, 0.9389974474906921, 0.2145281285047531, 10.985103607177734
image_12, 23, 1.002393364906311, 0.22421376407146454, 11.984542846679688
image_12, 23, 1.1209460496902466, 0.25214847922325134, 12.982853889465332
image_12, 23, 1.2339125871658325, 0.2823704183101654, 13.980673789978027
image_12, 23, 1.336023211479187, 0.3102209270000458, 14.97900390625
image_12, 23, 1.4490057229995728, 0.3397630751132965, 15.977188110351562
image_12, 23, 1.5541346073150635, 0.369149386882782, 16.975404739379883
image_12, 23, 1.6576108932495117, 0.39640092849731445, 17.97379493713379
image_12, 23, 1.7645903825759888, 0.42377424240112305, 18.972030639648438
image_12, 23, 1.8678545951843262, 0.4487663507461548, 19.970558166503906
image_12, 23, 1.9724706411361694, 0.47428303956985474, 20.968904495239258
image_12, 23, 2.086164712905884, 0.5018172860145569, 21.967029571533203
image_12, 23, 2.1994071006774902, 0.5282561182975769, 22.965322494506836
image_12, 23, 2.300854206085205, 0.5573945641517639, 23.96333122253418
image_12, 23, 2.4097836017608643, 0.5862836241722107, 24.961442947387695
image_12, 23, 2.520496368408203, 0.6182716488838196, 25.959035873413086
image_12, 23, 2.6311140060424805, 0.6495510339736938, 26.956724166870117
image_12, 23, 2.7381505966186523, 0.6800556778907776, 27.95443344116211
image_12, 23, 2.8489158153533936, 0.7092945575714111, 28.952163696289062
image_12, 23, 2.954505443572998, 0.7382078170776367, 29.950124740600586
image_113, 24, 0.04345059022307396, 0.005864080972969532, 0.9996288418769836
image_113, 24, 0.08665431290864944, 0.011691652238368988, 1.9992661476135254
image_113, 24, 0.13141128420829773, 0.017652586102485657, 2.9988746643066406
image_113, 24, 0.17803533375263214, 0.023714233189821243, 3.9984400272369385
image_113, 24, 0.22846901416778564, 0.031539373099803925, 4.9979424476623535
image_113, 24, 0.3018067181110382, 0.050316713750362396, 5.996837615966797
image_113, 24, 0.3751322031021118, 0.06870822608470917, 6.995761871337891
image_113, 24, 0.4406711757183075, 0.07989981770515442, 7.994665145874023
image_113, 24, 0.49756067991256714, 0.08865759521722794, 8.993922233581543
image_113, 24, 0.5579893589019775, 0.09827527403831482, 9.993045806884766
image_113, 24, 0.6074988842010498, 0.10511953383684158, 10.992541313171387
image_113, 24, 0.660405695438385, 0.11294041574001312, 11.99190902709961
image_113, 24, 0.7139116525650024, 0.12084558606147766, 12.991266250610352
image_113, 24, 0.7704694867134094, 0.12944401800632477, 13.990522384643555
image_113, 24, 0.8251657485961914, 0.13749979436397552, 14.989831924438477
image_113, 24, 0.8741630911827087, 0.14412885904312134, 15.989340782165527
image_113, 24, 0.9247555136680603, 0.15114876627922058, 16.98876953125
image_113, 24, 0.9707358479499817, 0.1572224348783493, 17.98830795288086
image_113, 24, 1.0176780223846436, 0.1632242053747177, 18.98781967163086
image_113, 24, 1.060421347618103, 0.16824971139431, 19.987470626831055
image_113, 24, 1.1047612428665161, 0.1742282509803772, 20.987110137939453
image_113, 24, 1.151131510734558, 0.1813095211982727, 21.98667335510254
image_113, 24, 1.2215657234191895, 0.19822527468204498, 22.985532760620117
image_113, 24, 1.289519190788269, 0.21351400017738342, 23.984477996826172
image_113, 24, 1.3544453382492065, 0.2269097864627838, 24.98358154296875
image_113, 24, 1.4247967004776, 0.242461159825325, 25.982709884643555
image_113, 24, 1.4992092847824097, 0.25953829288482666, 26.98170280456543
image_113, 24, 1.5753962993621826, 0.2776128053665161, 27.98047637939453
image_113, 24, 1.648598074913025, 0.29450130462646484, 28.979461669921875
image_113, 24, 1.7261531352996826, 0.31323304772377014, 29.978212356567383
image_112, 25, 0.04184609651565552, 0.005576775874942541, 0.99965900182724
image_112, 25, 0.0817875862121582, 0.010732864029705524, 1.9993501901626587
image_112, 25, 0.11850816011428833, 0.014953818172216415, 2.999100685119629
image_112, 25, 0.15779149532318115, 0.01998787187039852, 3.9987993240356445
image_112, 25, 0.19691017270088196, 0.02487681247293949, 4.998485565185547
image_112, 25, 0.23887181282043457, 0.030086716637015343, 5.998096942901611
image_112, 25, 0.33276376128196716, 0.05646102875471115, 6.9959187507629395
image_112, 25, 0.42414391040802, 0.08143480122089386, 7.9938812255859375
image_112, 25, 0.4692816138267517, 0.08780138194561005, 8.99341869354248
image_112, 25, 0.5131440758705139, 0.09376121312379837, 9.992987632751465
image_112, 25, 0.5546300411224365, 0.09960413724184036, 10.99266242980957
image_112, 25, 0.6013519167900085, 0.10596685856580734, 11.99213695526123
image_112, 25, 0.647514820098877, 0.11246135830879211, 12.991703033447266
image_112, 25, 0.6842043995857239, 0.11682343482971191, 13.991454124450684
image_112, 25, 0.7205013036727905, 0.12115117907524109, 14.9912109375
image_112, 25, 0.7605316042900085, 0.12627509236335754, 15.990897178649902
image_112, 25, 0.8020147085189819, 0.13182294368743896, 16.990550994873047
image_112, 25, 0.8407847881317139, 0.1367613673210144, 17.990280151367188
image_112, 25, 0.8796225786209106, 0.14146578311920166, 18.990001678466797
image_112, 25, 0.9198503494262695, 0.14649713039398193, 19.989673614501953
image_112, 25, 0.9751595258712769, 0.1563831865787506, 20.98905372619629
image_112, 25, 1.0243780612945557, 0.16386929154396057, 21.988481521606445
image_112, 25, 1.0713342428207397, 0.17064706981182098, 22.987998962402344
image_112, 25, 1.126722812652588, 0.18003466725349426, 23.98737335205078
image_112, 25, 1.1727102994918823, 0.1868867576122284, 24.98699188232422
image_112, 25, 1.2250640392303467, 0.19567114114761353, 25.986488342285156
image_112, 25, 1.2914859056472778, 0.20946750044822693, 26.985530853271484
image_112, 25, 1.3431638479232788, 0.21795350313186646, 27.98490333557129
image_112, 25, 1.391893744468689, 0.22495412826538086, 28.98430633544922
image_112, 25, 1.449210286140442, 0.23491625487804413, 29.983583450317383
image_62, 26, 0.045423753559589386, 0.006427794229239225, 0.9996389746665955
image_62, 26, 0.09245866537094116, 0.013006869703531265, 1.9990836381912231
image_62, 26, 0.18470355868339539, 0.04040276259183884, 2.997077703475952
image_62, 26, 0.2769486904144287, 0.06844660639762878, 3.99495792388916
image_62, 26, 0.37580132484436035, 0.09980875253677368, 4.9922966957092285
image_62, 26, 0.4724661707878113, 0.12999461591243744, 5.989906311035156
image_62, 26, 0.5675787925720215, 0.15881121158599854, 6.987757682800293
image_62, 26, 0.6675079464912415, 0.1902269721031189, 7.985189914703369
image_62, 26, 0.758119523525238, 0.21606045961380005, 8.983299255371094
image_62, 26, 0.8490050435066223, 0.24229198694229126, 9.981327056884766
image_62, 26, 0.9375709295272827, 0.2677774727344513, 10.979402542114258
image_62, 26, 0.9922649264335632, 0.27726274728775024, 11.97877025604248
image_62, 26, 1.0424386262893677, 0.2853755056858063, 12.978310585021973
image_62, 26, 1.093481183052063, 0.29344478249549866, 13.977681159973145
image_62, 26, 1.1414523124694824, 0.3010980486869812, 14.97722339630127
image_62, 26, 1.2261390686035156, 0.32550546526908875, 15.975743293762207
image_62, 26, 1.2740861177444458, 0.33329176902770996, 16.975305557250977
image_62, 26, 1.320616364479065, 0.34031370282173157, 17.97491455078125
image_62, 26, 1.4141877889633179, 0.3692883253097534, 18.97284507751465
image_62, 26, 1.4625399112701416, 0.37690842151641846, 19.97242546081543
image_62, 26, 1.5332573652267456, 0.39360812306404114, 20.971410751342773
image_62, 26, 1.627009630203247, 0.4219633638858795, 21.96923065185547
image_62, 26, 1.7248528003692627, 0.4523897171020508, 22.96649169921875
image_62, 26, 1.820058822631836, 0.481785386800766, 23.964075088500977
image_62, 26, 1.916060209274292, 0.5123252272605896, 24.961502075195312
image_62, 26, 2.0190541744232178, 0.5461906790733337, 25.958221435546875
image_62, 26, 2.117201566696167, 0.5776355266571045, 26.955577850341797
image_62, 26, 2.218240976333618, 0.6110743284225464, 27.952566146850586
image_62, 26, 2.316901206970215, 0.6435162425041199, 28.94974136352539
image_62, 26, 2.410862922668457, 0.6731036901473999, 29.947317123413086
image_10, 27, 0.037697967141866684, 0.004246408585458994, 0.9997534155845642
image_10, 27, 0.07453904300928116, 0.008400186896324158, 1.9995112419128418
image_10, 27, 0.11523480713367462, 0.013278674334287643, 2.999187707901001
image_10, 27, 0.1565982848405838, 0.018233932554721832, 3.998873710632324
image_10, 27, 0.22369247674942017, 0.03244851902127266, 4.99782657623291
image_10, 27, 0.2971043586730957, 0.04921678826212883, 5.996433734893799
image_10, 27, 0.33443379402160645, 0.053290367126464844, 6.996203899383545
image_10, 27, 0.37531447410583496, 0.0582289844751358, 7.995872497558594
image_10, 27, 0.41180452704429626, 0.062188148498535156, 8.995651245117188
image_10, 27, 0.4491238296031952, 0.06619057059288025, 9.995417594909668
image_10, 27, 0.49176421761512756, 0.07163581252098083, 10.995046615600586
image_10, 27, 0.5321199893951416, 0.0765799954533577, 11.994743347167969
image_10, 27, 0.5748080611228943, 0.08213843405246735, 12.994391441345215
image_10, 27, 0.619490921497345, 0.08830040693283081, 13.993985176086426
image_10, 27, 0.6640339493751526, 0.09450754523277283, 14.993571281433105
image_10, 27, 0.7199957966804504, 0.10377930104732513, 15.992735862731934
image_10, 27, 0.7670894861221313, 0.11056825518608093, 16.992212295532227
image_10, 27, 0.8173821568489075, 0.11821603029966354, 17.99155616760254
image_10, 27, 0.8731961250305176, 0.1275591403245926, 18.99066162109375
image_10, 27, 0.9224947690963745, 0.13540643453598022, 19.99017333984375
image_10, 27, 0.9791128039360046, 0.1457117348909378, 20.989513397216797
image_10, 27, 1.0518207550048828, 0.162666916847229, 21.988235473632812
image_10, 27, 1.1231211423873901, 0.17881976068019867, 22.9869384765625
image_10, 27, 1.1825252771377563, 0.18908773362636566, 23.98603057861328
image_10, 27, 1.2775745391845703, 0.21529556810855865, 24.98326301574707
image_10, 27, 1.3616676330566406, 0.23668861389160156, 25.981189727783203
image_10, 27, 1.4391552209854126, 0.2551157474517822, 26.97947883605957
image_10, 27, 1.5100224018096924, 0.2716212272644043, 27.978199005126953
image_10, 27, 1.5573008060455322, 0.27836960554122925, 28.977705001831055
image_10, 27, 1.606447696685791, 0.2848525941371918, 29.977113723754883
image_40, 28, 0.05653110519051552, 0.009497071616351604, 0.9990991353988647
image_40, 28, 0.10433342307806015, 0.017537109553813934, 1.9985160827636719
image_40, 28, 0.14998090267181396, 0.02498907595872879, 2.9980363845825195
image_40, 28, 0.252777099609375, 0.059341054409742355, 3.99526309967041
image_40, 28, 0.35530316829681396, 0.09362458437681198, 4.992476463317871
image_40, 28, 0.464324951171875, 0.13159681856632233, 5.989065647125244
image_40, 28, 0.556165337562561, 0.15948112308979034, 6.986771583557129
image_40, 28, 0.6551934480667114, 0.19155950844287872, 7.984140396118164
image_40, 28, 0.7503715753555298, 0.22168439626693726, 8.98173713684082
image_40, 28, 0.8433069586753845, 0.2511289715766907, 9.979607582092285
image_40, 28, 0.9422347545623779, 0.2833636999130249, 10.977043151855469
image_40, 28, 0.9922638535499573, 0.292122483253479, 11.976494789123535
image_40, 28, 1.0933679342269897, 0.32430410385131836, 12.973783493041992
image_40, 28, 1.1974905729293823, 0.35854101181030273, 13.970877647399902
image_40, 28, 1.2967989444732666, 0.39082348346710205, 14.96849250793457
image_40, 28, 1.383396029472351, 0.41672518849372864, 15.966747283935547
image_40, 28, 1.4703763723373413, 0.4432709515094757, 16.96476936340332
image_40, 28, 1.5594724416732788, 0.4708540439605713, 17.962539672851562
image_40, 28, 1.6030148267745972, 0.4770328402519226, 18.96211814880371
image_40, 28, 1.6526918411254883, 0.4853627681732178, 19.961618423461914
image_40, 28, 1.6981638669967651, 0.492056280374527, 20.961130142211914
image_40, 28, 1.7895573377609253, 0.5203658938407898, 21.959148406982422
image_40, 28, 1.8857202529907227, 0.5504370331764221, 22.956567764282227
image_40, 28, 1.9805889129638672, 0.5796459913253784, 23.954071044921875
image_40, 28, 2.0659422874450684, 0.6039817929267883, 24.952045440673828
image_40, 28, 2.1585545539855957, 0.6323338150978088, 25.949752807617188
image_40, 28, 2.2516775131225586, 0.6619973182678223, 26.947275161743164
image_40, 28, 2.3409056663513184, 0.6896145939826965, 27.945096969604492
image_40, 28, 2.429784059524536, 0.7167506217956543, 28.94293212890625
image_40, 28, 2.5308563709259033, 0.7508242130279541, 29.939640045166016
image_132, 29, 0.060475558042526245, 0.011550837196409702, 0.9992436766624451
image_132, 29, 0.11640520393848419, 0.021318089216947556, 1.9986310005187988
image_132, 29, 0.172707661986351, 0.03134443610906601, 2.9979751110076904
image_132, 29, 0.23005987703800201, 0.041602373123168945, 3.997295379638672
image_132, 29, 0.2853924334049225, 0.05135291442275047, 4.996670722961426
image_132, 29, 0.3422858417034149, 0.06124205142259598, 5.9960222244262695
image_132, 29, 0.4445982277393341, 0.09065797924995422, 6.993770122528076
image_132, 29, 0.5463522672653198, 0.11996239423751831, 7.991214275360107
image_132, 29, 0.635292649269104, 0.14266331493854523, 8.989351272583008
image_132, 29, 0.6961308717727661, 0.15393443405628204, 9.988572120666504
image_132, 29, 0.7589104771614075, 0.1663682460784912, 10.987746238708496
image_132, 29, 0.8495321273803711, 0.19023004174232483, 11.986245155334473
image_132, 29, 0.9489397406578064, 0.21786457300186157, 12.984492301940918
image_132, 29, 1.0444364547729492, 0.24344462156295776, 13.982927322387695
image_132, 29, 1.1429858207702637, 0.26999470591545105, 14.981306076049805
image_132, 29, 1.2469791173934937, 0.2990315556526184, 15.979552268981934
image_132, 29, 1.3515006303787231, 0.32921895384788513, 16.977622985839844
image_132, 29, 1.455134391784668, 0.359447717666626, 17.975727081298828
image_132, 29, 1.5581303834915161, 0.38860446214675903, 18.973779678344727
image_132, 29, 1.6568896770477295, 0.41549208760261536, 19.97205924987793
image_132, 29, 1.7568708658218384, 0.4430890679359436, 20.970184326171875
image_132, 29, 1.855643630027771, 0.4706088602542877, 21.968265533447266
image_132, 29, 1.9608442783355713, 0.5013378858566284, 22.966028213500977
image_132, 29, 2.0734143257141113, 0.5363911390304565, 23.963090896606445
image_132, 29, 2.1684556007385254, 0.5631270408630371, 24.96134376525879
image_132, 29, 2.266481399536133, 0.5920020937919617, 25.959312438964844
image_132, 29, 2.359384059906006, 0.6188173294067383, 26.957693099975586
image_132, 29, 2.4478700160980225, 0.6438168883323669, 27.956220626831055
image_132, 29, 2.540386438369751, 0.6706668734550476, 28.954524993896484
image_132, 29, 2.633432149887085, 0.6977258920669556, 29.952951431274414
image_134, 30, 0.059815097600221634, 0.009737033396959305, 0.9991339445114136
image_134, 30, 0.11727896332740784, 0.019215648993849754, 1.9983296394348145
image_134, 30, 0.174856036901474, 0.029832739382982254, 2.9976422786712646
image_134, 30, 0.2711014151573181, 0.05703621357679367, 3.9961163997650146
image_134, 30, 0.329598993062973, 0.06748395413160324, 4.995510101318359
image_134, 30, 0.4012555480003357, 0.08327265083789825, 5.994684219360352
image_134, 30, 0.4577346444129944, 0.09294749796390533, 6.994026184082031
image_134, 30, 0.5046356916427612, 0.10003872960805893, 7.993644714355469
image_134, 30, 0.5515249967575073, 0.10721532255411148, 8.993265151977539
image_134, 30, 0.6285465955734253, 0.12518705427646637, 9.992356300354004
image_134, 30, 0.7212349772453308, 0.15057110786437988, 10.991097450256348
image_134, 30, 0.8158682584762573, 0.17632977664470673, 11.989815711975098
image_134, 30, 0.9113375544548035, 0.2032216191291809, 12.988451957702637
image_134, 30, 1.0071982145309448, 0.2304791957139969, 13.987030982971191
image_134, 30, 1.072142481803894, 0.24272485077381134, 14.986340522766113
image_134, 30, 1.1339744329452515, 0.2535308003425598, 15.985593795776367
image_134, 30, 1.1839113235473633, 0.26114076375961304, 16.985185623168945
image_134, 30, 1.2308679819107056, 0.2681363523006439, 17.98480224609375
image_134, 30, 1.2806791067123413, 0.27605995535850525, 18.98436164855957
image_134, 30, 1.3330111503601074, 0.28424879908561707, 19.983806610107422
image_134, 30, 1.3950363397598267, 0.29581692814826965, 20.98308753967285
image_134, 30, 1.4879237413406372, 0.32062238454818726, 21.981613159179688
image_134, 30, 1.5817285776138306, 0.3451080918312073, 22.98012924194336
image_134, 30, 1.6736112833023071, 0.3686590790748596, 23.97881317138672
image_134, 30, 1.7684186697006226, 0.3938257098197937, 24.97734832763672
image_134, 30, 1.8645528554916382, 0.4204373061656952, 25.975921630859375
image_134, 30, 1.961531400680542, 0.44879215955734253, 26.97418212890625
image_134, 30, 2.032531261444092, 0.46488550305366516, 27.97327995300293
image_134, 30, 2.100200891494751, 0.47931164503097534, 28.972410202026367
image_134, 30, 2.1955580711364746, 0.5071232914924622, 29.970426559448242
