Case_ID, Slide_ID, mae, mse, ssim
image_99, 1, 0.07594820857048035, 0.014019040390849113, 0.9986092448234558
image_99, 1, 0.24720250070095062, 0.11163332313299179, 1.9928103685379028
image_99, 1, 0.4233897626399994, 0.2125314474105835, 2.9869823455810547
image_99, 1, 0.599951982498169, 0.3119005262851715, 3.9809908866882324
image_99, 1, 0.7708309292793274, 0.40777236223220825, 4.975438117980957
image_99, 1, 0.9386307001113892, 0.5015731453895569, 5.9698591232299805
image_99, 1, 1.1137555837631226, 0.6004080772399902, 6.963934421539307
image_99, 1, 1.1772897243499756, 0.6096483469009399, 7.963147163391113
image_99, 1, 1.2420790195465088, 0.6194550395011902, 8.96237564086914
image_99, 1, 1.4066827297210693, 0.7107616662979126, 9.957316398620605
image_99, 1, 1.5717750787734985, 0.8023281693458557, 10.952007293701172
image_99, 1, 1.7371735572814941, 0.8940416574478149, 11.947102546691895
image_99, 1, 1.9030752182006836, 0.9852935075759888, 12.941594123840332
image_99, 1, 2.0706052780151367, 1.0784177780151367, 13.935907363891602
image_99, 1, 2.2503058910369873, 1.1795270442962646, 14.929891586303711
image_99, 1, 2.4360721111297607, 1.2866264581680298, 15.923039436340332
image_99, 1, 2.6129260063171387, 1.3871575593948364, 16.916126251220703
image_99, 1, 2.7839927673339844, 1.4831587076187134, 17.909873962402344
image_99, 1, 2.9513978958129883, 1.5775967836380005, 18.904260635375977
image_99, 1, 3.132944107055664, 1.6823874711990356, 19.897480010986328
image_99, 1, 3.2527801990509033, 1.7258710861206055, 20.89449119567871
image_99, 1, 3.422807455062866, 1.8213071823120117, 21.88908576965332
image_99, 1, 3.4991438388824463, 1.834450125694275, 22.888046264648438
image_99, 1, 3.569511651992798, 1.8459248542785645, 23.887094497680664
image_99, 1, 3.7501039505004883, 1.947339415550232, 24.879718780517578
image_99, 1, 3.920823097229004, 2.0410850048065186, 25.87392234802246
image_99, 1, 4.096750259399414, 2.139040231704712, 26.86809730529785
image_99, 1, 4.165445804595947, 2.1509358882904053, 27.86709213256836
image_99, 1, 4.3448333740234375, 2.2517409324645996, 28.8607177734375
image_99, 1, 4.517571926116943, 2.3471641540527344, 29.855199813842773
image_77, 2, 0.1789974570274353, 0.10184122622013092, 0.9930151700973511
image_77, 2, 0.35207921266555786, 0.19755448400974274, 1.9867217540740967
image_77, 2, 0.5247610807418823, 0.2930501401424408, 2.980656147003174
image_77, 2, 0.7134404182434082, 0.40036946535110474, 3.9726147651672363
image_77, 2, 0.7781268954277039, 0.4108166992664337, 4.971481800079346
image_77, 2, 0.9594569206237793, 0.5122528672218323, 5.964601039886475
image_77, 2, 1.1357853412628174, 0.6093723177909851, 6.959007740020752
image_77, 2, 1.287940263748169, 0.6865875720977783, 7.95484733581543
image_77, 2, 1.353501319885254, 0.6967364549636841, 8.953792572021484
image_77, 2, 1.5326629877090454, 0.7953631281852722, 9.946913719177246
image_77, 2, 1.6084938049316406, 0.8107355237007141, 10.945211410522461
image_77, 2, 1.7840951681137085, 0.9072505831718445, 11.939872741699219
image_77, 2, 1.9628580808639526, 1.0054125785827637, 12.934337615966797
image_77, 2, 2.139216899871826, 1.1018812656402588, 13.928412437438965
image_77, 2, 2.212078094482422, 1.113817811012268, 14.927162170410156
image_77, 2, 2.280742645263672, 1.1248040199279785, 15.926023483276367
image_77, 2, 2.526151657104492, 1.2975833415985107, 16.906667709350586
image_77, 2, 2.6681814193725586, 1.340325951576233, 17.89948081970215
image_77, 2, 2.922078847885132, 1.5211282968521118, 18.879167556762695
image_77, 2, 3.0661654472351074, 1.5651050806045532, 19.87176513671875
image_77, 2, 3.3226191997528076, 1.7500379085540771, 20.850454330444336
image_77, 2, 3.5728578567504883, 1.9274636507034302, 21.83000946044922
image_77, 2, 3.7171051502227783, 1.971571922302246, 22.82259178161621
image_77, 2, 3.974449634552002, 2.1576738357543945, 23.801158905029297
image_77, 2, 4.230730056762695, 2.342170238494873, 24.780122756958008
image_77, 2, 4.3001484870910645, 2.3557443618774414, 25.778818130493164
image_77, 2, 4.47335147857666, 2.4511148929595947, 26.77313232421875
image_77, 2, 4.648197174072266, 2.5479683876037598, 27.767227172851562
image_77, 2, 4.721092224121094, 2.5617425441741943, 28.76593017578125
image_77, 2, 4.888935565948486, 2.6533520221710205, 29.760704040527344
image_150, 3, 0.16935324668884277, 0.0960441380739212, 0.9944620132446289
image_150, 3, 0.33778029680252075, 0.19145482778549194, 1.9892172813415527
image_150, 3, 0.46712228655815125, 0.24923211336135864, 2.986083507537842
image_150, 3, 0.6332079172134399, 0.3429899215698242, 3.980886697769165
image_150, 3, 0.8007367849349976, 0.4374329447746277, 4.975957870483398
image_150, 3, 0.962026834487915, 0.5264822244644165, 5.971184730529785
image_150, 3, 1.0422307252883911, 0.5405598282814026, 6.9697442054748535
image_150, 3, 1.2054548263549805, 0.6321386694908142, 7.964935302734375
image_150, 3, 1.2848504781723022, 0.6472931504249573, 8.963654518127441
image_150, 3, 1.4549965858459473, 0.7430239915847778, 9.958393096923828
image_150, 3, 1.6182446479797363, 0.8340460658073425, 10.953315734863281
image_150, 3, 1.6913068294525146, 0.8456021547317505, 11.952109336853027
image_150, 3, 1.8565449714660645, 0.9378868341445923, 12.946856498718262
image_150, 3, 2.020493745803833, 1.0295486450195312, 13.941856384277344
image_150, 3, 2.136979818344116, 1.0760927200317383, 14.939404487609863
image_150, 3, 2.300424337387085, 1.1673756837844849, 15.934460639953613
image_150, 3, 2.376150369644165, 1.1800609827041626, 16.933284759521484
image_150, 3, 2.450835943222046, 1.1922290325164795, 17.932165145874023
image_150, 3, 2.6124868392944336, 1.2819362878799438, 18.927457809448242
image_150, 3, 2.7784972190856934, 1.3740922212600708, 19.92250633239746
image_150, 3, 2.9466466903686523, 1.467806100845337, 20.917308807373047
image_150, 3, 3.114164352416992, 1.561530351638794, 21.9119873046875
image_150, 3, 3.1859688758850098, 1.5732721090316772, 22.910892486572266
image_150, 3, 3.348341941833496, 1.663151741027832, 23.905961990356445
image_150, 3, 3.5130980014801025, 1.7554121017456055, 24.900985717773438
image_150, 3, 3.5857744216918945, 1.767612338066101, 25.89981460571289
image_150, 3, 3.658748149871826, 1.7799359560012817, 26.89865493774414
image_150, 3, 3.8256947994232178, 1.8740378618240356, 27.893203735351562
image_150, 3, 3.986438512802124, 1.963603138923645, 28.888446807861328
image_150, 3, 4.149851322174072, 2.0553977489471436, 29.883438110351562
image_26, 4, 0.17231005430221558, 0.09458011388778687, 0.994744062423706
image_26, 4, 0.24844974279403687, 0.10881537944078445, 1.9933700561523438
image_26, 4, 0.3178168535232544, 0.12055711448192596, 2.992279529571533
image_26, 4, 0.49587827920913696, 0.21777033805847168, 3.9866135120391846
image_26, 4, 0.6717549562454224, 0.3129098415374756, 4.981054306030273
image_26, 4, 0.7449841499328613, 0.32665789127349854, 5.979714870452881
image_26, 4, 0.9203222393989563, 0.4217491149902344, 6.974499702453613
image_26, 4, 0.9962365031242371, 0.43725281953811646, 7.972965717315674
image_26, 4, 1.067402958869934, 0.45053496956825256, 8.971614837646484
image_26, 4, 1.2446898221969604, 0.5451806783676147, 9.966196060180664
image_26, 4, 1.4182716608047485, 0.638329267501831, 10.960722923278809
image_26, 4, 1.4971740245819092, 0.6542865633964539, 11.959039688110352
image_26, 4, 1.6720112562179565, 0.748206615447998, 12.953714370727539
image_26, 4, 1.7675862312316895, 0.77121901512146, 13.951014518737793
image_26, 4, 1.946017861366272, 0.8680540323257446, 14.945679664611816
image_26, 4, 2.0266664028167725, 0.8831253051757812, 15.94400691986084
image_26, 4, 2.2058396339416504, 0.9793404936790466, 16.937679290771484
image_26, 4, 2.291144847869873, 0.9957237243652344, 17.93595314025879
image_26, 4, 2.4719953536987305, 1.0932751893997192, 18.929832458496094
image_26, 4, 2.656872034072876, 1.1936088800430298, 19.923208236694336
image_26, 4, 2.747481107711792, 1.2138664722442627, 20.92084503173828
image_26, 4, 2.9314873218536377, 1.3147022724151611, 21.914703369140625
image_26, 4, 3.0320777893066406, 1.3412567377090454, 22.911502838134766
image_26, 4, 3.1273131370544434, 1.365025520324707, 23.90866470336914
image_26, 4, 3.307036876678467, 1.4618805646896362, 24.902929306030273
image_26, 4, 3.4936230182647705, 1.561816930770874, 25.897232055664062
image_26, 4, 3.6728978157043457, 1.6579855680465698, 26.891437530517578
image_26, 4, 3.8583858013153076, 1.7585082054138184, 27.88568878173828
image_26, 4, 4.032332420349121, 1.8517524003982544, 28.880210876464844
image_26, 4, 4.211630821228027, 1.9491240978240967, 29.874515533447266
image_51, 5, 0.179316446185112, 0.10325029492378235, 0.9939584732055664
image_51, 5, 0.2540714144706726, 0.11655708402395248, 1.992621660232544
image_51, 5, 0.428829163312912, 0.21510617434978485, 2.986326217651367
image_51, 5, 0.5972474813461304, 0.30902960896492004, 3.9805824756622314
image_51, 5, 0.7739977836608887, 0.4082445204257965, 4.974528789520264
image_51, 5, 0.9415982365608215, 0.5020638704299927, 5.969183921813965
image_51, 5, 1.1105306148529053, 0.5950369238853455, 6.963430404663086
image_51, 5, 1.180039405822754, 0.6060113310813904, 7.962455749511719
image_51, 5, 1.349449872970581, 0.7000783085823059, 8.957324028015137
image_51, 5, 1.513276219367981, 0.7909351587295532, 9.952509880065918
image_51, 5, 1.580565094947815, 0.8013363480567932, 10.95168399810791
image_51, 5, 1.6494252681732178, 0.812177836894989, 11.950797080993652
image_51, 5, 1.7182953357696533, 0.8222235441207886, 12.94994831085205
image_51, 5, 1.7918527126312256, 0.8343906998634338, 13.948875427246094
image_51, 5, 1.9680964946746826, 0.9338536858558655, 14.942662239074707
image_51, 5, 2.1361618041992188, 1.028924822807312, 15.937000274658203
image_51, 5, 2.302851438522339, 1.1224870681762695, 16.931013107299805
image_51, 5, 2.469651937484741, 1.2164257764816284, 17.925107955932617
image_51, 5, 2.641916036605835, 1.3147473335266113, 18.91874122619629
image_51, 5, 2.8161473274230957, 1.4144039154052734, 19.911914825439453
image_51, 5, 2.8983707427978516, 1.4299379587173462, 20.910505294799805
image_51, 5, 3.052978515625, 1.508690595626831, 21.90575408935547
image_51, 5, 3.2292776107788086, 1.6077436208724976, 22.899852752685547
image_51, 5, 3.4019832611083984, 1.704638957977295, 23.89470672607422
image_51, 5, 3.5723564624786377, 1.7994240522384644, 24.88942527770996
image_51, 5, 3.744460105895996, 1.8944478034973145, 25.883968353271484
image_51, 5, 3.8139235973358154, 1.904937744140625, 26.883230209350586
image_51, 5, 3.9835407733917236, 1.998505711555481, 27.87732696533203
image_51, 5, 4.158718585968018, 2.0963988304138184, 28.87092399597168
image_51, 5, 4.330373764038086, 2.191481828689575, 29.865259170532227
image_82, 6, 0.09542626142501831, 0.021123506128787994, 0.9976373314857483
image_82, 6, 0.2548414468765259, 0.10906831175088882, 1.9935269355773926
image_82, 6, 0.4091639220714569, 0.194758802652359, 2.989666700363159
image_82, 6, 0.4891164302825928, 0.2084229588508606, 3.9881372451782227
image_82, 6, 0.5622442364692688, 0.21994245052337646, 4.986963272094727
image_82, 6, 0.7115375995635986, 0.30150288343429565, 5.983292102813721
image_82, 6, 0.8634656071662903, 0.38425883650779724, 6.979668617248535
image_82, 6, 1.0139797925949097, 0.4635537266731262, 7.976160526275635
image_82, 6, 1.1702371835708618, 0.5470871925354004, 8.9722318649292
image_82, 6, 1.3254318237304688, 0.628849983215332, 9.968507766723633
image_82, 6, 1.479708194732666, 0.7117307186126709, 10.964725494384766
image_82, 6, 1.5899733304977417, 0.7520729303359985, 11.962449073791504
image_82, 6, 1.7431994676589966, 0.8346220850944519, 12.958610534667969
image_82, 6, 1.9074223041534424, 0.9240262508392334, 13.954243659973145
image_82, 6, 1.985968828201294, 0.9380000829696655, 14.952838897705078
image_82, 6, 2.0688209533691406, 0.953730583190918, 15.951071739196777
image_82, 6, 2.2253711223602295, 1.0395770072937012, 16.947057723999023
image_82, 6, 2.3293840885162354, 1.071364164352417, 17.945032119750977
image_82, 6, 2.485995054244995, 1.1550931930541992, 18.94057273864746
image_82, 6, 2.646433115005493, 1.2413346767425537, 19.93619155883789
image_82, 6, 2.8009307384490967, 1.3236563205718994, 20.932056427001953
image_82, 6, 2.9619362354278564, 1.4097703695297241, 21.927684783935547
image_82, 6, 3.032252550125122, 1.4205344915390015, 22.926544189453125
image_82, 6, 3.1924996376037598, 1.505051612854004, 23.921850204467773
image_82, 6, 3.3490657806396484, 1.588593602180481, 24.917531967163086
image_82, 6, 3.507448673248291, 1.6722620725631714, 25.913358688354492
image_82, 6, 3.6718263626098633, 1.7605371475219727, 26.908985137939453
image_82, 6, 3.823392391204834, 1.8406133651733398, 27.904970169067383
image_82, 6, 3.985142230987549, 1.9275203943252563, 28.900562286376953
image_82, 6, 4.070180416107178, 1.9437730312347412, 29.898738861083984
image_80, 7, 0.16190949082374573, 0.09050454199314117, 0.9950644969940186
image_80, 7, 0.23934130370616913, 0.1043500155210495, 1.9936069250106812
image_80, 7, 0.3081674873828888, 0.11524844169616699, 2.9925200939178467
image_80, 7, 0.3796241581439972, 0.12715257704257965, 3.991302490234375
image_80, 7, 0.5428222417831421, 0.21588796377182007, 4.986365795135498
image_80, 7, 0.6158086657524109, 0.22789902985095978, 5.985093116760254
image_80, 7, 0.7728481292724609, 0.31294095516204834, 6.980863571166992
image_80, 7, 0.9301097989082336, 0.39792168140411377, 7.97655725479126
image_80, 7, 1.0892879962921143, 0.48331084847450256, 8.97175407409668
image_80, 7, 1.2457761764526367, 0.5664104223251343, 9.967763900756836
image_80, 7, 1.4034035205841064, 0.6510816812515259, 10.963598251342773
image_80, 7, 1.5599130392074585, 0.7357144355773926, 11.959486961364746
image_80, 7, 1.72158944606781, 0.8225415945053101, 12.955068588256836
image_80, 7, 1.7930927276611328, 0.834515392780304, 13.953827857971191
image_80, 7, 1.961281418800354, 0.9259483814239502, 14.94882583618164
image_80, 7, 2.1298696994781494, 1.0191255807876587, 15.943655967712402
image_80, 7, 2.301713228225708, 1.1143187284469604, 16.938217163085938
image_80, 7, 2.472933530807495, 1.2093764543533325, 17.933040618896484
image_80, 7, 2.6409168243408203, 1.3016598224639893, 18.92753791809082
image_80, 7, 2.8066446781158447, 1.3926231861114502, 19.922607421875
image_80, 7, 2.968930721282959, 1.4808945655822754, 20.91789436340332
image_80, 7, 3.136849880218506, 1.5724871158599854, 21.91289520263672
image_80, 7, 3.306466579437256, 1.6637543439865112, 22.908184051513672
image_80, 7, 3.3822062015533447, 1.6776708364486694, 23.9067440032959
image_80, 7, 3.453126907348633, 1.68970787525177, 24.905563354492188
image_80, 7, 3.616591453552246, 1.7780717611312866, 25.900964736938477
image_80, 7, 3.6891541481018066, 1.7901660203933716, 26.89967155456543
image_80, 7, 3.844017505645752, 1.8724825382232666, 27.89554786682129
image_80, 7, 4.008017063140869, 1.961240291595459, 28.891176223754883
image_80, 7, 4.169495582580566, 2.0470774173736572, 29.887039184570312
image_1, 8, 0.16069410741329193, 0.09018386900424957, 0.9953499436378479
image_1, 8, 0.3168223798274994, 0.17610742151737213, 1.9908885955810547
image_1, 8, 0.47999536991119385, 0.26623430848121643, 2.986121654510498
image_1, 8, 0.6446857452392578, 0.3567519783973694, 3.980717658996582
image_1, 8, 0.7132829427719116, 0.3662969768047333, 4.979830741882324
image_1, 8, 0.8668227791786194, 0.4486589729785919, 5.975653648376465
image_1, 8, 1.022141456604004, 0.5338367223739624, 6.971661567687988
image_1, 8, 1.1772247552871704, 0.617243230342865, 7.967502117156982
image_1, 8, 1.3327594995498657, 0.700768232345581, 8.963113784790039
image_1, 8, 1.488075852394104, 0.784125804901123, 9.958625793457031
image_1, 8, 1.6481010913848877, 0.8710377216339111, 10.954263687133789
image_1, 8, 1.805818796157837, 0.9574665427207947, 11.949909210205078
image_1, 8, 1.966226577758789, 1.045147180557251, 12.945245742797852
image_1, 8, 2.034281015396118, 1.0546225309371948, 13.944305419921875
image_1, 8, 2.194549798965454, 1.1416746377944946, 14.939764022827148
image_1, 8, 2.2720143795013428, 1.1552655696868896, 15.938283920288086
image_1, 8, 2.441992998123169, 1.2506239414215088, 16.932729721069336
image_1, 8, 2.6134493350982666, 1.3468044996261597, 17.926715850830078
image_1, 8, 2.780587673187256, 1.4400113821029663, 18.921051025390625
image_1, 8, 2.940366744995117, 1.5285907983779907, 19.915985107421875
image_1, 8, 3.1017279624938965, 1.618827223777771, 20.911149978637695
image_1, 8, 3.1829333305358887, 1.6347193717956543, 21.90936851501465
image_1, 8, 3.346820831298828, 1.72468900680542, 22.904788970947266
image_1, 8, 3.4194419384002686, 1.7363433837890625, 23.903579711914062
image_1, 8, 3.5790464878082275, 1.821346640586853, 24.899187088012695
image_1, 8, 3.7397208213806152, 1.9086880683898926, 25.894502639770508
image_1, 8, 3.899984359741211, 1.9949030876159668, 26.889623641967773
image_1, 8, 4.058782577514648, 2.080325126647949, 27.885089874267578
image_1, 8, 4.21989631652832, 2.1669487953186035, 28.880495071411133
image_1, 8, 4.381319999694824, 2.2541985511779785, 29.87619400024414
image_124, 9, 0.1821822226047516, 0.09697511047124863, 0.9939092397689819
image_124, 9, 0.3761869966983795, 0.2029779851436615, 1.9876844882965088
image_124, 9, 0.46114665269851685, 0.22347673773765564, 2.985816478729248
image_124, 9, 0.6310040354728699, 0.3096456527709961, 3.9808566570281982
image_124, 9, 0.8205556273460388, 0.41274482011795044, 4.974583625793457
image_124, 9, 1.0048534870147705, 0.5122090578079224, 5.968594551086426
image_124, 9, 1.1958369016647339, 0.6162039041519165, 6.961731433868408
image_124, 9, 1.3848607540130615, 0.717409610748291, 7.9556708335876465
image_124, 9, 1.5752207040786743, 0.8203712105751038, 8.949726104736328
image_124, 9, 1.6548593044281006, 0.8378182053565979, 9.948136329650879
image_124, 9, 1.8448901176452637, 0.9396322965621948, 10.942176818847656
image_124, 9, 2.031123638153076, 1.039162278175354, 11.936355590820312
image_124, 9, 2.2185757160186768, 1.1401631832122803, 12.930618286132812
image_124, 9, 2.3051371574401855, 1.1606937646865845, 13.928691864013672
image_124, 9, 2.4039978981018066, 1.184538722038269, 14.926706314086914
image_124, 9, 2.4924156665802, 1.2037895917892456, 15.924951553344727
image_124, 9, 2.5820071697235107, 1.2231097221374512, 16.923147201538086
image_124, 9, 2.674776315689087, 1.2429873943328857, 17.92111587524414
image_124, 9, 2.862628221511841, 1.3464877605438232, 18.914318084716797
image_124, 9, 3.049321413040161, 1.4492169618606567, 19.907236099243164
image_124, 9, 3.1359293460845947, 1.4660271406173706, 20.90571403503418
image_124, 9, 3.325521230697632, 1.5698175430297852, 21.89945411682129
image_124, 9, 3.411855936050415, 1.589169979095459, 22.897668838500977
image_124, 9, 3.5926806926727295, 1.6861504316329956, 23.89185905456543
image_124, 9, 3.7782795429229736, 1.7864336967468262, 24.885997772216797
image_124, 9, 3.8609254360198975, 1.8046553134918213, 25.88438606262207
image_124, 9, 3.9407296180725098, 1.8221218585968018, 26.882801055908203
image_124, 9, 4.016890525817871, 1.8378360271453857, 27.88141632080078
image_124, 9, 4.198091506958008, 1.9360694885253906, 28.87537384033203
image_124, 9, 4.383425235748291, 2.036018133163452, 29.869504928588867
image_65, 10, 0.1743251383304596, 0.09799361228942871, 0.993645966053009
image_65, 10, 0.24001330137252808, 0.1071932315826416, 1.9926764965057373
image_65, 10, 0.41985374689102173, 0.2089870125055313, 2.985379457473755
image_65, 10, 0.6012008190155029, 0.31115245819091797, 3.9787540435791016
image_65, 10, 0.7886806726455688, 0.4176976680755615, 4.971257209777832
image_65, 10, 0.9621273279190063, 0.5142859816551208, 5.965053558349609
image_65, 10, 1.026667594909668, 0.5243086814880371, 6.964210510253906
image_65, 10, 1.2027485370635986, 0.6217744946479797, 7.958177089691162
image_65, 10, 1.2658475637435913, 0.6299259066581726, 8.95741081237793
image_65, 10, 1.434991478919983, 0.7221771478652954, 9.952153205871582
image_65, 10, 1.4957557916641235, 0.7308108806610107, 10.951496124267578
image_65, 10, 1.682050108909607, 0.8368129134178162, 11.944278717041016
image_65, 10, 1.8507200479507446, 0.9299837350845337, 12.939030647277832
image_65, 10, 2.028566360473633, 1.0285706520080566, 13.933290481567383
image_65, 10, 2.2053751945495605, 1.1269397735595703, 14.927181243896484
image_65, 10, 2.3798460960388184, 1.2231276035308838, 15.921250343322754
image_65, 10, 2.565990924835205, 1.3285454511642456, 16.914350509643555
image_65, 10, 2.7487950325012207, 1.4328665733337402, 17.907228469848633
image_65, 10, 2.9339308738708496, 1.5391075611114502, 18.900217056274414
image_65, 10, 3.1142125129699707, 1.64043128490448, 19.89361572265625
image_65, 10, 3.306814670562744, 1.7521636486053467, 20.885009765625
image_65, 10, 3.497593641281128, 1.8612991571426392, 21.87721824645996
image_65, 10, 3.6833362579345703, 1.9669740200042725, 22.869539260864258
image_65, 10, 3.8737826347351074, 2.0758841037750244, 23.861618041992188
image_65, 10, 4.059074878692627, 2.1808769702911377, 24.85405731201172
image_65, 10, 4.130091667175293, 2.1910839080810547, 25.85301971435547
image_65, 10, 4.200064659118652, 2.2009341716766357, 26.852033615112305
image_65, 10, 4.389200210571289, 2.3092408180236816, 27.8444881439209
image_65, 10, 4.56683874130249, 2.4088776111602783, 28.837543487548828
image_65, 10, 4.756025791168213, 2.517561435699463, 29.829833984375
image_137, 11, 0.16271203756332397, 0.08691729605197906, 0.9953944087028503
image_137, 11, 0.2543988525867462, 0.10601165145635605, 1.9928944110870361
image_137, 11, 0.4158764183521271, 0.19211991131305695, 2.988574504852295
image_137, 11, 0.49340373277664185, 0.20550385117530823, 3.986927032470703
image_137, 11, 0.6521521806716919, 0.2900037169456482, 4.982841491699219
image_137, 11, 0.8121592998504639, 0.3748011887073517, 5.978782653808594
image_137, 11, 0.8962374925613403, 0.39031553268432617, 6.976845741271973
image_137, 11, 1.059721827507019, 0.47685492038726807, 7.972504138946533
image_137, 11, 1.1316757202148438, 0.4889335632324219, 8.971353530883789
image_137, 11, 1.2950952053070068, 0.576503574848175, 9.96713924407959
image_137, 11, 1.3675531148910522, 0.5880671739578247, 10.96578311920166
image_137, 11, 1.530355453491211, 0.6734402179718018, 11.961045265197754
image_137, 11, 1.6093416213989258, 0.6872036457061768, 12.959367752075195
image_137, 11, 1.7761754989624023, 0.775718629360199, 13.95488452911377
image_137, 11, 1.87979257106781, 0.8020017147064209, 14.95151138305664
image_137, 11, 2.041796922683716, 0.8880324959754944, 15.946950912475586
image_137, 11, 2.209611415863037, 0.9773907661437988, 16.942392349243164
image_137, 11, 2.368774890899658, 1.06216561794281, 17.9381160736084
image_137, 11, 2.45882248878479, 1.0821782350540161, 18.9355411529541
image_137, 11, 2.6179168224334717, 1.1662211418151855, 19.931245803833008
image_137, 11, 2.7773520946502686, 1.2500349283218384, 20.926883697509766
image_137, 11, 2.9460010528564453, 1.3397331237792969, 21.92197608947754
image_137, 11, 3.113643169403076, 1.4288694858551025, 22.91730499267578
image_137, 11, 3.286101818084717, 1.5204130411148071, 23.9126033782959
image_137, 11, 3.446873903274536, 1.6048156023025513, 24.908119201660156
image_137, 11, 3.608985662460327, 1.6899396181106567, 25.904077529907227
image_137, 11, 3.70102858543396, 1.7084580659866333, 26.90167236328125
image_137, 11, 3.8647682666778564, 1.793509840965271, 27.897676467895508
image_137, 11, 3.9445691108703613, 1.807379126548767, 28.895967483520508
image_137, 11, 4.102967739105225, 1.8910224437713623, 29.892070770263672
image_14, 12, 0.1715078353881836, 0.09769073128700256, 0.9938862323760986
image_14, 12, 0.3392364978790283, 0.19257907569408417, 1.9886049032211304
image_14, 12, 0.5139177441596985, 0.29163581132888794, 2.98232102394104
image_14, 12, 0.6042846441268921, 0.31362614035606384, 3.980773687362671
image_14, 12, 0.7744273543357849, 0.4091857075691223, 4.975462913513184
image_14, 12, 0.9438726305961609, 0.504082441329956, 5.969973564147949
image_14, 12, 1.1134237051010132, 0.5989125370979309, 6.964001655578613
image_14, 12, 1.179540753364563, 0.6091328263282776, 7.963166236877441
image_14, 12, 1.2428582906723022, 0.6181463003158569, 8.962462425231934
image_14, 12, 1.408360242843628, 0.710116982460022, 9.957182884216309
image_14, 12, 1.5748639106750488, 0.80218106508255, 10.951925277709961
image_14, 12, 1.6943926811218262, 0.8519695401191711, 11.9494047164917
image_14, 12, 1.7591991424560547, 0.8613796830177307, 12.948702812194824
image_14, 12, 1.9284933805465698, 0.9560717344284058, 13.943081855773926
image_14, 12, 2.093621015548706, 1.0475835800170898, 14.937897682189941
image_14, 12, 2.1607916355133057, 1.0565686225891113, 15.937056541442871
image_14, 12, 2.233891248703003, 1.0676637887954712, 16.93616485595703
image_14, 12, 2.405461311340332, 1.165016770362854, 17.930355072021484
image_14, 12, 2.4808547496795654, 1.1773680448532104, 18.929040908813477
image_14, 12, 2.5579030513763428, 1.1912345886230469, 19.92774772644043
image_14, 12, 2.730397939682007, 1.2896753549575806, 20.921892166137695
image_14, 12, 2.7961599826812744, 1.298295021057129, 21.921154022216797
image_14, 12, 2.961665153503418, 1.3903961181640625, 22.916086196899414
image_14, 12, 3.1252360343933105, 1.4799559116363525, 23.910654067993164
image_14, 12, 3.292726516723633, 1.5726162195205688, 24.905607223510742
image_14, 12, 3.4609274864196777, 1.665067195892334, 25.900619506835938
image_14, 12, 3.6293256282806396, 1.75870943069458, 26.895418167114258
image_14, 12, 3.793135166168213, 1.8503401279449463, 27.890316009521484
image_14, 12, 3.9562597274780273, 1.9401341676712036, 28.88507080078125
image_14, 12, 4.116432189941406, 2.0284762382507324, 29.88030433654785
image_68, 13, 0.16528065502643585, 0.09078869968652725, 0.9945669174194336
image_68, 13, 0.33685731887817383, 0.18618997931480408, 1.9891437292099
image_68, 13, 0.40317288041114807, 0.19640539586544037, 2.988147735595703
image_68, 13, 0.5638402104377747, 0.2834746539592743, 3.9833641052246094
image_68, 13, 0.6412695646286011, 0.29883474111557007, 4.98211145401001
image_68, 13, 0.8049149513244629, 0.3884505033493042, 5.97760534286499
image_68, 13, 0.9759664535522461, 0.4820702075958252, 6.972387313842773
image_68, 13, 1.1379764080047607, 0.5700205564498901, 7.9677510261535645
image_68, 13, 1.2884544134140015, 0.6506683826446533, 8.963834762573242
image_68, 13, 1.3776484727859497, 0.6736575365066528, 9.962282180786133
image_68, 13, 1.5339293479919434, 0.7583188414573669, 10.958061218261719
image_68, 13, 1.6879348754882812, 0.8411630988121033, 11.953909873962402
image_68, 13, 1.7698135375976562, 0.8568053841590881, 12.952155113220215
image_68, 13, 1.8401520252227783, 0.8675333261489868, 13.95103931427002
image_68, 13, 1.9210784435272217, 0.8830788731575012, 14.949263572692871
image_68, 13, 1.999622106552124, 0.8978443741798401, 15.947569847106934
image_68, 13, 2.07010555267334, 0.908768355846405, 16.946414947509766
image_68, 13, 2.139902353286743, 0.9184336066246033, 17.94544219970703
image_68, 13, 2.314713716506958, 1.0156683921813965, 18.93970489501953
image_68, 13, 2.3852574825286865, 1.0262298583984375, 19.938535690307617
image_68, 13, 2.555781841278076, 1.1189501285552979, 20.933223724365234
image_68, 13, 2.724931478500366, 1.2110694646835327, 21.92783546447754
image_68, 13, 2.884333372116089, 1.297378420829773, 22.92296600341797
image_68, 13, 3.008145809173584, 1.35056734085083, 23.9201717376709
image_68, 13, 3.1696009635925293, 1.4379618167877197, 24.915891647338867
image_68, 13, 3.3241262435913086, 1.5212451219558716, 25.911508560180664
image_68, 13, 3.4879701137542725, 1.6093435287475586, 26.906875610351562
image_68, 13, 3.6498987674713135, 1.6973158121109009, 27.902191162109375
image_68, 13, 3.803508996963501, 1.779882550239563, 28.898197174072266
image_68, 13, 3.9680466651916504, 1.8692960739135742, 29.893583297729492
image_96, 14, 0.06926341354846954, 0.011136985383927822, 0.9989555478096008
image_96, 14, 0.151982843875885, 0.027045495808124542, 1.9973163604736328
image_96, 14, 0.32973381876945496, 0.12508834898471832, 2.9915969371795654
image_96, 14, 0.49955928325653076, 0.21793176233768463, 3.9861178398132324
image_96, 14, 0.6613708734512329, 0.3049858808517456, 4.9817728996276855
image_96, 14, 0.7406437397003174, 0.31975358724594116, 5.9802751541137695
image_96, 14, 0.8120068311691284, 0.33185964822769165, 6.979129791259766
image_96, 14, 0.9789280891418457, 0.4223979115486145, 7.974044322967529
image_96, 14, 1.1430912017822266, 0.5104210376739502, 8.969228744506836
image_96, 14, 1.3100895881652832, 0.600717306137085, 9.964530944824219
image_96, 14, 1.4752777814865112, 0.6888291835784912, 10.959418296813965
image_96, 14, 1.5409636497497559, 0.6986747980117798, 11.958492279052734
image_96, 14, 1.7244495153427124, 0.8003907203674316, 12.951662063598633
image_96, 14, 1.9068249464035034, 0.9021758437156677, 13.945094108581543
image_96, 14, 2.0961711406707764, 1.0086696147918701, 14.937418937683105
image_96, 14, 2.2771530151367188, 1.1100265979766846, 15.930315971374512
image_96, 14, 2.4594717025756836, 1.2113988399505615, 16.924142837524414
image_96, 14, 2.638044595718384, 1.3104830980300903, 17.917787551879883
image_96, 14, 2.719966173171997, 1.3261024951934814, 18.91606903076172
image_96, 14, 2.90033221244812, 1.4269315004348755, 19.909835815429688
image_96, 14, 3.077373743057251, 1.5242245197296143, 20.90408706665039
image_96, 14, 3.2536282539367676, 1.6216374635696411, 21.89805030822754
image_96, 14, 3.418355703353882, 1.7098969221115112, 22.893190383911133
image_96, 14, 3.587564468383789, 1.8010393381118774, 23.887964248657227
image_96, 14, 3.7622296810150146, 1.8956480026245117, 24.881994247436523
image_96, 14, 3.9369561672210693, 1.9914133548736572, 25.875926971435547
image_96, 14, 4.121874809265137, 2.094635248184204, 26.868844985961914
image_96, 14, 4.300757884979248, 2.193848133087158, 27.861675262451172
image_96, 14, 4.4856486320495605, 2.2974720001220703, 28.854694366455078
image_96, 14, 4.663650989532471, 2.3955237865448, 29.847835540771484
image_27, 15, 0.17943286895751953, 0.1015208438038826, 0.9933280944824219
image_27, 15, 0.34530767798423767, 0.1914641559123993, 1.987628698348999
image_27, 15, 0.4184885323047638, 0.20446622371673584, 2.986527919769287
image_27, 15, 0.6017221808433533, 0.30911946296691895, 3.979422092437744
image_27, 15, 0.6722160577774048, 0.31928497552871704, 4.978412628173828
image_27, 15, 0.8468034863471985, 0.4178209900856018, 5.972094535827637
image_27, 15, 1.0240793228149414, 0.5177009105682373, 6.965978622436523
image_27, 15, 1.203459620475769, 0.6190611720085144, 7.959204196929932
image_27, 15, 1.3777847290039062, 0.7164579629898071, 8.953079223632812
image_27, 15, 1.4409291744232178, 0.7260066270828247, 9.952320098876953
image_27, 15, 1.617924690246582, 0.8260747790336609, 10.945696830749512
image_27, 15, 1.6817967891693115, 0.8348718285560608, 11.944966316223145
image_27, 15, 1.8534204959869385, 0.9310178756713867, 12.939130783081055
image_27, 15, 2.0255064964294434, 1.0273545980453491, 13.932943344116211
image_27, 15, 2.2016408443450928, 1.1263160705566406, 14.92682933807373
image_27, 15, 2.375166177749634, 1.2237646579742432, 15.920292854309082
image_27, 15, 2.4494669437408447, 1.2354050874710083, 16.919286727905273
image_27, 15, 2.6286041736602783, 1.3389276266098022, 17.91226577758789
image_27, 15, 2.804612398147583, 1.4413810968399048, 18.905380249023438
image_27, 15, 2.9754958152770996, 1.5390434265136719, 19.89920425415039
image_27, 15, 3.0577609539031982, 1.554215431213379, 20.89800262451172
image_27, 15, 3.2330281734466553, 1.653694987297058, 21.8916072845459
image_27, 15, 3.4139959812164307, 1.7575023174285889, 22.885114669799805
image_27, 15, 3.479971408843994, 1.7677003145217896, 23.884368896484375
image_27, 15, 3.654921054840088, 1.8656977415084839, 24.878448486328125
image_27, 15, 3.717820405960083, 1.874526023864746, 25.87779998779297
image_27, 15, 3.8824141025543213, 1.9645507335662842, 26.872657775878906
image_27, 15, 4.056432723999023, 2.06150221824646, 27.866619110107422
image_27, 15, 4.23481559753418, 2.161534309387207, 28.860591888427734
image_27, 15, 4.407129287719727, 2.2570507526397705, 29.85468101501465
image_79, 16, 0.18912851810455322, 0.11032069474458694, 0.991359293460846
image_79, 16, 0.3747514486312866, 0.21793949604034424, 1.983502745628357
image_79, 16, 0.5633975863456726, 0.3271827697753906, 2.97552490234375
image_79, 16, 0.6326656341552734, 0.33775317668914795, 3.974456787109375
image_79, 16, 0.8214268088340759, 0.44691774249076843, 4.966566562652588
image_79, 16, 1.0034949779510498, 0.5511042475700378, 5.959503173828125
image_79, 16, 1.1865222454071045, 0.6559932231903076, 6.95210599899292
image_79, 16, 1.2565150260925293, 0.6670761704444885, 7.951148509979248
image_79, 16, 1.4397090673446655, 0.772164523601532, 8.943796157836914
image_79, 16, 1.6170463562011719, 0.8719229102134705, 9.937360763549805
image_79, 16, 1.7917883396148682, 0.970551073551178, 10.930810928344727
image_79, 16, 1.9699196815490723, 1.0714982748031616, 11.924039840698242
image_79, 16, 2.1489439010620117, 1.1734857559204102, 12.916976928710938
image_79, 16, 2.337027072906494, 1.2824620008468628, 13.909539222717285
image_79, 16, 2.51719069480896, 1.3865375518798828, 14.90264892578125
image_79, 16, 2.5894951820373535, 1.3982831239700317, 15.901666641235352
image_79, 16, 2.772709846496582, 1.5049515962600708, 16.894624710083008
image_79, 16, 2.958301544189453, 1.6135027408599854, 17.88726234436035
image_79, 16, 3.139646530151367, 1.719955563545227, 18.880233764648438
image_79, 16, 3.326766014099121, 1.8301830291748047, 19.872474670410156
image_79, 16, 3.510148048400879, 1.9378210306167603, 20.864961624145508
image_79, 16, 3.586355447769165, 1.9503979682922363, 21.86379623413086
image_79, 16, 3.7662510871887207, 2.0535590648651123, 22.85692596435547
image_79, 16, 3.8347694873809814, 2.0639047622680664, 23.856063842773438
image_79, 16, 3.9058492183685303, 2.074908494949341, 24.855140686035156
image_79, 16, 4.092118263244629, 2.1830198764801025, 25.847583770751953
image_79, 16, 4.1579203605651855, 2.193256378173828, 26.846776962280273
image_79, 16, 4.337864398956299, 2.2948050498962402, 27.840225219726562
image_79, 16, 4.515720844268799, 2.3957297801971436, 28.833131790161133
image_79, 16, 4.580975532531738, 2.405708074569702, 29.832292556762695
image_50, 17, 0.1672949641942978, 0.09440594166517258, 0.9947826266288757
image_50, 17, 0.3325795531272888, 0.18715649843215942, 1.989553689956665
image_50, 17, 0.4912930727005005, 0.27236735820770264, 2.984743118286133
image_50, 17, 0.5621386170387268, 0.2843029797077179, 3.9835944175720215
image_50, 17, 0.7239657640457153, 0.37377309799194336, 4.978815078735352
image_50, 17, 0.8894912004470825, 0.4666726291179657, 5.973995685577393
image_50, 17, 1.0533435344696045, 0.5573140978813171, 6.9690046310424805
image_50, 17, 1.2167658805847168, 0.6467826962471008, 7.963963508605957
image_50, 17, 1.2850326299667358, 0.657150149345398, 8.963107109069824
image_50, 17, 1.4472697973251343, 0.7457190155982971, 9.958073616027832
image_50, 17, 1.517630934715271, 0.7570931315422058, 10.956965446472168
image_50, 17, 1.6815112829208374, 0.8466169834136963, 11.952232360839844
image_50, 17, 1.847984790802002, 0.9393349885940552, 12.947689056396484
image_50, 17, 2.0100629329681396, 1.0291500091552734, 13.942808151245117
image_50, 17, 2.1774537563323975, 1.1214088201522827, 14.937545776367188
image_50, 17, 2.3436026573181152, 1.2134335041046143, 15.93206787109375
image_50, 17, 2.510613203048706, 1.306657314300537, 16.92658805847168
image_50, 17, 2.6783204078674316, 1.4011788368225098, 17.921030044555664
image_50, 17, 2.8412983417510986, 1.4921894073486328, 18.915904998779297
image_50, 17, 3.0065178871154785, 1.5847492218017578, 19.910324096679688
image_50, 17, 3.170876979827881, 1.6760610342025757, 20.905086517333984
image_50, 17, 3.3359360694885254, 1.7668572664260864, 21.899818420410156
image_50, 17, 3.5018310546875, 1.858120083808899, 22.894739151000977
image_50, 17, 3.6642818450927734, 1.9463610649108887, 23.889808654785156
image_50, 17, 3.830190658569336, 2.037212610244751, 24.884910583496094
image_50, 17, 3.991504430770874, 2.125274658203125, 25.880062103271484
image_50, 17, 4.1618242263793945, 2.2184433937072754, 26.87471580505371
image_50, 17, 4.241072654724121, 2.233778476715088, 27.87356948852539
image_50, 17, 4.401393890380859, 2.3213441371917725, 28.868816375732422
image_50, 17, 4.564192771911621, 2.4104385375976562, 29.863828659057617
image_128, 18, 0.1746080368757248, 0.09704660624265671, 0.994025468826294
image_128, 18, 0.3463519811630249, 0.19290339946746826, 1.9880218505859375
image_128, 18, 0.5143041014671326, 0.2857770323753357, 2.9827940464019775
image_128, 18, 0.6814733147621155, 0.3776130974292755, 3.977423906326294
image_128, 18, 0.8462294340133667, 0.467673122882843, 4.972710132598877
image_128, 18, 1.0131508111953735, 0.5579752326011658, 5.967982292175293
image_128, 18, 1.0752211809158325, 0.5667003393173218, 6.967197895050049
image_128, 18, 1.1967154741287231, 0.6204286813735962, 7.96470308303833
image_128, 18, 1.3602632284164429, 0.7089751362800598, 8.960204124450684
image_128, 18, 1.523960828781128, 0.7977400422096252, 9.955568313598633
image_128, 18, 1.6835118532180786, 0.8835158944129944, 10.951038360595703
image_128, 18, 1.8535383939743042, 0.9748082756996155, 11.945869445800781
image_128, 18, 2.0179433822631836, 1.0629193782806396, 12.941088676452637
image_128, 18, 2.083399772644043, 1.071920394897461, 13.940235137939453
image_128, 18, 2.245590925216675, 1.1596596240997314, 14.935471534729004
image_128, 18, 2.3151185512542725, 1.1702150106430054, 15.934382438659668
image_128, 18, 2.390347957611084, 1.1834384202957153, 16.932966232299805
image_128, 18, 2.458085060119629, 1.193100929260254, 17.931989669799805
image_128, 18, 2.6237895488739014, 1.2851474285125732, 18.927024841308594
image_128, 18, 2.6900417804718018, 1.2940553426742554, 19.926197052001953
image_128, 18, 2.867494583129883, 1.3921852111816406, 20.92003631591797
image_128, 18, 3.0359389781951904, 1.4844622611999512, 21.914348602294922
image_128, 18, 3.201608657836914, 1.574021339416504, 22.9093017578125
image_128, 18, 3.2802281379699707, 1.5884944200515747, 23.907758712768555
image_128, 18, 3.343247175216675, 1.597165822982788, 24.906965255737305
image_128, 18, 3.516842842102051, 1.6929582357406616, 25.900400161743164
image_128, 18, 3.696464776992798, 1.793143630027771, 26.89324951171875
image_128, 18, 3.7512614727020264, 1.7993420362472534, 27.892717361450195
image_128, 18, 3.8098464012145996, 1.8059091567993164, 28.89202117919922
image_128, 18, 3.8679885864257812, 1.8124922513961792, 29.89134407043457
image_119, 19, 0.16248954832553864, 0.08926715701818466, 0.9952868223190308
image_119, 19, 0.24038828909397125, 0.10362894088029861, 1.993971824645996
image_119, 19, 0.40685850381851196, 0.19542047381401062, 2.988987922668457
image_119, 19, 0.5744055509567261, 0.2876726984977722, 3.9839401245117188
image_119, 19, 0.6344979405403137, 0.29550042748451233, 4.983253479003906
image_119, 19, 0.7970976233482361, 0.38395196199417114, 5.978267192840576
image_119, 19, 0.9603764414787292, 0.47274306416511536, 6.973407745361328
image_119, 19, 1.122383713722229, 0.5608154535293579, 7.968778610229492
image_119, 19, 1.1857467889785767, 0.5691241025924683, 8.968071937561035
image_119, 19, 1.273665428161621, 0.5919581651687622, 9.966850280761719
image_119, 19, 1.3418006896972656, 0.6018065214157104, 10.96600341796875
image_119, 19, 1.4976348876953125, 0.6855225563049316, 11.96165657043457
image_119, 19, 1.6601510047912598, 0.7748847603797913, 12.957235336303711
image_119, 19, 1.7338018417358398, 0.7872754335403442, 13.956087112426758
image_119, 19, 1.8990379571914673, 0.8788819313049316, 14.951338768005371
image_119, 19, 1.9714804887771606, 0.8913421034812927, 15.950165748596191
image_119, 19, 2.137427806854248, 0.9829126596450806, 16.945032119750977
image_119, 19, 2.2155184745788574, 0.9973631501197815, 17.94355010986328
image_119, 19, 2.3864431381225586, 1.0922693014144897, 18.938426971435547
image_119, 19, 2.5455446243286133, 1.1788042783737183, 19.933927536010742
image_119, 19, 2.710836887359619, 1.2691129446029663, 20.929018020629883
image_119, 19, 2.877108097076416, 1.3599046468734741, 21.923954010009766
image_119, 19, 3.048124074935913, 1.4544309377670288, 22.919023513793945
image_119, 19, 3.213108777999878, 1.5452330112457275, 23.91448974609375
image_119, 19, 3.2821221351623535, 1.55592942237854, 24.913618087768555
image_119, 19, 3.3511085510253906, 1.5667343139648438, 25.912736892700195
image_119, 19, 3.5230772495269775, 1.6606559753417969, 26.907621383666992
image_119, 19, 3.692183256149292, 1.7531976699829102, 27.90247344970703
image_119, 19, 3.8507444858551025, 1.8382728099822998, 28.89796257019043
image_119, 19, 4.013479709625244, 1.926352858543396, 29.893062591552734
image_103, 20, 0.17298898100852966, 0.0975152999162674, 0.9944800734519958
image_103, 20, 0.34056681394577026, 0.19022975862026215, 1.9887549877166748
image_103, 20, 0.5111802220344543, 0.28460177779197693, 2.983344078063965
image_103, 20, 0.659941554069519, 0.3630892038345337, 3.9792287349700928
image_103, 20, 0.8180862665176392, 0.4493943452835083, 4.9747490882873535
image_103, 20, 0.9747835993766785, 0.5342466831207275, 5.970502853393555
image_103, 20, 1.036935567855835, 0.542462944984436, 6.9697771072387695
image_103, 20, 1.2011382579803467, 0.6328818202018738, 7.9649457931518555
image_103, 20, 1.2771382331848145, 0.6466234922409058, 8.963926315307617
image_103, 20, 1.4353886842727661, 0.7327982187271118, 9.959521293640137
image_103, 20, 1.5969569683074951, 0.8208038806915283, 10.95501708984375
image_103, 20, 1.7571837902069092, 0.9072189331054688, 11.95067310333252
image_103, 20, 1.9230988025665283, 0.9975682497024536, 12.945846557617188
image_103, 20, 2.0881402492523193, 1.0866645574569702, 13.940998077392578
image_103, 20, 2.2537999153137207, 1.1769084930419922, 14.9361572265625
image_103, 20, 2.4255194664001465, 1.2723044157028198, 15.930246353149414
image_103, 20, 2.4925625324249268, 1.2809396982192993, 16.92940902709961
image_103, 20, 2.5603082180023193, 1.290029525756836, 17.928516387939453
image_103, 20, 2.6315455436706543, 1.300995945930481, 18.927404403686523
image_103, 20, 2.7987005710601807, 1.3938851356506348, 19.92238426208496
image_103, 20, 2.965790033340454, 1.486411213874817, 20.917314529418945
image_103, 20, 3.127396821975708, 1.574393630027771, 21.912744522094727
image_103, 20, 3.2344956398010254, 1.6109248399734497, 22.910741806030273
image_103, 20, 3.3914988040924072, 1.6951650381088257, 23.90608787536621
image_103, 20, 3.4544105529785156, 1.7033131122589111, 24.905366897583008
image_103, 20, 3.61635422706604, 1.7909061908721924, 25.90023422241211
image_103, 20, 3.77850604057312, 1.8788756132125854, 26.895240783691406
image_103, 20, 3.946316957473755, 1.9715737104415894, 27.890506744384766
image_103, 20, 4.113307952880859, 2.063007116317749, 28.88544464111328
image_103, 20, 4.274266719818115, 2.1511898040771484, 29.880722045898438
image_24, 21, 0.18917489051818848, 0.10936715453863144, 0.9919651746749878
image_24, 21, 0.37487131357192993, 0.21619495749473572, 1.9843018054962158
image_24, 21, 0.5681747198104858, 0.32935792207717896, 2.9759163856506348
image_24, 21, 0.7434276342391968, 0.42760521173477173, 3.9694466590881348
image_24, 21, 0.8085510730743408, 0.43810132145881653, 4.968433380126953
image_24, 21, 0.8781896233558655, 0.4487665593624115, 5.967319011688232
image_24, 21, 1.0554684400558472, 0.5481775999069214, 6.960792541503906
image_24, 21, 1.2339547872543335, 0.6487533450126648, 7.9543962478637695
image_24, 21, 1.4042000770568848, 0.7433840036392212, 8.94857406616211
image_24, 21, 1.4653573036193848, 0.7525174021720886, 9.947832107543945
image_24, 21, 1.6461660861968994, 0.8540006875991821, 10.941673278808594
image_24, 21, 1.8169887065887451, 0.9477435946464539, 11.935858726501465
image_24, 21, 1.9945330619812012, 1.0461262464523315, 12.929475784301758
image_24, 21, 2.058629274368286, 1.056448221206665, 13.928601264953613
image_24, 21, 2.2387022972106934, 1.157944917678833, 14.922248840332031
image_24, 21, 2.422179937362671, 1.2629393339157104, 15.91476058959961
image_24, 21, 2.600234270095825, 1.3650445938110352, 16.90791893005371
image_24, 21, 2.682708501815796, 1.3818292617797852, 17.906373977661133
image_24, 21, 2.8611278533935547, 1.4848225116729736, 18.89972686767578
image_24, 21, 3.0403037071228027, 1.588274598121643, 19.893306732177734
image_24, 21, 3.2229738235473633, 1.6929066181182861, 20.8863468170166
image_24, 21, 3.3993306159973145, 1.7918741703033447, 21.88011932373047
image_24, 21, 3.4977502822875977, 1.8167608976364136, 22.878223419189453
image_24, 21, 3.563542366027832, 1.8269580602645874, 23.87735366821289
image_24, 21, 3.7463271617889404, 1.9295622110366821, 24.870065689086914
image_24, 21, 3.8098950386047363, 1.939723253250122, 25.869281768798828
image_24, 21, 3.987783193588257, 2.0393362045288086, 26.863018035888672
image_24, 21, 4.163038730621338, 2.1368720531463623, 27.856937408447266
image_24, 21, 4.22638463973999, 2.147181749343872, 28.856121063232422
image_24, 21, 4.407111644744873, 2.24949312210083, 29.84911346435547
image_143, 22, 0.16671383380889893, 0.09200244396924973, 0.99506676197052
image_143, 22, 0.3352963626384735, 0.18511801958084106, 1.9899476766586304
image_143, 22, 0.4961599111557007, 0.273152232170105, 2.9853696823120117
image_143, 22, 0.5716953277587891, 0.2862209975719452, 3.9840173721313477
image_143, 22, 0.7341946363449097, 0.37414348125457764, 4.9794111251831055
image_143, 22, 0.9012420177459717, 0.4642932415008545, 5.974527835845947
image_143, 22, 1.0607450008392334, 0.549649178981781, 6.969730854034424
image_143, 22, 1.2196571826934814, 0.6347653269767761, 7.965209484100342
image_143, 22, 1.3181551694869995, 0.6660849452018738, 8.96346664428711
image_143, 22, 1.47323477268219, 0.7483288049697876, 9.959569931030273
image_143, 22, 1.6324065923690796, 0.8342541456222534, 10.955318450927734
image_143, 22, 1.7146259546279907, 0.8520978689193726, 11.95419979095459
image_143, 22, 1.8829759359359741, 0.9433107376098633, 12.94926929473877
image_143, 22, 2.0449600219726562, 1.0309171676635742, 13.944927215576172
image_143, 22, 2.211423397064209, 1.1209391355514526, 14.940079689025879
image_143, 22, 2.2861828804016113, 1.1340761184692383, 15.938823699951172
image_143, 22, 2.452057123184204, 1.224921703338623, 16.933765411376953
image_143, 22, 2.6200578212738037, 1.3183495998382568, 17.928396224975586
image_143, 22, 2.796872854232788, 1.418178677558899, 18.921810150146484
image_143, 22, 2.968000650405884, 1.5122294425964355, 19.916292190551758
image_143, 22, 3.136387586593628, 1.6040629148483276, 20.910804748535156
image_143, 22, 3.298415422439575, 1.6929720640182495, 21.90605926513672
image_143, 22, 3.379852533340454, 1.7096375226974487, 22.904672622680664
image_143, 22, 3.4587180614471436, 1.7248915433883667, 23.903100967407227
image_143, 22, 3.528135061264038, 1.736332654953003, 24.901996612548828
image_143, 22, 3.6876626014709473, 1.82159423828125, 25.897377014160156
image_143, 22, 3.8508460521698, 1.9092955589294434, 26.89312744140625
image_143, 22, 4.006309986114502, 1.9929240942001343, 27.8891544342041
image_143, 22, 4.168442249298096, 2.080230951309204, 28.884693145751953
image_143, 22, 4.3311028480529785, 2.1673715114593506, 29.879926681518555
image_12, 23, 0.18734042346477509, 0.10123909264802933, 0.9935872554779053
image_12, 23, 0.3758556842803955, 0.20027077198028564, 1.9872546195983887
image_12, 23, 0.5638144612312317, 0.3004368841648102, 2.9812352657318115
image_12, 23, 0.7507286071777344, 0.39767783880233765, 3.974897623062134
image_12, 23, 0.9391602873802185, 0.48674944043159485, 4.9701433181762695
image_12, 23, 1.1302767992019653, 0.5817722082138062, 5.964515686035156
image_12, 23, 1.3148685693740845, 0.6717604398727417, 6.959588050842285
image_12, 23, 1.3626679182052612, 0.6825544834136963, 7.9587016105651855
image_12, 23, 1.5592707395553589, 0.7696797847747803, 8.954242706298828
image_12, 23, 1.7381433248519897, 0.8610644936561584, 9.948646545410156
image_12, 23, 1.9162991046905518, 0.9529808759689331, 10.942870140075684
image_12, 23, 2.0988359451293945, 1.050459623336792, 11.936814308166504
image_12, 23, 2.2818405628204346, 1.144571304321289, 12.930983543395996
image_12, 23, 2.3317651748657227, 1.1552095413208008, 13.930070877075195
image_12, 23, 2.52301025390625, 1.2522838115692139, 14.92426872253418
image_12, 23, 2.7195777893066406, 1.3514803647994995, 15.91795825958252
image_12, 23, 2.7810909748077393, 1.3635746240615845, 16.916954040527344
image_12, 23, 2.9624242782592773, 1.4598702192306519, 17.911476135253906
image_12, 23, 3.144953727722168, 1.557660460472107, 18.90530014038086
image_12, 23, 3.208139657974243, 1.5719276666641235, 19.904083251953125
image_12, 23, 3.406824827194214, 1.663699984550476, 20.89898109436035
image_12, 23, 3.5937349796295166, 1.7528122663497925, 21.893909454345703
image_12, 23, 3.784213066101074, 1.8453943729400635, 22.88814926147461
image_12, 23, 3.976551055908203, 1.938063383102417, 23.883167266845703
image_12, 23, 4.157800197601318, 2.03031325340271, 24.877952575683594
image_12, 23, 4.342042446136475, 2.1141951084136963, 25.873537063598633
image_12, 23, 4.3890814781188965, 2.123448371887207, 26.872783660888672
image_12, 23, 4.584680557250977, 2.215501308441162, 27.868438720703125
image_12, 23, 4.774392127990723, 2.312286615371704, 28.86273193359375
image_12, 23, 4.959278583526611, 2.402191162109375, 29.857816696166992
image_113, 24, 0.08393998444080353, 0.015300272963941097, 0.9983648657798767
image_113, 24, 0.15236017107963562, 0.02522991970181465, 1.9974126815795898
image_113, 24, 0.3135460615158081, 0.11309029161930084, 2.9930591583251953
image_113, 24, 0.4645061790943146, 0.1942104995250702, 3.9891865253448486
image_113, 24, 0.6252298355102539, 0.2812483012676239, 4.98504638671875
image_113, 24, 0.7879802584648132, 0.3697474002838135, 5.9805426597595215
image_113, 24, 0.9549737572669983, 0.45954692363739014, 6.975954055786133
image_113, 24, 1.1101014614105225, 0.5425541996955872, 7.971846103668213
image_113, 24, 1.265872836112976, 0.6258153915405273, 8.967905044555664
image_113, 24, 1.338338851928711, 0.6370341777801514, 9.966782569885254
image_113, 24, 1.4970086812973022, 0.7207838892936707, 10.96298885345459
image_113, 24, 1.5703623294830322, 0.7320652008056641, 11.961857795715332
image_113, 24, 1.729865550994873, 0.8168832659721375, 12.957798957824707
image_113, 24, 1.891197681427002, 0.9036257266998291, 13.953246116638184
image_113, 24, 1.960237741470337, 0.913861870765686, 14.952289581298828
image_113, 24, 2.032402753829956, 0.9252764582633972, 15.95114803314209
image_113, 24, 2.192326784133911, 1.0112391710281372, 16.94704818725586
image_113, 24, 2.3591034412384033, 1.101068139076233, 17.941991806030273
image_113, 24, 2.518012523651123, 1.1875221729278564, 18.937576293945312
image_113, 24, 2.6736176013946533, 1.2714083194732666, 19.933231353759766
image_113, 24, 2.83733868598938, 1.360339641571045, 20.928512573242188
image_113, 24, 3.0027425289154053, 1.4506487846374512, 21.92353057861328
image_113, 24, 3.1623895168304443, 1.5369348526000977, 22.919015884399414
image_113, 24, 3.329572916030884, 1.6279898881912231, 23.914405822753906
image_113, 24, 3.4869744777679443, 1.7121766805648804, 24.91067123413086
image_113, 24, 3.5646708011627197, 1.7248618602752686, 25.909255981445312
image_113, 24, 3.7168986797332764, 1.8059122562408447, 26.905574798583984
image_113, 24, 3.871286630630493, 1.8883233070373535, 27.901729583740234
image_113, 24, 4.029765605926514, 1.9733328819274902, 28.897380828857422
image_113, 24, 4.102529525756836, 1.9842132329940796, 29.896265029907227
image_112, 25, 0.06894289702177048, 0.011302469298243523, 0.9989518523216248
image_112, 25, 0.24388983845710754, 0.10934742540121078, 1.9925010204315186
image_112, 25, 0.4217336177825928, 0.20964834094047546, 2.9863193035125732
image_112, 25, 0.4832701086997986, 0.21753720939159393, 3.9855823516845703
image_112, 25, 0.6467835903167725, 0.30696457624435425, 4.980686664581299
image_112, 25, 0.8114012479782104, 0.39612334966659546, 5.975517749786377
image_112, 25, 0.9818446040153503, 0.4912492036819458, 6.970580577850342
image_112, 25, 1.0472760200500488, 0.5011162757873535, 7.969933986663818
image_112, 25, 1.110748052597046, 0.5102705955505371, 8.969337463378906
image_112, 25, 1.2815072536468506, 0.6048396825790405, 9.963956832885742
image_112, 25, 1.4466649293899536, 0.6953206062316895, 10.95866584777832
image_112, 25, 1.6185306310653687, 0.7900824546813965, 11.95314884185791
image_112, 25, 1.7833845615386963, 0.8800824284553528, 12.948058128356934
image_112, 25, 1.878220796585083, 0.9051471948623657, 13.946401596069336
image_112, 25, 2.0507969856262207, 1.0013376474380493, 14.940250396728516
image_112, 25, 2.123169422149658, 1.0124180316925049, 15.93925666809082
image_112, 25, 2.304781913757324, 1.1157695055007935, 16.932077407836914
image_112, 25, 2.480412721633911, 1.2153174877166748, 17.925432205200195
image_112, 25, 2.5567662715911865, 1.2281699180603027, 18.924301147460938
image_112, 25, 2.721900224685669, 1.3190317153930664, 19.91903305053711
image_112, 25, 2.794520616531372, 1.3304591178894043, 20.917991638183594
image_112, 25, 2.9754180908203125, 1.4325944185256958, 21.91168212890625
image_112, 25, 3.1459290981292725, 1.5262784957885742, 22.906206130981445
image_112, 25, 3.3126707077026367, 1.6174590587615967, 23.90113639831543
image_112, 25, 3.493800401687622, 1.7193650007247925, 24.89433479309082
image_112, 25, 3.665851354598999, 1.8140130043029785, 25.888242721557617
image_112, 25, 3.844630002975464, 1.913715124130249, 26.882322311401367
image_112, 25, 4.023285388946533, 2.0137851238250732, 27.876794815063477
image_112, 25, 4.190968036651611, 2.1062405109405518, 28.871923446655273
image_112, 25, 4.257998943328857, 2.117177724838257, 29.87100601196289
image_62, 26, 0.1805163323879242, 0.10285256803035736, 0.9933134317398071
image_62, 26, 0.3601601719856262, 0.20435607433319092, 1.9863615036010742
image_62, 26, 0.5396833419799805, 0.30567264556884766, 2.9795613288879395
image_62, 26, 0.6012609004974365, 0.31434115767478943, 3.9788219928741455
image_62, 26, 0.7851161956787109, 0.41787484288215637, 4.971696376800537
image_62, 26, 0.960561990737915, 0.5170486569404602, 5.965017318725586
image_62, 26, 1.1449615955352783, 0.6222590208053589, 6.958012104034424
image_62, 26, 1.330686092376709, 0.72841477394104, 7.950460433959961
image_62, 26, 1.5113706588745117, 0.8312259316444397, 8.94345474243164
image_62, 26, 1.6821918487548828, 0.9262669086456299, 9.937192916870117
image_62, 26, 1.8617451190948486, 1.0269345045089722, 10.93056869506836
image_62, 26, 2.044280767440796, 1.1303329467773438, 11.92337703704834
image_62, 26, 2.2309985160827637, 1.2367560863494873, 12.915822982788086
image_62, 26, 2.4071362018585205, 1.334876298904419, 13.90947437286377
image_62, 26, 2.590540647506714, 1.4391226768493652, 14.902300834655762
image_62, 26, 2.7750916481018066, 1.546121597290039, 15.894998550415039
image_62, 26, 2.960871934890747, 1.654223918914795, 16.887235641479492
image_62, 26, 3.0395021438598633, 1.6684597730636597, 17.886037826538086
image_62, 26, 3.2185418605804443, 1.7721199989318848, 18.879131317138672
image_62, 26, 3.3933002948760986, 1.8730844259262085, 19.87250328063965
image_62, 26, 3.5720362663269043, 1.9758301973342896, 20.8656063079834
image_62, 26, 3.6424906253814697, 1.9863698482513428, 21.8647403717041
image_62, 26, 3.708691120147705, 1.9967067241668701, 22.863994598388672
image_62, 26, 3.772286891937256, 2.00594425201416, 23.86333465576172
image_62, 26, 3.9510161876678467, 2.1058950424194336, 24.856914520263672
image_62, 26, 4.011109352111816, 2.1138954162597656, 25.856325149536133
image_62, 26, 4.1892900466918945, 2.2144017219543457, 26.849578857421875
image_62, 26, 4.361957550048828, 2.3102145195007324, 27.84347915649414
image_62, 26, 4.536757469177246, 2.4084832668304443, 28.83800506591797
image_62, 26, 4.695868968963623, 2.4928407669067383, 29.833011627197266
image_10, 27, 0.1738557368516922, 0.09819582104682922, 0.9943389296531677
image_10, 27, 0.34291595220565796, 0.19338037073612213, 1.9886479377746582
image_10, 27, 0.5134545564651489, 0.2884131371974945, 2.982539415359497
image_10, 27, 0.5846325755119324, 0.3004186749458313, 3.981396198272705
image_10, 27, 0.7517982721328735, 0.3928683400154114, 4.9761128425598145
image_10, 27, 0.9171114563941956, 0.48357343673706055, 5.9706549644470215
image_10, 27, 0.9850499033927917, 0.49449363350868225, 6.969649791717529
image_10, 27, 1.1542179584503174, 0.5874420404434204, 7.964153289794922
image_10, 27, 1.3222534656524658, 0.6795876026153564, 8.958940505981445
image_10, 27, 1.4869414567947388, 0.7694027423858643, 9.953678131103516
image_10, 27, 1.6669546365737915, 0.8696589469909668, 10.947772979736328
image_10, 27, 1.8380444049835205, 0.9639579653739929, 11.941773414611816
image_10, 27, 2.013580799102783, 1.0621908903121948, 12.935612678527832
image_10, 27, 2.084995746612549, 1.0736361742019653, 13.934635162353516
image_10, 27, 2.2523484230041504, 1.1664272546768188, 14.929118156433105
image_10, 27, 2.430884838104248, 1.26631760597229, 15.92287826538086
image_10, 27, 2.604792356491089, 1.3633067607879639, 16.91669464111328
image_10, 27, 2.686088800430298, 1.3780789375305176, 17.91525650024414
image_10, 27, 2.865957021713257, 1.4808977842330933, 18.909095764160156
image_10, 27, 3.0487961769104004, 1.584887981414795, 19.902246475219727
image_10, 27, 3.2186028957366943, 1.6785309314727783, 20.896652221679688
image_10, 27, 3.39498233795166, 1.7774652242660522, 21.89042854309082
image_10, 27, 3.5718064308166504, 1.8764088153839111, 22.884178161621094
image_10, 27, 3.74442458152771, 1.971461534500122, 23.878786087036133
image_10, 27, 3.91398286819458, 2.0647385120391846, 24.87322235107422
image_10, 27, 3.985436201095581, 2.076841115951538, 25.87214469909668
image_10, 27, 4.05755090713501, 2.0895798206329346, 26.870994567871094
image_10, 27, 4.223307132720947, 2.1791982650756836, 27.866180419921875
image_10, 27, 4.393446445465088, 2.2722058296203613, 28.86101531982422
image_10, 27, 4.5669684410095215, 2.368767023086548, 29.855236053466797
image_40, 28, 0.17158366739749908, 0.09642434865236282, 0.9935622215270996
image_40, 28, 0.34779641032218933, 0.19526776671409607, 1.9866647720336914
image_40, 28, 0.527319073677063, 0.2973872423171997, 2.97983980178833
image_40, 28, 0.6019302606582642, 0.3096664547920227, 3.9786179065704346
image_40, 28, 0.6697458028793335, 0.3198588788509369, 4.977693557739258
image_40, 28, 0.8513468503952026, 0.4232737421989441, 5.97034215927124
image_40, 28, 0.9215018153190613, 0.4343569874763489, 6.969384670257568
image_40, 28, 1.0977593660354614, 0.5331777930259705, 7.962908744812012
image_40, 28, 1.157867670059204, 0.5406786799430847, 8.962189674377441
image_40, 28, 1.3286993503570557, 0.635737955570221, 9.95665168762207
image_40, 28, 1.5037434101104736, 0.7338396310806274, 10.950460433959961
image_40, 28, 1.6830871105194092, 0.835588812828064, 11.94349479675293
image_40, 28, 1.854630708694458, 0.9316638112068176, 12.937192916870117
image_40, 28, 2.0340027809143066, 1.0338621139526367, 13.930089950561523
image_40, 28, 2.212315797805786, 1.1354907751083374, 14.923399925231934
image_40, 28, 2.398514747619629, 1.2437411546707153, 15.915141105651855
image_40, 28, 2.586515188217163, 1.3544387817382812, 16.906496047973633
image_40, 28, 2.7660117149353027, 1.4587221145629883, 17.899412155151367
image_40, 28, 2.952833890914917, 1.5694382190704346, 18.891376495361328
image_40, 28, 3.1403820514678955, 1.679849624633789, 19.883426666259766
image_40, 28, 3.3234288692474365, 1.7869869470596313, 20.87563705444336
image_40, 28, 3.3957300186157227, 1.7971911430358887, 21.874557495117188
image_40, 28, 3.5749316215515137, 1.8995635509490967, 22.867572784423828
image_40, 28, 3.752995491027832, 2.0005569458007812, 23.86081314086914
image_40, 28, 3.9261317253112793, 2.097046136856079, 24.85456085205078
image_40, 28, 4.103145122528076, 2.19655704498291, 25.84797477722168
image_40, 28, 4.276114463806152, 2.2935469150543213, 26.841272354125977
image_40, 28, 4.449445724487305, 2.391226291656494, 27.834936141967773
image_40, 28, 4.6329874992370605, 2.496750593185425, 28.827373504638672
image_40, 28, 4.81500768661499, 2.601663589477539, 29.820411682128906
image_132, 29, 0.19095741212368011, 0.11016020178794861, 0.9913526773452759
image_132, 29, 0.38406509160995483, 0.22165635228157043, 1.9826390743255615
image_132, 29, 0.576473593711853, 0.33116787672042847, 2.974677324295044
image_132, 29, 0.7589067816734314, 0.43346166610717773, 3.968224048614502
image_132, 29, 0.9400432705879211, 0.5337320566177368, 4.962055206298828
image_132, 29, 1.1183067560195923, 0.6320735216140747, 5.955970287322998
image_132, 29, 1.1895194053649902, 0.6443202495574951, 6.955105781555176
image_132, 29, 1.3686012029647827, 0.7429799437522888, 7.949627876281738
image_132, 29, 1.4336814880371094, 0.7528031468391418, 8.948943138122559
image_132, 29, 1.6106064319610596, 0.8494374752044678, 9.942874908447266
image_132, 29, 1.6784460544586182, 0.8604749441146851, 10.942015647888184
image_132, 29, 1.7481287717819214, 0.8711226582527161, 11.941158294677734
image_132, 29, 1.9250164031982422, 0.9674633741378784, 12.935515403747559
image_132, 29, 2.1069252490997314, 1.0665664672851562, 13.929783821105957
image_132, 29, 2.1827943325042725, 1.0795931816101074, 14.928739547729492
image_132, 29, 2.314730644226074, 1.1308094263076782, 15.925477027893066
image_132, 29, 2.502352714538574, 1.2356762886047363, 16.91898536682129
image_132, 29, 2.687807559967041, 1.3399839401245117, 17.912076950073242
image_132, 29, 2.86868953704834, 1.4416738748550415, 18.905776977539062
image_132, 29, 3.055891990661621, 1.5477561950683594, 19.898845672607422
image_132, 29, 3.1450703144073486, 1.5663024187088013, 20.89719009399414
image_132, 29, 3.329963207244873, 1.6683759689331055, 21.891237258911133
image_132, 29, 3.5158140659332275, 1.770416259765625, 22.884469985961914
image_132, 29, 3.692746162414551, 1.8655004501342773, 23.87883758544922
image_132, 29, 3.7690868377685547, 1.8806437253952026, 24.877504348754883
image_132, 29, 3.8495264053344727, 1.8952170610427856, 25.876441955566406
image_132, 29, 4.0245361328125, 1.989075779914856, 26.871055603027344
image_132, 29, 4.095268249511719, 2.0016696453094482, 27.870031356811523
image_132, 29, 4.164478302001953, 2.0136680603027344, 28.869041442871094
image_132, 29, 4.339409828186035, 2.1081418991088867, 29.863327026367188
image_134, 30, 0.1718215048313141, 0.09389342367649078, 0.9946878552436829
image_134, 30, 0.3435494601726532, 0.18818353116512299, 1.989155650138855
image_134, 30, 0.5285757184028625, 0.2914300262928009, 2.982041835784912
image_134, 30, 0.7042039632797241, 0.3883134126663208, 3.9759554862976074
image_134, 30, 0.8729698061943054, 0.47940587997436523, 4.9709272384643555
image_134, 30, 1.045555830001831, 0.5736543536186218, 5.965162754058838
image_134, 30, 1.216533899307251, 0.6656345129013062, 6.9603118896484375
image_134, 30, 1.2789723873138428, 0.6752748489379883, 7.959507465362549
image_134, 30, 1.4557603597640991, 0.7714194059371948, 8.953930854797363
image_134, 30, 1.6260813474655151, 0.8625116944313049, 9.94894790649414
image_134, 30, 1.7990416288375854, 0.9565308094024658, 10.944188117980957
image_134, 30, 1.9724382162094116, 1.0503735542297363, 11.939095497131348
image_134, 30, 2.1506612300872803, 1.1475316286087036, 12.933490753173828
image_134, 30, 2.223823070526123, 1.161184310913086, 13.932245254516602
image_134, 30, 2.3067643642425537, 1.179497241973877, 14.930591583251953
image_134, 30, 2.4950315952301025, 1.2859925031661987, 15.923537254333496
image_134, 30, 2.6812050342559814, 1.3920389413833618, 16.916595458984375
image_134, 30, 2.857391357421875, 1.4906665086746216, 17.91073226928711
image_134, 30, 3.03140926361084, 1.5878369808197021, 18.904945373535156
image_134, 30, 3.2098870277404785, 1.6879713535308838, 19.899330139160156
image_134, 30, 3.391334056854248, 1.790024757385254, 20.892108917236328
image_134, 30, 3.566909074783325, 1.8871564865112305, 21.886425018310547
image_134, 30, 3.7380642890930176, 1.9799349308013916, 22.88129997253418
image_134, 30, 3.915104389190674, 2.076901912689209, 23.876100540161133
image_134, 30, 3.985834836959839, 2.0903923511505127, 24.87491226196289
image_134, 30, 4.154670715332031, 2.1814730167388916, 25.869709014892578
image_134, 30, 4.222008228302002, 2.1928417682647705, 26.86880111694336
image_134, 30, 4.391824722290039, 2.284528970718384, 27.86403465270996
image_134, 30, 4.563120365142822, 2.3771018981933594, 28.859251022338867
image_134, 30, 4.728090763092041, 2.4663140773773193, 29.854679107666016
