Case_ID, Slide_ID, mae, mse, ssim, anomaly
FCB159, 1, 0.07693265378475189, 0.0242333821952343, 0.7394773960113525, 0.0023325933160401225
FCB159, 2, 0.07672279328107834, 0.02309834025800228, 0.7402498126029968, 0.0025154163854146597
FCB159, 3, 0.07891952991485596, 0.023392582312226295, 0.7375627160072327, 0.004023548634818935
FCB159, 4, 0.0792766883969307, 0.023147961124777794, 0.733767032623291, 0.0018282765799484699
FCB159, 5, 0.08065260946750641, 0.023902039974927902, 0.7371718287467957, 0.002309887621850781
FCB159, 6, 0.08012260496616364, 0.023692788556218147, 0.7384116649627686, 0.0017766674043112802
FCB159, 7, 0.07635760307312012, 0.0216123815625906, 0.7377431392669678, 0.0008148885393776016
FCB159, 8, 0.07218041270971298, 0.019712990149855614, 0.7437472343444824, 0.001645753351367902
FCB159, 9, 0.07066909968852997, 0.019241729751229286, 0.7444837689399719, 0.0050963893396005515
FCB159, 10, 0.07314212620258331, 0.02039436809718609, 0.7414871454238892, 0.005589411638892487
FCB159, 11, 0.07471860945224762, 0.021334733814001083, 0.7323256134986877, 0.009202861186301788
FCB159, 12, 0.07430599629878998, 0.021244166418910027, 0.7319325804710388, 0.012816544197394229
FCB159, 13, 0.07571091502904892, 0.0221543051302433, 0.7301193475723267, 0.0059386983046202015
FCB159, 14, 0.07306168973445892, 0.020920347422361374, 0.7352264523506165, 0.006413925094729139
FCB159, 15, 0.07379154115915298, 0.021146969869732857, 0.737710177898407, 0.00811328166206492
FCB159, 16, 0.07439302653074265, 0.02142241969704628, 0.734596848487854, 0.0068358575521708246
FCB159, 17, 0.07618362456560135, 0.022572996094822884, 0.7312232851982117, 0.007372654727207177
FCB159, 18, 0.07834787666797638, 0.02389051578938961, 0.7272042632102966, 0.00572902180290468
FCB159, 19, 0.080269955098629, 0.024955270811915398, 0.7210210561752319, 0.006810126747060108
FCB159, 20, 0.08447691798210144, 0.027210552245378494, 0.7196952700614929, 0.007029558421725293
FCB159, 21, 0.08916833251714706, 0.0301364753395319, 0.7252517938613892, 0.004685157559802034
FCB159, 22, 0.09227219969034195, 0.03257963806390762, 0.722734272480011, 0.006927169914392847
FCB159, 23, 0.08721203356981277, 0.030195340514183044, 0.7260501980781555, 0.0075073284546459855
FCB159, 24, 0.08566094934940338, 0.029514824971556664, 0.7265966534614563, 0.006776746681253674
FCB159, 25, 0.08549829572439194, 0.029401224106550217, 0.7317440509796143, 0.006022992466792594
FCB159, 26, 0.08289401233196259, 0.028063291683793068, 0.7273834943771362, 0.005792452585638534
FCB159, 27, 0.07971686124801636, 0.026658276095986366, 0.7281783223152161, 0.003370687884017317
FCB159, 28, 0.07625462859869003, 0.025138352066278458, 0.7320976257324219, 0.004819851947412485
FCB159, 29, 0.06982444226741791, 0.022223107516765594, 0.7410605549812317, 0.005022144626350586
FCB159, 30, 0.06260550022125244, 0.01956123113632202, 0.7463652491569519, 0.007121966285752814
FCB038, 1, 0.140756756067276, 0.06369774043560028, 0.6773101687431335, 0.004887321874182776
FCB038, 2, 0.14228007197380066, 0.0639381855726242, 0.676307737827301, 0.004761473128441411
FCB038, 3, 0.14426307380199432, 0.06477909535169601, 0.6803666949272156, 0.003368030958756809
FCB038, 4, 0.14752937853336334, 0.06727776676416397, 0.678775429725647, 0.004454616706316067
FCB038, 5, 0.14805851876735687, 0.06758599728345871, 0.6811318397521973, 0.006250025720824751
FCB038, 6, 0.14555774629116058, 0.06528697162866592, 0.6851516962051392, 0.005862140085719894
FCB038, 7, 0.1412542760372162, 0.06143244355916977, 0.6940538287162781, 0.008871020635639236
FCB038, 8, 0.14249147474765778, 0.06188307702541351, 0.6929467916488647, 0.007073555313930519
FCB038, 9, 0.1415255218744278, 0.06120239943265915, 0.685015857219696, 0.006568054573632373
FCB038, 10, 0.14162707328796387, 0.06143146753311157, 0.6850336790084839, 0.009265718957381487
FCB038, 11, 0.1429262012243271, 0.06241464614868164, 0.6819937825202942, 0.008721620826078332
FCB038, 12, 0.14007914066314697, 0.06016506627202034, 0.6840911507606506, 0.005705327615553142
FCB038, 13, 0.13861986994743347, 0.058891601860523224, 0.6869234442710876, 0.006621099483093516
FCB038, 14, 0.13795502483844757, 0.05841289460659027, 0.6893143653869629, 0.005704675332828514
FCB038, 15, 0.13500083982944489, 0.05627516657114029, 0.6944872140884399, 0.0037251018689882977
FCB038, 16, 0.13649368286132812, 0.05743667483329773, 0.6924493312835693, 0.003831315020547392
FCB038, 17, 0.13832005858421326, 0.05937519669532776, 0.6920528411865234, 0.004598777566443387
FCB038, 18, 0.1386835277080536, 0.06045380234718323, 0.693381130695343, 0.005594864604276035
FCB038, 19, 0.13937345147132874, 0.0616028718650341, 0.6920792460441589, 0.005793775832532911
FCB038, 20, 0.13740387558937073, 0.06050867959856987, 0.6942756175994873, 0.005494694297347776
FCB038, 21, 0.13228657841682434, 0.05717237666249275, 0.7014083862304688, 0.008759313692127912
FCB038, 22, 0.12848925590515137, 0.05479912459850311, 0.7078196406364441, 0.0071653235614821545
FCB038, 23, 0.12878477573394775, 0.055693019181489944, 0.709233820438385, 0.0067093193309569225
FCB038, 24, 0.128396674990654, 0.0564659982919693, 0.7159156799316406, 0.007675559320384456
FCB038, 25, 0.12378549575805664, 0.05397387966513634, 0.7261113524436951, 0.007393805313970492
FCB038, 26, 0.11743222922086716, 0.049850739538669586, 0.7368819117546082, 0.006972158084037812
FCB038, 27, 0.11338663846254349, 0.04818253219127655, 0.7413917779922485, 0.008136683591614518
FCB038, 28, 0.10835493355989456, 0.045464932918548584, 0.7472453713417053, 0.008119608633377014
FCB038, 29, 0.10124828666448593, 0.0406232625246048, 0.7594234943389893, 0.006153090870641147
FCB038, 30, 0.0902886688709259, 0.033902861177921295, 0.7711759805679321, 0.004077992292208531
5108968, 1, 0.08892684429883957, 0.02958781085908413, 0.7618979811668396, 0.002966994856955233
5108968, 2, 0.09191249310970306, 0.030965402722358704, 0.7558273077011108, 0.0021469159348833913
5108968, 3, 0.09513457119464874, 0.03254731371998787, 0.7524548768997192, 0.002521157295246251
5108968, 4, 0.09490310400724411, 0.032239072024822235, 0.7524447441101074, 0.0006413956278910915
5108968, 5, 0.094424307346344, 0.03175630792975426, 0.7524303793907166, 0.000992553759226438
5108968, 6, 0.0918835997581482, 0.030043264850974083, 0.754858136177063, 0.001289098130261141
5108968, 7, 0.09200163930654526, 0.03033347986638546, 0.7564823031425476, 0.0026024803336876694
5108968, 8, 0.09121490269899368, 0.029982222244143486, 0.7634420394897461, 0.0008330731995083596
5108968, 9, 0.09023842215538025, 0.029385777190327644, 0.7672297954559326, 0.0010835306577683705
5108968, 10, 0.08689680695533752, 0.027391929179430008, 0.7685661315917969, 0.0023975013812551223
5108968, 11, 0.08873523771762848, 0.028543269261717796, 0.7625875473022461, 0.0031239693702041376
5108968, 12, 0.09301376342773438, 0.031186776235699654, 0.7577447891235352, 0.006657321360265124
5108968, 13, 0.09151075780391693, 0.03040914051234722, 0.7529866099357605, 0.004699892964366227
5108968, 14, 0.08960968255996704, 0.02918434888124466, 0.753018856048584, 0.0028322492186480027
5108968, 15, 0.08649322390556335, 0.02737792581319809, 0.7604406476020813, 0.002471131733115884
5108968, 16, 0.0857708752155304, 0.027026062831282616, 0.764458179473877, 0.00518231671718023
5108968, 17, 0.08663414418697357, 0.02777947671711445, 0.7616062760353088, 0.006715373201213439
5108968, 18, 0.08853407204151154, 0.02921716496348381, 0.7576162815093994, 0.008876437816288834
5108968, 19, 0.08787026256322861, 0.02907743863761425, 0.7612021565437317, 0.006643129929098631
5108968, 20, 0.08605556190013885, 0.028581565245985985, 0.7628993391990662, 0.006285828465103057
5108968, 21, 0.08532161265611649, 0.02898121438920498, 0.7602750658988953, 0.011130468948147652
5108968, 22, 0.0823867917060852, 0.02780825085937977, 0.7643392086029053, 0.008685563753918664
5108968, 23, 0.07725469022989273, 0.02475791610777378, 0.7718403339385986, 0.004370189718889678
5108968, 24, 0.07360157370567322, 0.02232629433274269, 0.7875898480415344, 0.0026729584271665764
5108968, 25, 0.07036767899990082, 0.020440565422177315, 0.7970077395439148, 0.0005635941911843194
5108968, 26, 0.06581749767065048, 0.018438810482621193, 0.79770827293396, 0.00047671627063109004
5108968, 27, 0.06441298872232437, 0.0182329211384058, 0.7996949553489685, 0.0016948742904433882
5108968, 28, 0.0636986568570137, 0.018487701192498207, 0.8006075620651245, 0.0009954325406834092
5108968, 29, 0.060055386275053024, 0.017440684139728546, 0.8064879775047302, 0.0029721317269684015
5108968, 30, 0.055142391473054886, 0.01574690453708172, 0.8164353370666504, 0.002566867806431023
5367467, 1, 0.0874006450176239, 0.02815982699394226, 0.7454521656036377, 2.282821817500672e-05
5367467, 2, 0.0922684445977211, 0.030492397025227547, 0.7458245158195496, 7.723817695544137e-06
5367467, 3, 0.0905202105641365, 0.029401307925581932, 0.7524310946464539, 4.496299169459676e-06
5367467, 4, 0.08551910519599915, 0.02662348374724388, 0.7617341876029968, 1.3575905647025055e-05
5367467, 5, 0.08320865035057068, 0.025391023606061935, 0.7664914727210999, 9.67864266597514e-06
5367467, 6, 0.08646839112043381, 0.02733212150633335, 0.7586949467658997, 0.00018986285333923955
5367467, 7, 0.08633410930633545, 0.027297066524624825, 0.7543085813522339, 0.0005029278888609244
5367467, 8, 0.08573539555072784, 0.026676541194319725, 0.7567458152770996, 0.00012335457345422673
5367467, 9, 0.08531519770622253, 0.026507124304771423, 0.7631806135177612, 9.56517997674093e-05
5367467, 10, 0.08767390251159668, 0.027724018320441246, 0.7606076598167419, 9.695380899722368e-05
5367467, 11, 0.08877183496952057, 0.02828340046107769, 0.7585909366607666, 4.54947304779862e-05
5367467, 12, 0.08754988759756088, 0.027536548674106598, 0.7528429627418518, 2.727752646166223e-05
5367467, 13, 0.08660977333784103, 0.026887817308306694, 0.7545749545097351, 0.0002750783051120536
5367467, 14, 0.08593196421861649, 0.02643110789358616, 0.7610792517662048, 0.00014859679297276788
5367467, 15, 0.08467593789100647, 0.025686196982860565, 0.7610403299331665, 0.00012125634993936222
5367467, 16, 0.0839725211262703, 0.025435376912355423, 0.7564502358436584, 0.0001798050501420937
5367467, 17, 0.08240102976560593, 0.025054000318050385, 0.7560878396034241, 0.00017919348498185932
5367467, 18, 0.08169928938150406, 0.025230878964066505, 0.7661917805671692, 0.0002308402801229301
5367467, 19, 0.07907973974943161, 0.024463724344968796, 0.7737508416175842, 0.0008852417286718953
5367467, 20, 0.07778292894363403, 0.02421458810567856, 0.7699742913246155, 0.00046625447834205
5367467, 21, 0.07470669597387314, 0.022445011883974075, 0.7780954837799072, 4.989950641201703e-05
5367467, 22, 0.07369233667850494, 0.021911362186074257, 0.7814115881919861, 2.755406840044867e-05
5367467, 23, 0.07295192778110504, 0.021912120282649994, 0.781123697757721, 0.00044981243939239823
5367467, 24, 0.07237206399440765, 0.021777311339974403, 0.7819032669067383, 7.584667865866668e-05
5367467, 25, 0.07093856483697891, 0.02134747803211212, 0.7881085872650146, 0.00015581699613819515
5367467, 26, 0.06685720384120941, 0.019253889098763466, 0.7880339622497559, 6.457384776885334e-06
5367467, 27, 0.06365810334682465, 0.01776004768908024, 0.7928683757781982, 3.326101469293151e-06
5367467, 28, 0.060936443507671356, 0.016792774200439453, 0.8004977107048035, 4.885475727566528e-06
5367467, 29, 0.05765187740325928, 0.015507721342146397, 0.8079157471656799, 0.00017839909773568989
5367467, 30, 0.05500733479857445, 0.01487400010228157, 0.8146224021911621, 0.0006900331981418424
5431938, 1, 0.10677608102560043, 0.039022453129291534, 0.6391440629959106, 0.0065786293646840225
5431938, 2, 0.11283938586711884, 0.04262475669384003, 0.6284909248352051, 0.007487216259758819
5431938, 3, 0.12265729159116745, 0.048461925238370895, 0.6142480373382568, 0.004944758722370319
5431938, 4, 0.12123046815395355, 0.046989500522613525, 0.6210674047470093, 0.002780333119139717
5431938, 5, 0.12385503947734833, 0.04880749061703682, 0.6273074150085449, 0.002812313889462739
5431938, 6, 0.12368116527795792, 0.048910390585660934, 0.6251691579818726, 0.0050408929381615866
5431938, 7, 0.11867555975914001, 0.045374006032943726, 0.63194340467453, 0.004812440144006477
5431938, 8, 0.11375788599252701, 0.04268167167901993, 0.634829044342041, 0.004854512645884885
5431938, 9, 0.11152414977550507, 0.041761111468076706, 0.6352225542068481, 0.006542671640941652
5431938, 10, 0.10966113209724426, 0.040556613355875015, 0.6406546235084534, 0.008769279059587062
5431938, 11, 0.10890437662601471, 0.04007850959897041, 0.6444226503372192, 0.011303360186816805
5431938, 12, 0.1099778562784195, 0.04040247201919556, 0.6476214528083801, 0.008955105917460036
5431938, 13, 0.11723944544792175, 0.044967394322156906, 0.6333027482032776, 0.0074846041427870345
5431938, 14, 0.12420663237571716, 0.0487741157412529, 0.6306284070014954, 0.010971610979453717
5431938, 15, 0.12882308661937714, 0.0516238696873188, 0.6274256706237793, 0.00833256796411173
5431938, 16, 0.12801332771778107, 0.05149543657898903, 0.6224673986434937, 0.0038365269676108186
5431938, 17, 0.12419386953115463, 0.04912677779793739, 0.6249750852584839, 0.005692821481743802
5431938, 18, 0.12148217856884003, 0.04659746214747429, 0.6312813758850098, 0.0028741125394758744
5431938, 19, 0.1217995136976242, 0.04675612598657608, 0.6361485719680786, 0.0018470967364364167
5431938, 20, 0.12371402978897095, 0.0485827811062336, 0.6342999339103699, 0.00246771186679146
5431938, 21, 0.12159495800733566, 0.04799070209264755, 0.6260673999786377, 0.003593450868556167
5431938, 22, 0.11895398050546646, 0.046001408249139786, 0.6340026259422302, 0.005723208375411078
5431938, 23, 0.11262709647417068, 0.04238384589552879, 0.6514211893081665, 0.008369999074738161
5431938, 24, 0.11252392083406448, 0.042907148599624634, 0.6496941447257996, 0.007282275862780876
5431938, 25, 0.1076933816075325, 0.03964349627494812, 0.65130615234375, 0.005501526422793445
5431938, 26, 0.10029616206884384, 0.03518310934305191, 0.6645634770393372, 0.0032791218218377006
5431938, 27, 0.09092842042446136, 0.02985602244734764, 0.6759230494499207, 0.004448736100100603
5431938, 28, 0.08430346846580505, 0.026276787742972374, 0.6866578459739685, 0.00375155788347224
5431938, 29, 0.07730808854103088, 0.023253029212355614, 0.6919806003570557, 0.00048454450524859405
5431938, 30, 0.07059231400489807, 0.020519640296697617, 0.7037339210510254, 0.0009002978986396848
FCB130, 1, 0.0829738974571228, 0.027263177558779716, 0.7361756563186646, 4.317530218194016e-05
FCB130, 2, 0.08840695023536682, 0.030122248455882072, 0.7274255752563477, 0.00011648931037946551
FCB130, 3, 0.09016572684049606, 0.03039889596402645, 0.7278884053230286, 0.0002658194868071215
FCB130, 4, 0.0882112979888916, 0.029028676450252533, 0.7285010814666748, 0.0001379498803875581
FCB130, 5, 0.08742918819189072, 0.02889576554298401, 0.7274284958839417, 0.00032825046581457987
FCB130, 6, 0.08897615224123001, 0.03001249022781849, 0.7313932776451111, 0.0007769397478779506
FCB130, 7, 0.0851086676120758, 0.027479328215122223, 0.7420819997787476, 0.000164417823085154
FCB130, 8, 0.08361344039440155, 0.02696276642382145, 0.7373866438865662, 0.0002722323225031461
FCB130, 9, 0.08534292876720428, 0.028451496735215187, 0.7272142767906189, 4.855564900694195e-05
FCB130, 10, 0.08506452292203903, 0.027887750416994095, 0.7320802211761475, 0.00011691249246951547
FCB130, 11, 0.08779073506593704, 0.02955351583659649, 0.7350296974182129, 0.0007802349900302742
FCB130, 12, 0.0878700464963913, 0.030195070430636406, 0.7350370287895203, 0.002218285112644536
FCB130, 13, 0.08992797881364822, 0.03132437914609909, 0.7344266772270203, 0.001032035731608914
FCB130, 14, 0.08784093707799911, 0.029820991680026054, 0.7305641174316406, 0.0012540231827972966
FCB130, 15, 0.09140002727508545, 0.032085925340652466, 0.7278701066970825, 0.0004613593613623891
FCB130, 16, 0.09169512987136841, 0.03239338845014572, 0.7208418250083923, 0.00035752559645398384
FCB130, 17, 0.09321492910385132, 0.03336763754487038, 0.713579535484314, 0.0002555614533101384
FCB130, 18, 0.09257901459932327, 0.033281050622463226, 0.7147652506828308, 0.002390945566093835
FCB130, 19, 0.09100236743688583, 0.032922279089689255, 0.7264459729194641, 0.004355653499012916
FCB130, 20, 0.08813948929309845, 0.03120265156030655, 0.7341231107711792, 0.0019506141591878702
FCB130, 21, 0.0849967673420906, 0.029252860695123672, 0.7394518256187439, 0.0019362012371391358
FCB130, 22, 0.08474601805210114, 0.0294847059994936, 0.7383307814598083, 0.0018023639229951339
FCB130, 23, 0.0775584876537323, 0.02601851150393486, 0.7526428699493408, 0.0022207221677312513
FCB130, 24, 0.07519503682851791, 0.025030408054590225, 0.7558229565620422, 0.004707968268366317
FCB130, 25, 0.0772571712732315, 0.02636406011879444, 0.7547250390052795, 0.004322737944939519
FCB130, 26, 0.08028335869312286, 0.02818273939192295, 0.7516184449195862, 0.0031167912978028152
FCB130, 27, 0.08837902545928955, 0.03429431840777397, 0.7361109256744385, 0.0021588058663119095
FCB130, 28, 0.08863000571727753, 0.035188835114240646, 0.7401821613311768, 0.004255322351166038
FCB130, 29, 0.0808827131986618, 0.030984139069914818, 0.7475219964981079, 0.0023201337205893038
FCB130, 30, 0.07400157302618027, 0.02747713029384613, 0.7537350654602051, 0.0038257397366207426
5160521, 1, 0.08588110655546188, 0.02772805280983448, 0.771178126335144, 0.0006399978017436995
5160521, 2, 0.08725114911794662, 0.02804795652627945, 0.7694401741027832, 0.0005850341319649661
5160521, 3, 0.0878724455833435, 0.028044069185853004, 0.7675967216491699, 0.0005753650133206051
5160521, 4, 0.09001360088586807, 0.029142433777451515, 0.7644531726837158, 0.00014336185481500475
5160521, 5, 0.09052828699350357, 0.029360169544816017, 0.768149733543396, 9.131220914184164e-05
5160521, 6, 0.08691796660423279, 0.027253219857811928, 0.7760342955589294, 0.00040357177879842855
5160521, 7, 0.08662118017673492, 0.027109719812870026, 0.7765821218490601, 0.0003529799173527131
5160521, 8, 0.0872906818985939, 0.027732986956834793, 0.7735363245010376, 0.0022623750207923813
5160521, 9, 0.08715267479419708, 0.02772543765604496, 0.7669504284858704, 0.0024266997584600682
5160521, 10, 0.08873904496431351, 0.028668947517871857, 0.7629103064537048, 0.00043268230448424027
5160521, 11, 0.08947407454252243, 0.029035311192274094, 0.7626605033874512, 0.0008711831065015912
5160521, 12, 0.08748263120651245, 0.027715066447854042, 0.7643490433692932, 0.00039247346199438514
5160521, 13, 0.08517692238092422, 0.02640192024409771, 0.7663756608963013, 0.0004289218846123983
5160521, 14, 0.08231256902217865, 0.024984151124954224, 0.7728306651115417, 0.0004662374001106122
5160521, 15, 0.0821017250418663, 0.024933457374572754, 0.7789687514305115, 0.0005931838519678936
5160521, 16, 0.08416830748319626, 0.026115937158465385, 0.7796951532363892, 0.0007415580267700993
5160521, 17, 0.08161017298698425, 0.02464081533253193, 0.7853437066078186, 0.0008342433574607862
5160521, 18, 0.08132337033748627, 0.024533795192837715, 0.7809155583381653, 0.0007486429515202912
5160521, 19, 0.0796375572681427, 0.024080706760287285, 0.7841019630432129, 0.001712043436881765
5160521, 20, 0.07996967434883118, 0.024378018453717232, 0.7839985489845276, 0.0013138920074720736
5160521, 21, 0.08242368698120117, 0.025766266509890556, 0.7787709832191467, 0.0020912988684288576
5160521, 22, 0.08124890923500061, 0.025268469005823135, 0.7843491435050964, 0.002832635712752529
5160521, 23, 0.08146563917398453, 0.02565678022801876, 0.78215491771698, 0.0017093228888851587
5160521, 24, 0.08202623575925827, 0.026687627658247948, 0.7787219285964966, 0.0012762530361156103
5160521, 25, 0.07979818433523178, 0.02604096569120884, 0.774792492389679, 0.004905590810369521
5160521, 26, 0.07640436291694641, 0.02494015172123909, 0.7846359014511108, 0.0069908302711376
5160521, 27, 0.07037774473428726, 0.022174621000885963, 0.794694185256958, 0.005167715647973601
5160521, 28, 0.06347636878490448, 0.01864413544535637, 0.8018978238105774, 0.0035012097168081067
5160521, 29, 0.05539415031671524, 0.015151837840676308, 0.8121558427810669, 0.0019209690752259715
5160521, 30, 0.04948118329048157, 0.013182894326746464, 0.818000316619873, 0.002831711916005016
FCB089, 1, 0.08674005419015884, 0.029100874438881874, 0.735687792301178, 0.005511533476338809
FCB089, 2, 0.08707152307033539, 0.028523525223135948, 0.7355983853340149, 0.004185774019351406
FCB089, 3, 0.0890260860323906, 0.029308389872312546, 0.7358999848365784, 0.0027424387771701904
FCB089, 4, 0.09299063682556152, 0.03144272044301033, 0.7240158915519714, 0.005188890739853585
FCB089, 5, 0.09623973816633224, 0.03342143073678017, 0.718556821346283, 0.0059804083983781
FCB089, 6, 0.09641049057245255, 0.03349938988685608, 0.7221364378929138, 0.0042064257327777506
FCB089, 7, 0.09714742749929428, 0.033920783549547195, 0.7226480841636658, 0.004532942374533704
FCB089, 8, 0.09835679084062576, 0.0344153456389904, 0.7228817939758301, 0.005409765060818417
FCB089, 9, 0.099354088306427, 0.03483064845204353, 0.720757007598877, 0.006454886343195657
FCB089, 10, 0.10199703276157379, 0.036257266998291016, 0.7193230390548706, 0.006431867352985346
FCB089, 11, 0.10201750695705414, 0.03616974875330925, 0.7241803407669067, 0.006496457928891725
FCB089, 12, 0.09918823838233948, 0.03435654938220978, 0.7319912910461426, 0.0071297827489779034
FCB089, 13, 0.09757746756076813, 0.03321953862905502, 0.7340877652168274, 0.005550599783820265
FCB089, 14, 0.09714660793542862, 0.03326454758644104, 0.735456645488739, 0.004917149839901038
FCB089, 15, 0.09422437101602554, 0.031573254615068436, 0.7440492510795593, 0.005516615376116751
FCB089, 16, 0.09064324200153351, 0.029210561886429787, 0.7492492198944092, 0.004051065627359779
FCB089, 17, 0.08578511327505112, 0.026965973898768425, 0.7491274476051331, 0.003408776849396528
FCB089, 18, 0.08172914385795593, 0.024601800367236137, 0.7554206252098083, 0.0032653466007232083
FCB089, 19, 0.08158344030380249, 0.025101613253355026, 0.7596616148948669, 0.0017125857916319728
FCB089, 20, 0.0801142081618309, 0.024927522987127304, 0.7613544464111328, 0.005478994963578022
FCB089, 21, 0.07466796785593033, 0.022279348224401474, 0.7698484659194946, 0.00468082076661051
FCB089, 22, 0.07043955475091934, 0.0205561313778162, 0.7737588286399841, 0.005156517289054424
FCB089, 23, 0.06554774940013885, 0.018639298155903816, 0.774875283241272, 0.0064778564683899064
FCB089, 24, 0.0630301982164383, 0.017186664044857025, 0.7852935791015625, 0.0060932022255610055
FCB089, 25, 0.06029363349080086, 0.016171764582395554, 0.7911194562911987, 0.005695551537619308
FCB089, 26, 0.05568151921033859, 0.014529616571962833, 0.8028013110160828, 0.007558267275779365
FCB089, 27, 0.055512916296720505, 0.014636428095400333, 0.8078285455703735, 0.010569598141514033
FCB089, 28, 0.05547105520963669, 0.014699939638376236, 0.8093051314353943, 0.007474666840035085
FCB089, 29, 0.05769561976194382, 0.015645654872059822, 0.8143045902252197, 0.005076040194813651
FCB089, 30, 0.05711236223578453, 0.015692759305238724, 0.8195295333862305, 0.00487816688299826
4359424, 1, 0.09152918308973312, 0.032123252749443054, 0.7457724213600159, 0.00026002409068042495
4359424, 2, 0.09255044162273407, 0.03250380605459213, 0.7468425035476685, 0.002020147815110415
4359424, 3, 0.09291139990091324, 0.03238533064723015, 0.7389625906944275, 0.0016576437850919592
4359424, 4, 0.0930466428399086, 0.03183968365192413, 0.7387890219688416, 0.00015196807061616758
4359424, 5, 0.0901682898402214, 0.02986723743379116, 0.748374342918396, 0.0015532169436371893
4359424, 6, 0.08883176743984222, 0.029235081747174263, 0.7544443011283875, 0.0013364238263895007
4359424, 7, 0.08558623492717743, 0.027571341022849083, 0.7553340196609497, 0.00107318934286556
4359424, 8, 0.0844375342130661, 0.026902200654149055, 0.7558355331420898, 0.0029491153202997693
4359424, 9, 0.0824708640575409, 0.025879016146063805, 0.7548194527626038, 0.0026648469395793998
4359424, 10, 0.08057329058647156, 0.024963056668639183, 0.7480157613754272, 0.0003624629295320459
4359424, 11, 0.08461587131023407, 0.027041561901569366, 0.7414052486419678, 0.001276806756716435
4359424, 12, 0.08117847889661789, 0.02558978833258152, 0.7465078234672546, 0.001078345015331561
4359424, 13, 0.08236411958932877, 0.026260757818818092, 0.7506658434867859, 0.0008032641841267735
4359424, 14, 0.08319313824176788, 0.02652032859623432, 0.750830888748169, 0.0015479066212381952
4359424, 15, 0.08307773619890213, 0.02677910402417183, 0.7504198551177979, 0.0004462795835717454
4359424, 16, 0.07789788395166397, 0.02435300499200821, 0.7549811005592346, 0.0015794457327357918
4359424, 17, 0.0759323313832283, 0.02309008315205574, 0.7637636661529541, 0.004126602654755321
4359424, 18, 0.0744609460234642, 0.022577637806534767, 0.7625876069068909, 0.004059693354830333
4359424, 19, 0.07229717075824738, 0.022085323929786682, 0.7603830695152283, 0.00600483851480638
4359424, 20, 0.07370452582836151, 0.022921625524759293, 0.7624089121818542, 0.005457199165918856
4359424, 21, 0.0804518312215805, 0.026315763592720032, 0.7584938406944275, 0.00548107685057719
4359424, 22, 0.08711325377225876, 0.03023086115717888, 0.7483407855033875, 0.00303309530364904
4359424, 23, 0.08561329543590546, 0.02912328951060772, 0.7479025721549988, 0.0036269143176074544
4359424, 24, 0.0841934084892273, 0.02876266837120056, 0.7466316223144531, 0.004082754439991472
4359424, 25, 0.09139177203178406, 0.03391323983669281, 0.741895318031311, 0.005713947159229541
4359424, 26, 0.0917285904288292, 0.034969937056303024, 0.7375643849372864, 0.0049431416603795165
4359424, 27, 0.08553984016180038, 0.03122645802795887, 0.7478135824203491, 0.0030090294317073646
4359424, 28, 0.07702239602804184, 0.02661164663732052, 0.7555628418922424, 0.004195786901098427
4359424, 29, 0.07761453092098236, 0.028081249445676804, 0.7511032223701477, 0.001882549054773583
4359424, 30, 0.06950567662715912, 0.024147719144821167, 0.7584481239318848, 0.0030524564490730546
FCB067, 1, 0.07527563720941544, 0.023455511778593063, 0.7486918568611145, 0.0006353357912759213
FCB067, 2, 0.07925314456224442, 0.024821419268846512, 0.7537215352058411, 0.0013842361379641864
FCB067, 3, 0.08053278923034668, 0.025325555354356766, 0.7529652118682861, 0.000859908648903662
FCB067, 4, 0.08397726714611053, 0.02677413821220398, 0.7443436980247498, 0.0023365730584391886
FCB067, 5, 0.08470410853624344, 0.02671985514461994, 0.7363054752349854, 0.0021563761717746876
FCB067, 6, 0.09214366227388382, 0.031036946922540665, 0.7298952341079712, 0.0028358930662252075
FCB067, 7, 0.09600592404603958, 0.033751193434000015, 0.729864776134491, 0.0031125786889278193
FCB067, 8, 0.09641233086585999, 0.03429439663887024, 0.7335353493690491, 0.002962076158224369
FCB067, 9, 0.09122646600008011, 0.03132875636219978, 0.7288275957107544, 0.0015045936318817284
FCB067, 10, 0.09259812533855438, 0.032314084470272064, 0.7235667109489441, 0.002435718037932475
FCB067, 11, 0.09329305589199066, 0.03298323228955269, 0.7206310033798218, 0.0030902643993258997
FCB067, 12, 0.10095878690481186, 0.03766344487667084, 0.7143542766571045, 0.004569046580164143
FCB067, 13, 0.11576686799526215, 0.04780155420303345, 0.7071674466133118, 0.0032552932844226246
FCB067, 14, 0.11764763295650482, 0.04877365753054619, 0.7093650698661804, 0.0014160618330737841
FCB067, 15, 0.1205388680100441, 0.050489120185375214, 0.7090824842453003, 0.0034982999290511176
FCB067, 16, 0.11980607360601425, 0.05014510825276375, 0.7001942992210388, 0.004417544389476961
FCB067, 17, 0.11465271562337875, 0.046840813010931015, 0.6935282945632935, 0.0035364750097119993
FCB067, 18, 0.11706672608852386, 0.048872366547584534, 0.690234363079071, 0.002685600185903261
FCB067, 19, 0.12016886472702026, 0.05142788216471672, 0.6918745040893555, 0.003954501291321268
FCB067, 20, 0.12083626538515091, 0.052461158484220505, 0.702511727809906, 0.0058459972521118725
FCB067, 21, 0.12074863165616989, 0.05313418433070183, 0.7048216462135315, 0.006894896140637114
FCB067, 22, 0.11740973591804504, 0.05096600204706192, 0.7164174914360046, 0.006571317205830173
FCB067, 23, 0.11719289422035217, 0.05163265019655228, 0.7164773344993591, 0.006185101662599785
FCB067, 24, 0.12133382260799408, 0.055658672004938126, 0.7128180861473083, 0.0072997424672686054
FCB067, 25, 0.12014161795377731, 0.05566811189055443, 0.7224447727203369, 0.00738007758779255
FCB067, 26, 0.11268012970685959, 0.05031278356909752, 0.7292264699935913, 0.00599322281074354
FCB067, 27, 0.10798320919275284, 0.047462206333875656, 0.730663001537323, 0.004297907640607567
FCB067, 28, 0.10511872172355652, 0.04649652540683746, 0.7325005531311035, 0.0072253505623930715
FCB067, 29, 0.10169224441051483, 0.045265424996614456, 0.7333931922912598, 0.007494758970777419
FCB067, 30, 0.09462711960077286, 0.04171750321984291, 0.7360692620277405, 0.008515939453323983
FCB151, 1, 0.08716468513011932, 0.02791496552526951, 0.7378464341163635, 0.008822791024373574
FCB151, 2, 0.08997302502393723, 0.02905845083296299, 0.7345967888832092, 0.010204033162721065
FCB151, 3, 0.08879479765892029, 0.027831928804516792, 0.737079918384552, 0.00745589978317218
FCB151, 4, 0.08820489794015884, 0.027008511126041412, 0.7374475598335266, 0.005778725903566661
FCB151, 5, 0.08835890889167786, 0.027021819725632668, 0.7350735068321228, 0.007287945124530898
FCB151, 6, 0.09003837406635284, 0.02797643095254898, 0.7362692356109619, 0.006754959893986885
FCB151, 7, 0.0899197980761528, 0.027813322842121124, 0.7370709776878357, 0.0065266446936316684
FCB151, 8, 0.08526376634836197, 0.02526862360537052, 0.7363982200622559, 0.005175218765167298
FCB151, 9, 0.08361244946718216, 0.02464263141155243, 0.732110857963562, 0.005599953951452321
FCB151, 10, 0.08499415963888168, 0.02545488439500332, 0.7324022650718689, 0.005564858151305124
FCB151, 11, 0.08858132362365723, 0.027487633749842644, 0.7313374280929565, 0.008260926470269913
FCB151, 12, 0.09547746926546097, 0.030982578173279762, 0.7286791801452637, 0.009246275625617409
FCB151, 13, 0.09637026488780975, 0.031529225409030914, 0.7257682681083679, 0.008983766305988936
FCB151, 14, 0.09529849886894226, 0.031135423108935356, 0.7234809398651123, 0.009576007711735696
FCB151, 15, 0.0953754261136055, 0.03135291114449501, 0.7276645302772522, 0.011591603891329844
FCB151, 16, 0.09733885526657104, 0.03253692016005516, 0.7294840216636658, 0.008324014159603998
FCB151, 17, 0.10052090883255005, 0.034590184688568115, 0.7236698269844055, 0.010198940623019358
FCB151, 18, 0.10179177671670914, 0.03596482798457146, 0.7218225598335266, 0.011298336553252344
FCB151, 19, 0.11064775288105011, 0.04265342652797699, 0.7134733200073242, 0.007211701074063642
FCB151, 20, 0.10995315760374069, 0.04254117235541344, 0.7140092253684998, 0.010800511937443785
FCB151, 21, 0.11238749325275421, 0.04460566118359566, 0.7154460549354553, 0.009183357218639946
FCB151, 22, 0.11012692004442215, 0.04362842068076134, 0.7243347764015198, 0.008929490424442993
FCB151, 23, 0.10305455327033997, 0.039461202919483185, 0.7347544431686401, 0.010363951702929926
FCB151, 24, 0.0994822084903717, 0.03795158490538597, 0.7369384169578552, 0.012649570073940075
FCB151, 25, 0.10840179771184921, 0.04489213600754738, 0.7329285144805908, 0.010878248197056102
FCB151, 26, 0.10800228267908096, 0.04504840448498726, 0.7273040413856506, 0.009858122776134785
FCB151, 27, 0.1001567468047142, 0.039884597063064575, 0.732099711894989, 0.008467233612628843
FCB151, 28, 0.088357113301754, 0.0329793356359005, 0.7457554340362549, 0.006391889366678323
FCB151, 29, 0.0832563117146492, 0.03132224082946777, 0.7500448822975159, 0.009651824926809396
FCB151, 30, 0.07675562798976898, 0.02974836714565754, 0.7515733242034912, 0.01273852193358279
5234571, 1, 0.09169546514749527, 0.03325897827744484, 0.7504497766494751, 0.0014831582893477875
5234571, 2, 0.09553219377994537, 0.03480786830186844, 0.7503162026405334, 0.001334292748334495
5234571, 3, 0.09636484831571579, 0.0345705971121788, 0.750996470451355, 0.0002302128694162296
5234571, 4, 0.09482334554195404, 0.03257763385772705, 0.7510083317756653, 1.6626662871110696e-05
5234571, 5, 0.09669292718172073, 0.03328309208154678, 0.7423462271690369, 1.443913429995118e-05
5234571, 6, 0.09632042795419693, 0.03263804316520691, 0.7407180666923523, 2.2198264608909453e-05
5234571, 7, 0.09646391868591309, 0.03234463930130005, 0.7502316832542419, 2.6744261605332832e-05
5234571, 8, 0.09327548742294312, 0.030609438195824623, 0.7522229552268982, 5.65451985160139e-05
5234571, 9, 0.09028495103120804, 0.029191941022872925, 0.7547476887702942, 9.456864020600545e-06
5234571, 10, 0.09246435761451721, 0.030623991042375565, 0.754636824131012, 0.000898663514188776
5234571, 11, 0.09468724578619003, 0.032567139714956284, 0.7484251260757446, 8.619966050872185e-05
5234571, 12, 0.09709221124649048, 0.03425409272313118, 0.7458574771881104, 0.0005780266817695893
5234571, 13, 0.09690391272306442, 0.033947378396987915, 0.7403686046600342, 0.0011805940811346943
5234571, 14, 0.09112751483917236, 0.030433041974902153, 0.740346372127533, 0.0002784002184777337
5234571, 15, 0.0900215357542038, 0.02956797555088997, 0.749879002571106, 0.0012205798626104488
5234571, 16, 0.09103816747665405, 0.030053837224841118, 0.750752329826355, 0.00014218101478752422
5234571, 17, 0.0886622816324234, 0.028884390369057655, 0.7547786831855774, 0.0003838043372866155
5234571, 18, 0.08776706457138062, 0.02859322912991047, 0.7594572305679321, 0.0005238358697536012
5234571, 19, 0.08847873657941818, 0.029014620929956436, 0.7557339668273926, 0.0004777039533354616
5234571, 20, 0.08690975606441498, 0.02818216383457184, 0.7667447328567505, 0.0007949974362714324
5234571, 21, 0.08780882507562637, 0.02973649464547634, 0.7688600420951843, 0.0021838374957252877
5234571, 22, 0.09000667929649353, 0.031937044113874435, 0.7610940933227539, 0.005581686446062415
5234571, 23, 0.09166253358125687, 0.033558618277311325, 0.7612313628196716, 0.006095176295011712
5234571, 24, 0.08710552006959915, 0.030646875500679016, 0.7642406225204468, 0.006377532232470403
5234571, 25, 0.08206307142972946, 0.027629077434539795, 0.7720216512680054, 0.003649409351087407
5234571, 26, 0.07883549481630325, 0.026220429688692093, 0.7761456966400146, 0.003819042040409178
5234571, 27, 0.07322876900434494, 0.023673083633184433, 0.7839609980583191, 0.003679720932876633
5234571, 28, 0.07027343660593033, 0.02333374135196209, 0.7885100245475769, 0.005148795794492696
5234571, 29, 0.06532353162765503, 0.021219467744231224, 0.7931145429611206, 0.0032713245599835087
5234571, 30, 0.06044706329703331, 0.018964271992444992, 0.8006141781806946, 0.0039001664405431736
5427859, 1, 0.09500348567962646, 0.033290911465883255, 0.7393830418586731, 0.00582551836635644
5427859, 2, 0.09678634256124496, 0.033743344247341156, 0.7351987361907959, 0.006531268213617124
5427859, 3, 0.09768246114253998, 0.03388176113367081, 0.732243537902832, 0.0035597165470571154
5427859, 4, 0.1008506640791893, 0.03547115623950958, 0.7302207350730896, 0.00344253775346131
5427859, 5, 0.1060013696551323, 0.03889477252960205, 0.7302579879760742, 0.006295467637498831
5427859, 6, 0.1065296158194542, 0.039445485919713974, 0.7305179238319397, 0.00576289785878228
5427859, 7, 0.10381443053483963, 0.03770444914698601, 0.7350654602050781, 0.0048812521898977486
5427859, 8, 0.10162714123725891, 0.03621525689959526, 0.7360040545463562, 0.00596472945076873
5427859, 9, 0.09786462783813477, 0.03374242037534714, 0.7408843636512756, 0.006665973971223343
5427859, 10, 0.09659343957901001, 0.032899223268032074, 0.7434473037719727, 0.005618118984029191
5427859, 11, 0.0927887037396431, 0.030699871480464935, 0.7485985159873962, 0.004610221162273606
5427859, 12, 0.09185741096735, 0.03005863167345524, 0.7529605627059937, 0.0035986305092459148
5427859, 13, 0.09316812455654144, 0.03075570799410343, 0.7530702352523804, 0.003906789079282138
5427859, 14, 0.09245866537094116, 0.030353767797350883, 0.7574476599693298, 0.0045017501683136335
5427859, 15, 0.09131070226430893, 0.02986101433634758, 0.7623743414878845, 0.0027288456740046587
5427859, 16, 0.08957280218601227, 0.028874332085251808, 0.7643183469772339, 0.0021205114112817186
5427859, 17, 0.08697044849395752, 0.02733542211353779, 0.7668140530586243, 0.0017238757664463724
5427859, 18, 0.08514156937599182, 0.026657233014702797, 0.7664678692817688, 0.002399904099786119
5427859, 19, 0.0831136703491211, 0.02606106363236904, 0.7658678293228149, 0.0026342818995605454
5427859, 20, 0.08284212648868561, 0.026156507432460785, 0.7657222151756287, 0.0045994852583778785
5427859, 21, 0.07971695065498352, 0.024828003719449043, 0.7710121870040894, 0.00417854539812671
5427859, 22, 0.07687980681657791, 0.023978406563401222, 0.7765783667564392, 0.006509752864630826
5427859, 23, 0.07388723641633987, 0.022634463384747505, 0.7823715806007385, 0.0065024965336551175
5427859, 24, 0.0720420852303505, 0.021471399813890457, 0.7885416150093079, 0.002345735045809508
5427859, 25, 0.06949735432863235, 0.020294958725571632, 0.7894250750541687, 0.002529859775928594
5427859, 26, 0.06530588865280151, 0.01876135915517807, 0.7893664240837097, 0.003072706998349665
5427859, 27, 0.0611574724316597, 0.018363026902079582, 0.7881525754928589, 0.0055638083591124
5427859, 28, 0.055568162351846695, 0.01691538281738758, 0.7953786849975586, 0.005053028564709947
5427859, 29, 0.052994247525930405, 0.01563436910510063, 0.8039251565933228, 0.0050119118661193715
5427859, 30, 0.049157582223415375, 0.014431237243115902, 0.8021196126937866, 0.00498373977860101
FCB072, 1, 0.11425323784351349, 0.04569241777062416, 0.6756616830825806, 0.007001533082847174
FCB072, 2, 0.11429325491189957, 0.045013412833213806, 0.6798855066299438, 0.007729754582345615
FCB072, 3, 0.11581122130155563, 0.04560668393969536, 0.6778426766395569, 0.009364605448183657
FCB072, 4, 0.11828073114156723, 0.04701188951730728, 0.677446722984314, 0.0147165558260938
FCB072, 5, 0.12050818651914597, 0.04792570695281029, 0.6776875257492065, 0.014479838781612932
FCB072, 6, 0.11821585148572922, 0.0457882285118103, 0.6799719929695129, 0.010641017326423509
FCB072, 7, 0.11730998754501343, 0.04511445760726929, 0.6755508780479431, 0.013593534540106925
FCB072, 8, 0.12198356539011002, 0.04779314622282982, 0.6669324040412903, 0.010007938956922263
FCB072, 9, 0.1261797398328781, 0.05046747624874115, 0.6632972359657288, 0.009481639547208634
FCB072, 10, 0.12796440720558167, 0.05190292373299599, 0.6599498391151428, 0.011994271283307219
FCB072, 11, 0.12866747379302979, 0.052317921072244644, 0.6600049734115601, 0.011989745689712391
FCB072, 12, 0.126175656914711, 0.05057699605822563, 0.6694161891937256, 0.00915572100789743
FCB072, 13, 0.1262696236371994, 0.050674740225076675, 0.6730206608772278, 0.009192158406694123
FCB072, 14, 0.12558211386203766, 0.05011172592639923, 0.672691285610199, 0.011304006424498395
FCB072, 15, 0.12309344857931137, 0.04821675643324852, 0.6794614195823669, 0.007369071347276196
FCB072, 16, 0.1204884797334671, 0.04649428650736809, 0.6828905940055847, 0.005954010630623016
FCB072, 17, 0.12063353508710861, 0.04686791077256203, 0.6878288984298706, 0.00717149180406484
FCB072, 18, 0.12309148907661438, 0.04933751001954079, 0.6914966106414795, 0.009380644841671004
FCB072, 19, 0.12486260384321213, 0.05097052454948425, 0.6923467516899109, 0.006731361838081557
FCB072, 20, 0.1234152689576149, 0.05016758292913437, 0.6963813900947571, 0.0045689814326832345
FCB072, 21, 0.1234736442565918, 0.050698649138212204, 0.6915690898895264, 0.005006343179246078
FCB072, 22, 0.1266651749610901, 0.05394546315073967, 0.688548743724823, 0.008018406237546613
FCB072, 23, 0.1240980327129364, 0.05270148441195488, 0.6921427845954895, 0.010629147106103987
FCB072, 24, 0.12153695523738861, 0.05185464024543762, 0.7004413604736328, 0.01195635064556299
FCB072, 25, 0.12177549302577972, 0.05293669179081917, 0.7003888487815857, 0.010665630063134538
FCB072, 26, 0.12040378898382187, 0.052830666303634644, 0.6995174884796143, 0.00835621488513821
FCB072, 27, 0.11658772826194763, 0.05086956173181534, 0.6995143890380859, 0.007053130701730323
FCB072, 28, 0.10873980820178986, 0.045729149132966995, 0.7094314694404602, 0.00879829471930562
FCB072, 29, 0.10149789601564407, 0.04192337766289711, 0.7210732698440552, 0.011710806296922071
FCB072, 30, 0.09565135091543198, 0.04032145068049431, 0.7217943072319031, 0.014398605281683184
FCB018, 1, 0.09111065417528152, 0.033371783792972565, 0.7150525450706482, 0.0003673429131603814
FCB018, 2, 0.09475702792406082, 0.034908611327409744, 0.7136242389678955, 4.900704115847904e-05
FCB018, 3, 0.09753652662038803, 0.03573814406991005, 0.7083840370178223, 6.118345168778998e-06
FCB018, 4, 0.09400784969329834, 0.033044733107089996, 0.717959463596344, 1.158715668213065e-06
FCB018, 5, 0.09197551012039185, 0.03185809776186943, 0.7266291379928589, 0.0
FCB018, 6, 0.08489932119846344, 0.02764301374554634, 0.7278776168823242, 0.0
FCB018, 7, 0.08528491854667664, 0.028033824637532234, 0.7202439308166504, 0.00024970033417683063
FCB018, 8, 0.08761725574731827, 0.0297131035476923, 0.7147010564804077, 0.0007905003460547929
FCB018, 9, 0.08236535638570786, 0.026773661375045776, 0.7210989594459534, 0.00020929297686503946
FCB018, 10, 0.08081711083650589, 0.026079103350639343, 0.7218723893165588, 5.253234735520492e-05
FCB018, 11, 0.07862059026956558, 0.02501957304775715, 0.7278019785881042, 0.0001690402610374366
FCB018, 12, 0.08304115384817123, 0.027603620663285255, 0.7272025346755981, 0.002138348975491576
FCB018, 13, 0.08574344962835312, 0.028722219169139862, 0.7308384776115417, 0.000746459531835559
FCB018, 14, 0.09060625731945038, 0.03123551607131958, 0.7288289070129395, 0.0002172395447697462
FCB018, 15, 0.09927398711442947, 0.036992672830820084, 0.7125501036643982, 0.001554920984921904
FCB018, 16, 0.10640624165534973, 0.0423617921769619, 0.7093402147293091, 0.003612741679589592
FCB018, 17, 0.10636559128761292, 0.04219888150691986, 0.7179458141326904, 0.00028370530500768034
FCB018, 18, 0.1025240421295166, 0.03960520401597023, 0.7089566588401794, 7.973160067348507e-05
FCB018, 19, 0.1028023511171341, 0.040123406797647476, 0.7069554924964905, 6.7552035316691166e-06
FCB018, 20, 0.09619085490703583, 0.035930849611759186, 0.7195597887039185, 0.0005680626805480795
FCB018, 21, 0.09670181572437286, 0.03694727644324303, 0.7223638296127319, 0.0017318718520937238
FCB018, 22, 0.09409516304731369, 0.036102477461099625, 0.7286545634269714, 0.0016731592880659698
FCB018, 23, 0.09005594998598099, 0.03420525789260864, 0.7344071865081787, 0.001306379764840669
FCB018, 24, 0.085030198097229, 0.03138499706983566, 0.7359414100646973, 0.003495204368211798
FCB018, 25, 0.07799533754587173, 0.026930324733257294, 0.7433880567550659, 0.0014516149669735552
FCB018, 26, 0.07607987523078918, 0.026634640991687775, 0.7539098262786865, 0.001972344870895591
FCB018, 27, 0.08046931028366089, 0.030000561848282814, 0.7492741346359253, 0.002026198616683266
FCB018, 28, 0.07636073231697083, 0.027626346796751022, 0.7511638402938843, 0.0033570437677098
FCB018, 29, 0.07065358012914658, 0.024444030597805977, 0.767096221446991, 0.0018913448365731032
FCB018, 30, 0.06397273391485214, 0.020879579707980156, 0.7816783785820007, 0.0011865584789735937
FCB144, 1, 0.10996563732624054, 0.04272687807679176, 0.7375820875167847, 0.0035444783627634493
FCB144, 2, 0.11306624114513397, 0.04424913227558136, 0.7299602031707764, 0.0037626081805767733
FCB144, 3, 0.11702501773834229, 0.046744778752326965, 0.7270572781562805, 0.00524467984857349
FCB144, 4, 0.11806513369083405, 0.04730919748544693, 0.7235829830169678, 0.006849439302157409
FCB144, 5, 0.11922494322061539, 0.0474730059504509, 0.7256274819374084, 0.005234914607160938
FCB144, 6, 0.12167607247829437, 0.04864078015089035, 0.7180342078208923, 0.003350007480994061
FCB144, 7, 0.12285509705543518, 0.04952367767691612, 0.715299665927887, 0.004182347780109839
FCB144, 8, 0.12407329678535461, 0.05032755807042122, 0.7125861644744873, 0.0023005484225388536
FCB144, 9, 0.12326934188604355, 0.049373459070920944, 0.7173919677734375, 0.003290923830219979
FCB144, 10, 0.12299641221761703, 0.04904351383447647, 0.7184064388275146, 0.002620318791032716
FCB144, 11, 0.12355177104473114, 0.04946737363934517, 0.7178300619125366, 0.0028996403334316215
FCB144, 12, 0.12224722653627396, 0.04876768961548805, 0.7174158096313477, 0.00283821612193689
FCB144, 13, 0.12158160656690598, 0.04863254353404045, 0.7129815220832825, 0.0024464967968896227
FCB144, 14, 0.12209580093622208, 0.048937369138002396, 0.7145289182662964, 0.001220416924181093
FCB144, 15, 0.1228092685341835, 0.049685247242450714, 0.7159683704376221, 0.002810707700638421
FCB144, 16, 0.12182548642158508, 0.049480028450489044, 0.7150906324386597, 0.003117233244112466
FCB144, 17, 0.12230551242828369, 0.0501432865858078, 0.711147665977478, 0.0049588949688851745
FCB144, 18, 0.12289813160896301, 0.0510043166577816, 0.7097935080528259, 0.005742729964475499
FCB144, 19, 0.12197846174240112, 0.050776682794094086, 0.708762526512146, 0.005045808398723676
FCB144, 20, 0.12114515155553818, 0.05038775876164436, 0.7106117010116577, 0.006095353645746746
FCB144, 21, 0.11863886564970016, 0.048627689480781555, 0.7142634987831116, 0.005621344229496099
FCB144, 22, 0.11408422887325287, 0.04561794176697731, 0.7211151123046875, 0.007983173708789867
FCB144, 23, 0.1124100461602211, 0.04468341916799545, 0.7258430123329163, 0.006881137123291277
FCB144, 24, 0.11182503402233124, 0.044130463153123856, 0.7284141778945923, 0.005282066338296384
FCB144, 25, 0.107328400015831, 0.04113654047250748, 0.7390264868736267, 0.005466706526848642
FCB144, 26, 0.10467240959405899, 0.03981180489063263, 0.7445898056030273, 0.0037877437785892405
FCB144, 27, 0.10118574649095535, 0.03823094442486763, 0.7481256127357483, 0.004256112244297821
FCB144, 28, 0.09614675492048264, 0.03602150082588196, 0.7573750615119934, 0.005674902043018531
FCB144, 29, 0.08961371332406998, 0.03299686312675476, 0.7658613324165344, 0.003325828159096775
FCB144, 30, 0.08170508593320847, 0.029298221692442894, 0.7791297435760498, 0.0031568830874953826
FCB070, 1, 0.08595903217792511, 0.028218671679496765, 0.7590113878250122, 0.0008451149579992072
FCB070, 2, 0.08850648254156113, 0.02930215559899807, 0.7522876858711243, 0.0005098988325490597
FCB070, 3, 0.08614043146371841, 0.027765821665525436, 0.7540455460548401, 0.0002234410810805662
FCB070, 4, 0.08880118280649185, 0.02899138070642948, 0.7499641180038452, 0.0002109209044552761
FCB070, 5, 0.08724091947078705, 0.028241174295544624, 0.7499775886535645, 0.0004592345422733693
FCB070, 6, 0.08759830892086029, 0.028328776359558105, 0.7510363459587097, 0.0012434354061966898
FCB070, 7, 0.0909033715724945, 0.02994120866060257, 0.7541864514350891, 0.00030022380527130213
FCB070, 8, 0.08838021755218506, 0.02852058596909046, 0.7558762431144714, 0.0002100425916481647
FCB070, 9, 0.08631722629070282, 0.027947530150413513, 0.7549160122871399, 9.671815171853993e-05
FCB070, 10, 0.08312829583883286, 0.026194389909505844, 0.7619461417198181, 0.0005291684163748232
FCB070, 11, 0.08209910988807678, 0.025446726009249687, 0.7614486217498779, 0.0011262606892080765
FCB070, 12, 0.08462512493133545, 0.02665567956864834, 0.7612949013710022, 0.001032835269001872
FCB070, 13, 0.08609899878501892, 0.02733929082751274, 0.7596738338470459, 0.0013691514798502404
FCB070, 14, 0.08543545007705688, 0.02701086364686489, 0.7624980807304382, 0.0017186855433474813
FCB070, 15, 0.08344587683677673, 0.02618657983839512, 0.7684552073478699, 0.0010106601854042172
FCB070, 16, 0.08168940991163254, 0.025575896725058556, 0.7685453295707703, 0.001343396750431674
FCB070, 17, 0.07920712977647781, 0.024452712386846542, 0.7660737037658691, 0.0015049998315948838
FCB070, 18, 0.07805837690830231, 0.023988552391529083, 0.767582356929779, 0.0027426633777907425
FCB070, 19, 0.07426854968070984, 0.02243574522435665, 0.768526554107666, 0.003135354778541721
FCB070, 20, 0.07278468459844589, 0.022094858810305595, 0.7742068767547607, 0.003315987217826895
FCB070, 21, 0.07043851166963577, 0.021150121465325356, 0.7746058106422424, 0.0038728558856685135
FCB070, 22, 0.07049326598644257, 0.02157815545797348, 0.7704837918281555, 0.003571222964238108
FCB070, 23, 0.07058343291282654, 0.021808993071317673, 0.7737002968788147, 0.0025225877010429296
FCB070, 24, 0.07554180920124054, 0.02448449097573757, 0.7722432017326355, 0.007562644658598357
FCB070, 25, 0.08155100047588348, 0.028340106830000877, 0.770064651966095, 0.006461521051380157
FCB070, 26, 0.08345086872577667, 0.029884131625294685, 0.7693513631820679, 0.003877156947338905
FCB070, 27, 0.082190603017807, 0.030102910473942757, 0.7708471417427063, 0.0036924412326497435
FCB070, 28, 0.07344191521406174, 0.025822846218943596, 0.7778908014297485, 0.0034502635983723606
FCB070, 29, 0.06464382261037827, 0.021209554746747017, 0.7876889705657959, 0.0029656461825362385
FCB070, 30, 0.05872591212391853, 0.019692283123731613, 0.7952946424484253, 0.0025924249465333693
FCB184, 1, 0.09568613022565842, 0.03414241969585419, 0.7555240392684937, 0.0016012208577470674
FCB184, 2, 0.10102223604917526, 0.03678631782531738, 0.7500465512275696, 0.0009807832851154161
FCB184, 3, 0.1069897711277008, 0.04030638933181763, 0.7392693161964417, 0.0009001137535293982
FCB184, 4, 0.10950306802988052, 0.04166272655129433, 0.7372461557388306, 0.0020286228575734466
FCB184, 5, 0.110207699239254, 0.04180808365345001, 0.734558641910553, 0.002018581665110916
FCB184, 6, 0.10934519022703171, 0.04082963243126869, 0.7425526976585388, 0.0011533917074982635
FCB184, 7, 0.10945239663124084, 0.040603794157505035, 0.7436754703521729, 0.001775626257761937
FCB184, 8, 0.11100727319717407, 0.04139408841729164, 0.7425363659858704, 0.003811647379959383
FCB184, 9, 0.10962209105491638, 0.04055985063314438, 0.7406142354011536, 0.004287266081054625
FCB184, 10, 0.11057712137699127, 0.04138767719268799, 0.7383792996406555, 0.0020170431304765385
FCB184, 11, 0.10969134420156479, 0.04075014963746071, 0.7385022640228271, 0.0016284337487829838
FCB184, 12, 0.10809735953807831, 0.03981391713023186, 0.741560697555542, 0.0017156675866479422
FCB184, 13, 0.10691575706005096, 0.03948599100112915, 0.7388924360275269, 0.0025127273078273597
FCB184, 14, 0.1071455255150795, 0.040137019008398056, 0.7386918067932129, 0.0014344772196798754
FCB184, 15, 0.10578989237546921, 0.03915061801671982, 0.7427523732185364, 0.001581306834400257
FCB184, 16, 0.10248429328203201, 0.03718838840723038, 0.7482115030288696, 0.0018175872816320146
FCB184, 17, 0.0985179916024208, 0.03510090708732605, 0.7562152743339539, 0.00131766565087606
FCB184, 18, 0.09429960697889328, 0.032368119806051254, 0.7663203477859497, 0.001559084119960433
FCB184, 19, 0.08955375850200653, 0.029324332252144814, 0.7735559344291687, 0.0013011566551068342
FCB184, 20, 0.08559729903936386, 0.02766546793282032, 0.7752665281295776, 0.00027107022989003305
FCB184, 21, 0.08292117714881897, 0.026715420186519623, 0.7747719883918762, 0.0016662803497288377
FCB184, 22, 0.07945447415113449, 0.025410396978259087, 0.7670538425445557, 0.004120911876511765
FCB184, 23, 0.07615271210670471, 0.023413093760609627, 0.7735379934310913, 0.0018654560916403992
FCB184, 24, 0.07301854342222214, 0.022245241329073906, 0.7723959684371948, 0.0011578952166936348
FCB184, 25, 0.0727776512503624, 0.02207617461681366, 0.7785025835037231, 0.0031345595396109244
FCB184, 26, 0.0729246512055397, 0.021855656057596207, 0.7822155356407166, 0.001562604814572343
FCB184, 27, 0.07120230793952942, 0.021322332322597504, 0.7772268056869507, 0.0014864666107669397
FCB184, 28, 0.06482770293951035, 0.018613167107105255, 0.7930825352668762, 0.001092519476632882
FCB184, 29, 0.06140676513314247, 0.017136119306087494, 0.8092619776725769, 0.0012375570271710638
FCB184, 30, 0.05743821710348129, 0.01585950329899788, 0.8150947093963623, 0.0009301877089042834
FCB114, 1, 0.08858083933591843, 0.03029373474419117, 0.7131062746047974, 0.0013631759868558046
FCB114, 2, 0.09140918403863907, 0.030816171318292618, 0.7201414108276367, 0.0012651663348082884
FCB114, 3, 0.09052437543869019, 0.029583338648080826, 0.7284314632415771, 0.001788795623174581
FCB114, 4, 0.08774327486753464, 0.027841340750455856, 0.7308457493782043, 0.0005178051856560083
FCB114, 5, 0.0859244242310524, 0.02694796957075596, 0.7307111620903015, 0.0011102485631261417
FCB114, 6, 0.08607646822929382, 0.027029557153582573, 0.7269847393035889, 0.0019032071152635835
FCB114, 7, 0.08829410374164581, 0.028520867228507996, 0.7217605710029602, 0.001753809839775232
FCB114, 8, 0.08969955891370773, 0.028960634022951126, 0.7226859331130981, 0.0019020759076084487
FCB114, 9, 0.08720806241035461, 0.02751612849533558, 0.7181083559989929, 0.0020867700551459208
FCB114, 10, 0.08518743515014648, 0.026383422315120697, 0.7218608260154724, 0.0030944638412733964
FCB114, 11, 0.09035239368677139, 0.029663918539881706, 0.7186472415924072, 0.004254705248077394
FCB114, 12, 0.09233182668685913, 0.030496928840875626, 0.7260854840278625, 0.0020887064592585505
FCB114, 13, 0.09043288230895996, 0.02959679439663887, 0.7240856289863586, 0.003290297702248275
FCB114, 14, 0.08801519870758057, 0.02854909934103489, 0.7188989520072937, 0.0034482171819334964
FCB114, 15, 0.08540679514408112, 0.02672918513417244, 0.7351921796798706, 0.0025483143845469575
FCB114, 16, 0.08632085472345352, 0.02743597701191902, 0.7319856286048889, 0.005001094766545497
FCB114, 17, 0.09015560150146484, 0.030536971986293793, 0.7192200422286987, 0.009386960294936846
FCB114, 18, 0.08989693224430084, 0.03075336664915085, 0.7173470854759216, 0.011095948006777313
FCB114, 19, 0.09475649893283844, 0.03360147029161453, 0.7251251339912415, 0.008488335003132565
FCB114, 20, 0.0972193107008934, 0.035286519676446915, 0.7206424474716187, 0.006879254608507397
FCB114, 21, 0.09547390788793564, 0.03408648073673248, 0.7203403115272522, 0.002546222777302206
FCB114, 22, 0.09610366076231003, 0.03552103787660599, 0.713101327419281, 0.005093771606201472
FCB114, 23, 0.09855500608682632, 0.038208670914173126, 0.7148983478546143, 0.007511006662727953
FCB114, 24, 0.09503193944692612, 0.03664370998740196, 0.7236148715019226, 0.006504194315026776
FCB114, 25, 0.0991511195898056, 0.04013942554593086, 0.7256516218185425, 0.009784493197554521
FCB114, 26, 0.09946037083864212, 0.0408005528151989, 0.7231420278549194, 0.007563585714013551
FCB114, 27, 0.099032461643219, 0.04099384695291519, 0.7198740839958191, 0.0058209123954732645
FCB114, 28, 0.0939096137881279, 0.03813079744577408, 0.7214194536209106, 0.0053610337543784125
FCB114, 29, 0.08801824599504471, 0.0351005494594574, 0.7395027875900269, 0.00568978677569474
FCB114, 30, 0.0847308337688446, 0.03472910448908806, 0.7452642917633057, 0.004932661489357861
5399671, 1, 0.10543908923864365, 0.03925560414791107, 0.7362964749336243, 0.011518615001866251
5399671, 2, 0.10856170207262039, 0.04051493853330612, 0.7313080430030823, 0.010913255072697792
5399671, 3, 0.11070333421230316, 0.04137290269136429, 0.7259781360626221, 0.011117417170810816
5399671, 4, 0.11266657710075378, 0.042343925684690475, 0.7258058786392212, 0.013846947815914718
5399671, 5, 0.11474449932575226, 0.04356546700000763, 0.7295235395431519, 0.013947544518401672
5399671, 6, 0.11433921009302139, 0.04328497499227524, 0.7340811491012573, 0.012989250044391486
5399671, 7, 0.11377421766519547, 0.04277781397104263, 0.7376009225845337, 0.015630834422724917
5399671, 8, 0.11352375894784927, 0.04254234582185745, 0.7364779710769653, 0.017026897341602374
5399671, 9, 0.11003931611776352, 0.04009367153048515, 0.7402333617210388, 0.014718543687507918
5399671, 10, 0.10889904946088791, 0.039141181856393814, 0.7411069869995117, 0.012802560886775925
5399671, 11, 0.10943417996168137, 0.039551060646772385, 0.7408507466316223, 0.011631828280109469
5399671, 12, 0.11211676150560379, 0.041344236582517624, 0.736484706401825, 0.010358065115951661
5399671, 13, 0.1140853762626648, 0.04285309836268425, 0.730762779712677, 0.010767073419121398
5399671, 14, 0.11543500423431396, 0.044051364064216614, 0.7256431579589844, 0.010177651870513494
5399671, 15, 0.11503873020410538, 0.04402315989136696, 0.7236860990524292, 0.010428749165096295
5399671, 16, 0.11381584405899048, 0.04327813535928726, 0.7259626388549805, 0.01331957250817115
5399671, 17, 0.11064798384904861, 0.04122280329465866, 0.7338537573814392, 0.01283293744906063
5399671, 18, 0.10824465751647949, 0.03981723263859749, 0.7386540174484253, 0.009601007582531402
5399671, 19, 0.10743288695812225, 0.03968684747815132, 0.7389016151428223, 0.007974909328658082
5399671, 20, 0.1049075499176979, 0.03850195184350014, 0.7383963465690613, 0.008211569949365786
5399671, 21, 0.10223333537578583, 0.03722414746880531, 0.7383604049682617, 0.009646344450895966
5399671, 22, 0.09926449507474899, 0.036048226058483124, 0.737012505531311, 0.014807060030330454
5399671, 23, 0.09785602986812592, 0.03574617579579353, 0.738159716129303, 0.015738557644620375
5399671, 24, 0.09654969722032547, 0.0355401374399662, 0.7404056787490845, 0.017770656523806192
5399671, 25, 0.0943562462925911, 0.0341762974858284, 0.7458760142326355, 0.015613965158618806
5399671, 26, 0.08999788761138916, 0.031777866184711456, 0.749076783657074, 0.013819072820617912
5399671, 27, 0.08713453263044357, 0.030079476535320282, 0.7495297789573669, 0.01325511472031193
5399671, 28, 0.0840858519077301, 0.028385253623127937, 0.7510786652565002, 0.01281282826743414
5399671, 29, 0.0809500440955162, 0.026963192969560623, 0.753346860408783, 0.013300560920368727
5399671, 30, 0.07678752392530441, 0.025191258639097214, 0.7631680369377136, 0.015180641428849204
FCB187, 1, 0.06625942885875702, 0.021736275404691696, 0.7617396712303162, 0.00040743243368165786
FCB187, 2, 0.0677107572555542, 0.02118820697069168, 0.7698103785514832, 1.0616282661173826e-06
FCB187, 3, 0.07064823061227798, 0.021823447197675705, 0.7705771327018738, 0.0
FCB187, 4, 0.07129767537117004, 0.021570632234215736, 0.7668370008468628, 4.81977217647027e-06
FCB187, 5, 0.07365899533033371, 0.022837219759821892, 0.7577763199806213, 9.232140075663122e-06
FCB187, 6, 0.07379867881536484, 0.022718336433172226, 0.7531995177268982, 3.4233828654547234e-06
FCB187, 7, 0.07599157840013504, 0.02354711852967739, 0.7542647123336792, 2.592696993096082e-05
FCB187, 8, 0.0759475976228714, 0.023555759340524673, 0.75583815574646, 2.3727822275123413e-05
FCB187, 9, 0.07581853121519089, 0.023326396942138672, 0.7581740021705627, 4.3166413152638645e-07
FCB187, 10, 0.07487396150827408, 0.02331778220832348, 0.7593371868133545, 0.0
FCB187, 11, 0.07328752428293228, 0.02288365364074707, 0.7584718465805054, 3.0208313967474493e-06
FCB187, 12, 0.07267112284898758, 0.022873105481266975, 0.7594341039657593, 0.0010724005197881262
FCB187, 13, 0.07311470061540604, 0.023439161479473114, 0.7607138752937317, 0.001224919996763522
FCB187, 14, 0.07348854839801788, 0.02379295788705349, 0.7566626071929932, 0.0031085547023530845
FCB187, 15, 0.07217559963464737, 0.02402256429195404, 0.7493419647216797, 0.0018825161237517084
FCB187, 16, 0.07062245905399323, 0.023521820083260536, 0.7518678307533264, 0.0027908389465022003
FCB187, 17, 0.06846465915441513, 0.02232619747519493, 0.7560360431671143, 0.0006075227846134426
FCB187, 18, 0.0670492947101593, 0.022700300440192223, 0.7505574822425842, 0.0006308330294034094
FCB187, 19, 0.06332187354564667, 0.021395046263933182, 0.7563813924789429, 0.003759447836811658
FCB187, 20, 0.059343501925468445, 0.0177388247102499, 0.7715705633163452, 0.0004020052849086498
FCB187, 21, 0.06004234030842781, 0.017542975023388863, 0.7811611294746399, 0.00017978441021273018
FCB187, 22, 0.05913561210036278, 0.01770487241446972, 0.7796552777290344, 0.0015557797995929736
FCB187, 23, 0.05649697035551071, 0.016627022996544838, 0.7834574580192566, 0.0005004125821222846
FCB187, 24, 0.056126173585653305, 0.017130324617028236, 0.7852249145507812, 0.002344966495594249
FCB187, 25, 0.05531051754951477, 0.01647760346531868, 0.7923657298088074, 0.0024720219198747094
FCB187, 26, 0.05384019389748573, 0.01600039191544056, 0.7913352251052856, 0.0031793925306924558
FCB187, 27, 0.05079897120594978, 0.015179636888206005, 0.7939141392707825, 0.0027748540129573633
FCB187, 28, 0.049153123050928116, 0.014599326066672802, 0.788375735282898, 0.002986103623465777
FCB187, 29, 0.05001683905720711, 0.015717584639787674, 0.7856143116950989, 0.005097908236730311
FCB187, 30, 0.048445925116539, 0.015785470604896545, 0.7896717190742493, 0.005524524389235972
1034065, 1, 0.08448999375104904, 0.026963798329234123, 0.7246893048286438, 0.0028461912076105395
1034065, 2, 0.08603031188249588, 0.027298230677843094, 0.7195506691932678, 0.004602671005918028
1034065, 3, 0.08638175576925278, 0.02732103317975998, 0.7161745429039001, 0.002963490057897234
1034065, 4, 0.08018958568572998, 0.023983405902981758, 0.7206548452377319, 0.005230488851828223
1034065, 5, 0.07689374685287476, 0.022255972027778625, 0.7215881943702698, 0.002741261666837047
1034065, 6, 0.07862428575754166, 0.02322707138955593, 0.7150255441665649, 0.0025487440855595056
1034065, 7, 0.08479755371809006, 0.02636987343430519, 0.7127649188041687, 0.0063122610994982165
1034065, 8, 0.08544033765792847, 0.026458092033863068, 0.7164807915687561, 0.004357937320057058
1034065, 9, 0.08301205933094025, 0.025068769231438637, 0.7162144780158997, 0.0021895752535987557
1034065, 10, 0.0862182229757309, 0.027086876332759857, 0.7111801505088806, 0.00436947411309643
1034065, 11, 0.0875878632068634, 0.028315430507063866, 0.7045469880104065, 0.0068525524453418914
1034065, 12, 0.09010983258485794, 0.029630104079842567, 0.7013604044914246, 0.008817554933640299
1034065, 13, 0.09008964896202087, 0.029260460287332535, 0.7030852437019348, 0.011542136619264941
1034065, 14, 0.0911407470703125, 0.03013693168759346, 0.7055220007896423, 0.008491146796672221
1034065, 15, 0.08974511921405792, 0.029371092095971107, 0.7033606171607971, 0.00673670924559627
1034065, 16, 0.08948172628879547, 0.02948293462395668, 0.6999815106391907, 0.007332070679559238
1034065, 17, 0.08812408894300461, 0.028621289879083633, 0.7107348442077637, 0.010815627360559858
1034065, 18, 0.08800633996725082, 0.029045505449175835, 0.7140191793441772, 0.01244757354776146
1034065, 19, 0.09235022962093353, 0.032113250344991684, 0.7102134227752686, 0.00765585770669723
1034065, 20, 0.0973299890756607, 0.034752823412418365, 0.6975800395011902, 0.008308595572061019
1034065, 21, 0.09477183222770691, 0.03288314864039421, 0.7009792923927307, 0.007752454518089467
1034065, 22, 0.09242109209299088, 0.03193996846675873, 0.7019497752189636, 0.007893127539980208
1034065, 23, 0.09813166409730911, 0.03511428087949753, 0.70231032371521, 0.006713030479414784
1034065, 24, 0.10378126055002213, 0.03932911530137062, 0.6984824538230896, 0.007798434693256537
1034065, 25, 0.11353214085102081, 0.04676920920610428, 0.6922410130500793, 0.005263278710053927
1034065, 26, 0.11440359801054001, 0.048495180904865265, 0.699090301990509, 0.004773672992762435
1034065, 27, 0.09654445946216583, 0.036921821534633636, 0.719892680644989, 0.006844628029481816
1034065, 28, 0.08853814005851746, 0.0327761173248291, 0.7313829064369202, 0.006240097769089537
1034065, 29, 0.0790853276848793, 0.02804543823003769, 0.7417491674423218, 0.007270007506162637
1034065, 30, 0.06667841970920563, 0.021483248099684715, 0.7572418451309204, 0.005399609984572658
5285133, 1, 0.11264267563819885, 0.04284617677330971, 0.6949935555458069, 0.0005136780220801789
5285133, 2, 0.1153290793299675, 0.04441008344292641, 0.6886798739433289, 0.0026603484394573545
5285133, 3, 0.11262663453817368, 0.042133674025535583, 0.6907240152359009, 0.0060172683781291965
5285133, 4, 0.10773768275976181, 0.038562335073947906, 0.6995554566383362, 0.004749826725330581
5285133, 5, 0.10471223294734955, 0.03680156171321869, 0.7049708962440491, 0.004037125520472474
5285133, 6, 0.10427770018577576, 0.03699171170592308, 0.7027193307876587, 0.0032232407994828905
5285133, 7, 0.10945243388414383, 0.040332552045583725, 0.6908591389656067, 0.003249866985526413
5285133, 8, 0.10967182368040085, 0.040460821241140366, 0.6854881644248962, 0.0031040648124204145
5285133, 9, 0.10788916796445847, 0.03895535692572594, 0.6849918365478516, 0.0035979744291458607
5285133, 10, 0.1075596734881401, 0.03891880810260773, 0.6873353123664856, 0.004089882048477779
5285133, 11, 0.11018248647451401, 0.04102317616343498, 0.6822785139083862, 0.005433919399285074
5285133, 12, 0.10706407576799393, 0.03854506090283394, 0.6827764511108398, 0.00588625627621684
5285133, 13, 0.10467129945755005, 0.03681762516498566, 0.6871078014373779, 0.0033183642379044356
5285133, 14, 0.1033584475517273, 0.035864222794771194, 0.6954360008239746, 0.0027373344315416723
5285133, 15, 0.10404781997203827, 0.0362032987177372, 0.6991193294525146, 0.004068607763262117
5285133, 16, 0.10327126830816269, 0.03592156618833542, 0.704235851764679, 0.0032215370903655905
5285133, 17, 0.10254160314798355, 0.0355108268558979, 0.7065950036048889, 0.004083371132548269
5285133, 18, 0.0993269756436348, 0.03377096354961395, 0.7071417570114136, 0.0032575388914896646
5285133, 19, 0.09838519990444183, 0.03341296687722206, 0.7162536978721619, 0.003571986215564761
5285133, 20, 0.09683788567781448, 0.03261081501841545, 0.7197336554527283, 0.0069375593230862785
5285133, 21, 0.0930313691496849, 0.03072444535791874, 0.7192983031272888, 0.003842712101313241
5285133, 22, 0.09282195568084717, 0.030946241691708565, 0.7178646922111511, 0.003812247787402068
5285133, 23, 0.0888245552778244, 0.028910500928759575, 0.7226130962371826, 0.0032468866666842382
5285133, 24, 0.08415364474058151, 0.02679518610239029, 0.7338846325874329, 0.0014564695922731714
5285133, 25, 0.07968045026063919, 0.024877239018678665, 0.7418299913406372, 0.003185413753811994
5285133, 26, 0.07455004751682281, 0.022739935666322708, 0.7492693662643433, 0.002076349629184817
5285133, 27, 0.07203487306833267, 0.022021718323230743, 0.7518980503082275, 0.001340514455100836
5285133, 28, 0.06821954995393753, 0.020831506699323654, 0.7587823867797852, 0.0019074760117738856
5285133, 29, 0.05939984321594238, 0.01725143752992153, 0.7758660912513733, 0.00044090002013720536
5285133, 30, 0.054622482508420944, 0.016220083460211754, 0.7825567126274109, 0.0005687353850498305
