Case_ID, Slide_ID, mae, mse, ssim
image_99, 1, 0.07162544131278992, 0.021265052258968353, 0.9975727200508118
image_99, 2, 0.09699106216430664, 0.02385319396853447, 1.997412919998169
image_99, 3, 0.12131981551647186, 0.026246050372719765, 2.997283458709717
image_99, 4, 0.17278525233268738, 0.0366191528737545, 3.99617075920105
image_99, 5, 0.24293410778045654, 0.055622294545173645, 4.993943214416504
image_99, 6, 0.3131076693534851, 0.07432462275028229, 5.991745948791504
image_99, 7, 0.38641852140426636, 0.09479805082082748, 6.989312648773193
image_99, 8, 0.4612392783164978, 0.11678566783666611, 7.9867472648620605
image_99, 9, 0.530694305896759, 0.13597401976585388, 8.984543800354004
image_99, 10, 0.595552921295166, 0.15269054472446442, 9.982659339904785
image_99, 11, 0.6598872542381287, 0.16872422397136688, 10.980879783630371
image_99, 12, 0.7232120633125305, 0.18433986604213715, 11.979236602783203
image_99, 13, 0.7918033599853516, 0.2025287002325058, 12.977218627929688
image_99, 14, 0.858561098575592, 0.2201242595911026, 13.975333213806152
image_99, 15, 0.927680492401123, 0.2388831079006195, 14.973331451416016
image_99, 16, 1.0021604299545288, 0.260861337184906, 15.970967292785645
image_99, 17, 1.0762202739715576, 0.28237390518188477, 16.968801498413086
image_99, 18, 1.1501355171203613, 0.3037594258785248, 17.96670150756836
image_99, 19, 1.2186967134475708, 0.3222857713699341, 18.965036392211914
image_99, 20, 1.2482268810272217, 0.325447678565979, 19.964813232421875
image_99, 21, 1.2767488956451416, 0.3284302055835724, 20.9646053314209
image_99, 22, 1.3065268993377686, 0.3318130075931549, 21.964384078979492
image_99, 23, 1.369192123413086, 0.3465888798236847, 22.96283721923828
image_99, 24, 1.4325494766235352, 0.36155596375465393, 23.961210250854492
image_99, 25, 1.5158019065856934, 0.3880104422569275, 24.957910537719727
image_99, 26, 1.5860432386398315, 0.40694740414619446, 25.955799102783203
image_99, 27, 1.6573002338409424, 0.4264008700847626, 26.953575134277344
image_99, 28, 1.7257356643676758, 0.44439321756362915, 27.951549530029297
image_99, 29, 1.8012537956237793, 0.4656599760055542, 28.94904327392578
image_99, 30, 1.8721455335617065, 0.48473721742630005, 29.94692611694336
image_77, 1, 0.08617708086967468, 0.02849908545613289, 0.9964430332183838
image_77, 2, 0.1617119014263153, 0.05123952776193619, 1.9937793016433716
image_77, 3, 0.2383773922920227, 0.07474082708358765, 2.9910120964050293
image_77, 4, 0.33545705676078796, 0.109386146068573, 3.9864449501037598
image_77, 5, 0.42503437399864197, 0.13848580420017242, 4.982669353485107
image_77, 6, 0.5149848461151123, 0.1678112894296646, 5.9788312911987305
image_77, 7, 0.5862224102020264, 0.1884460598230362, 6.976424217224121
image_77, 8, 0.6597188711166382, 0.20971864461898804, 7.9739155769348145
image_77, 9, 0.7499449253082275, 0.2389211505651474, 8.970121383666992
image_77, 10, 0.8397922515869141, 0.26696696877479553, 9.966389656066895
image_77, 11, 0.905344545841217, 0.28428491950035095, 10.964332580566406
image_77, 12, 0.9652881622314453, 0.30008307099342346, 11.962532043457031
image_77, 13, 1.0076829195022583, 0.3104039430618286, 12.961268424987793
image_77, 14, 1.0425379276275635, 0.31793081760406494, 13.960404396057129
image_77, 15, 1.084384560585022, 0.32493042945861816, 14.959526062011719
image_77, 16, 1.1206138134002686, 0.3311067521572113, 15.958816528320312
image_77, 17, 1.2439968585968018, 0.3765493333339691, 16.951446533203125
image_77, 18, 1.4114989042282104, 0.47302722930908203, 17.936731338500977
image_77, 19, 1.5840197801589966, 0.5721731185913086, 18.921470642089844
image_77, 20, 1.7429145574569702, 0.6719123125076294, 19.90821647644043
image_77, 21, 1.8723827600479126, 0.7347894906997681, 20.898916244506836
image_77, 22, 2.018359661102295, 0.8226669430732727, 21.887569427490234
image_77, 23, 2.173470973968506, 0.9177619814872742, 22.87432861328125
image_77, 24, 2.3006844520568848, 0.9770212769508362, 23.865673065185547
image_77, 25, 2.429762601852417, 1.0258119106292725, 24.857677459716797
image_77, 26, 2.496938467025757, 1.042445182800293, 25.85565948486328
image_77, 27, 2.5636463165283203, 1.0588730573654175, 26.853666305541992
image_77, 28, 2.63260817527771, 1.076115369796753, 27.85152816772461
image_77, 29, 2.688127279281616, 1.0878292322158813, 28.850261688232422
image_77, 30, 2.7460052967071533, 1.1000213623046875, 29.848875045776367
image_150, 1, 0.0663347840309143, 0.018154744058847427, 0.9983797669410706
image_150, 2, 0.13232646882534027, 0.03596845269203186, 1.9968056678771973
image_150, 3, 0.19377821683883667, 0.05182313174009323, 2.9955692291259766
image_150, 4, 0.2621694505214691, 0.0709112137556076, 3.9937098026275635
image_150, 5, 0.32870322465896606, 0.08900522440671921, 4.991914749145508
image_150, 6, 0.3661923408508301, 0.0946723222732544, 5.991466522216797
image_150, 7, 0.40198713541030884, 0.09945889562368393, 6.991086959838867
image_150, 8, 0.4374987483024597, 0.10426732897758484, 7.9907307624816895
image_150, 9, 0.48387473821640015, 0.11305063962936401, 8.990097999572754
image_150, 10, 0.5380147099494934, 0.12491454929113388, 9.989202499389648
image_150, 11, 0.6046497225761414, 0.14267076551914215, 10.987685203552246
image_150, 12, 0.6733443737030029, 0.1616581380367279, 11.985814094543457
image_150, 13, 0.7400875091552734, 0.17971378564834595, 12.984066009521484
image_150, 14, 0.8031210899353027, 0.1958988755941391, 13.982494354248047
image_150, 15, 0.8630451560020447, 0.21043924987316132, 14.981100082397461
image_150, 16, 0.9257971048355103, 0.2261083573102951, 15.97955322265625
image_150, 17, 0.9882656931877136, 0.24180644750595093, 16.978046417236328
image_150, 18, 1.0489143133163452, 0.2568097710609436, 17.976579666137695
image_150, 19, 1.106606125831604, 0.2706194519996643, 18.975284576416016
image_150, 20, 1.1684823036193848, 0.286041796207428, 19.973758697509766
image_150, 21, 1.236802101135254, 0.30448833107948303, 20.971763610839844
image_150, 22, 1.2734391689300537, 0.30973130464553833, 21.9713191986084
image_150, 23, 1.3031433820724487, 0.313127726316452, 22.971113204956055
image_150, 24, 1.3345462083816528, 0.3169788420200348, 23.970870971679688
image_150, 25, 1.3980040550231934, 0.33328312635421753, 24.969148635864258
image_150, 26, 1.468666911125183, 0.3534861207008362, 25.966947555541992
image_150, 27, 1.5424944162368774, 0.3752782344818115, 26.96459197998047
image_150, 28, 1.6112096309661865, 0.39413565397262573, 27.962738037109375
image_150, 29, 1.674033284187317, 0.4102582335472107, 28.961252212524414
image_150, 30, 1.7400306463241577, 0.42794811725616455, 29.959484100341797
image_26, 1, 0.07267387211322784, 0.0195266455411911, 0.9978396892547607
image_26, 2, 0.13631334900856018, 0.03486032411456108, 1.9962923526763916
image_26, 3, 0.20315954089164734, 0.051232751458883286, 2.994554042816162
image_26, 4, 0.274214506149292, 0.06935562193393707, 3.992488384246826
image_26, 5, 0.3386645019054413, 0.08421913534402847, 4.99084997177124
image_26, 6, 0.39642560482025146, 0.09615742415189743, 5.989617347717285
image_26, 7, 0.45389077067375183, 0.10774282366037369, 6.988389015197754
image_26, 8, 0.5112214088439941, 0.11943990737199783, 7.98713493347168
image_26, 9, 0.5741016864776611, 0.13347677886486053, 8.985519409179688
image_26, 10, 0.6114266514778137, 0.13959550857543945, 9.98484992980957
image_26, 11, 0.6439468860626221, 0.14476080238819122, 10.984209060668945
image_26, 12, 0.6801148056983948, 0.15095429122447968, 11.983417510986328
image_26, 13, 0.7287517189979553, 0.1605057716369629, 12.98212718963623
image_26, 14, 0.7738178968429565, 0.16991685330867767, 13.980913162231445
image_26, 15, 0.819111704826355, 0.1796114146709442, 14.97978401184082
image_26, 16, 0.8544176816940308, 0.18574753403663635, 15.97901439666748
image_26, 17, 0.8937638401985168, 0.19249923527240753, 16.978151321411133
image_26, 18, 0.9303470849990845, 0.19846239686012268, 17.977415084838867
image_26, 19, 1.0020428895950317, 0.21646907925605774, 18.975337982177734
image_26, 20, 1.0373351573944092, 0.22285036742687225, 19.974517822265625
image_26, 21, 1.0804638862609863, 0.23196102678775787, 20.973318099975586
image_26, 22, 1.1369845867156982, 0.24544700980186462, 21.971485137939453
image_26, 23, 1.1958093643188477, 0.25943154096603394, 22.96953582763672
image_26, 24, 1.249976396560669, 0.2720344364643097, 23.967771530151367
image_26, 25, 1.3014265298843384, 0.28373149037361145, 24.96613883972168
image_26, 26, 1.3491617441177368, 0.2942798137664795, 25.964658737182617
image_26, 27, 1.3986573219299316, 0.3056716024875641, 26.963043212890625
image_26, 28, 1.4620383977890015, 0.32114651799201965, 27.961101531982422
image_26, 29, 1.5207765102386475, 0.3363901674747467, 28.95920753479004
image_26, 30, 1.5821877717971802, 0.3524627387523651, 29.95718765258789
image_51, 1, 0.06460306793451309, 0.01762058399617672, 0.9981803297996521
image_51, 2, 0.13263967633247375, 0.03696190565824509, 1.9960715770721436
image_51, 3, 0.20273402333259583, 0.057310353964567184, 2.993746042251587
image_51, 4, 0.26947978138923645, 0.07579552382230759, 3.991701126098633
image_51, 5, 0.33883318305015564, 0.09614166617393494, 4.989386558532715
image_51, 6, 0.4006304144859314, 0.11270297318696976, 5.987680912017822
image_51, 7, 0.46313419938087463, 0.1294456124305725, 6.985970973968506
image_51, 8, 0.5257151126861572, 0.1458909958600998, 7.984298229217529
image_51, 9, 0.590410590171814, 0.16311170160770416, 8.982595443725586
image_51, 10, 0.6519739627838135, 0.17872610688209534, 9.981130599975586
image_51, 11, 0.7173839807510376, 0.19619084894657135, 10.979301452636719
image_51, 12, 0.7809731960296631, 0.21295903623104095, 11.977474212646484
image_51, 13, 0.834318995475769, 0.22484079003334045, 12.976191520690918
image_51, 14, 0.8777225613594055, 0.23246712982654572, 13.975505828857422
image_51, 15, 0.9073889851570129, 0.2357480376958847, 14.975295066833496
image_51, 16, 0.943518340587616, 0.24079163372516632, 15.974916458129883
image_51, 17, 1.0101838111877441, 0.25886082649230957, 16.97287940979004
image_51, 18, 1.0862901210784912, 0.28169509768486023, 17.970186233520508
image_51, 19, 1.157136082649231, 0.30175453424453735, 18.967933654785156
image_51, 20, 1.1936514377593994, 0.30645135045051575, 19.967466354370117
image_51, 21, 1.2254993915557861, 0.3104477524757385, 20.967241287231445
image_51, 22, 1.2534716129302979, 0.3132658898830414, 21.967060089111328
image_51, 23, 1.3188759088516235, 0.33091840147972107, 22.965187072753906
image_51, 24, 1.3759804964065552, 0.34394317865371704, 23.964048385620117
image_51, 25, 1.43483567237854, 0.3580867648124695, 24.962757110595703
image_51, 26, 1.4975758790969849, 0.3741798400878906, 25.961097717285156
image_51, 27, 1.5640734434127808, 0.392006516456604, 26.959081649780273
image_51, 28, 1.6311273574829102, 0.4102857708930969, 27.95709228515625
image_51, 29, 1.7056763172149658, 0.4330681264400482, 28.95455551147461
image_51, 30, 1.772315502166748, 0.45142045617103577, 29.95274543762207
image_82, 1, 0.04815579578280449, 0.009642340242862701, 0.9991968274116516
image_82, 2, 0.09393559396266937, 0.018316414207220078, 1.998522400856018
image_82, 3, 0.13561753928661346, 0.02550877444446087, 2.9980101585388184
image_82, 4, 0.18251380324363708, 0.03423827141523361, 3.9972376823425293
image_82, 5, 0.2320248931646347, 0.043771617114543915, 4.996322154998779
image_82, 6, 0.26998305320739746, 0.049498166888952255, 5.9959635734558105
image_82, 7, 0.3097565770149231, 0.05572444945573807, 6.995506286621094
image_82, 8, 0.35031670331954956, 0.062112972140312195, 7.995028495788574
image_82, 9, 0.38003700971603394, 0.06503866612911224, 8.994736671447754
image_82, 10, 0.41753312945365906, 0.06957940757274628, 9.9942045211792
image_82, 11, 0.45144471526145935, 0.07328376173973083, 10.993799209594727
image_82, 12, 0.49420419335365295, 0.08011765033006668, 11.993303298950195
image_82, 13, 0.5360908508300781, 0.08673673868179321, 12.99288272857666
image_82, 14, 0.5667551159858704, 0.08996497839689255, 13.992596626281738
image_82, 15, 0.5969317555427551, 0.09301047027111053, 14.992319107055664
image_82, 16, 0.6319286227226257, 0.09715455025434494, 15.991901397705078
image_82, 17, 0.672575831413269, 0.10334591567516327, 16.99155044555664
image_82, 18, 0.717410147190094, 0.11125246435403824, 17.990982055664062
image_82, 19, 0.7665701508522034, 0.12059564143419266, 18.990190505981445
image_82, 20, 0.7998635768890381, 0.12470041215419769, 19.98991584777832
image_82, 21, 0.8345128893852234, 0.12895779311656952, 20.989517211914062
image_82, 22, 0.8669823408126831, 0.13249856233596802, 21.989151000976562
image_82, 23, 0.8914821743965149, 0.13454151153564453, 22.9890079498291
image_82, 24, 0.9454601407051086, 0.14525741338729858, 23.987821578979492
image_82, 25, 1.0008571147918701, 0.15667879581451416, 24.9865665435791
image_82, 26, 1.0497545003890991, 0.1657697707414627, 25.985733032226562
image_82, 27, 1.101235270500183, 0.17591340839862823, 26.984756469726562
image_82, 28, 1.151089072227478, 0.18523776531219482, 27.9838809967041
image_82, 29, 1.2014724016189575, 0.19486337900161743, 28.98296356201172
image_82, 30, 1.2457778453826904, 0.2023080438375473, 29.982385635375977
image_80, 1, 0.05569073557853699, 0.012687589973211288, 0.9987727999687195
image_80, 2, 0.11354859173297882, 0.026045631617307663, 1.9974727630615234
image_80, 3, 0.1774502694606781, 0.04222213476896286, 2.9957656860351562
image_80, 4, 0.23675759136676788, 0.056152209639549255, 3.9943761825561523
image_80, 5, 0.29866957664489746, 0.07131142169237137, 4.992786884307861
image_80, 6, 0.3549671173095703, 0.08376280218362808, 5.991564750671387
image_80, 7, 0.4069836437702179, 0.09435798227787018, 6.990619659423828
image_80, 8, 0.4650125503540039, 0.10764770954847336, 7.989325046539307
image_80, 9, 0.5236690044403076, 0.12107869982719421, 8.988019943237305
image_80, 10, 0.5746173858642578, 0.1309400051832199, 9.98717212677002
image_80, 11, 0.6240118741989136, 0.14004403352737427, 10.986384391784668
image_80, 12, 0.6564028263092041, 0.14318808913230896, 11.986018180847168
image_80, 13, 0.6892006397247314, 0.14649707078933716, 12.98563289642334
image_80, 14, 0.7176719307899475, 0.14909246563911438, 13.985381126403809
image_80, 15, 0.7666507363319397, 0.15810540318489075, 14.984586715698242
image_80, 16, 0.820511519908905, 0.1688430905342102, 15.98361587524414
image_80, 17, 0.8468380570411682, 0.17127616703510284, 16.98342514038086
image_80, 18, 0.8805065751075745, 0.17536728084087372, 17.983016967773438
image_80, 19, 0.9335376024246216, 0.1861511468887329, 18.982023239135742
image_80, 20, 0.9985997080802917, 0.20220686495304108, 19.980432510375977
image_80, 21, 1.0554313659667969, 0.21443620324134827, 20.97939109802246
image_80, 22, 1.1155346632003784, 0.22797523438930511, 21.978174209594727
image_80, 23, 1.1691220998764038, 0.23867812752723694, 22.977258682250977
image_80, 24, 1.2189228534698486, 0.24798369407653809, 23.97648811340332
image_80, 25, 1.269120693206787, 0.25739505887031555, 24.975664138793945
image_80, 26, 1.3218469619750977, 0.26786479353904724, 25.974658966064453
image_80, 27, 1.3711656332015991, 0.27698662877082825, 26.973888397216797
image_80, 28, 1.423539400100708, 0.2872597575187683, 27.97298812866211
image_80, 29, 1.4774161577224731, 0.29809072613716125, 28.97200584411621
image_80, 30, 1.5263608694076538, 0.30728670954704285, 29.97126579284668
image_1, 1, 0.05430973693728447, 0.012624130584299564, 0.9988541603088379
image_1, 2, 0.10858495533466339, 0.024838656187057495, 1.9977517127990723
image_1, 3, 0.1701897233724594, 0.0400872565805912, 2.9962048530578613
image_1, 4, 0.2365681529045105, 0.057394955307245255, 3.9943604469299316
image_1, 5, 0.29733771085739136, 0.07206211984157562, 4.992922782897949
image_1, 6, 0.3519941568374634, 0.08391761779785156, 5.991883277893066
image_1, 7, 0.4051276445388794, 0.09520737081766129, 6.990860462188721
image_1, 8, 0.46273311972618103, 0.10856054723262787, 7.989539623260498
image_1, 9, 0.520357072353363, 0.12162424623966217, 8.988186836242676
image_1, 10, 0.5785999894142151, 0.13449564576148987, 9.986769676208496
image_1, 11, 0.6362022161483765, 0.1466783881187439, 10.985343933105469
image_1, 12, 0.6850192546844482, 0.15558351576328278, 11.984390258789062
image_1, 13, 0.739071786403656, 0.16645608842372894, 12.983128547668457
image_1, 14, 0.7971978187561035, 0.17911876738071442, 13.981658935546875
image_1, 15, 0.8460177183151245, 0.18805286288261414, 14.98073673248291
image_1, 16, 0.8934645056724548, 0.19693580269813538, 15.979900360107422
image_1, 17, 0.9509826302528381, 0.21057642996311188, 16.978557586669922
image_1, 18, 1.0089019536972046, 0.22426486015319824, 17.97707748413086
image_1, 19, 1.0686542987823486, 0.23849070072174072, 18.975521087646484
image_1, 20, 1.1260101795196533, 0.25177958607673645, 19.974185943603516
image_1, 21, 1.1680128574371338, 0.25881674885749817, 20.973569869995117
image_1, 22, 1.209769606590271, 0.26537856459617615, 21.97296142578125
image_1, 23, 1.2549644708633423, 0.2731110751628876, 22.97218894958496
image_1, 24, 1.3059284687042236, 0.282772958278656, 23.971113204956055
image_1, 25, 1.3592140674591064, 0.2935439348220825, 24.96993064880371
image_1, 26, 1.419197916984558, 0.30684328079223633, 25.968387603759766
image_1, 27, 1.4846163988113403, 0.32285356521606445, 26.96647834777832
image_1, 28, 1.5421218872070312, 0.3356145918369293, 27.965091705322266
image_1, 29, 1.5998544692993164, 0.3485783040523529, 28.963666915893555
image_1, 30, 1.651139259338379, 0.35891619324684143, 29.96261978149414
image_124, 1, 0.03635964170098305, 0.005810035392642021, 0.9995529055595398
image_124, 2, 0.08791328966617584, 0.016166243702173233, 1.9987082481384277
image_124, 3, 0.1397871971130371, 0.02645629644393921, 2.9978654384613037
image_124, 4, 0.1910417228937149, 0.0368468351662159, 3.9968669414520264
image_124, 5, 0.24322950839996338, 0.047474078834056854, 4.9957990646362305
image_124, 6, 0.2980877757072449, 0.05907191336154938, 5.994588375091553
image_124, 7, 0.3371167480945587, 0.06624842435121536, 6.993930339813232
image_124, 8, 0.38548994064331055, 0.07603490352630615, 7.992950439453125
image_124, 9, 0.4410477876663208, 0.08768241107463837, 8.991703987121582
image_124, 10, 0.48635658621788025, 0.0964193046092987, 9.99084186553955
image_124, 11, 0.5385390520095825, 0.10748586803674698, 10.989672660827637
image_124, 12, 0.5892198085784912, 0.11795495450496674, 11.988582611083984
image_124, 13, 0.646773636341095, 0.13049474358558655, 12.987224578857422
image_124, 14, 0.7000045776367188, 0.1413479894399643, 13.986114501953125
image_124, 15, 0.7479988932609558, 0.15066947042942047, 14.985223770141602
image_124, 16, 0.7943273782730103, 0.15982337296009064, 15.98440170288086
image_124, 17, 0.8400493264198303, 0.16857323050498962, 16.98362159729004
image_124, 18, 0.8856426477432251, 0.17658595740795135, 17.982891082763672
image_124, 19, 0.9272498488426208, 0.18332669138908386, 18.98229217529297
image_124, 20, 0.9702279567718506, 0.19055424630641937, 19.98166275024414
image_124, 21, 1.013518214225769, 0.198248490691185, 20.981033325195312
image_124, 22, 1.0598515272140503, 0.20726671814918518, 21.980224609375
image_124, 23, 1.1110129356384277, 0.21765579283237457, 22.979206085205078
image_124, 24, 1.1594938039779663, 0.2267487794160843, 23.978300094604492
image_124, 25, 1.2072046995162964, 0.2353643774986267, 24.97743034362793
image_124, 26, 1.2571513652801514, 0.24468135833740234, 25.976469039916992
image_124, 27, 1.3055685758590698, 0.25346508622169495, 26.975584030151367
image_124, 28, 1.3516515493392944, 0.2616681754589081, 27.97488021850586
image_124, 29, 1.41342294216156, 0.27507564425468445, 28.9735107421875
image_124, 30, 1.4728577136993408, 0.2879619896411896, 29.972299575805664
image_65, 1, 0.07659384608268738, 0.023978980258107185, 0.9973559975624084
image_65, 2, 0.16369006037712097, 0.05442497879266739, 1.993705153465271
image_65, 3, 0.24922135472297668, 0.08363860845565796, 2.990260124206543
image_65, 4, 0.32987508177757263, 0.1098165512084961, 3.9872875213623047
image_65, 5, 0.41652870178222656, 0.14001932740211487, 4.98349666595459
image_65, 6, 0.49613815546035767, 0.16540111601352692, 5.980487823486328
image_65, 7, 0.5654428005218506, 0.18475554883480072, 6.978346824645996
image_65, 8, 0.6398254036903381, 0.20692689716815948, 7.975727081298828
image_65, 9, 0.7255344986915588, 0.23608364164829254, 8.972005844116211
image_65, 10, 0.7981001734733582, 0.2573169469833374, 9.969499588012695
image_65, 11, 0.8276504278182983, 0.26081424951553345, 10.969252586364746
image_65, 12, 0.8958125114440918, 0.27856311202049255, 11.966964721679688
image_65, 13, 0.9638181924819946, 0.29653245210647583, 12.964911460876465
image_65, 14, 1.0363576412200928, 0.316456139087677, 13.962519645690918
image_65, 15, 1.068110466003418, 0.32069817185401917, 14.962259292602539
image_65, 16, 1.10149347782135, 0.32524168491363525, 15.961984634399414
image_65, 17, 1.1367169618606567, 0.3303155303001404, 16.96162986755371
image_65, 18, 1.1750211715698242, 0.3361658751964569, 17.961103439331055
image_65, 19, 1.211129069328308, 0.3415794372558594, 18.960664749145508
image_65, 20, 1.2554911375045776, 0.34906694293022156, 19.960020065307617
image_65, 21, 1.2987698316574097, 0.35562556982040405, 20.959318161010742
image_65, 22, 1.3380153179168701, 0.36117613315582275, 21.95879554748535
image_65, 23, 1.3791295289993286, 0.3669181168079376, 22.958168029785156
image_65, 24, 1.4147969484329224, 0.3716975450515747, 23.957744598388672
image_65, 25, 1.4513218402862549, 0.37671318650245667, 24.9572696685791
image_65, 26, 1.4891403913497925, 0.38173869252204895, 25.956737518310547
image_65, 27, 1.5268185138702393, 0.38671839237213135, 26.956193923950195
image_65, 28, 1.5647941827774048, 0.39179250597953796, 27.955629348754883
image_65, 29, 1.6000664234161377, 0.3962879776954651, 28.955169677734375
image_65, 30, 1.6394597291946411, 0.4018957018852234, 29.954553604125977
image_137, 1, 0.052070535719394684, 0.010609124787151814, 0.9990469813346863
image_137, 2, 0.09822593629360199, 0.019054880365729332, 1.9984045028686523
image_137, 3, 0.14201875030994415, 0.026503194123506546, 2.997849702835083
image_137, 4, 0.18984374403953552, 0.03484545648097992, 3.9971461296081543
image_137, 5, 0.23491746187210083, 0.042262379080057144, 4.996603488922119
image_137, 6, 0.2806633710861206, 0.049963243305683136, 5.996020317077637
image_137, 7, 0.32686322927474976, 0.057993337512016296, 6.9953718185424805
image_137, 8, 0.3780685365200043, 0.06749222427606583, 7.994482040405273
image_137, 9, 0.42992690205574036, 0.07706189155578613, 8.993587493896484
image_137, 10, 0.476797878742218, 0.08482411503791809, 9.992995262145996
image_137, 11, 0.5290462374687195, 0.09440359473228455, 10.99216079711914
image_137, 12, 0.5683028697967529, 0.09914208948612213, 11.991594314575195
image_137, 13, 0.6150845289230347, 0.10558580607175827, 12.990755081176758
image_137, 14, 0.6792868971824646, 0.1173994168639183, 13.989081382751465
image_137, 15, 0.7499551177024841, 0.13193532824516296, 14.987011909484863
image_137, 16, 0.7923961877822876, 0.1385437697172165, 15.98647403717041
image_137, 17, 0.8415349721908569, 0.14698079228401184, 16.985782623291016
image_137, 18, 0.8868375420570374, 0.15438173711299896, 17.985244750976562
image_137, 19, 0.9383188486099243, 0.16246499121189117, 18.98416519165039
image_137, 20, 0.9883989691734314, 0.16987881064414978, 19.983169555664062
image_137, 21, 1.0327397584915161, 0.17573390901088715, 20.98241424560547
image_137, 22, 1.0851454734802246, 0.1836400330066681, 21.981327056884766
image_137, 23, 1.1400142908096313, 0.19224978983402252, 22.980133056640625
image_137, 24, 1.1867972612380981, 0.19862237572669983, 23.97928810119629
image_137, 25, 1.2367584705352783, 0.20577356219291687, 24.978313446044922
image_137, 26, 1.2973090410232544, 0.21604584157466888, 25.97684097290039
image_137, 27, 1.3381859064102173, 0.22215679287910461, 26.976232528686523
image_137, 28, 1.3866597414016724, 0.2307986319065094, 27.97555923461914
image_137, 29, 1.43345046043396, 0.23896078765392303, 28.97493553161621
image_137, 30, 1.4785468578338623, 0.24661320447921753, 29.974382400512695
image_14, 1, 0.0657474547624588, 0.018243692815303802, 0.998164713382721
image_14, 2, 0.13251370191574097, 0.03724639117717743, 1.9962308406829834
image_14, 3, 0.20914876461029053, 0.06113415211439133, 2.993445873260498
image_14, 4, 0.285736620426178, 0.0846516340970993, 3.9907386302948
image_14, 5, 0.35664212703704834, 0.10516813397407532, 4.988475322723389
image_14, 6, 0.4278428852558136, 0.12596239149570465, 5.98612117767334
image_14, 7, 0.5061653256416321, 0.1509060114622116, 6.983087539672852
image_14, 8, 0.5728422403335571, 0.1691807359457016, 7.981113910675049
image_14, 9, 0.6431202292442322, 0.1888224184513092, 8.978873252868652
image_14, 10, 0.710413932800293, 0.20718033611774445, 9.976815223693848
image_14, 11, 0.7801998853683472, 0.22720322012901306, 10.974453926086426
image_14, 12, 0.8444656729698181, 0.2439742088317871, 11.972530364990234
image_14, 13, 0.8866778016090393, 0.25124630331993103, 12.971811294555664
image_14, 14, 0.9127834439277649, 0.2538033127784729, 13.971633911132812
image_14, 15, 0.9383644461631775, 0.25628820061683655, 14.971504211425781
image_14, 16, 0.974112331867218, 0.26066944003105164, 15.971009254455566
image_14, 17, 1.0032199621200562, 0.263761430978775, 16.970806121826172
image_14, 18, 1.0696876049041748, 0.2819596529006958, 17.969144821166992
image_14, 19, 1.1433684825897217, 0.3044372797012329, 18.966793060302734
image_14, 20, 1.2069758176803589, 0.32134315371513367, 19.96531867980957
image_14, 21, 1.2357501983642578, 0.3243526518344879, 20.965139389038086
image_14, 22, 1.268078327178955, 0.3280506730079651, 21.96477508544922
image_14, 23, 1.2942692041397095, 0.3306958079338074, 22.96463394165039
image_14, 24, 1.3566908836364746, 0.3456891179084778, 23.962879180908203
image_14, 25, 1.416413426399231, 0.36016005277633667, 24.961200714111328
image_14, 26, 1.47806978225708, 0.3763243556022644, 25.95932960510254
image_14, 27, 1.5464051961898804, 0.39603421092033386, 26.957012176513672
image_14, 28, 1.6103235483169556, 0.4130641520023346, 27.955095291137695
image_14, 29, 1.675268292427063, 0.43034204840660095, 28.9531307220459
image_14, 30, 1.741348385810852, 0.4480617344379425, 29.951120376586914
image_68, 1, 0.06373363733291626, 0.01569565199315548, 0.9982919096946716
image_68, 2, 0.13040155172348022, 0.03263603895902634, 1.996415138244629
image_68, 3, 0.19236595928668976, 0.0472160205245018, 2.994844436645508
image_68, 4, 0.2500344216823578, 0.05997678264975548, 3.993499755859375
image_68, 5, 0.3000664710998535, 0.06978179514408112, 4.9925947189331055
image_68, 6, 0.35611364245414734, 0.08188478648662567, 5.991357326507568
image_68, 7, 0.41830384731292725, 0.09653335064649582, 6.989767074584961
image_68, 8, 0.47402751445770264, 0.10809680819511414, 7.98860502243042
image_68, 9, 0.5205785632133484, 0.11618583649396896, 8.987909317016602
image_68, 10, 0.5661488771438599, 0.12396465986967087, 9.987228393554688
image_68, 11, 0.6112849116325378, 0.13151493668556213, 10.986560821533203
image_68, 12, 0.6601748466491699, 0.14039304852485657, 11.985708236694336
image_68, 13, 0.7043539881706238, 0.14768950641155243, 12.985105514526367
image_68, 14, 0.7573662996292114, 0.1580749899148941, 13.984009742736816
image_68, 15, 0.7967403531074524, 0.16380897164344788, 14.983562469482422
image_68, 16, 0.8332745432853699, 0.16876594722270966, 15.983202934265137
image_68, 17, 0.8871612548828125, 0.18014046549797058, 16.982118606567383
image_68, 18, 0.9545702934265137, 0.1984221339225769, 17.98004913330078
image_68, 19, 1.0197463035583496, 0.2154058814048767, 18.978208541870117
image_68, 20, 1.0800937414169312, 0.22970867156982422, 19.97675323486328
image_68, 21, 1.1415818929672241, 0.24467618763446808, 20.975196838378906
image_68, 22, 1.1966921091079712, 0.2564273178577423, 21.974082946777344
image_68, 23, 1.2453078031539917, 0.26525503396987915, 22.97329330444336
image_68, 24, 1.295487642288208, 0.2746311128139496, 23.972368240356445
image_68, 25, 1.342413067817688, 0.28294637799263, 24.971614837646484
image_68, 26, 1.394906759262085, 0.2931258976459503, 25.97057342529297
image_68, 27, 1.4542717933654785, 0.30601808428764343, 26.969152450561523
image_68, 28, 1.5188148021697998, 0.32141199707984924, 27.967418670654297
image_68, 29, 1.5689811706542969, 0.33104953169822693, 28.966543197631836
image_68, 30, 1.6231298446655273, 0.3424359858036041, 29.965412139892578
image_96, 1, 0.06259728223085403, 0.015089250169694424, 0.9983871579170227
image_96, 2, 0.11322084814310074, 0.024855218827724457, 1.9975252151489258
image_96, 3, 0.18098147213459015, 0.041617266833782196, 2.9955735206604004
image_96, 4, 0.24849605560302734, 0.058005452156066895, 3.993659019470215
image_96, 5, 0.3019563555717468, 0.06846065819263458, 4.992639064788818
image_96, 6, 0.35253646969795227, 0.07794933021068573, 5.991722583770752
image_96, 7, 0.40810829401016235, 0.08904128521680832, 6.990520000457764
image_96, 8, 0.4675041437149048, 0.10143375396728516, 7.989116191864014
image_96, 9, 0.5238074660301208, 0.11262457817792892, 8.987921714782715
image_96, 10, 0.5534911155700684, 0.11642058938741684, 9.987518310546875
image_96, 11, 0.5779512524604797, 0.1192958727478981, 10.98724365234375
image_96, 12, 0.6034351587295532, 0.12218222767114639, 11.98696517944336
image_96, 13, 0.6342610716819763, 0.12583611905574799, 12.986573219299316
image_96, 14, 0.696574866771698, 0.13941651582717896, 13.984894752502441
image_96, 15, 0.7326880693435669, 0.14401276409626007, 14.98434829711914
image_96, 16, 0.7643536925315857, 0.1478373408317566, 15.983928680419922
image_96, 17, 0.7928001880645752, 0.15184712409973145, 16.983531951904297
image_96, 18, 0.8210447430610657, 0.15557731688022614, 17.983169555664062
image_96, 19, 0.8508952260017395, 0.16011705994606018, 18.98271369934082
image_96, 20, 0.8796676397323608, 0.16440634429454803, 19.982275009155273
image_96, 21, 0.9110869765281677, 0.1695997267961502, 20.981718063354492
image_96, 22, 0.980741560459137, 0.18624450266361237, 21.97962188720703
image_96, 23, 1.0133042335510254, 0.19146278500556946, 22.979053497314453
image_96, 24, 1.0384953022003174, 0.1951310634613037, 23.97868537902832
image_96, 25, 1.0640630722045898, 0.19868993759155273, 24.978322982788086
image_96, 26, 1.0926265716552734, 0.20260760188102722, 25.9778995513916
image_96, 27, 1.1737908124923706, 0.2253713756799698, 26.974929809570312
image_96, 28, 1.255297303199768, 0.24854809045791626, 27.97189712524414
image_96, 29, 1.338626503944397, 0.27339109778404236, 28.968647003173828
image_96, 30, 1.4160568714141846, 0.29517704248428345, 29.965892791748047
image_27, 1, 0.08053195476531982, 0.026798756793141365, 0.9970306158065796
image_27, 2, 0.1625884473323822, 0.054697923362255096, 1.9937671422958374
image_27, 3, 0.2397277057170868, 0.07965021580457687, 2.9909443855285645
image_27, 4, 0.3238656520843506, 0.10880564153194427, 3.987403392791748
image_27, 5, 0.41513848304748535, 0.14264905452728271, 4.983227729797363
image_27, 6, 0.4991786479949951, 0.17100434005260468, 5.979933261871338
image_27, 7, 0.5808171629905701, 0.19766220450401306, 6.976882457733154
image_27, 8, 0.6662908792495728, 0.22674226760864258, 7.973487854003906
image_27, 9, 0.7447502017021179, 0.2512284517288208, 8.970959663391113
image_27, 10, 0.8216880559921265, 0.27458974719047546, 9.968725204467773
image_27, 11, 0.9012400507926941, 0.30047109723091125, 10.966151237487793
image_27, 12, 0.9787486791610718, 0.3260374069213867, 11.96348762512207
image_27, 13, 1.051491379737854, 0.3480161726474762, 12.961174011230469
image_27, 14, 1.1283361911773682, 0.3722957968711853, 13.95858383178711
image_27, 15, 1.1593221426010132, 0.37623360753059387, 14.958377838134766
image_27, 16, 1.1894558668136597, 0.37994468212127686, 15.9581880569458
image_27, 17, 1.222253441810608, 0.3839360177516937, 16.957916259765625
image_27, 18, 1.256498098373413, 0.3884728252887726, 17.957664489746094
image_27, 19, 1.2908986806869507, 0.39284077286720276, 18.9574031829834
image_27, 20, 1.3256890773773193, 0.3974459171295166, 19.95713996887207
image_27, 21, 1.3618566989898682, 0.40262627601623535, 20.956890106201172
image_27, 22, 1.395309567451477, 0.4070950448513031, 21.956642150878906
image_27, 23, 1.4641430377960205, 0.4277111291885376, 22.95449447631836
image_27, 24, 1.5354942083358765, 0.44871512055397034, 23.952293395996094
image_27, 25, 1.6086323261260986, 0.4709310233592987, 24.94996452331543
image_27, 26, 1.6856427192687988, 0.4954721927642822, 25.94730567932129
image_27, 27, 1.7557365894317627, 0.5164076685905457, 26.945133209228516
image_27, 28, 1.8311069011688232, 0.5404086112976074, 27.942432403564453
image_27, 29, 1.9054266214370728, 0.563473641872406, 28.939882278442383
image_27, 30, 1.9809179306030273, 0.5870327949523926, 29.937211990356445
image_79, 1, 0.09282252937555313, 0.03530624881386757, 0.9956136345863342
image_79, 2, 0.1882151961326599, 0.07129526138305664, 1.9910998344421387
image_79, 3, 0.27640968561172485, 0.10300959646701813, 2.987288475036621
image_79, 4, 0.36378929018974304, 0.13407857716083527, 3.983757257461548
image_79, 5, 0.4529971480369568, 0.1657784879207611, 4.980199813842773
image_79, 6, 0.5382214784622192, 0.19471725821495056, 5.976951599121094
image_79, 7, 0.6241148710250854, 0.22424425184726715, 6.973672866821289
image_79, 8, 0.7086822390556335, 0.2530197203159332, 7.970536231994629
image_79, 9, 0.7956596612930298, 0.2836189866065979, 8.967033386230469
image_79, 10, 0.8768426775932312, 0.3111039400100708, 9.963857650756836
image_79, 11, 0.9595001935958862, 0.3399144411087036, 10.960397720336914
image_79, 12, 0.9960833191871643, 0.3454431891441345, 11.959948539733887
image_79, 13, 1.0758541822433472, 0.3717917501926422, 12.956764221191406
image_79, 14, 1.1626936197280884, 0.40322422981262207, 13.952971458435059
image_79, 15, 1.211712121963501, 0.4129481017589569, 14.951995849609375
image_79, 16, 1.2704133987426758, 0.4269496202468872, 15.950490951538086
image_79, 17, 1.3538461923599243, 0.45555782318115234, 16.947263717651367
image_79, 18, 1.3913071155548096, 0.4607284665107727, 17.9469051361084
image_79, 19, 1.4310672283172607, 0.4663812220096588, 18.946474075317383
image_79, 20, 1.4699904918670654, 0.47179481387138367, 19.94605255126953
image_79, 21, 1.5070126056671143, 0.4766629636287689, 20.945688247680664
image_79, 22, 1.5913242101669312, 0.5059161186218262, 21.942325592041016
image_79, 23, 1.682942509651184, 0.5397318601608276, 22.938251495361328
image_79, 24, 1.7152622938156128, 0.5437800288200378, 23.938026428222656
image_79, 25, 1.7468900680541992, 0.5476117134094238, 24.93777847290039
image_79, 26, 1.7823909521102905, 0.5522119402885437, 25.93733024597168
image_79, 27, 1.8633159399032593, 0.5788496732711792, 26.93407440185547
image_79, 28, 1.8960683345794678, 0.5831099152565002, 27.933801651000977
image_79, 29, 1.9276596307754517, 0.5868660807609558, 28.93351936340332
image_79, 30, 2.011624336242676, 0.6156848073005676, 29.929916381835938
image_50, 1, 0.05081597715616226, 0.01058282982558012, 0.9990780353546143
image_50, 2, 0.10409817099571228, 0.022114364430308342, 1.9979918003082275
image_50, 3, 0.1690978705883026, 0.03890598937869072, 2.9961328506469727
image_50, 4, 0.2309207320213318, 0.0534851998090744, 3.9945688247680664
image_50, 5, 0.28697121143341064, 0.06535119563341141, 4.9933600425720215
image_50, 6, 0.3432101309299469, 0.07736571878194809, 5.992092609405518
image_50, 7, 0.4012829661369324, 0.09024979174137115, 6.990662574768066
image_50, 8, 0.4586137533187866, 0.10298509895801544, 7.9892449378967285
image_50, 9, 0.5207309722900391, 0.11784715205430984, 8.987518310546875
image_50, 10, 0.5801509618759155, 0.13122239708900452, 9.986023902893066
image_50, 11, 0.6336957812309265, 0.14188671112060547, 10.984884262084961
image_50, 12, 0.6743233799934387, 0.148034006357193, 11.984310150146484
image_50, 13, 0.7011429071426392, 0.1506396234035492, 12.984076499938965
image_50, 14, 0.730478823184967, 0.15375947952270508, 13.983770370483398
image_50, 15, 0.7554118037223816, 0.1560506820678711, 14.98359489440918
image_50, 16, 0.7789093852043152, 0.15795902907848358, 15.983471870422363
image_50, 17, 0.8096369504928589, 0.16128984093666077, 16.983163833618164
image_50, 18, 0.8368107676506042, 0.16384734213352203, 17.98295021057129
image_50, 19, 0.8675122261047363, 0.16717040538787842, 18.982635498046875
image_50, 20, 0.8924964666366577, 0.16938775777816772, 19.98248863220215
image_50, 21, 0.9262279868125916, 0.17347970604896545, 20.982070922851562
image_50, 22, 0.9496627449989319, 0.17542453110218048, 21.981931686401367
image_50, 23, 0.974178671836853, 0.17759403586387634, 22.98175048828125
image_50, 24, 0.997086226940155, 0.1794382482767105, 23.981643676757812
image_50, 25, 1.0444467067718506, 0.1876990795135498, 24.98080825805664
image_50, 26, 1.0963534116744995, 0.1976061910390854, 25.979726791381836
image_50, 27, 1.155097246170044, 0.21003606915473938, 26.978235244750977
image_50, 28, 1.2130318880081177, 0.2222612500190735, 27.976802825927734
image_50, 29, 1.2676080465316772, 0.23307491838932037, 28.97559928894043
image_50, 30, 1.3240801095962524, 0.24477165937423706, 29.974273681640625
image_128, 1, 0.07014381885528564, 0.01930173672735691, 0.9978357553482056
image_128, 2, 0.14436215162277222, 0.04037317633628845, 1.995327353477478
image_128, 3, 0.20736250281333923, 0.055928707122802734, 2.9936912059783936
image_128, 4, 0.27212798595428467, 0.07244591414928436, 3.99191951751709
image_128, 5, 0.328413188457489, 0.0851057693362236, 4.990687847137451
image_128, 6, 0.3864997923374176, 0.09806874394416809, 5.9893107414245605
image_128, 7, 0.4498210549354553, 0.11273443698883057, 6.987654209136963
image_128, 8, 0.5038946270942688, 0.12362262606620789, 7.986608505249023
image_128, 9, 0.5589443445205688, 0.13485580682754517, 8.985451698303223
image_128, 10, 0.6135189533233643, 0.1458890438079834, 9.984272003173828
image_128, 11, 0.6708088517189026, 0.1578231006860733, 10.982935905456543
image_128, 12, 0.7300183176994324, 0.1702290028333664, 11.98146915435791
image_128, 13, 0.7774556279182434, 0.17824062705039978, 12.980605125427246
image_128, 14, 0.8020915985107422, 0.18042190372943878, 13.98045825958252
image_128, 15, 0.8268302083015442, 0.18264760076999664, 14.980301856994629
image_128, 16, 0.8527922034263611, 0.18505573272705078, 15.980118751525879
image_128, 17, 0.8840243816375732, 0.1883862018585205, 16.979799270629883
image_128, 18, 0.9087405800819397, 0.19066067039966583, 17.979646682739258
image_128, 19, 0.9349603056907654, 0.1932668834924698, 18.97947120666504
image_128, 20, 0.9616931080818176, 0.19586455821990967, 19.979272842407227
image_128, 21, 0.9891140460968018, 0.19859658181667328, 20.979032516479492
image_128, 22, 1.013469934463501, 0.20086127519607544, 21.978864669799805
image_128, 23, 1.0371830463409424, 0.2029411345720291, 22.978723526000977
image_128, 24, 1.0695469379425049, 0.2065717726945877, 23.97835350036621
image_128, 25, 1.0916098356246948, 0.20838479697704315, 24.978235244750977
image_128, 26, 1.1356420516967773, 0.21486793458461761, 25.97739601135254
image_128, 27, 1.2166111469268799, 0.2378656566143036, 26.974306106567383
image_128, 28, 1.2958483695983887, 0.25982704758644104, 27.97142219543457
image_128, 29, 1.387660026550293, 0.2897471487522125, 28.96735382080078
image_128, 30, 1.4772965908050537, 0.31883877515792847, 29.963470458984375
image_119, 1, 0.06115695834159851, 0.015237362124025822, 0.9984675645828247
image_119, 2, 0.12019440531730652, 0.0295051671564579, 1.997105598449707
image_119, 3, 0.1840137094259262, 0.045526206493377686, 2.9954674243927
image_119, 4, 0.24785226583480835, 0.061310090124607086, 3.993812322616577
image_119, 5, 0.32187899947166443, 0.08168097585439682, 4.991330146789551
image_119, 6, 0.38686230778694153, 0.0974271222949028, 5.989528656005859
image_119, 7, 0.4514039158821106, 0.1127365306019783, 6.987759590148926
image_119, 8, 0.5140443444252014, 0.12736505270004272, 7.9861040115356445
image_119, 9, 0.5780759453773499, 0.1428103744983673, 8.984384536743164
image_119, 10, 0.6422585248947144, 0.15807831287384033, 9.982706069946289
image_119, 11, 0.7004199028015137, 0.1705045998096466, 10.981407165527344
image_119, 12, 0.757918655872345, 0.18277671933174133, 11.980069160461426
image_119, 13, 0.7842017412185669, 0.18530361354351044, 12.979915618896484
image_119, 14, 0.8178762197494507, 0.18915097415447235, 13.979580879211426
image_119, 15, 0.8759782314300537, 0.20220023393630981, 14.978279113769531
image_119, 16, 0.9356794357299805, 0.21617063879966736, 15.976795196533203
image_119, 17, 0.9940254092216492, 0.22930745780467987, 16.97536849975586
image_119, 18, 1.0468530654907227, 0.24013148248195648, 17.974319458007812
image_119, 19, 1.075506329536438, 0.24311242997646332, 18.97414779663086
image_119, 20, 1.1049985885620117, 0.24634510278701782, 19.97395133972168
image_119, 21, 1.1341851949691772, 0.24958379566669464, 20.97376823425293
image_119, 22, 1.1841051578521729, 0.25937721133232117, 21.972822189331055
image_119, 23, 1.2431360483169556, 0.27284133434295654, 22.971370697021484
image_119, 24, 1.2972992658615112, 0.2840396463871002, 23.970266342163086
image_119, 25, 1.3555965423583984, 0.29660311341285706, 24.968923568725586
image_119, 26, 1.413195252418518, 0.3088633418083191, 25.96762466430664
image_119, 27, 1.4791573286056519, 0.324667751789093, 26.96579360961914
image_119, 28, 1.5470304489135742, 0.34134945273399353, 27.96382713317871
image_119, 29, 1.6102527379989624, 0.3557623028755188, 28.96219253540039
image_119, 30, 1.675704836845398, 0.3712414503097534, 29.960407257080078
image_103, 1, 0.06021199747920036, 0.014410112984478474, 0.9983912706375122
image_103, 2, 0.12292912602424622, 0.029719382524490356, 1.996592402458191
image_103, 3, 0.1842757761478424, 0.044279783964157104, 2.994886636734009
image_103, 4, 0.245497465133667, 0.05875217914581299, 3.993253707885742
image_103, 5, 0.3054877519607544, 0.07247671484947205, 4.991764068603516
image_103, 6, 0.3642405569553375, 0.08568449318408966, 5.990382194519043
image_103, 7, 0.43455973267555237, 0.10414969176054001, 6.988142967224121
image_103, 8, 0.49950405955314636, 0.11979507654905319, 7.986316204071045
image_103, 9, 0.5559360980987549, 0.13166065514087677, 8.985074996948242
image_103, 10, 0.6144863963127136, 0.1444115936756134, 9.983660697937012
image_103, 11, 0.6711498498916626, 0.15627683699131012, 10.982340812683105
image_103, 12, 0.7235362529754639, 0.16646943986415863, 11.981245994567871
image_103, 13, 0.7623123526573181, 0.1720491200685501, 12.980729103088379
image_103, 14, 0.8083361387252808, 0.17999738454818726, 13.979935646057129
image_103, 15, 0.8675855398178101, 0.19337095320224762, 14.978523254394531
image_103, 16, 0.9364522695541382, 0.21169845759868622, 15.976556777954102
image_103, 17, 1.0095118284225464, 0.2337912917137146, 16.974224090576172
image_103, 18, 1.0876305103302002, 0.2586890459060669, 17.971471786499023
image_103, 19, 1.1563596725463867, 0.2771075963973999, 18.96961784362793
image_103, 20, 1.2155776023864746, 0.29084229469299316, 19.968339920043945
image_103, 21, 1.2584683895111084, 0.29794156551361084, 20.967742919921875
image_103, 22, 1.3088088035583496, 0.30784496665000916, 21.966827392578125
image_103, 23, 1.3620094060897827, 0.31871193647384644, 22.965627670288086
image_103, 24, 1.4148348569869995, 0.32928064465522766, 23.9644775390625
image_103, 25, 1.4784295558929443, 0.34439927339553833, 24.962663650512695
image_103, 26, 1.5527243614196777, 0.3653816282749176, 25.960046768188477
image_103, 27, 1.6152663230895996, 0.38064050674438477, 26.958311080932617
image_103, 28, 1.674697756767273, 0.3940958082675934, 27.956790924072266
image_103, 29, 1.7336825132369995, 0.4074561595916748, 28.955303192138672
image_103, 30, 1.7945363521575928, 0.42193472385406494, 29.95368003845215
image_24, 1, 0.08601222932338715, 0.030156370252370834, 0.9965410828590393
image_24, 2, 0.1691679060459137, 0.05906812846660614, 1.9932359457015991
image_24, 3, 0.2610665261745453, 0.09286098927259445, 2.989075183868408
image_24, 4, 0.34711024165153503, 0.12191221117973328, 3.985666513442993
image_24, 5, 0.4354912340641022, 0.1521889716386795, 4.982090473175049
image_24, 6, 0.5314137935638428, 0.18723540008068085, 5.977635383605957
image_24, 7, 0.6156148314476013, 0.21442607045173645, 6.974303722381592
image_24, 8, 0.6956387758255005, 0.23980212211608887, 7.971302032470703
image_24, 9, 0.7703860402107239, 0.26236534118652344, 8.9688138961792
image_24, 10, 0.8487644791603088, 0.28704994916915894, 9.965871810913086
image_24, 11, 0.9221363067626953, 0.30941134691238403, 10.963285446166992
image_24, 12, 0.987492561340332, 0.327444851398468, 11.961369514465332
image_24, 13, 1.0313704013824463, 0.3354588747024536, 12.960707664489746
image_24, 14, 1.0591529607772827, 0.33868375420570374, 13.960556983947754
image_24, 15, 1.0894150733947754, 0.3425023853778839, 14.960381507873535
image_24, 16, 1.12398362159729, 0.3471423089504242, 15.960040092468262
image_24, 17, 1.1600021123886108, 0.35208186507225037, 16.95975112915039
image_24, 18, 1.1986579895019531, 0.3581744432449341, 17.959442138671875
image_24, 19, 1.2378472089767456, 0.3638966679573059, 18.959138870239258
image_24, 20, 1.2751671075820923, 0.3692779242992401, 19.958864212036133
image_24, 21, 1.3194574117660522, 0.37712401151657104, 20.958173751831055
image_24, 22, 1.3841445446014404, 0.39488881826400757, 21.95634651184082
image_24, 23, 1.4132643938064575, 0.3985575735569, 22.956144332885742
image_24, 24, 1.4413893222808838, 0.4019107520580292, 23.955968856811523
image_24, 25, 1.4698833227157593, 0.4052309989929199, 24.95574951171875
image_24, 26, 1.523650050163269, 0.4176696836948395, 25.954517364501953
image_24, 27, 1.5967568159103394, 0.43973323702812195, 26.95203971862793
image_24, 28, 1.6704474687576294, 0.4615427553653717, 27.94961166381836
image_24, 29, 1.7429711818695068, 0.4837134778499603, 28.947233200073242
image_24, 30, 1.8231602907180786, 0.5096602439880371, 29.944250106811523
image_143, 1, 0.05848081409931183, 0.013722428120672703, 0.9987080693244934
image_143, 2, 0.1177728995680809, 0.02734217420220375, 1.9973913431167603
image_143, 3, 0.17414751648902893, 0.0397598072886467, 2.996208429336548
image_143, 4, 0.22939300537109375, 0.05169546976685524, 3.9950828552246094
image_143, 5, 0.2845158576965332, 0.06381940841674805, 4.994026184082031
image_143, 6, 0.3428691029548645, 0.07751904428005219, 5.992699146270752
image_143, 7, 0.40007275342941284, 0.09040389955043793, 6.991424083709717
image_143, 8, 0.4546489715576172, 0.10186368227005005, 7.9903154373168945
image_143, 9, 0.5117523074150085, 0.11448033154010773, 8.989025115966797
image_143, 10, 0.563255250453949, 0.12503008544445038, 9.988043785095215
image_143, 11, 0.6154266595840454, 0.1357833594083786, 10.987030982971191
image_143, 12, 0.6670634746551514, 0.14609219133853912, 11.986030578613281
image_143, 13, 0.6940818428993225, 0.1485576182603836, 12.985857963562012
image_143, 14, 0.7314011454582214, 0.1531739979982376, 13.985391616821289
image_143, 15, 0.7635515928268433, 0.1567670702934265, 14.985092163085938
image_143, 16, 0.7928270101547241, 0.15989495813846588, 15.98487377166748
image_143, 17, 0.8213825821876526, 0.1627795398235321, 16.98467445373535
image_143, 18, 0.8868327140808105, 0.17976093292236328, 17.982881546020508
image_143, 19, 0.9605123400688171, 0.2012740969657898, 18.98040008544922
image_143, 20, 0.9888469576835632, 0.20407463610172272, 19.980226516723633
image_143, 21, 1.017406702041626, 0.20701996982097626, 20.98004913330078
image_143, 22, 1.0512789487838745, 0.21113885939121246, 21.97971534729004
image_143, 23, 1.0878506898880005, 0.21581508219242096, 22.979280471801758
image_143, 24, 1.1271069049835205, 0.22105184197425842, 23.97872543334961
image_143, 25, 1.1800968647003174, 0.23174114525318146, 24.97769546508789
image_143, 26, 1.240683913230896, 0.24579739570617676, 25.976228713989258
image_143, 27, 1.2958087921142578, 0.25769945979118347, 26.975086212158203
image_143, 28, 1.3500640392303467, 0.2691759765148163, 27.9739990234375
image_143, 29, 1.4045071601867676, 0.2804778516292572, 28.97296142578125
image_143, 30, 1.4601348638534546, 0.29241570830345154, 29.971834182739258
image_12, 1, 0.10227113962173462, 0.030542632564902306, 0.9963574409484863
image_12, 2, 0.21063770353794098, 0.06238338351249695, 1.9925612211227417
image_12, 3, 0.313632994890213, 0.09200865030288696, 2.9890990257263184
image_12, 4, 0.42042553424835205, 0.12168840318918228, 3.985675096511841
image_12, 5, 0.5343115329742432, 0.14784614741802216, 4.982744216918945
image_12, 6, 0.6437724828720093, 0.17495717108249664, 5.979684352874756
image_12, 7, 0.7522568702697754, 0.200911283493042, 6.976771831512451
image_12, 8, 0.8558271527290344, 0.2273884415626526, 7.973747253417969
image_12, 9, 0.9292750954627991, 0.23440873622894287, 8.973001480102539
image_12, 10, 0.9743604063987732, 0.23796842992305756, 9.972742080688477
image_12, 11, 1.0185332298278809, 0.24157662689685822, 10.972429275512695
image_12, 12, 1.1153217554092407, 0.2701040804386139, 11.969143867492676
image_12, 13, 1.2153124809265137, 0.29646551609039307, 12.96617603302002
image_12, 14, 1.3080543279647827, 0.32323136925697327, 13.963168144226074
image_12, 15, 1.4106382131576538, 0.348208487033844, 14.96060848236084
image_12, 16, 1.5211539268493652, 0.37669888138771057, 15.957880973815918
image_12, 17, 1.6303085088729858, 0.40761038661003113, 16.954910278320312
image_12, 18, 1.7259701490402222, 0.4315141439437866, 17.952802658081055
image_12, 19, 1.8213027715682983, 0.45648181438446045, 18.95033836364746
image_12, 20, 1.9163233041763306, 0.4802791178226471, 19.94817352294922
image_12, 21, 1.9940940141677856, 0.48869583010673523, 20.9473819732666
image_12, 22, 2.1080191135406494, 0.5162016749382019, 21.944541931152344
image_12, 23, 2.2146687507629395, 0.541570782661438, 22.9419002532959
image_12, 24, 2.3267147541046143, 0.5676963329315186, 23.93887710571289
image_12, 25, 2.4263765811920166, 0.5921647548675537, 24.9359188079834
image_12, 26, 2.5443949699401855, 0.6184384226799011, 25.932838439941406
image_12, 27, 2.649561882019043, 0.644163966178894, 26.92989158630371
image_12, 28, 2.7617955207824707, 0.6681899428367615, 27.927289962768555
image_12, 29, 2.8681859970092773, 0.6965698599815369, 28.924043655395508
image_12, 30, 2.975649118423462, 0.7222477197647095, 29.921321868896484
image_113, 1, 0.055221665650606155, 0.011938142590224743, 0.998890221118927
image_113, 2, 0.1225900650024414, 0.029102515429258347, 1.9969844818115234
image_113, 3, 0.17946407198905945, 0.041770368814468384, 2.9957785606384277
image_113, 4, 0.23757489025592804, 0.055179912596940994, 3.9944722652435303
image_113, 5, 0.2973930239677429, 0.06928466260433197, 4.993077754974365
image_113, 6, 0.36148518323898315, 0.08499027043581009, 5.991405487060547
image_113, 7, 0.42513930797576904, 0.10021868348121643, 6.989739894866943
image_113, 8, 0.48191896080970764, 0.11224421858787537, 7.988536357879639
image_113, 9, 0.5360406637191772, 0.1230606734752655, 8.987459182739258
image_113, 10, 0.5863413214683533, 0.1325000524520874, 9.986593246459961
image_113, 11, 0.633979320526123, 0.14107133448123932, 10.985875129699707
image_113, 12, 0.6652477383613586, 0.14436236023902893, 11.985572814941406
image_113, 13, 0.6976696252822876, 0.14785856008529663, 12.985249519348145
image_113, 14, 0.7241345643997192, 0.1502416431903839, 13.985089302062988
image_113, 15, 0.7684330344200134, 0.1576732099056244, 14.984501838684082
image_113, 16, 0.8113815188407898, 0.16469228267669678, 15.98401165008545
image_113, 17, 0.8513965606689453, 0.17069081962108612, 16.98360824584961
image_113, 18, 0.879550039768219, 0.17347915470600128, 17.98343276977539
image_113, 19, 0.9076272249221802, 0.1762527972459793, 18.98324203491211
image_113, 20, 0.9381983876228333, 0.17955566942691803, 19.98297882080078
image_113, 21, 0.9685083031654358, 0.18287210166454315, 20.98273468017578
image_113, 22, 0.9959938526153564, 0.1855972856283188, 21.982568740844727
image_113, 23, 1.028150200843811, 0.18929041922092438, 22.982275009155273
image_113, 24, 1.0811357498168945, 0.19987249374389648, 23.981237411499023
image_113, 25, 1.1294087171554565, 0.20883046090602875, 24.980527877807617
image_113, 26, 1.1753863096237183, 0.21736691892147064, 25.97992515563965
image_113, 27, 1.224095106124878, 0.2267978936433792, 26.979211807250977
image_113, 28, 1.2737876176834106, 0.23655037581920624, 27.97844123840332
image_113, 29, 1.3331797122955322, 0.25020405650138855, 28.977081298828125
image_113, 30, 1.3854881525039673, 0.2609340250492096, 29.976097106933594
image_112, 1, 0.06617625802755356, 0.017972776666283607, 0.9981407523155212
image_112, 2, 0.13756972551345825, 0.038312844932079315, 1.9957959651947021
image_112, 3, 0.21712610125541687, 0.06306084245443344, 2.9927353858947754
image_112, 4, 0.29982104897499084, 0.08934302628040314, 3.989341974258423
image_112, 5, 0.36391985416412354, 0.10504423081874847, 4.987523078918457
image_112, 6, 0.425500750541687, 0.11982057988643646, 5.985820293426514
image_112, 7, 0.4870835840702057, 0.13459426164627075, 6.98411750793457
image_112, 8, 0.5524823069572449, 0.15086814761161804, 7.982171058654785
image_112, 9, 0.620049238204956, 0.16791167855262756, 8.980091094970703
image_112, 10, 0.6625383496284485, 0.1744638830423355, 9.979392051696777
image_112, 11, 0.6834707260131836, 0.17609873414039612, 10.9793119430542
image_112, 12, 0.7047293186187744, 0.17776869237422943, 11.97923469543457
image_112, 13, 0.7284314036369324, 0.17973101139068604, 12.979108810424805
image_112, 14, 0.7500920295715332, 0.1813480705022812, 13.979008674621582
image_112, 15, 0.7746888399124146, 0.18334932625293732, 14.978857040405273
image_112, 16, 0.799686074256897, 0.18548841774463654, 15.978716850280762
image_112, 17, 0.8256499767303467, 0.1877506971359253, 16.978565216064453
image_112, 18, 0.887671947479248, 0.2034844607114792, 17.97690773010254
image_112, 19, 0.9558602571487427, 0.221779465675354, 18.97498321533203
image_112, 20, 1.0146366357803345, 0.23545096814632416, 19.973573684692383
image_112, 21, 1.0482248067855835, 0.23975740373134613, 20.97321891784668
image_112, 22, 1.0757232904434204, 0.24274548888206482, 21.9730281829834
image_112, 23, 1.1016095876693726, 0.24548831582069397, 22.97287368774414
image_112, 24, 1.1290339231491089, 0.24840235710144043, 23.972675323486328
image_112, 25, 1.153831124305725, 0.25062161684036255, 24.97249984741211
image_112, 26, 1.2231773138046265, 0.2687259018421173, 25.970308303833008
image_112, 27, 1.2936408519744873, 0.2871936559677124, 26.96808433532715
image_112, 28, 1.3613170385360718, 0.3041253089904785, 27.96610450744629
image_112, 29, 1.4189643859863281, 0.3166883587837219, 28.964820861816406
image_112, 30, 1.4801325798034668, 0.3308604657649994, 29.963298797607422
image_62, 1, 0.08177199214696884, 0.027608055621385574, 0.9968512058258057
image_62, 2, 0.1646273136138916, 0.05677712336182594, 1.9934239387512207
image_62, 3, 0.24393801391124725, 0.08299921452999115, 2.9903531074523926
image_62, 4, 0.32524773478507996, 0.10997763276100159, 3.9871625900268555
image_62, 5, 0.4083704948425293, 0.1372811198234558, 4.983950138092041
image_62, 6, 0.4932001531124115, 0.16628509759902954, 5.980563640594482
image_62, 7, 0.5776561498641968, 0.19485796988010406, 6.9771833419799805
image_62, 8, 0.6697392463684082, 0.22748899459838867, 7.973038673400879
image_62, 9, 0.7621668577194214, 0.2602042257785797, 8.968790054321289
image_62, 10, 0.8416737914085388, 0.28453439474105835, 9.965818405151367
image_62, 11, 0.9224183559417725, 0.3094419538974762, 10.962814331054688
image_62, 12, 0.9553384780883789, 0.3136007487773895, 11.96245002746582
image_62, 13, 0.9871029853820801, 0.31732243299484253, 12.962116241455078
image_62, 14, 1.0148646831512451, 0.32038742303848267, 13.961962699890137
image_62, 15, 1.047116994857788, 0.32434794306755066, 14.96167278289795
image_62, 16, 1.0828278064727783, 0.3290650546550751, 15.961272239685059
image_62, 17, 1.1190903186798096, 0.333943635225296, 16.960922241210938
image_62, 18, 1.1552842855453491, 0.33878016471862793, 17.960668563842773
image_62, 19, 1.1887449026107788, 0.3427389860153198, 18.960418701171875
image_62, 20, 1.225630760192871, 0.3477790653705597, 19.96006202697754
image_62, 21, 1.2629194259643555, 0.3529435396194458, 20.959684371948242
image_62, 22, 1.299689769744873, 0.3579292893409729, 21.959285736083984
image_62, 23, 1.3322819471359253, 0.3620249927043915, 22.959016799926758
image_62, 24, 1.4020731449127197, 0.37996119260787964, 23.95684814453125
image_62, 25, 1.4416613578796387, 0.3860103487968445, 24.956262588500977
image_62, 26, 1.5202162265777588, 0.41052496433258057, 25.95326042175293
image_62, 27, 1.6021465063095093, 0.43623045086860657, 26.950117111206055
image_62, 28, 1.6806936264038086, 0.46027058362960815, 27.947235107421875
image_62, 29, 1.756792426109314, 0.48317497968673706, 28.944534301757812
image_62, 30, 1.834593653678894, 0.506780207157135, 29.94170379638672
image_10, 1, 0.0584435909986496, 0.01367010734975338, 0.9985310435295105
image_10, 2, 0.11781753599643707, 0.02726833149790764, 1.9970643520355225
image_10, 3, 0.18890857696533203, 0.0460859015583992, 2.9947266578674316
image_10, 4, 0.25124287605285645, 0.06057366728782654, 3.9930145740509033
image_10, 5, 0.30790024995803833, 0.07261567562818527, 4.9917497634887695
image_10, 6, 0.3731825053691864, 0.0884353294968605, 5.9900054931640625
image_10, 7, 0.4350581765174866, 0.10312292724847794, 6.988445281982422
image_10, 8, 0.4973406493663788, 0.1181773841381073, 7.9867844581604
image_10, 9, 0.5562023520469666, 0.13117313385009766, 8.985389709472656
image_10, 10, 0.5819268226623535, 0.13364772498607635, 9.985219955444336
image_10, 11, 0.6090617775917053, 0.13625244796276093, 10.984996795654297
image_10, 12, 0.636296272277832, 0.13884221017360687, 11.984771728515625
image_10, 13, 0.6700296401977539, 0.14285428822040558, 12.98437786102295
image_10, 14, 0.7355602979660034, 0.1584835946559906, 13.982444763183594
image_10, 15, 0.7971174120903015, 0.17231744527816772, 14.980833053588867
image_10, 16, 0.8621479272842407, 0.18784625828266144, 15.979021072387695
image_10, 17, 0.9259942770004272, 0.20364394783973694, 16.977352142333984
image_10, 18, 0.989522397518158, 0.21990244090557098, 17.97576904296875
image_10, 19, 1.0598056316375732, 0.23955857753753662, 18.97372817993164
image_10, 20, 1.1326855421066284, 0.2607707679271698, 19.971445083618164
image_10, 21, 1.1972488164901733, 0.27773234248161316, 20.969589233398438
image_10, 22, 1.2454994916915894, 0.2864525318145752, 21.968656539916992
image_10, 23, 1.2735148668289185, 0.28938058018684387, 22.968421936035156
image_10, 24, 1.3125560283660889, 0.29492202401161194, 23.96786117553711
image_10, 25, 1.37736177444458, 0.3103393018245697, 24.966026306152344
image_10, 26, 1.4379186630249023, 0.32365092635154724, 25.964523315429688
image_10, 27, 1.4957021474838257, 0.33582308888435364, 26.963199615478516
image_10, 28, 1.552449345588684, 0.34767600893974304, 27.961956024169922
image_10, 29, 1.613464117050171, 0.36162030696868896, 28.960460662841797
image_10, 30, 1.681242823600769, 0.37927451729774475, 29.95849609375
image_40, 1, 0.07764193415641785, 0.024717342108488083, 0.997263491153717
image_40, 2, 0.16119560599327087, 0.05212933570146561, 1.9940800666809082
image_40, 3, 0.2421269416809082, 0.07859933376312256, 2.9910857677459717
image_40, 4, 0.3292267322540283, 0.10907250642776489, 3.9874351024627686
image_40, 5, 0.41324564814567566, 0.13745121657848358, 4.984053134918213
image_40, 6, 0.4987087547779083, 0.166756272315979, 5.9804368019104
image_40, 7, 0.5813878774642944, 0.19380004703998566, 6.9771728515625
image_40, 8, 0.6616806983947754, 0.21932362020015717, 7.9741740226745605
image_40, 9, 0.7487292885780334, 0.2487952709197998, 8.970585823059082
image_40, 10, 0.8268710970878601, 0.27293604612350464, 9.967719078063965
image_40, 11, 0.904086172580719, 0.29754242300987244, 10.964799880981445
image_40, 12, 0.9857305884361267, 0.3248082399368286, 11.96156120300293
image_40, 13, 1.0593044757843018, 0.34716495871543884, 12.958962440490723
image_40, 14, 1.087393045425415, 0.35011252760887146, 13.958706855773926
image_40, 15, 1.1167278289794922, 0.3533827066421509, 14.958434104919434
image_40, 16, 1.1535134315490723, 0.3582334816455841, 15.957898139953613
image_40, 17, 1.192939043045044, 0.36370429396629333, 16.957271575927734
image_40, 18, 1.2441262006759644, 0.3746667504310608, 17.956220626831055
image_40, 19, 1.32924485206604, 0.4057791531085968, 18.952680587768555
image_40, 20, 1.4141067266464233, 0.43640899658203125, 19.949310302734375
image_40, 21, 1.4542148113250732, 0.44202011823654175, 20.948705673217773
image_40, 22, 1.4951286315917969, 0.4478265941143036, 21.948026657104492
image_40, 23, 1.5267881155014038, 0.4517078697681427, 22.947681427001953
image_40, 24, 1.5594221353530884, 0.45596203207969666, 23.94729995727539
image_40, 25, 1.6336607933044434, 0.4785991311073303, 24.94474983215332
image_40, 26, 1.710139274597168, 0.5027534365653992, 25.941965103149414
image_40, 27, 1.794510841369629, 0.5329024791717529, 26.938251495361328
image_40, 28, 1.876115083694458, 0.560398280620575, 27.935049057006836
image_40, 29, 1.967923879623413, 0.5944162607192993, 28.930782318115234
image_40, 30, 2.058593273162842, 0.6271527409553528, 29.926658630371094
image_132, 1, 0.0925358235836029, 0.03215562552213669, 0.9960619807243347
image_132, 2, 0.18300095200538635, 0.06308656930923462, 1.9923118352890015
image_132, 3, 0.26732486486434937, 0.09004995226860046, 2.98909854888916
image_132, 4, 0.34141474962234497, 0.1104796975851059, 3.9868147373199463
image_132, 5, 0.4012422263622284, 0.12376171350479126, 4.985424041748047
image_132, 6, 0.43191489577293396, 0.1278858631849289, 5.985162258148193
image_132, 7, 0.4866478741168976, 0.13902290165424347, 6.984106540679932
image_132, 8, 0.556621253490448, 0.15672308206558228, 7.982193470001221
image_132, 9, 0.6290863752365112, 0.17553485929965973, 8.980107307434082
image_132, 10, 0.7031668424606323, 0.19472745060920715, 9.977912902832031
image_132, 11, 0.7722976803779602, 0.21141256392002106, 10.976079940795898
image_132, 12, 0.8052117228507996, 0.21585668623447418, 11.975776672363281
image_132, 13, 0.8451260924339294, 0.22211501002311707, 12.975297927856445
image_132, 14, 0.8865381479263306, 0.22878259420394897, 13.97478199005127
image_132, 15, 0.9246839284896851, 0.23434601724147797, 14.974411010742188
image_132, 16, 0.9636538028717041, 0.2398894876241684, 15.974067687988281
image_132, 17, 1.0108131170272827, 0.24773454666137695, 16.973482131958008
image_132, 18, 1.0506601333618164, 0.2530907392501831, 17.973121643066406
image_132, 19, 1.0998692512512207, 0.26156187057495117, 18.972440719604492
image_132, 20, 1.138383150100708, 0.26681530475616455, 19.972064971923828
image_132, 21, 1.18466317653656, 0.274829238653183, 20.971445083618164
image_132, 22, 1.2318044900894165, 0.2831537425518036, 21.970762252807617
image_132, 23, 1.267686128616333, 0.2879893481731415, 22.970434188842773
image_132, 24, 1.310510516166687, 0.2946354150772095, 23.969858169555664
image_132, 25, 1.3723911046981812, 0.30785995721817017, 24.968610763549805
image_132, 26, 1.4409444332122803, 0.32420608401298523, 25.966848373413086
image_132, 27, 1.5049853324890137, 0.3390097916126251, 26.965351104736328
image_132, 28, 1.570900797843933, 0.35495030879974365, 27.963708877563477
image_132, 29, 1.6379895210266113, 0.37089183926582336, 28.962003707885742
image_132, 30, 1.7040960788726807, 0.3863070607185364, 29.960359573364258
image_134, 1, 0.03511253371834755, 0.005160762928426266, 0.9996534585952759
image_134, 2, 0.07706058025360107, 0.012136861681938171, 1.9991044998168945
image_134, 3, 0.1315993219614029, 0.023098774254322052, 2.997866153717041
image_134, 4, 0.157833531498909, 0.026065506041049957, 3.9977049827575684
image_134, 5, 0.2157948911190033, 0.03859909996390343, 4.996514320373535
image_134, 6, 0.28594517707824707, 0.057043395936489105, 5.994357109069824
image_134, 7, 0.3435716927051544, 0.06961111724376678, 6.993081092834473
image_134, 8, 0.41057223081588745, 0.08568883687257767, 7.991183280944824
image_134, 9, 0.4762954115867615, 0.10085615515708923, 8.989442825317383
image_134, 10, 0.5354821681976318, 0.11341048777103424, 9.98814868927002
image_134, 11, 0.5739205479621887, 0.1193588599562645, 10.987751007080078
image_134, 12, 0.6104776859283447, 0.12409473210573196, 11.987338066101074
image_134, 13, 0.6449396014213562, 0.1283874660730362, 12.9869966506958
image_134, 14, 0.6768233776092529, 0.13223688304424286, 13.986735343933105
image_134, 15, 0.7203799486160278, 0.13921532034873962, 14.986114501953125
image_134, 16, 0.750701904296875, 0.1426750272512436, 15.98590087890625
image_134, 17, 0.7845067977905273, 0.14682072401046753, 16.98560333251953
image_134, 18, 0.8530988693237305, 0.16461089253425598, 17.983774185180664
image_134, 19, 0.9242943525314331, 0.1836242377758026, 18.981740951538086
image_134, 20, 0.994674563407898, 0.2022734433412552, 19.979761123657227
image_134, 21, 1.0558927059173584, 0.21640977263450623, 20.978195190429688
image_134, 22, 1.090717077255249, 0.22104649245738983, 21.977846145629883
image_134, 23, 1.1277035474777222, 0.2259518951177597, 22.977447509765625
image_134, 24, 1.1639803647994995, 0.23056921362876892, 23.97705841064453
image_134, 25, 1.1980342864990234, 0.2346801459789276, 24.97672462463379
image_134, 26, 1.2321854829788208, 0.23876485228538513, 25.97640037536621
image_134, 27, 1.2643662691116333, 0.24246233701705933, 26.976123809814453
image_134, 28, 1.3002822399139404, 0.24692440032958984, 27.97574234008789
image_134, 29, 1.3551545143127441, 0.25797238945961, 28.9747314453125
image_134, 30, 1.4110978841781616, 0.2694377303123474, 29.97368812561035
