Case_ID, Slide_ID, mae, mse, ssim
image_99, 1, 0.039547476917505264, 0.004937614314258099, 0.9996317625045776
image_99, 2, 0.0925540179014206, 0.013282662257552147, 1.998985767364502
image_99, 3, 0.1522066295146942, 0.023400211706757545, 2.997969388961792
image_99, 4, 0.2170027792453766, 0.03535356745123863, 3.9966518878936768
image_99, 5, 0.27603355050086975, 0.04568154364824295, 4.995657920837402
image_99, 6, 0.3337990939617157, 0.05563459172844887, 5.99471378326416
image_99, 7, 0.3904463052749634, 0.0650443434715271, 6.993823051452637
image_99, 8, 0.45038744807243347, 0.0753445252776146, 7.9927568435668945
image_99, 9, 0.512351930141449, 0.08646123856306076, 8.991539001464844
image_99, 10, 0.569292426109314, 0.09588223695755005, 9.990575790405273
image_99, 11, 0.6264089345932007, 0.10529711842536926, 10.989572525024414
image_99, 12, 0.6753645539283752, 0.11255159229040146, 11.988936424255371
image_99, 13, 0.7425438165664673, 0.12551157176494598, 12.987438201904297
image_99, 14, 0.803822934627533, 0.1362084001302719, 13.9862642288208
image_99, 15, 0.8844102621078491, 0.15408897399902344, 14.983908653259277
image_99, 16, 0.9341108202934265, 0.16071973741054535, 15.983099937438965
image_99, 17, 0.9732573628425598, 0.16507259011268616, 16.982685089111328
image_99, 18, 1.0243746042251587, 0.17195576429367065, 17.981813430786133
image_99, 19, 1.0743111371994019, 0.1785782426595688, 18.98097038269043
image_99, 20, 1.1043856143951416, 0.1815459132194519, 19.980783462524414
image_99, 21, 1.1350200176239014, 0.18446733057498932, 20.980592727661133
image_99, 22, 1.1650516986846924, 0.1872277557849884, 21.980411529541016
image_99, 23, 1.1987252235412598, 0.1903010904788971, 22.98013687133789
image_99, 24, 1.2333649396896362, 0.1935664564371109, 23.979827880859375
image_99, 25, 1.2653838396072388, 0.19660411775112152, 24.979595184326172
image_99, 26, 1.29843008518219, 0.19979336857795715, 25.979337692260742
image_99, 27, 1.3305573463439941, 0.20286957919597626, 26.979124069213867
image_99, 28, 1.3649649620056152, 0.20640717446804047, 27.978845596313477
image_99, 29, 1.4010366201400757, 0.21032629907131195, 28.9785099029541
image_99, 30, 1.4402165412902832, 0.21496480703353882, 29.97807502746582
image_77, 1, 0.0636577159166336, 0.012043728493154049, 0.9987236261367798
image_77, 2, 0.12063919007778168, 0.02183040790259838, 1.997778058052063
image_77, 3, 0.1637534499168396, 0.027816085144877434, 2.9974045753479004
image_77, 4, 0.20877765119075775, 0.03412865102291107, 3.99692964553833
image_77, 5, 0.25692814588546753, 0.041138969361782074, 4.9963226318359375
image_77, 6, 0.30561563372612, 0.04834583029150963, 5.995691776275635
image_77, 7, 0.35141515731811523, 0.054855428636074066, 6.995202541351318
image_77, 8, 0.39279043674468994, 0.06044652685523033, 7.9948930740356445
image_77, 9, 0.43431100249290466, 0.06599314510822296, 8.99457836151123
image_77, 10, 0.4750068485736847, 0.07136324048042297, 9.994266510009766
image_77, 11, 0.5148019194602966, 0.07662689685821533, 10.9939603805542
image_77, 12, 0.5556459426879883, 0.08204151690006256, 11.993633270263672
image_77, 13, 0.5999346971511841, 0.08811398595571518, 12.99319839477539
image_77, 14, 0.6529884338378906, 0.09649333357810974, 13.992401123046875
image_77, 15, 0.7053804993629456, 0.1046343743801117, 14.991633415222168
image_77, 16, 0.7491565346717834, 0.11037866771221161, 15.991219520568848
image_77, 17, 0.7904704213142395, 0.11559118330478668, 16.990840911865234
image_77, 18, 0.8287147879600525, 0.12027905881404877, 17.990524291992188
image_77, 19, 0.8632090091705322, 0.12389975041151047, 18.990222930908203
image_77, 20, 0.8910079598426819, 0.12615595757961273, 19.99008560180664
image_77, 21, 0.9181452989578247, 0.12830959260463715, 20.989953994750977
image_77, 22, 0.9447284936904907, 0.1303766667842865, 21.989831924438477
image_77, 23, 0.972499430179596, 0.1325819045305252, 22.98969268798828
image_77, 24, 1.0010322332382202, 0.13494756817817688, 23.989561080932617
image_77, 25, 1.0303422212600708, 0.1374862790107727, 24.989410400390625
image_77, 26, 1.0592737197875977, 0.13997413218021393, 25.9892578125
image_77, 27, 1.0871657133102417, 0.14220449328422546, 26.989126205444336
image_77, 28, 1.1149444580078125, 0.14443734288215637, 27.988994598388672
image_77, 29, 1.1438270807266235, 0.14683616161346436, 28.98884391784668
image_77, 30, 1.1733824014663696, 0.1494031697511673, 29.988685607910156
image_150, 1, 0.0701284408569336, 0.015489424578845501, 0.9987825155258179
image_150, 2, 0.13629844784736633, 0.029971309006214142, 1.997786045074463
image_150, 3, 0.20228761434555054, 0.0442226380109787, 2.996851921081543
image_150, 4, 0.2679547071456909, 0.058232419192790985, 3.99595046043396
image_150, 5, 0.33389222621917725, 0.07211488485336304, 4.995022296905518
image_150, 6, 0.39830440282821655, 0.0859455093741417, 5.994197368621826
image_150, 7, 0.46332934498786926, 0.09991788119077682, 6.993338584899902
image_150, 8, 0.5278962254524231, 0.11374947428703308, 7.992448806762695
image_150, 9, 0.5962434411048889, 0.12878337502479553, 8.991374015808105
image_150, 10, 0.6650107502937317, 0.14430247247219086, 9.99034309387207
image_150, 11, 0.7333115935325623, 0.15938325226306915, 10.989334106445312
image_150, 12, 0.7997641563415527, 0.17358613014221191, 11.988407135009766
image_150, 13, 0.8666024804115295, 0.18820354342460632, 12.987493515014648
image_150, 14, 0.9347912073135376, 0.2038997858762741, 13.986592292785645
image_150, 15, 1.0009369850158691, 0.218713641166687, 14.985776901245117
image_150, 16, 1.0647635459899902, 0.2327544093132019, 15.985011100769043
image_150, 17, 1.1283502578735352, 0.24698354303836823, 16.9842586517334
image_150, 18, 1.181137204170227, 0.257032573223114, 17.98371124267578
image_150, 19, 1.235176682472229, 0.267879843711853, 18.98310089111328
image_150, 20, 1.2842966318130493, 0.27730926871299744, 19.98257827758789
image_150, 21, 1.3358166217803955, 0.2862977385520935, 20.981918334960938
image_150, 22, 1.3885302543640137, 0.296441912651062, 21.981306076049805
image_150, 23, 1.4361768960952759, 0.30476996302604675, 22.980825424194336
image_150, 24, 1.486248254776001, 0.31268593668937683, 23.98017120361328
image_150, 25, 1.5334352254867554, 0.31991052627563477, 24.979610443115234
image_150, 26, 1.5768458843231201, 0.3262996971607208, 25.979211807250977
image_150, 27, 1.6242516040802002, 0.33358046412467957, 26.978755950927734
image_150, 28, 1.6694579124450684, 0.3403577506542206, 27.978349685668945
image_150, 29, 1.7129676342010498, 0.3466905653476715, 28.977951049804688
image_150, 30, 1.7555322647094727, 0.3526691496372223, 29.977561950683594
image_26, 1, 0.06025470048189163, 0.011270016431808472, 0.9988855123519897
image_26, 2, 0.11599723994731903, 0.02120201289653778, 1.9979342222213745
image_26, 3, 0.17137636244297028, 0.03049338050186634, 2.997040271759033
image_26, 4, 0.21769137680530548, 0.03827500343322754, 3.996384382247925
image_26, 5, 0.2626805007457733, 0.046104393899440765, 4.995728969573975
image_26, 6, 0.3066585659980774, 0.05376571789383888, 5.9950714111328125
image_26, 7, 0.3494235873222351, 0.06082601845264435, 6.994476318359375
image_26, 8, 0.3906966745853424, 0.06723881512880325, 7.993972301483154
image_26, 9, 0.43190112709999084, 0.07325956225395203, 8.993563652038574
image_26, 10, 0.4732421338558197, 0.07894961535930634, 9.993215560913086
image_26, 11, 0.5134630799293518, 0.08427859842777252, 10.992904663085938
image_26, 12, 0.5565398931503296, 0.09008577466011047, 11.99252986907959
image_26, 13, 0.6052671074867249, 0.09738925099372864, 12.991928100585938
image_26, 14, 0.6399304866790771, 0.10101547837257385, 13.991622924804688
image_26, 15, 0.672012209892273, 0.10413973033428192, 14.991371154785156
image_26, 16, 0.6992682814598083, 0.10645927488803864, 15.991220474243164
image_26, 17, 0.7285058498382568, 0.10900778323411942, 16.99103355407715
image_26, 18, 0.7589845061302185, 0.11180207878351212, 17.99081802368164
image_26, 19, 0.7934070229530334, 0.11531154066324234, 18.990510940551758
image_26, 20, 0.8305822610855103, 0.1193055510520935, 19.990129470825195
image_26, 21, 0.8650237321853638, 0.12276346981525421, 20.98981475830078
image_26, 22, 0.8917940855026245, 0.12496472895145416, 21.98967933654785
image_26, 23, 0.9248095154762268, 0.12815897166728973, 22.989389419555664
image_26, 24, 0.9590606689453125, 0.13162997364997864, 23.98906135559082
image_26, 25, 0.9947529435157776, 0.1355147808790207, 24.98870849609375
image_26, 26, 1.0203286409378052, 0.13766281306743622, 25.988582611083984
image_26, 27, 1.046399474143982, 0.13980381190776825, 26.98845672607422
image_26, 28, 1.073347568511963, 0.14210762083530426, 27.98830795288086
image_26, 29, 1.1105642318725586, 0.14646399021148682, 28.987892150878906
image_26, 30, 1.14604914188385, 0.1506546586751938, 29.98751449584961
image_51, 1, 0.05172352492809296, 0.00894599873572588, 0.9994009137153625
image_51, 2, 0.11338497698307037, 0.020730942487716675, 1.9982430934906006
image_51, 3, 0.17915824055671692, 0.03392403945326805, 2.996868371963501
image_51, 4, 0.22960780560970306, 0.04207313060760498, 3.99636173248291
image_51, 5, 0.28030991554260254, 0.050140827894210815, 4.995797634124756
image_51, 6, 0.3297865092754364, 0.05811062827706337, 5.995293617248535
image_51, 7, 0.38322940468788147, 0.06700263172388077, 6.994639873504639
image_51, 8, 0.43647047877311707, 0.07582519948482513, 7.99400520324707
image_51, 9, 0.4788026511669159, 0.08183711767196655, 8.993682861328125
image_51, 10, 0.5280173420906067, 0.08961709588766098, 9.993173599243164
image_51, 11, 0.5773141384124756, 0.09746263921260834, 10.992659568786621
image_51, 12, 0.6358648538589478, 0.1078607589006424, 11.991754531860352
image_51, 13, 0.7002277374267578, 0.1201976016163826, 12.99049186706543
image_51, 14, 0.7551783919334412, 0.12945136427879333, 13.98968505859375
image_51, 15, 0.8055759072303772, 0.13759443163871765, 14.989089012145996
image_51, 16, 0.8374029994010925, 0.1410190314054489, 15.988920211791992
image_51, 17, 0.8718141317367554, 0.14458659291267395, 16.988651275634766
image_51, 18, 0.9041624665260315, 0.14778685569763184, 17.988441467285156
image_51, 19, 0.9359149932861328, 0.15129821002483368, 18.98825454711914
image_51, 20, 0.9668225049972534, 0.15457139909267426, 19.98809242248535
image_51, 21, 0.9981974959373474, 0.15762625634670258, 20.987913131713867
image_51, 22, 1.0293632745742798, 0.16089478135108948, 21.987741470336914
image_51, 23, 1.0621857643127441, 0.16439184546470642, 22.98753547668457
image_51, 24, 1.1024588346481323, 0.16904586553573608, 23.987091064453125
image_51, 25, 1.1420977115631104, 0.17349132895469666, 24.98666763305664
image_51, 26, 1.2027286291122437, 0.18470452725887299, 25.985549926757812
image_51, 27, 1.2610666751861572, 0.1951710730791092, 26.984580993652344
image_51, 28, 1.3238235712051392, 0.20722763240337372, 27.98334503173828
image_51, 29, 1.386857032775879, 0.2193685621023178, 28.98207664489746
image_51, 30, 1.4418402910232544, 0.22870901226997375, 29.98127555847168
image_82, 1, 0.048785705119371414, 0.00833392795175314, 0.9995670914649963
image_82, 2, 0.09844684600830078, 0.016333196312189102, 1.999112844467163
image_82, 3, 0.14527380466461182, 0.02389107272028923, 2.998718738555908
image_82, 4, 0.19227036833763123, 0.031533386558294296, 3.99828839302063
image_82, 5, 0.2384653091430664, 0.03882888704538345, 4.9978814125061035
image_82, 6, 0.28468263149261475, 0.0462811179459095, 5.997412204742432
image_82, 7, 0.3289749324321747, 0.052994851022958755, 6.9970245361328125
image_82, 8, 0.37384405732154846, 0.05994994565844536, 7.996592998504639
image_82, 9, 0.41756483912467957, 0.06651721894741058, 8.996203422546387
image_82, 10, 0.46023309230804443, 0.07258345186710358, 9.995835304260254
image_82, 11, 0.5041710138320923, 0.07883171737194061, 10.995450019836426
image_82, 12, 0.5502007603645325, 0.08576752990484238, 11.994998931884766
image_82, 13, 0.595221757888794, 0.09250935167074203, 12.994625091552734
image_82, 14, 0.6400735974311829, 0.0992211252450943, 13.994272232055664
image_82, 15, 0.6837475895881653, 0.10568640381097794, 14.993906021118164
image_82, 16, 0.7267030477523804, 0.1119108498096466, 15.993510246276855
image_82, 17, 0.7802577018737793, 0.1195654571056366, 16.99260902404785
image_82, 18, 0.8281337022781372, 0.12587668001651764, 17.99190902709961
image_82, 19, 0.8669105768203735, 0.13024550676345825, 18.99149513244629
image_82, 20, 0.9043970704078674, 0.13441060483455658, 19.991113662719727
image_82, 21, 0.9477406740188599, 0.13979844748973846, 20.99054718017578
image_82, 22, 0.9969806671142578, 0.1464739441871643, 21.989770889282227
image_82, 23, 1.0620732307434082, 0.15755487978458405, 22.98832130432129
image_82, 24, 1.1242607831954956, 0.1678057760000229, 23.98700523376465
image_82, 25, 1.171612024307251, 0.17416420578956604, 24.98629379272461
image_82, 26, 1.2059757709503174, 0.17781564593315125, 25.986000061035156
image_82, 27, 1.2487914562225342, 0.18326234817504883, 26.985443115234375
image_82, 28, 1.2917094230651855, 0.18928740918636322, 27.985055923461914
image_82, 29, 1.3339390754699707, 0.19520670175552368, 28.984678268432617
image_82, 30, 1.3767211437225342, 0.20122788846492767, 29.984302520751953
image_80, 1, 0.045889612287282944, 0.0065974160097539425, 0.9996051788330078
image_80, 2, 0.08871924132108688, 0.012710584327578545, 1.999234914779663
image_80, 3, 0.13041098415851593, 0.01838044449687004, 2.9988999366760254
image_80, 4, 0.1724068522453308, 0.024164699018001556, 3.9985432624816895
image_80, 5, 0.21734346449375153, 0.030724957585334778, 4.9980974197387695
image_80, 6, 0.2622341513633728, 0.037354085594415665, 5.9976806640625
image_80, 7, 0.3070662021636963, 0.04393192380666733, 6.997286796569824
image_80, 8, 0.35181915760040283, 0.05051271989941597, 7.9968976974487305
image_80, 9, 0.3965854346752167, 0.05707057565450668, 8.99648666381836
image_80, 10, 0.4416486322879791, 0.06353844702243805, 9.996076583862305
image_80, 11, 0.48864659667015076, 0.07051794230937958, 10.995615005493164
image_80, 12, 0.5342207551002502, 0.07723096013069153, 11.995248794555664
image_80, 13, 0.5799739956855774, 0.08401165902614594, 12.994873046875
image_80, 14, 0.617174506187439, 0.08844561874866486, 13.994630813598633
image_80, 15, 0.6579660177230835, 0.09262071549892426, 14.994189262390137
image_80, 16, 0.7074047327041626, 0.09853938966989517, 15.99346923828125
image_80, 17, 0.7577687501907349, 0.10466952621936798, 16.99269676208496
image_80, 18, 0.8209763169288635, 0.11396769434213638, 17.99139404296875
image_80, 19, 0.8608430624008179, 0.11793763935565948, 18.990962982177734
image_80, 20, 0.899380087852478, 0.12167905271053314, 19.990581512451172
image_80, 21, 0.9472998380661011, 0.12736108899116516, 20.98988914489746
image_80, 22, 0.9901302456855774, 0.13216517865657806, 21.989349365234375
image_80, 23, 1.0218522548675537, 0.1351395696401596, 22.989099502563477
image_80, 24, 1.048630952835083, 0.13740181922912598, 23.988941192626953
image_80, 25, 1.0743106603622437, 0.1396094560623169, 24.98879623413086
image_80, 26, 1.1003947257995605, 0.14186768233776093, 25.9886474609375
image_80, 27, 1.1561505794525146, 0.15093211829662323, 26.98781967163086
image_80, 28, 1.206338882446289, 0.15841391682624817, 27.98723793029785
image_80, 29, 1.2537400722503662, 0.1651700884103775, 28.986772537231445
image_80, 30, 1.2870560884475708, 0.1688295155763626, 29.98655128479004
image_1, 1, 0.04661281406879425, 0.00669813621789217, 0.9994727373123169
image_1, 2, 0.08620310574769974, 0.011650362983345985, 1.9991459846496582
image_1, 3, 0.1249343752861023, 0.016328895464539528, 2.998830795288086
image_1, 4, 0.16032561659812927, 0.02053643949329853, 3.998551845550537
image_1, 5, 0.19630791246891022, 0.02491746097803116, 4.998237133026123
image_1, 6, 0.23344412446022034, 0.029346808791160583, 5.997978210449219
image_1, 7, 0.2702579200267792, 0.034076299518346786, 6.99765682220459
image_1, 8, 0.307229220867157, 0.038693930953741074, 7.997379779815674
image_1, 9, 0.3432267904281616, 0.04307697340846062, 8.997123718261719
image_1, 10, 0.37982994318008423, 0.047673098742961884, 9.996856689453125
image_1, 11, 0.4189288020133972, 0.05271618813276291, 10.996561050415039
image_1, 12, 0.46153074502944946, 0.05846884846687317, 11.996171951293945
image_1, 13, 0.5008697509765625, 0.06339829415082932, 12.995868682861328
image_1, 14, 0.5413692593574524, 0.06854823231697083, 13.995532989501953
image_1, 15, 0.583840548992157, 0.07405780255794525, 14.995128631591797
image_1, 16, 0.6326547265052795, 0.081210657954216, 15.99445915222168
image_1, 17, 0.6562362313270569, 0.08296547830104828, 16.99435806274414
image_1, 18, 0.680332601070404, 0.08468861877918243, 17.99425506591797
image_1, 19, 0.7063883543014526, 0.08665258437395096, 18.994115829467773
image_1, 20, 0.7381075024604797, 0.08940062671899796, 19.99384880065918
image_1, 21, 0.7670873999595642, 0.09171386808156967, 20.99364471435547
image_1, 22, 0.790877640247345, 0.09335925430059433, 21.993545532226562
image_1, 23, 0.8198626637458801, 0.09570105373859406, 22.993337631225586
image_1, 24, 0.8539199829101562, 0.09888047724962234, 23.993000030517578
image_1, 25, 0.8868809342384338, 0.10187795758247375, 24.99268341064453
image_1, 26, 0.9086281657218933, 0.1032576933503151, 25.992616653442383
image_1, 27, 0.9360920786857605, 0.10542088747024536, 26.992433547973633
image_1, 28, 0.9670982956886292, 0.10819849371910095, 27.992168426513672
image_1, 29, 0.9980579614639282, 0.11106301844120026, 28.991891860961914
image_1, 30, 1.0267024040222168, 0.11354298889636993, 29.99167823791504
image_124, 1, 0.06515900045633316, 0.012426377274096012, 0.9989390969276428
image_124, 2, 0.12668487429618835, 0.0239305067807436, 1.9980120658874512
image_124, 3, 0.18575479090213776, 0.03452403098344803, 2.997147560119629
image_124, 4, 0.23977547883987427, 0.04437157139182091, 3.9964818954467773
image_124, 5, 0.29695409536361694, 0.0547366663813591, 4.995699405670166
image_124, 6, 0.35610678791999817, 0.0654640793800354, 5.994840621948242
image_124, 7, 0.4118317663669586, 0.07560155540704727, 6.994132041931152
image_124, 8, 0.4666339159011841, 0.08538205176591873, 7.993439197540283
image_124, 9, 0.5220609307289124, 0.09536368399858475, 8.992643356323242
image_124, 10, 0.573939859867096, 0.1049339696764946, 9.991927146911621
image_124, 11, 0.626083254814148, 0.11537367105484009, 10.991189956665039
image_124, 12, 0.6789005994796753, 0.1258552372455597, 11.99045181274414
image_124, 13, 0.7319645285606384, 0.13570883870124817, 12.989716529846191
image_124, 14, 0.7874809503555298, 0.14592590928077698, 13.988920211791992
image_124, 15, 0.8407914042472839, 0.15571492910385132, 14.988229751586914
image_124, 16, 0.8977763652801514, 0.16583074629306793, 15.987462997436523
image_124, 17, 0.9529066681861877, 0.17575597763061523, 16.986745834350586
image_124, 18, 1.0101896524429321, 0.1862431913614273, 17.985910415649414
image_124, 19, 1.066277027130127, 0.1964472383260727, 18.985076904296875
image_124, 20, 1.1187266111373901, 0.20584416389465332, 19.98434829711914
image_124, 21, 1.172372817993164, 0.21522851288318634, 20.98358726501465
image_124, 22, 1.2133874893188477, 0.22182762622833252, 21.983121871948242
image_124, 23, 1.2536097764968872, 0.22801487147808075, 22.982675552368164
image_124, 24, 1.3074755668640137, 0.23714375495910645, 23.981966018676758
image_124, 25, 1.36756432056427, 0.24767811596393585, 24.981008529663086
image_124, 26, 1.4293614625930786, 0.2587551772594452, 25.979970932006836
image_124, 27, 1.481653094291687, 0.267490029335022, 26.979387283325195
image_124, 28, 1.5346810817718506, 0.2761741578578949, 27.97882843017578
image_124, 29, 1.587247371673584, 0.2848779261112213, 28.978271484375
image_124, 30, 1.6376585960388184, 0.2934456169605255, 29.97779083251953
image_65, 1, 0.06820308417081833, 0.014711779542267323, 0.9984416365623474
image_65, 2, 0.13226181268692017, 0.027642183005809784, 1.9971805810928345
image_65, 3, 0.19408288598060608, 0.039464887231588364, 2.996095657348633
image_65, 4, 0.254713773727417, 0.05066624656319618, 3.995035409927368
image_65, 5, 0.31515997648239136, 0.0618772991001606, 4.9939494132995605
image_65, 6, 0.381633996963501, 0.07553228735923767, 5.9925031661987305
image_65, 7, 0.45507144927978516, 0.09173987060785294, 6.990623474121094
image_65, 8, 0.5131921768188477, 0.10261273384094238, 7.989640235900879
image_65, 9, 0.5647191405296326, 0.11125075817108154, 8.988840103149414
image_65, 10, 0.6174147129058838, 0.1204763799905777, 9.988045692443848
image_65, 11, 0.6776357889175415, 0.13204412162303925, 10.986859321594238
image_65, 12, 0.7392509579658508, 0.1441616714000702, 11.985676765441895
image_65, 13, 0.8148339986801147, 0.16154979169368744, 12.983617782592773
image_65, 14, 0.8854969143867493, 0.1768096387386322, 13.981849670410156
image_65, 15, 0.9464473724365234, 0.18861185014247894, 14.980639457702637
image_65, 16, 1.0176823139190674, 0.20434613525867462, 15.978839874267578
image_65, 17, 1.089683175086975, 0.22025682032108307, 16.976991653442383
image_65, 18, 1.1634422540664673, 0.23702317476272583, 17.975055694580078
image_65, 19, 1.2473180294036865, 0.258324533700943, 18.97239875793457
image_65, 20, 1.3310284614562988, 0.27935728430747986, 19.969755172729492
image_65, 21, 1.3977479934692383, 0.29316389560699463, 20.96826171875
image_65, 22, 1.463348627090454, 0.30643174052238464, 21.966876983642578
image_65, 23, 1.5388696193695068, 0.3235986828804016, 22.964862823486328
image_65, 24, 1.6112757921218872, 0.3395012617111206, 23.9630184173584
image_65, 25, 1.6908625364303589, 0.35826241970062256, 24.960643768310547
image_65, 26, 1.7687692642211914, 0.3762410581111908, 25.958383560180664
image_65, 27, 1.8404382467269897, 0.39172807335853577, 26.956581115722656
image_65, 28, 1.9137881994247437, 0.4082966148853302, 27.95465850830078
image_65, 29, 1.986129641532898, 0.4246482253074646, 28.952741622924805
image_65, 30, 2.0589489936828613, 0.4410735070705414, 29.95079231262207
image_137, 1, 0.048340167850255966, 0.007588449399918318, 0.9995198249816895
image_137, 2, 0.09440004825592041, 0.014255931600928307, 1.9991557598114014
image_137, 3, 0.14165686070919037, 0.021231552585959435, 2.9986298084259033
image_137, 4, 0.18673637509346008, 0.02765277773141861, 3.998173475265503
image_137, 5, 0.23385077714920044, 0.03463221341371536, 4.997622489929199
image_137, 6, 0.2782464027404785, 0.04092152416706085, 5.997199058532715
image_137, 7, 0.321834921836853, 0.04712434485554695, 6.9968061447143555
image_137, 8, 0.36572322249412537, 0.05346330255270004, 7.9964118003845215
image_137, 9, 0.41001006960868835, 0.059868037700653076, 8.99604320526123
image_137, 10, 0.4539925754070282, 0.06622295081615448, 9.995692253112793
image_137, 11, 0.497601717710495, 0.07241450995206833, 10.995338439941406
image_137, 12, 0.5411416292190552, 0.07853411883115768, 11.995001792907715
image_137, 13, 0.5867611765861511, 0.0839538648724556, 12.994382858276367
image_137, 14, 0.6364452838897705, 0.09031996876001358, 13.993620872497559
image_137, 15, 0.684839129447937, 0.09643600136041641, 14.992904663085938
image_137, 16, 0.7350636124610901, 0.10303223878145218, 15.992110252380371
image_137, 17, 0.7919053435325623, 0.11129236966371536, 16.99103546142578
image_137, 18, 0.8491989374160767, 0.11970925331115723, 17.98993492126465
image_137, 19, 0.9114769101142883, 0.12952543795108795, 18.988601684570312
image_137, 20, 0.9765501618385315, 0.1402270793914795, 19.98712921142578
image_137, 21, 1.0304230451583862, 0.14782848954200745, 20.98615837097168
image_137, 22, 1.0749200582504272, 0.15332308411598206, 21.98553466796875
image_137, 23, 1.116011142730713, 0.15809954702854156, 22.98501205444336
image_137, 24, 1.1556159257888794, 0.16254016757011414, 23.98453140258789
image_137, 25, 1.2059876918792725, 0.16945932805538177, 24.983657836914062
image_137, 26, 1.2591184377670288, 0.17711368203163147, 25.98267936706543
image_137, 27, 1.3207756280899048, 0.18716111779212952, 26.98133087158203
image_137, 28, 1.3858928680419922, 0.19839923083782196, 27.979795455932617
image_137, 29, 1.4596154689788818, 0.21281801164150238, 28.977764129638672
image_137, 30, 1.5243686437606812, 0.2241780012845993, 29.976228713989258
image_14, 1, 0.06324556469917297, 0.012762270867824554, 0.9987268447875977
image_14, 2, 0.12475719302892685, 0.024641912430524826, 1.9976067543029785
image_14, 3, 0.18774674832820892, 0.03678237274289131, 2.996394634246826
image_14, 4, 0.24699589610099792, 0.047723688185214996, 3.9953722953796387
image_14, 5, 0.3053111135959625, 0.05860753357410431, 4.9943742752075195
image_14, 6, 0.36560362577438354, 0.07041268795728683, 5.993286609649658
image_14, 7, 0.42547139525413513, 0.08199840039014816, 6.9922003746032715
image_14, 8, 0.48125213384628296, 0.0922512412071228, 7.991349697113037
image_14, 9, 0.5383602976799011, 0.102859266102314, 8.990412712097168
image_14, 10, 0.5984997749328613, 0.1144828051328659, 9.989293098449707
image_14, 11, 0.6533204317092896, 0.12423766404390335, 10.988428115844727
image_14, 12, 0.7207493185997009, 0.1385224461555481, 11.98685073852539
image_14, 13, 0.7747650146484375, 0.1480073481798172, 12.986010551452637
image_14, 14, 0.805198073387146, 0.15101593732833862, 13.985820770263672
image_14, 15, 0.83431476354599, 0.1538386344909668, 14.985688209533691
image_14, 16, 0.8669246435165405, 0.15731702744960785, 15.98550033569336
image_14, 17, 0.9135937690734863, 0.16472338140010834, 16.985008239746094
image_14, 18, 0.942263662815094, 0.1674586981534958, 17.984861373901367
image_14, 19, 0.9726245999336243, 0.17054711282253265, 18.98465919494629
image_14, 20, 1.0022916793823242, 0.17343537509441376, 19.9845027923584
image_14, 21, 1.0307278633117676, 0.17613692581653595, 20.984357833862305
image_14, 22, 1.0587973594665527, 0.17866528034210205, 21.984233856201172
image_14, 23, 1.1126980781555176, 0.1876267045736313, 22.9834041595459
image_14, 24, 1.1644655466079712, 0.19586604833602905, 23.982662200927734
image_14, 25, 1.2188183069229126, 0.20488910377025604, 24.981809616088867
image_14, 26, 1.270150899887085, 0.21307221055030823, 25.98110580444336
image_14, 27, 1.3006937503814697, 0.21609292924404144, 26.980953216552734
image_14, 28, 1.349700689315796, 0.22352156043052673, 27.980243682861328
image_14, 29, 1.4054338932037354, 0.23351019620895386, 28.979272842407227
image_14, 30, 1.4590718746185303, 0.2429124265909195, 29.97838592529297
image_68, 1, 0.054019708186388016, 0.008596732281148434, 0.9992371797561646
image_68, 2, 0.09678519517183304, 0.014502104371786118, 1.998889446258545
image_68, 3, 0.142242431640625, 0.020856721326708794, 2.9984402656555176
image_68, 4, 0.18439120054244995, 0.026388298720121384, 3.998041868209839
image_68, 5, 0.22441524267196655, 0.031292155385017395, 4.997674465179443
image_68, 6, 0.2626028060913086, 0.03582509234547615, 5.997308254241943
image_68, 7, 0.3022940456867218, 0.04068974405527115, 6.996885299682617
image_68, 8, 0.337837278842926, 0.04491166025400162, 7.99661111831665
image_68, 9, 0.3752550482749939, 0.04963855445384979, 8.996334075927734
image_68, 10, 0.4178752601146698, 0.0553826242685318, 9.995959281921387
image_68, 11, 0.45996570587158203, 0.06092062592506409, 10.995593070983887
image_68, 12, 0.49989959597587585, 0.06602071970701218, 11.995279312133789
image_68, 13, 0.5380271077156067, 0.07068613171577454, 12.995006561279297
image_68, 14, 0.5830305218696594, 0.07680311799049377, 13.994524002075195
image_68, 15, 0.6312756538391113, 0.08375692367553711, 14.993951797485352
image_68, 16, 0.6926572918891907, 0.09467518329620361, 15.99280834197998
image_68, 17, 0.7501647472381592, 0.1041964516043663, 16.99187660217285
image_68, 18, 0.7888274788856506, 0.10897354781627655, 17.991579055786133
image_68, 19, 0.8220254778862, 0.11226459592580795, 18.99127960205078
image_68, 20, 0.8621813654899597, 0.11702095717191696, 19.990764617919922
image_68, 21, 0.8917295336723328, 0.11997001618146896, 20.990530014038086
image_68, 22, 0.9188638925552368, 0.12240777164697647, 21.9903564453125
image_68, 23, 0.9492157697677612, 0.12564800679683685, 22.990089416503906
image_68, 24, 0.9822388887405396, 0.12924982607364655, 23.989776611328125
image_68, 25, 1.0179096460342407, 0.13321997225284576, 24.989404678344727
image_68, 26, 1.0542311668395996, 0.13722127676010132, 25.9890193939209
image_68, 27, 1.088960886001587, 0.14094018936157227, 26.988677978515625
image_68, 28, 1.1179203987121582, 0.14349518716335297, 27.988500595092773
image_68, 29, 1.144832730293274, 0.1457189917564392, 28.988359451293945
image_68, 30, 1.1725895404815674, 0.14821764826774597, 29.988197326660156
image_96, 1, 0.051396578550338745, 0.007970568723976612, 0.9992997646331787
image_96, 2, 0.10267429053783417, 0.015664778649806976, 1.9986038208007812
image_96, 3, 0.17631781101226807, 0.030542287975549698, 2.9967784881591797
image_96, 4, 0.24988265335559845, 0.04566759243607521, 3.994950532913208
image_96, 5, 0.29226699471473694, 0.05204042047262192, 4.994281768798828
image_96, 6, 0.3292621076107025, 0.05781026557087898, 5.9937334060668945
image_96, 7, 0.3862459659576416, 0.06774431467056274, 6.99273157119751
image_96, 8, 0.43281570076942444, 0.07556707412004471, 7.992038249969482
image_96, 9, 0.47952526807785034, 0.08298234641551971, 8.991415023803711
image_96, 10, 0.5246429443359375, 0.09014739841222763, 9.990849494934082
image_96, 11, 0.576196551322937, 0.09872706979513168, 10.989883422851562
image_96, 12, 0.6326286196708679, 0.10871803015470505, 11.988722801208496
image_96, 13, 0.6802363395690918, 0.11663486063480377, 12.987873077392578
image_96, 14, 0.7220730185508728, 0.12317348271608353, 13.98720932006836
image_96, 15, 0.7548148036003113, 0.12760648131370544, 14.986842155456543
image_96, 16, 0.7879458665847778, 0.13167622685432434, 15.986515998840332
image_96, 17, 0.8331484198570251, 0.13776566088199615, 16.985857009887695
image_96, 18, 0.883017361164093, 0.14475396275520325, 17.985031127929688
image_96, 19, 0.9299827218055725, 0.15097074210643768, 18.984298706054688
image_96, 20, 0.9708377122879028, 0.15584658086299896, 19.9837646484375
image_96, 21, 1.0129237174987793, 0.1608591228723526, 20.983205795288086
image_96, 22, 1.0596129894256592, 0.1669120341539383, 21.982486724853516
image_96, 23, 1.1013907194137573, 0.17192736268043518, 22.981935501098633
image_96, 24, 1.1358681917190552, 0.1755155324935913, 23.981592178344727
image_96, 25, 1.1643966436386108, 0.17787666618824005, 24.98142433166504
image_96, 26, 1.1904332637786865, 0.17998267710208893, 25.981307983398438
image_96, 27, 1.2393490076065063, 0.18637602031230927, 26.980480194091797
image_96, 28, 1.2806942462921143, 0.19112654030323029, 27.97991371154785
image_96, 29, 1.3228161334991455, 0.1961652785539627, 28.979310989379883
image_96, 30, 1.353217363357544, 0.19894887506961823, 29.979066848754883
image_27, 1, 0.06345263868570328, 0.013489710167050362, 0.998936116695404
image_27, 2, 0.12449096143245697, 0.025650523602962494, 1.997964859008789
image_27, 3, 0.18307873606681824, 0.037154361605644226, 2.9971344470977783
image_27, 4, 0.2490767538547516, 0.05098789930343628, 3.995914936065674
image_27, 5, 0.312385231256485, 0.06375890225172043, 4.994875431060791
image_27, 6, 0.3775651454925537, 0.07730307430028915, 5.993706703186035
image_27, 7, 0.4440007209777832, 0.09142421931028366, 6.992371082305908
image_27, 8, 0.504746675491333, 0.10377416759729385, 7.991386413574219
image_27, 9, 0.5722078680992126, 0.11854103207588196, 8.989986419677734
image_27, 10, 0.6332501173019409, 0.13084644079208374, 9.988941192626953
image_27, 11, 0.6895692944526672, 0.1416218876838684, 10.988187789916992
image_27, 12, 0.7506401538848877, 0.15351131558418274, 11.987177848815918
image_27, 13, 0.8187968730926514, 0.16795749962329865, 12.985727310180664
image_27, 14, 0.8873934745788574, 0.18296118080615997, 13.98421573638916
image_27, 15, 0.9584161043167114, 0.1991216540336609, 14.98255729675293
image_27, 16, 1.018902063369751, 0.21126481890678406, 15.981552124023438
image_27, 17, 1.05458664894104, 0.2159719616174698, 16.98133087158203
image_27, 18, 1.0894923210144043, 0.22032514214515686, 17.981136322021484
image_27, 19, 1.1240112781524658, 0.22457540035247803, 18.980937957763672
image_27, 20, 1.1588448286056519, 0.22885027527809143, 19.980712890625
image_27, 21, 1.19635808467865, 0.23387128114700317, 20.980411529541016
image_27, 22, 1.2331594228744507, 0.23878733813762665, 21.980112075805664
image_27, 23, 1.268783688545227, 0.24335132539272308, 22.979860305786133
image_27, 24, 1.3044507503509521, 0.2479848861694336, 23.97960662841797
image_27, 25, 1.3407505750656128, 0.25280922651290894, 24.979372024536133
image_27, 26, 1.3766759634017944, 0.2574666440486908, 25.979154586791992
image_27, 27, 1.4117865562438965, 0.26170116662979126, 26.978919982910156
image_27, 28, 1.44736647605896, 0.26631098985671997, 27.978681564331055
image_27, 29, 1.4883277416229248, 0.27168163657188416, 28.978248596191406
image_27, 30, 1.526063084602356, 0.2766069173812866, 29.977964401245117
image_79, 1, 0.07251274585723877, 0.016245044767856598, 0.9984148740768433
image_79, 2, 0.14182345569133759, 0.031093794852495193, 1.997025489807129
image_79, 3, 0.21811358630657196, 0.048685312271118164, 2.995173215866089
image_79, 4, 0.2970830202102661, 0.06762733310461044, 3.9930825233459473
image_79, 5, 0.3779696524143219, 0.08738699555397034, 4.990849494934082
image_79, 6, 0.4494398832321167, 0.10357434302568436, 5.9892897605896
image_79, 7, 0.5199162364006042, 0.11923954635858536, 6.987757682800293
image_79, 8, 0.586075484752655, 0.13305743038654327, 7.986523628234863
image_79, 9, 0.6550473570823669, 0.14794638752937317, 8.985066413879395
image_79, 10, 0.731895923614502, 0.16583429276943207, 9.983084678649902
image_79, 11, 0.8064408302307129, 0.182987779378891, 10.981191635131836
image_79, 12, 0.873353123664856, 0.19765469431877136, 11.979769706726074
image_79, 13, 0.9424821138381958, 0.2128210812807083, 12.978241920471191
image_79, 14, 1.0184096097946167, 0.23031143844127655, 13.976288795471191
image_79, 15, 1.0992815494537354, 0.24992325901985168, 14.973987579345703
image_79, 16, 1.1640061140060425, 0.26361751556396484, 15.972729682922363
image_79, 17, 1.2422527074813843, 0.281810462474823, 16.97063636779785
image_79, 18, 1.3082325458526611, 0.2956354022026062, 17.969301223754883
image_79, 19, 1.3548732995986938, 0.30256372690200806, 18.968677520751953
image_79, 20, 1.3938754796981812, 0.3076019287109375, 19.968292236328125
image_79, 21, 1.4392842054367065, 0.31414344906806946, 20.96761703491211
image_79, 22, 1.4815094470977783, 0.32003533840179443, 21.967105865478516
image_79, 23, 1.5285863876342773, 0.3268483579158783, 22.966421127319336
image_79, 24, 1.5773937702178955, 0.3342220187187195, 23.965656280517578
image_79, 25, 1.6264047622680664, 0.3416057527065277, 24.964874267578125
image_79, 26, 1.6676692962646484, 0.3473033308982849, 25.964475631713867
image_79, 27, 1.7171061038970947, 0.3545351028442383, 26.963699340820312
image_79, 28, 1.7675480842590332, 0.3622688949108124, 27.962858200073242
image_79, 29, 1.8144701719284058, 0.36906594038009644, 28.962221145629883
image_79, 30, 1.8623294830322266, 0.376207560300827, 29.961530685424805
image_50, 1, 0.04640233516693115, 0.00704991677775979, 0.9995603561401367
image_50, 2, 0.10226625949144363, 0.016533508896827698, 1.9987032413482666
image_50, 3, 0.15336041152477264, 0.024548329412937164, 2.9980974197387695
image_50, 4, 0.19880954921245575, 0.03167950361967087, 3.9976725578308105
image_50, 5, 0.243211567401886, 0.03808443248271942, 4.99729061126709
image_50, 6, 0.28724178671836853, 0.04398473724722862, 5.996912002563477
image_50, 7, 0.3305880129337311, 0.049734752625226974, 6.99653434753418
image_50, 8, 0.3729349970817566, 0.05529152974486351, 7.9961628913879395
image_50, 9, 0.417208731174469, 0.06132817268371582, 8.995720863342285
image_50, 10, 0.460835337638855, 0.06728775799274445, 9.995299339294434
image_50, 11, 0.5057135820388794, 0.07369371503591537, 10.994834899902344
image_50, 12, 0.552640438079834, 0.08059164136648178, 11.994302749633789
image_50, 13, 0.5984383821487427, 0.08695864677429199, 12.99382495880127
image_50, 14, 0.6281299591064453, 0.08983315527439117, 13.993637084960938
image_50, 15, 0.6575374603271484, 0.09273920208215714, 14.993452072143555
image_50, 16, 0.684535026550293, 0.09507051110267639, 15.993332862854004
image_50, 17, 0.7117770314216614, 0.09761175513267517, 16.993202209472656
image_50, 18, 0.7422835826873779, 0.10079699754714966, 17.99298667907715
image_50, 19, 0.7719292640686035, 0.10381516069173813, 18.992780685424805
image_50, 20, 0.7994536757469177, 0.10632642358541489, 19.992626190185547
image_50, 21, 0.8274537920951843, 0.1089223325252533, 20.99245262145996
image_50, 22, 0.8627848029136658, 0.1128174439072609, 21.99208641052246
image_50, 23, 0.8953736424446106, 0.11624207347631454, 22.991788864135742
image_50, 24, 0.9265795946121216, 0.11952421069145203, 23.991514205932617
image_50, 25, 0.9544423818588257, 0.12199010699987411, 24.99135398864746
image_50, 26, 0.9831294417381287, 0.12465725839138031, 25.991180419921875
image_50, 27, 1.0315660238265991, 0.1318277269601822, 26.990646362304688
image_50, 28, 1.0791131258010864, 0.1388414204120636, 27.990154266357422
image_50, 29, 1.1240483522415161, 0.14530587196350098, 28.98975372314453
image_50, 30, 1.1744539737701416, 0.15304666757583618, 29.9891414642334
image_128, 1, 0.045415740460157394, 0.006406107451766729, 0.9995887279510498
image_128, 2, 0.09217754006385803, 0.012942391447722912, 1.9991263151168823
image_128, 3, 0.13570913672447205, 0.01879996433854103, 2.9987473487854004
image_128, 4, 0.17962832748889923, 0.024732396006584167, 3.9983620643615723
image_128, 5, 0.22486244142055511, 0.031004369258880615, 4.997933387756348
image_128, 6, 0.268276572227478, 0.036840714514255524, 5.997550010681152
image_128, 7, 0.3087001144886017, 0.04216066747903824, 6.9972381591796875
image_128, 8, 0.3546109199523926, 0.048641182482242584, 7.996729850769043
image_128, 9, 0.39760321378707886, 0.05442625656723976, 8.996316909790039
image_128, 10, 0.44324034452438354, 0.060822948813438416, 9.995829582214355
image_128, 11, 0.48557108640670776, 0.06639613956212997, 10.995476722717285
image_128, 12, 0.5275143980979919, 0.07210434973239899, 11.9951171875
image_128, 13, 0.570216953754425, 0.0782836452126503, 12.99464225769043
image_128, 14, 0.6018294095993042, 0.08131257444620132, 13.994407653808594
image_128, 15, 0.6408424973487854, 0.08547871559858322, 14.993989944458008
image_128, 16, 0.6846811175346375, 0.09064522385597229, 15.993425369262695
image_128, 17, 0.7264633178710938, 0.09545160084962845, 16.992919921875
image_128, 18, 0.7700133919715881, 0.1005445271730423, 17.99235725402832
image_128, 19, 0.8091697096824646, 0.10473371297121048, 18.99191665649414
image_128, 20, 0.8444845676422119, 0.10823836177587509, 19.9915771484375
image_128, 21, 0.8759621977806091, 0.11112158745527267, 20.991334915161133
image_128, 22, 0.9193633198738098, 0.1162862777709961, 21.990734100341797
image_128, 23, 0.9548842906951904, 0.1200050637125969, 22.990371704101562
image_128, 24, 0.9819161295890808, 0.1222091093659401, 23.990249633789062
image_128, 25, 1.014116644859314, 0.1252225637435913, 24.98999786376953
image_128, 26, 1.0452003479003906, 0.12808790802955627, 25.989776611328125
image_128, 27, 1.0747439861297607, 0.1307789534330368, 26.989587783813477
image_128, 28, 1.107530951499939, 0.13400858640670776, 27.989309310913086
image_128, 29, 1.1371986865997314, 0.13672611117362976, 28.989120483398438
image_128, 30, 1.1684798002243042, 0.13956652581691742, 29.98891830444336
image_119, 1, 0.05719282105565071, 0.01008467935025692, 0.9992256760597229
image_119, 2, 0.11059257388114929, 0.018885433673858643, 1.9986066818237305
image_119, 3, 0.16155123710632324, 0.027065079659223557, 2.9980416297912598
image_119, 4, 0.2181382179260254, 0.03669307380914688, 3.9971747398376465
image_119, 5, 0.26940375566482544, 0.04488539323210716, 4.996556282043457
image_119, 6, 0.3180375397205353, 0.05232357233762741, 5.996049404144287
image_119, 7, 0.3644298315048218, 0.0592128187417984, 6.99563455581665
image_119, 8, 0.40992623567581177, 0.0659395307302475, 7.995293617248535
image_119, 9, 0.45742154121398926, 0.07314325124025345, 8.994878768920898
image_119, 10, 0.5114452838897705, 0.08204815536737442, 9.994124412536621
image_119, 11, 0.5546974539756775, 0.08803576976060867, 10.993785858154297
image_119, 12, 0.5975887179374695, 0.09401669353246689, 11.993435859680176
image_119, 13, 0.6433911323547363, 0.10063285380601883, 12.992947578430176
image_119, 14, 0.6889339685440063, 0.10693258792161942, 13.99242877960205
image_119, 15, 0.7329647541046143, 0.11291074007749557, 14.991985321044922
image_119, 16, 0.7764856219291687, 0.11884862929582596, 15.991597175598145
image_119, 17, 0.8247586488723755, 0.1259656697511673, 16.99104881286621
image_119, 18, 0.8708500266075134, 0.13231366872787476, 17.990583419799805
image_119, 19, 0.899963915348053, 0.13473689556121826, 18.990421295166016
image_119, 20, 0.9313094019889832, 0.1374536007642746, 19.990205764770508
image_119, 21, 0.9644835591316223, 0.14045646786689758, 20.98995590209961
image_119, 22, 1.0075113773345947, 0.14595943689346313, 21.989587783813477
image_119, 23, 1.053253173828125, 0.15204811096191406, 22.989118576049805
image_119, 24, 1.097861886024475, 0.15793485939502716, 23.988693237304688
image_119, 25, 1.1437731981277466, 0.1642761081457138, 24.988252639770508
image_119, 26, 1.1920009851455688, 0.17118307948112488, 25.987709045410156
image_119, 27, 1.2406775951385498, 0.17835082113742828, 26.987144470214844
image_119, 28, 1.2927117347717285, 0.18658961355686188, 27.98642349243164
image_119, 29, 1.3362164497375488, 0.19244666397571564, 28.986040115356445
image_119, 30, 1.380639672279358, 0.19853901863098145, 29.985614776611328
image_103, 1, 0.0457841195166111, 0.006253361701965332, 0.9995496273040771
image_103, 2, 0.09632503241300583, 0.0136699378490448, 1.998883605003357
image_103, 3, 0.14401477575302124, 0.020339908078312874, 2.9983201026916504
image_103, 4, 0.18692761659622192, 0.02601548843085766, 3.9979472160339355
image_103, 5, 0.23111146688461304, 0.03208499774336815, 4.997544765472412
image_103, 6, 0.27595460414886475, 0.03837636113166809, 5.9971418380737305
image_103, 7, 0.32303303480148315, 0.04522092267870903, 6.996655464172363
image_103, 8, 0.3704671561717987, 0.052409060299396515, 7.996136665344238
image_103, 9, 0.4193979799747467, 0.05997180938720703, 8.995491027832031
image_103, 10, 0.48125743865966797, 0.07136210054159164, 9.994302749633789
image_103, 11, 0.5318745970726013, 0.07925709336996078, 10.99368953704834
image_103, 12, 0.5782566666603088, 0.08594566583633423, 11.993237495422363
image_103, 13, 0.6206054091453552, 0.09168882668018341, 12.992905616760254
image_103, 14, 0.6666502356529236, 0.0983697846531868, 13.99241828918457
image_103, 15, 0.694793164730072, 0.10087929666042328, 14.992283821105957
image_103, 16, 0.7214922308921814, 0.10317609459161758, 15.992165565490723
image_103, 17, 0.750266432762146, 0.10577382892370224, 16.992013931274414
image_103, 18, 0.7834821939468384, 0.10908230394124985, 17.991771697998047
image_103, 19, 0.8119634389877319, 0.11155794560909271, 18.991640090942383
image_103, 20, 0.83855801820755, 0.11376500129699707, 19.991533279418945
image_103, 21, 0.8666889071464539, 0.11618360877037048, 20.991378784179688
image_103, 22, 0.9025583863258362, 0.11984341591596603, 21.991008758544922
image_103, 23, 0.943002462387085, 0.12436167150735855, 22.990488052368164
image_103, 24, 0.9702592492103577, 0.12664860486984253, 23.99034881591797
image_103, 25, 0.9986580610275269, 0.12919160723686218, 24.990196228027344
image_103, 26, 1.0257298946380615, 0.1314830780029297, 25.99007797241211
image_103, 27, 1.0530540943145752, 0.13385902345180511, 26.989952087402344
image_103, 28, 1.1125595569610596, 0.1442054957151413, 27.9887638092041
image_103, 29, 1.1744192838668823, 0.15561258792877197, 28.98746681213379
image_103, 30, 1.226622462272644, 0.16422900557518005, 29.98670768737793
image_24, 1, 0.06689239293336868, 0.013882755301892757, 0.9987021088600159
image_24, 2, 0.13555583357810974, 0.028427325189113617, 1.9972947835922241
image_24, 3, 0.19769832491874695, 0.04087463766336441, 2.996298313140869
image_24, 4, 0.26198047399520874, 0.05435512214899063, 3.995164632797241
image_24, 5, 0.3295868933200836, 0.06925288587808609, 4.993807315826416
image_24, 6, 0.39591699838638306, 0.0836213007569313, 5.992486000061035
image_24, 7, 0.45983362197875977, 0.09714940190315247, 6.9913177490234375
image_24, 8, 0.5245884656906128, 0.11094774305820465, 7.990103244781494
image_24, 9, 0.5897254943847656, 0.12479901313781738, 8.988858222961426
image_24, 10, 0.6561475992202759, 0.13935022056102753, 9.987530708312988
image_24, 11, 0.7139626145362854, 0.15117119252681732, 10.986639022827148
image_24, 12, 0.7728038430213928, 0.1629892885684967, 11.985696792602539
image_24, 13, 0.8339741826057434, 0.17545001208782196, 12.984664916992188
image_24, 14, 0.9021504521369934, 0.19039765000343323, 13.983267784118652
image_24, 15, 0.9757768511772156, 0.20722559094429016, 14.981512069702148
image_24, 16, 1.016022801399231, 0.21290569007396698, 15.98111629486084
image_24, 17, 1.053674578666687, 0.21831537783145905, 16.980854034423828
image_24, 18, 1.093045949935913, 0.2240581512451172, 17.980579376220703
image_24, 19, 1.1308486461639404, 0.22941289842128754, 18.980302810668945
image_24, 20, 1.1720850467681885, 0.23518681526184082, 19.979843139648438
image_24, 21, 1.2089942693710327, 0.24051859974861145, 20.979568481445312
image_24, 22, 1.2452389001846313, 0.24571871757507324, 21.97929573059082
image_24, 23, 1.2822048664093018, 0.25116831064224243, 22.979007720947266
image_24, 24, 1.3186966180801392, 0.25650754570961, 23.97873306274414
image_24, 25, 1.356315016746521, 0.26208847761154175, 24.978471755981445
image_24, 26, 1.3953880071640015, 0.2677505612373352, 25.97816276550293
image_24, 27, 1.4559599161148071, 0.28002339601516724, 26.97718048095703
image_24, 28, 1.5249539613723755, 0.2950616776943207, 27.975765228271484
image_24, 29, 1.583297848701477, 0.3066701591014862, 28.974966049194336
image_24, 30, 1.645424723625183, 0.31915414333343506, 29.9738826751709
image_143, 1, 0.05168033018708229, 0.00831019040197134, 0.9995372295379639
image_143, 2, 0.10147789120674133, 0.016066402196884155, 1.9991295337677002
image_143, 3, 0.15193480253219604, 0.024032359942793846, 2.998721122741699
image_143, 4, 0.20217281579971313, 0.03201567381620407, 3.9983253479003906
image_143, 5, 0.25272810459136963, 0.04015156999230385, 4.997912883758545
image_143, 6, 0.3022235333919525, 0.04784482717514038, 5.997539520263672
image_143, 7, 0.35074496269226074, 0.05523456260561943, 6.997183322906494
image_143, 8, 0.39802831411361694, 0.062322959303855896, 7.996830463409424
image_143, 9, 0.4473695456981659, 0.06972848623991013, 8.996430397033691
image_143, 10, 0.4969582259654999, 0.07740394026041031, 9.99603271484375
image_143, 11, 0.5475552082061768, 0.08558621257543564, 10.995576858520508
image_143, 12, 0.5963137745857239, 0.09318560361862183, 11.995190620422363
image_143, 13, 0.6462976336479187, 0.10087951272726059, 12.994759559631348
image_143, 14, 0.6960369348526001, 0.10841260105371475, 13.994354248046875
image_143, 15, 0.7449178695678711, 0.11585016548633575, 14.993968963623047
image_143, 16, 0.7879096865653992, 0.12104114145040512, 15.993526458740234
image_143, 17, 0.8319820761680603, 0.12641006708145142, 16.993032455444336
image_143, 18, 0.8711283802986145, 0.13073022663593292, 17.992673873901367
image_143, 19, 0.9086713194847107, 0.13466346263885498, 18.99236488342285
image_143, 20, 0.9510372877120972, 0.139573335647583, 19.991910934448242
image_143, 21, 0.9875729084014893, 0.14335711300373077, 20.991621017456055
image_143, 22, 1.0197176933288574, 0.14637351036071777, 21.991437911987305
image_143, 23, 1.0485624074935913, 0.14889216423034668, 22.99131202697754
image_143, 24, 1.0819462537765503, 0.15211166441440582, 23.991092681884766
image_143, 25, 1.1217594146728516, 0.15657025575637817, 24.990694046020508
image_143, 26, 1.1539013385772705, 0.15968261659145355, 25.9904727935791
image_143, 27, 1.2160446643829346, 0.1709265112876892, 26.989402770996094
image_143, 28, 1.2676981687545776, 0.17892862856388092, 27.98885726928711
image_143, 29, 1.3153008222579956, 0.1857530176639557, 28.988428115844727
image_143, 30, 1.3624451160430908, 0.19267232716083527, 29.987998962402344
image_12, 1, 0.08654490858316422, 0.013654716312885284, 0.999163031578064
image_12, 2, 0.17028579115867615, 0.02709902636706829, 1.998347520828247
image_12, 3, 0.2473103255033493, 0.04110446944832802, 2.997478485107422
image_12, 4, 0.3274614214897156, 0.05541001260280609, 3.9965577125549316
image_12, 5, 0.4223633110523224, 0.070720374584198, 4.995395660400391
image_12, 6, 0.5042791962623596, 0.08371353894472122, 5.994511127471924
image_12, 7, 0.5911506414413452, 0.0968177542090416, 6.993595123291016
image_12, 8, 0.6766996383666992, 0.1097039058804512, 7.992728233337402
image_12, 9, 0.7613933682441711, 0.12289898842573166, 8.991811752319336
image_12, 10, 0.8348543643951416, 0.13428592681884766, 9.99108600616455
image_12, 11, 0.915310800075531, 0.14855040609836578, 10.989775657653809
image_12, 12, 0.9977656006813049, 0.16303029656410217, 11.988485336303711
image_12, 13, 1.0781365633010864, 0.17540141940116882, 12.987598419189453
image_12, 14, 1.155576229095459, 0.1898045688867569, 13.986330032348633
image_12, 15, 1.2381805181503296, 0.20635506510734558, 14.984662055969238
image_12, 16, 1.322503685951233, 0.2220575213432312, 15.983137130737305
image_12, 17, 1.414190411567688, 0.23752176761627197, 16.981653213500977
image_12, 18, 1.503301978111267, 0.2532431185245514, 17.9800968170166
image_12, 19, 1.5905320644378662, 0.2674378454685211, 18.978805541992188
image_12, 20, 1.6462589502334595, 0.27313241362571716, 19.978437423706055
image_12, 21, 1.6977087259292603, 0.27847665548324585, 20.97806167602539
image_12, 22, 1.7466387748718262, 0.28346168994903564, 21.977766036987305
image_12, 23, 1.8004975318908691, 0.2891261875629425, 22.977243423461914
image_12, 24, 1.8529025316238403, 0.29425016045570374, 23.976856231689453
image_12, 25, 1.9415781497955322, 0.30789196491241455, 24.975561141967773
image_12, 26, 2.0255520343780518, 0.3214874565601349, 25.974273681640625
image_12, 27, 2.0843114852905273, 0.3276594877243042, 26.973831176757812
image_12, 28, 2.1539623737335205, 0.334392249584198, 27.9732608795166
image_12, 29, 2.20708966255188, 0.3396998941898346, 28.972896575927734
image_12, 30, 2.258657217025757, 0.3452586829662323, 29.97249412536621
image_113, 1, 0.044930700212717056, 0.006542125251144171, 0.9996417760848999
image_113, 2, 0.08801640570163727, 0.012753085233271122, 1.9993276596069336
image_113, 3, 0.13158270716667175, 0.0191049762070179, 2.9989988803863525
image_113, 4, 0.17579813301563263, 0.025569286197423935, 3.9986488819122314
image_113, 5, 0.21780849993228912, 0.03147083893418312, 4.998342990875244
image_113, 6, 0.26532694697380066, 0.03864710032939911, 5.997827529907227
image_113, 7, 0.3080616295337677, 0.04463549703359604, 6.997511386871338
image_113, 8, 0.3533005118370056, 0.05120432749390602, 7.997141361236572
image_113, 9, 0.3991265594959259, 0.05818026140332222, 8.996777534484863
image_113, 10, 0.44946351647377014, 0.0664023756980896, 9.996208190917969
image_113, 11, 0.5006529688835144, 0.0748872458934784, 10.995621681213379
image_113, 12, 0.5476284623146057, 0.0822359099984169, 11.99521255493164
image_113, 13, 0.5959307551383972, 0.09003309160470963, 12.994779586791992
image_113, 14, 0.6461560726165771, 0.0981922373175621, 13.99422836303711
image_113, 15, 0.6992079615592957, 0.1055946797132492, 14.993359565734863
image_113, 16, 0.7358307838439941, 0.10930338501930237, 15.993042945861816
image_113, 17, 0.7677302956581116, 0.1123059019446373, 16.992843627929688
image_113, 18, 0.8052107095718384, 0.11619982868432999, 17.992496490478516
image_113, 19, 0.8428309559822083, 0.12012038379907608, 18.992137908935547
image_113, 20, 0.87477046251297, 0.12314097583293915, 19.991924285888672
image_113, 21, 0.9097956418991089, 0.12667304277420044, 20.99162483215332
image_113, 22, 0.9440582990646362, 0.13000227510929108, 21.99134063720703
image_113, 23, 0.9792536497116089, 0.13345184922218323, 22.991039276123047
image_113, 24, 1.016616702079773, 0.13732144236564636, 23.990680694580078
image_113, 25, 1.0475667715072632, 0.14015114307403564, 24.990493774414062
image_113, 26, 1.0801409482955933, 0.14325614273548126, 25.990276336669922
image_113, 27, 1.1093028783798218, 0.1458238661289215, 26.990127563476562
image_113, 28, 1.1470372676849365, 0.150518998503685, 27.989839553833008
image_113, 29, 1.1865301132202148, 0.15527242422103882, 28.989442825317383
image_113, 30, 1.2292718887329102, 0.16140969097614288, 29.989070892333984
image_112, 1, 0.06146654486656189, 0.01162346638739109, 0.9987961053848267
image_112, 2, 0.12526899576187134, 0.023769361898303032, 1.9974796772003174
image_112, 3, 0.18075741827487946, 0.03318778797984123, 2.996582269668579
image_112, 4, 0.23354622721672058, 0.04194574058055878, 3.9958248138427734
image_112, 5, 0.28789591789245605, 0.05115538835525513, 4.995028018951416
image_112, 6, 0.3424455523490906, 0.06054520234465599, 5.994193077087402
image_112, 7, 0.4072626233100891, 0.07321701943874359, 6.992732524871826
image_112, 8, 0.47069311141967773, 0.08520050346851349, 7.991369247436523
image_112, 9, 0.5202003717422485, 0.09287796169519424, 8.990692138671875
image_112, 10, 0.5713950395584106, 0.10128514468669891, 9.989949226379395
image_112, 11, 0.6353292465209961, 0.11363118886947632, 10.988560676574707
image_112, 12, 0.6934010982513428, 0.1239570900797844, 11.987491607666016
image_112, 13, 0.7605681419372559, 0.13722194731235504, 12.985929489135742
image_112, 14, 0.8128532767295837, 0.14579685032367706, 13.985150337219238
image_112, 15, 0.8775878548622131, 0.15813806653022766, 14.983744621276855
image_112, 16, 0.9057239294052124, 0.1605246216058731, 15.983567237854004
image_112, 17, 0.9319416880607605, 0.16265246272087097, 16.98345375061035
image_112, 18, 0.9590002298355103, 0.16494888067245483, 17.98332405090332
image_112, 19, 0.986004650592804, 0.16717472672462463, 18.983171463012695
image_112, 20, 1.0119507312774658, 0.16915373504161835, 19.983051300048828
image_112, 21, 1.0377137660980225, 0.17110447585582733, 20.98293113708496
image_112, 22, 1.0650018453598022, 0.1732839196920395, 21.982776641845703
image_112, 23, 1.1036330461502075, 0.17729927599430084, 22.9823055267334
image_112, 24, 1.1434921026229858, 0.18155743181705475, 23.98179817199707
image_112, 25, 1.1814758777618408, 0.18546552956104279, 24.98134422302246
image_112, 26, 1.2336372137069702, 0.19364240765571594, 25.980548858642578
image_112, 27, 1.282088279724121, 0.200941801071167, 26.979928970336914
image_112, 28, 1.3338520526885986, 0.20918141305446625, 27.97917366027832
image_112, 29, 1.3894370794296265, 0.21870361268520355, 28.978235244750977
image_112, 30, 1.4412144422531128, 0.22712557017803192, 29.977460861206055
image_62, 1, 0.07033050060272217, 0.015230944380164146, 0.9984436631202698
image_62, 2, 0.13700592517852783, 0.029085233807563782, 1.9970977306365967
image_62, 3, 0.2130831778049469, 0.04657842218875885, 2.995074987411499
image_62, 4, 0.27783554792404175, 0.05982700735330582, 3.993809938430786
image_62, 5, 0.35026878118515015, 0.07551497966051102, 4.992133617401123
image_62, 6, 0.41666942834854126, 0.08912792801856995, 5.99083948135376
image_62, 7, 0.4880971610546112, 0.10487798601388931, 6.989213943481445
image_62, 8, 0.5589265823364258, 0.12028741836547852, 7.987651824951172
image_62, 9, 0.6339466571807861, 0.13683399558067322, 8.985811233520508
image_62, 10, 0.7025458812713623, 0.15136638283729553, 9.984379768371582
image_62, 11, 0.7676928043365479, 0.16487370431423187, 10.983184814453125
image_62, 12, 0.8294458389282227, 0.17716637253761292, 11.982165336608887
image_62, 13, 0.9029533863067627, 0.1938084214925766, 12.980420112609863
image_62, 14, 0.981310248374939, 0.21206223964691162, 13.978392601013184
image_62, 15, 1.0229533910751343, 0.21762725710868835, 14.977978706359863
image_62, 16, 1.061710000038147, 0.22268818318843842, 15.977716445922852
image_62, 17, 1.104512333869934, 0.22844626009464264, 16.977214813232422
image_62, 18, 1.1464505195617676, 0.23395457863807678, 17.976774215698242
image_62, 19, 1.1841295957565308, 0.23855379223823547, 18.976533889770508
image_62, 20, 1.2217817306518555, 0.2430502474308014, 19.976255416870117
image_62, 21, 1.258349061012268, 0.24747560918331146, 20.976030349731445
image_62, 22, 1.2986515760421753, 0.2527238130569458, 21.975627899169922
image_62, 23, 1.336897850036621, 0.2575116753578186, 22.975290298461914
image_62, 24, 1.3839188814163208, 0.2645586431026459, 23.97464942932129
image_62, 25, 1.4565638303756714, 0.28099262714385986, 24.972869873046875
image_62, 26, 1.5288830995559692, 0.2973897457122803, 25.971118927001953
image_62, 27, 1.5995529890060425, 0.3129395544528961, 26.969453811645508
image_62, 28, 1.6710915565490723, 0.32910919189453125, 27.967676162719727
image_62, 29, 1.7431164979934692, 0.34515514969825745, 28.965879440307617
image_62, 30, 1.8148256540298462, 0.3612384796142578, 29.96409034729004
image_10, 1, 0.06209710240364075, 0.010899885557591915, 0.998826265335083
image_10, 2, 0.12516115605831146, 0.022069402039051056, 1.9975570440292358
image_10, 3, 0.17893268167972565, 0.030304957181215286, 2.9967334270477295
image_10, 4, 0.2323366105556488, 0.03849368169903755, 3.9959115982055664
image_10, 5, 0.27657613158226013, 0.04431074485182762, 4.995481491088867
image_10, 6, 0.32308804988861084, 0.050740525126457214, 5.994937419891357
image_10, 7, 0.36583957076072693, 0.05631954222917557, 6.994540214538574
image_10, 8, 0.4114950895309448, 0.06267211586236954, 7.994008541107178
image_10, 9, 0.4557986259460449, 0.06882660835981369, 8.993551254272461
image_10, 10, 0.5099143385887146, 0.07764735817909241, 9.992691040039062
image_10, 11, 0.5637017488479614, 0.0861877053976059, 10.991804122924805
image_10, 12, 0.6159920692443848, 0.09423038363456726, 11.99101448059082
image_10, 13, 0.6746870875358582, 0.10421884804964066, 12.989977836608887
image_10, 14, 0.729659914970398, 0.11298783123493195, 13.989090919494629
image_10, 15, 0.7812912464141846, 0.12091126292943954, 14.988319396972656
image_10, 16, 0.8367154598236084, 0.12994498014450073, 15.987371444702148
image_10, 17, 0.8907636404037476, 0.13836123049259186, 16.986501693725586
image_10, 18, 0.9190739393234253, 0.14097987115383148, 17.98636245727539
image_10, 19, 0.9474198222160339, 0.14335580170154572, 18.986225128173828
image_10, 20, 0.9770019054412842, 0.1458304077386856, 19.986042022705078
image_10, 21, 1.0052176713943481, 0.14811277389526367, 20.985891342163086
image_10, 22, 1.0339256525039673, 0.1504216194152832, 21.9857234954834
image_10, 23, 1.068221092224121, 0.15343336760997772, 22.98539924621582
image_10, 24, 1.0993348360061646, 0.15594595670700073, 23.985164642333984
image_10, 25, 1.1321430206298828, 0.1587083786725998, 24.984874725341797
image_10, 26, 1.1616052389144897, 0.1609722375869751, 25.98465919494629
image_10, 27, 1.190710425376892, 0.1632552295923233, 26.984451293945312
image_10, 28, 1.221078634262085, 0.16573719680309296, 27.98422622680664
image_10, 29, 1.2508111000061035, 0.16830959916114807, 28.984046936035156
image_10, 30, 1.2834250926971436, 0.17139287292957306, 29.983793258666992
image_40, 1, 0.08854224532842636, 0.022916005924344063, 0.9972774982452393
image_40, 2, 0.1675981879234314, 0.04227488487958908, 1.9952967166900635
image_40, 3, 0.2419099509716034, 0.059681084007024765, 2.993659734725952
image_40, 4, 0.32148775458335876, 0.0786418542265892, 3.9916110038757324
image_40, 5, 0.3987908661365509, 0.09660270810127258, 4.989697456359863
image_40, 6, 0.4750850796699524, 0.11438098549842834, 5.987871170043945
image_40, 7, 0.5534135699272156, 0.13244935870170593, 6.985875606536865
image_40, 8, 0.6185010075569153, 0.1459529995918274, 7.9845871925354
image_40, 9, 0.6748485565185547, 0.15644869208335876, 8.98369026184082
image_40, 10, 0.7389195561408997, 0.16935256123542786, 9.982510566711426
image_40, 11, 0.8095319867134094, 0.18464069068431854, 10.981011390686035
image_40, 12, 0.8789643049240112, 0.1998448520898819, 11.97951602935791
image_40, 13, 0.9496302604675293, 0.21533021330833435, 12.977914810180664
image_40, 14, 1.0214301347732544, 0.2309512197971344, 13.976232528686523
image_40, 15, 1.102203607559204, 0.24986697733402252, 14.973977088928223
image_40, 16, 1.1547768115997314, 0.2586650550365448, 15.973149299621582
image_40, 17, 1.190843939781189, 0.2630974352359772, 16.972820281982422
image_40, 18, 1.2291115522384644, 0.26794856786727905, 17.972423553466797
image_40, 19, 1.2660136222839355, 0.2725086212158203, 18.97208595275879
image_40, 20, 1.2977577447891235, 0.27613869309425354, 19.971895217895508
image_40, 21, 1.3291140794754028, 0.27960512042045593, 20.97168731689453
image_40, 22, 1.360382318496704, 0.2832091450691223, 21.971494674682617
image_40, 23, 1.3923451900482178, 0.28689852356910706, 22.971263885498047
image_40, 24, 1.430335521697998, 0.29144522547721863, 23.97083854675293
image_40, 25, 1.4688608646392822, 0.2962302267551422, 24.970413208007812
image_40, 26, 1.5026863813400269, 0.3002417981624603, 25.970163345336914
image_40, 27, 1.5404475927352905, 0.3049536645412445, 26.96977424621582
image_40, 28, 1.6082804203033447, 0.3193317651748657, 27.96823501586914
image_40, 29, 1.6687202453613281, 0.33144286274909973, 28.967060089111328
image_40, 30, 1.7299915552139282, 0.3435758948326111, 29.965805053710938
image_132, 1, 0.06293163448572159, 0.012173621915280819, 0.9990708231925964
image_132, 2, 0.12942758202552795, 0.024988751858472824, 1.997989535331726
image_132, 3, 0.18855801224708557, 0.03549853339791298, 2.997243881225586
image_132, 4, 0.24308320879936218, 0.044912658631801605, 3.996671438217163
image_132, 5, 0.29907548427581787, 0.054811425507068634, 4.996023654937744
image_132, 6, 0.35627323389053345, 0.06476933509111404, 5.99533224105835
image_132, 7, 0.4103225767612457, 0.07399535179138184, 6.994783878326416
image_132, 8, 0.46639955043792725, 0.08405081927776337, 7.994154453277588
image_132, 9, 0.5261248350143433, 0.09491930902004242, 8.993367195129395
image_132, 10, 0.585690438747406, 0.10576838999986649, 9.992542266845703
image_132, 11, 0.6493828892707825, 0.1178121492266655, 10.99150562286377
image_132, 12, 0.7197704911231995, 0.13243259489536285, 11.990002632141113
image_132, 13, 0.7794668078422546, 0.1432054340839386, 12.989119529724121
image_132, 14, 0.8398532271385193, 0.15453115105628967, 13.988168716430664
image_132, 15, 0.9018003940582275, 0.166476771235466, 14.987159729003906
image_132, 16, 0.9638546109199524, 0.17829085886478424, 15.986170768737793
image_132, 17, 1.0244135856628418, 0.18907319009304047, 16.985233306884766
image_132, 18, 1.0634441375732422, 0.19381272792816162, 17.98495101928711
image_132, 19, 1.1243494749069214, 0.20467916131019592, 18.983909606933594
image_132, 20, 1.1820902824401855, 0.21456791460514069, 19.98303985595703
image_132, 21, 1.2455785274505615, 0.22630909085273743, 20.98187255859375
image_132, 22, 1.3099865913391113, 0.23842252790927887, 21.980667114257812
image_132, 23, 1.374213457107544, 0.2505417466163635, 22.979482650756836
image_132, 24, 1.441235899925232, 0.26372668147087097, 23.978134155273438
image_132, 25, 1.4999715089797974, 0.27400556206703186, 24.97727394104004
image_132, 26, 1.5590850114822388, 0.28432899713516235, 25.97641372680664
image_132, 27, 1.6172592639923096, 0.29456236958503723, 26.975582122802734
image_132, 28, 1.6841577291488647, 0.3076620399951935, 27.974245071411133
image_132, 29, 1.753950834274292, 0.32199686765670776, 28.97272491455078
image_132, 30, 1.8148914575576782, 0.3331802487373352, 29.97178077697754
image_134, 1, 0.06178043782711029, 0.012212936766445637, 0.9993088841438293
image_134, 2, 0.12297408282756805, 0.023742634803056717, 1.9986138343811035
image_134, 3, 0.18609210848808289, 0.035304825752973557, 2.9977688789367676
image_134, 4, 0.24753570556640625, 0.0470801442861557, 3.997001886367798
image_134, 5, 0.3086942434310913, 0.05958341434597969, 4.996267318725586
image_134, 6, 0.3706745505332947, 0.07308916747570038, 5.99552059173584
image_134, 7, 0.43180224299430847, 0.08662251383066177, 6.994784832000732
image_134, 8, 0.49376317858695984, 0.09999826550483704, 7.99405574798584
image_134, 9, 0.5558854937553406, 0.11324713379144669, 8.993277549743652
image_134, 10, 0.6223900318145752, 0.12667453289031982, 9.992335319519043
image_134, 11, 0.6824625134468079, 0.13910675048828125, 10.99167537689209
image_134, 12, 0.7341415882110596, 0.1492936611175537, 11.991097450256348
image_134, 13, 0.7906445860862732, 0.16133221983909607, 12.990341186523438
image_134, 14, 0.8452385067939758, 0.17262093722820282, 13.989641189575195
image_134, 15, 0.8989903926849365, 0.18353712558746338, 14.988972663879395
image_134, 16, 0.9507966041564941, 0.1937573403120041, 15.988372802734375
image_134, 17, 1.0001355409622192, 0.2032540887594223, 16.987815856933594
image_134, 18, 1.0456851720809937, 0.21140822768211365, 17.98737144470215
image_134, 19, 1.0978909730911255, 0.2210402935743332, 18.98676300048828
image_134, 20, 1.1495462656021118, 0.22863316535949707, 19.986011505126953
image_134, 21, 1.2017244100570679, 0.23786123096942902, 20.985429763793945
image_134, 22, 1.2442622184753418, 0.24467290937900543, 21.985063552856445
image_134, 23, 1.289149284362793, 0.2520158886909485, 22.9846248626709
image_134, 24, 1.3410067558288574, 0.26126858592033386, 23.983997344970703
image_134, 25, 1.395807147026062, 0.26936817169189453, 24.983169555664062
image_134, 26, 1.4491132497787476, 0.27949726581573486, 25.98247528076172
image_134, 27, 1.5066889524459839, 0.2905333638191223, 26.98182487487793
image_134, 28, 1.5622433423995972, 0.3012397885322571, 27.981239318847656
image_134, 29, 1.6167020797729492, 0.311858206987381, 28.98064613342285
image_134, 30, 1.6717913150787354, 0.32292360067367554, 29.979982376098633
