Case_ID, Slide_ID, mae, mse, ssim, anomaly
FCB159, 1, 0.04476584121584892, 0.011856508441269398, 0.7889443039894104, 0.05844415958980933
FCB159, 2, 0.04704103618860245, 0.012779117561876774, 0.7868108749389648, 0.058524274955936546
FCB159, 3, 0.04485444352030754, 0.011487339623272419, 0.7959353923797607, 0.057442717513219034
FCB159, 4, 0.04338051378726959, 0.010918715968728065, 0.7987481951713562, 0.05511937189552956
FCB159, 5, 0.04347922280430794, 0.010882577858865261, 0.7915635108947754, 0.05307643005928537
FCB159, 6, 0.04175809025764465, 0.009954742155969143, 0.7905400395393372, 0.050112161512578114
FCB159, 7, 0.036928512156009674, 0.008211169391870499, 0.8006423711776733, 0.044063451369972764
FCB159, 8, 0.03549671545624733, 0.007559382356703281, 0.8071486353874207, 0.04153981733696523
FCB159, 9, 0.03524668887257576, 0.00748877227306366, 0.8152763247489929, 0.04618650857234417
FCB159, 10, 0.036570459604263306, 0.007910427637398243, 0.8109049797058105, 0.04698766223361641
FCB159, 11, 0.03718264773488045, 0.008109956979751587, 0.8097802400588989, 0.04758852747957058
FCB159, 12, 0.03693921118974686, 0.008026255294680595, 0.8082490563392639, 0.04670725845217113
FCB159, 13, 0.03666411340236664, 0.007994385436177254, 0.8129066228866577, 0.05223521871494953
FCB159, 14, 0.036597710102796555, 0.008140438236296177, 0.8124101758003235, 0.04650697003685307
FCB159, 15, 0.038599733263254166, 0.008982283994555473, 0.80328369140625, 0.04498477808043583
FCB159, 16, 0.037558939307928085, 0.008540468290448189, 0.8030431270599365, 0.048710142605351704
FCB159, 17, 0.040460649877786636, 0.009810302406549454, 0.8221549391746521, 0.045225124178817494
FCB159, 18, 0.04217934235930443, 0.010898562148213387, 0.8314260244369507, 0.04434385515141804
FCB159, 19, 0.042072147130966187, 0.010510201565921307, 0.8145637512207031, 0.0479891043102067
FCB159, 20, 0.038599643856287, 0.008795573376119137, 0.8046998381614685, 0.0431821823425733
FCB159, 21, 0.03736365586519241, 0.008348464965820312, 0.8088629841804504, 0.04586604710783528
FCB159, 22, 0.037392508238554, 0.008495274931192398, 0.8074465394020081, 0.048349623457779205
FCB159, 23, 0.04061764106154442, 0.009555728174746037, 0.8054341077804565, 0.050432622977087005
FCB159, 24, 0.041071515530347824, 0.00953577645123005, 0.8081073760986328, 0.05227527639801314
FCB159, 25, 0.04149717837572098, 0.009677032008767128, 0.8060136437416077, 0.049791700048069217
FCB159, 26, 0.04173674434423447, 0.009798536077141762, 0.804862916469574, 0.04891043102066976
FCB159, 27, 0.04414420574903488, 0.010533546097576618, 0.7983664274215698, 0.0479891043102067
FCB159, 28, 0.04901665821671486, 0.012429284863173962, 0.7900596261024475, 0.04722800833199808
FCB159, 29, 0.05090992525219917, 0.013235905207693577, 0.7880347967147827, 0.048349623457779205
FCB159, 30, 0.050108641386032104, 0.012711642310023308, 0.7891891598701477, 0.050873257490786736
FCB038, 1, 0.05842437967658043, 0.016562730073928833, 0.829797625541687, 0.05083319980772312
FCB038, 2, 0.06154569983482361, 0.017875323072075844, 0.8239070773124695, 0.0490306040698606
FCB038, 3, 0.06573473662137985, 0.019709382206201553, 0.8134399652481079, 0.05127383432142285
FCB038, 4, 0.0677972361445427, 0.02079574577510357, 0.8117842078208923, 0.060286813010735456
FCB038, 5, 0.06840340048074722, 0.02100137434899807, 0.8084383010864258, 0.05367729530523954
FCB038, 6, 0.07075914740562439, 0.02235781028866768, 0.8015449047088623, 0.0500721038295145
FCB038, 7, 0.07100385427474976, 0.022328298538923264, 0.7929486036300659, 0.05159429578593174
FCB038, 8, 0.06975945085287094, 0.02153744362294674, 0.7954374551773071, 0.052155103348822306
FCB038, 9, 0.07124654203653336, 0.022390268743038177, 0.8009158968925476, 0.05816375580836405
FCB038, 10, 0.07330194860696793, 0.023699063807725906, 0.8023558259010315, 0.053757410671366766
FCB038, 11, 0.07407945394515991, 0.024193035438656807, 0.8020249605178833, 0.05672167921807403
FCB038, 12, 0.07612629979848862, 0.025161342695355415, 0.8021066784858704, 0.053877583720557606
FCB038, 13, 0.0779246836900711, 0.026181405410170555, 0.7995962500572205, 0.050592853709341454
FCB038, 14, 0.07785160839557648, 0.0263453908264637, 0.793957531452179, 0.050272392244832556
FCB038, 15, 0.07723869383335114, 0.026349369436502457, 0.7846803069114685, 0.05371735298830316
FCB038, 16, 0.07444627583026886, 0.02523001842200756, 0.7853924036026001, 0.05003204614645089
FCB038, 17, 0.07011734694242477, 0.022753501310944557, 0.7876852750778198, 0.052956257010094536
FCB038, 18, 0.06650742143392563, 0.021068790927529335, 0.7911155223846436, 0.05159429578593174
FCB038, 19, 0.060951899737119675, 0.018540633842349052, 0.7915763258934021, 0.05015221919564172
FCB038, 20, 0.06024593859910965, 0.018087059259414673, 0.796309769153595, 0.051394007370613684
FCB038, 21, 0.06547847390174866, 0.02055901102721691, 0.7884936332702637, 0.05031244992789617
FCB038, 22, 0.06703034788370132, 0.021573103964328766, 0.77683424949646, 0.050272392244832556
FCB038, 23, 0.0687493309378624, 0.022174298763275146, 0.7807756662368774, 0.047268066015061685
FCB038, 24, 0.07101064175367355, 0.023253705352544785, 0.7877804636955261, 0.05271591091171287
FCB038, 25, 0.07133408635854721, 0.022966532036662102, 0.7937887907028198, 0.053757410671366766
FCB038, 26, 0.07247167080640793, 0.023277578875422478, 0.7966494560241699, 0.050112161512578114
FCB038, 27, 0.0727141723036766, 0.023435108363628387, 0.80438631772995, 0.05155423810286813
FCB038, 28, 0.07140156626701355, 0.02299637906253338, 0.80390465259552, 0.05624098702131069
FCB038, 29, 0.06984063982963562, 0.022307801991701126, 0.8016471266746521, 0.05335683384073065
FCB038, 30, 0.06999095529317856, 0.021998519077897072, 0.8062748908996582, 0.056120813972119855
5108968, 1, 0.03700033947825432, 0.008666180074214935, 0.8406970500946045, 0.04718795064893447
5108968, 2, 0.039223358035087585, 0.009210752323269844, 0.8384247422218323, 0.047388239064252526
5108968, 3, 0.04129226505756378, 0.009715486317873001, 0.8331342935562134, 0.0528360839609037
5108968, 4, 0.046026572585105896, 0.011254030279815197, 0.8289780020713806, 0.050112161512578114
5108968, 5, 0.04797690361738205, 0.01177956536412239, 0.8293537497520447, 0.04814933504246115
5108968, 6, 0.049506641924381256, 0.012463917955756187, 0.8259907364845276, 0.04955135394968755
5108968, 7, 0.049940429627895355, 0.012622439302504063, 0.8223811984062195, 0.04674731613523474
5108968, 8, 0.05051110312342644, 0.012726109474897385, 0.8259974718093872, 0.04706777759974363
5108968, 9, 0.05035632476210594, 0.012482307851314545, 0.8219128847122192, 0.04678737381829835
5108968, 10, 0.05081826075911522, 0.012611683458089828, 0.8162145614624023, 0.04286172087806441
5108968, 11, 0.051093701273202896, 0.012689598836004734, 0.8145439028739929, 0.05131389200448646
5108968, 12, 0.05076732486486435, 0.012636842206120491, 0.8211671113967896, 0.04955135394968755
5108968, 13, 0.05052957683801651, 0.012496128678321838, 0.8229248523712158, 0.0549190834802115
5108968, 14, 0.052598342299461365, 0.013496137224137783, 0.8150864243507385, 0.053477006889921484
5108968, 15, 0.05224478244781494, 0.013587374240159988, 0.816415011882782, 0.04586604710783528
5108968, 16, 0.04855695366859436, 0.01192010473459959, 0.8183932900428772, 0.04875020028841532
5108968, 17, 0.04752642661333084, 0.01166571956127882, 0.8109158873558044, 0.04650697003685307
5108968, 18, 0.04723371937870979, 0.012012275867164135, 0.8062979578971863, 0.046466912353789455
5108968, 19, 0.05470455065369606, 0.015846192836761475, 0.7959848046302795, 0.046627143086043904
5108968, 20, 0.05028961971402168, 0.013884192332625389, 0.7979870438575745, 0.046907546867489186
5108968, 21, 0.049252480268478394, 0.013472780585289001, 0.8091416358947754, 0.044063451369972764
5108968, 22, 0.049760155379772186, 0.013552420772612095, 0.8158149123191833, 0.04286172087806441
5108968, 23, 0.05248362198472023, 0.014214382506906986, 0.8160344362258911, 0.04622656625540779
5108968, 24, 0.05539216846227646, 0.014926188625395298, 0.8123834133148193, 0.04198045185066496
5108968, 25, 0.05670369416475296, 0.015562104061245918, 0.8026759028434753, 0.048990546386796986
5108968, 26, 0.05888359248638153, 0.0167709868401289, 0.7954577803611755, 0.05099343053997757
5108968, 27, 0.06221795454621315, 0.018688613548874855, 0.791888415813446, 0.04891043102066976
5108968, 28, 0.06178761646151543, 0.018674202263355255, 0.7974068522453308, 0.04530523954494472
5108968, 29, 0.06168366223573685, 0.018609099090099335, 0.7988117337226868, 0.04382310527159109
5108968, 30, 0.06262341886758804, 0.018803874030709267, 0.7977331876754761, 0.04474443198205416
5367467, 1, 0.04390301927924156, 0.01071928534656763, 0.8123568892478943, 0.04474443198205416
5367467, 2, 0.046315550804138184, 0.011577759869396687, 0.8092482686042786, 0.04230091331517385
5367467, 3, 0.04807662218809128, 0.011671754531562328, 0.8092509508132935, 0.0473081236981253
5367467, 4, 0.04908785596489906, 0.011904054321348667, 0.8109087347984314, 0.04842973882390642
5367467, 5, 0.05101199075579643, 0.012844787910580635, 0.8056118488311768, 0.04354270149014581
5367467, 6, 0.05356862396001816, 0.013835020363330841, 0.7986935377120972, 0.045665758692517225
5367467, 7, 0.05518098548054695, 0.014615439809858799, 0.796003520488739, 0.04430379746835443
5367467, 8, 0.05557772144675255, 0.014709888026118279, 0.8039970993995667, 0.046426854670725846
5367467, 9, 0.05615811422467232, 0.01488436944782734, 0.8049349784851074, 0.04153981733696523
5367467, 10, 0.0573389045894146, 0.015410824678838253, 0.8026408553123474, 0.048830315654542544
5367467, 11, 0.057346392422914505, 0.015342759899795055, 0.8052879571914673, 0.044383912834481655
5367467, 12, 0.05819772556424141, 0.01562838815152645, 0.806881308555603, 0.04955135394968755
5367467, 13, 0.05903948098421097, 0.016126584261655807, 0.8042793273925781, 0.04983175773113283
5367467, 14, 0.058967225253582, 0.016255229711532593, 0.7998860478401184, 0.04967152699887838
5367467, 15, 0.0609809085726738, 0.01730293221771717, 0.7973415851593018, 0.043102066976446085
5367467, 16, 0.05585293099284172, 0.015142004936933517, 0.8005877733230591, 0.046106393206216956
5367467, 17, 0.05110057070851326, 0.013337324373424053, 0.7975708246231079, 0.04354270149014581
5367467, 18, 0.04773618280887604, 0.012193402275443077, 0.7940509915351868, 0.04654702771991668
5367467, 19, 0.04887205362319946, 0.013042827136814594, 0.792647659778595, 0.0445441435667361
5367467, 20, 0.0533556304872036, 0.01514294371008873, 0.7878823280334473, 0.04955135394968755
5367467, 21, 0.05231010541319847, 0.014312670566141605, 0.7929872274398804, 0.04190033648453773
5367467, 22, 0.05081113800406456, 0.013427539728581905, 0.7891079783439636, 0.045345297228008334
5367467, 23, 0.05268685519695282, 0.013945107348263264, 0.7960209846496582, 0.04590610479089889
5367467, 24, 0.05789399519562721, 0.016035841777920723, 0.7964914441108704, 0.040738663675692996
5367467, 25, 0.0591246522963047, 0.016499176621437073, 0.7987480759620667, 0.04474443198205416
5367467, 26, 0.05958671122789383, 0.01688053086400032, 0.796623945236206, 0.04510495112962666
5367467, 27, 0.06238599866628647, 0.018036523833870888, 0.7961868643760681, 0.045665758692517225
5367467, 28, 0.06404764950275421, 0.018829232081770897, 0.7934783101081848, 0.05159429578593174
5367467, 29, 0.06446964293718338, 0.018807992339134216, 0.7918345928192139, 0.05399775676974844
5367467, 30, 0.06399806588888168, 0.018488653004169464, 0.7865334749221802, 0.04983175773113283
5431938, 1, 0.06574507057666779, 0.019171981140971184, 0.7241740822792053, 0.04554558564332639
5431938, 2, 0.06587991863489151, 0.019622880965471268, 0.7250950336456299, 0.051394007370613684
5431938, 3, 0.07007527351379395, 0.02121242880821228, 0.7215229868888855, 0.0479891043102067
5431938, 4, 0.07230198383331299, 0.022027499973773956, 0.7168859839439392, 0.04923089248517866
5431938, 5, 0.0753542110323906, 0.023626597598195076, 0.705818772315979, 0.04858996955616087
5431938, 6, 0.07883208990097046, 0.02540445141494274, 0.7001547813415527, 0.050472680660150614
5431938, 7, 0.0775417685508728, 0.02459157444536686, 0.6973596215248108, 0.04734818138118891
5431938, 8, 0.0791897177696228, 0.025391610339283943, 0.6973021030426025, 0.05243550713026759
5431938, 9, 0.07890909165143967, 0.02477618306875229, 0.6952978372573853, 0.049471238583560326
5431938, 10, 0.0802072063088417, 0.025146963074803352, 0.6902611255645752, 0.04526518186188111
5431938, 11, 0.08140331506729126, 0.025771554559469223, 0.684245765209198, 0.04466431661592694
5431938, 12, 0.08236608654260635, 0.026451190933585167, 0.6805756092071533, 0.04923089248517866
5431938, 13, 0.08190592378377914, 0.02606569603085518, 0.6829551458358765, 0.04686748918442557
5431938, 14, 0.08176698535680771, 0.025798343122005463, 0.6840882897377014, 0.04430379746835443
5431938, 15, 0.08175098150968552, 0.026038236916065216, 0.6844121217727661, 0.040378144528120496
5431938, 16, 0.07741321623325348, 0.023746609687805176, 0.6856123208999634, 0.04466431661592694
5431938, 17, 0.07570992410182953, 0.02363811992108822, 0.688510537147522, 0.04274154782887358
5431938, 18, 0.07670935243368149, 0.024427564814686775, 0.6821944117546082, 0.04414356673609998
5431938, 19, 0.07750402390956879, 0.025175273418426514, 0.6696352362632751, 0.04374298990546387
5431938, 20, 0.0806780457496643, 0.02696368843317032, 0.6755644083023071, 0.04001762538054799
5431938, 21, 0.0795484259724617, 0.025648711249232292, 0.6829529404640198, 0.04174010575228329
5431938, 22, 0.07962047308683395, 0.025727391242980957, 0.6870489716529846, 0.04634673930459862
5431938, 23, 0.08108848333358765, 0.02633848413825035, 0.6895199418067932, 0.044704374298990546
5431938, 24, 0.08647096157073975, 0.02908400446176529, 0.6812018156051636, 0.040378144528120496
5431938, 25, 0.08760520070791245, 0.02966872602701187, 0.6770432591438293, 0.046106393206216956
5431938, 26, 0.08553379029035568, 0.02854246273636818, 0.6785632371902466, 0.043142124659509694
5431938, 27, 0.08575845509767532, 0.029157273471355438, 0.6771507263183594, 0.04975164236500561
5431938, 28, 0.08391287177801132, 0.028000056743621826, 0.680330216884613, 0.045986220157026116
5431938, 29, 0.0797625258564949, 0.02577553503215313, 0.683425784111023, 0.047107835282807244
5431938, 30, 0.07536481320858002, 0.023449387401342392, 0.6904100775718689, 0.04766864284569781
FCB130, 1, 0.042414478957653046, 0.010690731927752495, 0.7937444448471069, 0.045505527960262776
FCB130, 2, 0.04361667484045029, 0.011299779638648033, 0.7947564721107483, 0.043903220637718315
FCB130, 3, 0.04779590666294098, 0.012742782011628151, 0.7948428988456726, 0.0479891043102067
FCB130, 4, 0.05405021458864212, 0.015305950306355953, 0.7893000841140747, 0.04157987502002884
FCB130, 5, 0.05498512461781502, 0.015568196773529053, 0.7824335694313049, 0.0441836244191636
FCB130, 6, 0.05464496836066246, 0.01547322142869234, 0.7874956727027893, 0.04875020028841532
FCB130, 7, 0.05676967650651932, 0.01643489859998226, 0.7865788340568542, 0.044223682102227206
FCB130, 8, 0.05962368845939636, 0.017766516655683517, 0.7827523350715637, 0.04402339368690915
FCB130, 9, 0.06259482353925705, 0.018947677686810493, 0.7771192789077759, 0.04378304758852748
FCB130, 10, 0.06048601493239403, 0.01784564182162285, 0.7782087326049805, 0.0390161833039577
FCB130, 11, 0.05834554508328438, 0.01688462868332863, 0.7665603756904602, 0.03805479891043102
FCB130, 12, 0.055916838347911835, 0.01604856364428997, 0.7664161920547485, 0.04065854830956577
FCB130, 13, 0.05500658228993416, 0.015721645206212997, 0.7680025100708008, 0.04706777759974363
FCB130, 14, 0.05545423924922943, 0.015974128618836403, 0.7725840210914612, 0.04278160551193719
FCB130, 15, 0.05397117882966995, 0.015178099274635315, 0.7806292176246643, 0.0417801634353469
FCB130, 16, 0.048074353486299515, 0.012742683291435242, 0.7874462008476257, 0.040097740746675214
FCB130, 17, 0.04429638385772705, 0.011357150971889496, 0.796026349067688, 0.04530523954494472
FCB130, 18, 0.04252960532903671, 0.010554984211921692, 0.8003416657447815, 0.03985739464829354
FCB130, 19, 0.042197681963443756, 0.010191323235630989, 0.8016952276229858, 0.04161993270309245
FCB130, 20, 0.04532404616475105, 0.011592972092330456, 0.7925043106079102, 0.043462586124018585
FCB130, 21, 0.046423450112342834, 0.012310011312365532, 0.8064512610435486, 0.0462666239384714
FCB130, 22, 0.04950946569442749, 0.013804370537400246, 0.7895158529281616, 0.04053837526037494
FCB130, 23, 0.05139549449086189, 0.014315708540380001, 0.7853544354438782, 0.0441836244191636
FCB130, 24, 0.05408274754881859, 0.015172524377703667, 0.787602424621582, 0.04366287453933664
FCB130, 25, 0.0557219535112381, 0.01549693662673235, 0.7901400327682495, 0.04682743150136196
FCB130, 26, 0.05841103196144104, 0.016716482117772102, 0.783988356590271, 0.047107835282807244
FCB130, 27, 0.05756721273064613, 0.016205178573727608, 0.7867887616157532, 0.047107835282807244
FCB130, 28, 0.05522768199443817, 0.01518031395971775, 0.7866650223731995, 0.0449046627143086
FCB130, 29, 0.05732952803373337, 0.016227243468165398, 0.7780236005783081, 0.04474443198205416
FCB130, 30, 0.05973713845014572, 0.017260266467928886, 0.7785029411315918, 0.045825989424771674
5160521, 1, 0.03311787545681, 0.006996328476816416, 0.8362705111503601, 0.05511937189552956
5160521, 2, 0.03411068022251129, 0.0072931526228785515, 0.8389694094657898, 0.05063291139240506
5160521, 3, 0.03655904531478882, 0.008018860593438148, 0.8427659869194031, 0.04718795064893447
5160521, 4, 0.038134586066007614, 0.008449281565845013, 0.8379901647567749, 0.04658708540298029
5160521, 5, 0.03935934975743294, 0.008752916008234024, 0.8373035788536072, 0.04302195161031886
5160521, 6, 0.042734742164611816, 0.009846705943346024, 0.8344836831092834, 0.04606633552315334
5160521, 7, 0.04368717595934868, 0.010092190466821194, 0.8304845690727234, 0.048710142605351704
5160521, 8, 0.04526497796177864, 0.010782736353576183, 0.8285303711891174, 0.04514500881269028
5160521, 9, 0.0464431568980217, 0.011249642819166183, 0.823316216468811, 0.04698766223361641
5160521, 10, 0.04563119262456894, 0.010765302926301956, 0.8230364322662354, 0.04330235539176414
5160521, 11, 0.046418022364377975, 0.011204807087779045, 0.8250054121017456, 0.04226085563211024
5160521, 12, 0.04641179367899895, 0.011512134224176407, 0.8200427293777466, 0.04850985419003365
5160521, 13, 0.050277166068553925, 0.013207580894231796, 0.8180281519889832, 0.044063451369972764
5160521, 14, 0.05146666616201401, 0.013852070085704327, 0.8131397366523743, 0.04141964428777439
5160521, 15, 0.04990075156092644, 0.013425611890852451, 0.8116598725318909, 0.04606633552315334
5160521, 16, 0.04577844962477684, 0.011743057519197464, 0.8122296929359436, 0.04955135394968755
5160521, 17, 0.04378540813922882, 0.010843955911695957, 0.8160678148269653, 0.0396971639160391
5160521, 18, 0.04357614740729332, 0.01064962986856699, 0.8255001306533813, 0.0435026438070822
5160521, 19, 0.04532661288976669, 0.011452507227659225, 0.828107476234436, 0.04546547027719917
5160521, 20, 0.04767751321196556, 0.012766968458890915, 0.8137503266334534, 0.045185066495753885
5160521, 21, 0.04527556896209717, 0.011731079779565334, 0.8185179233551025, 0.04734818138118891
5160521, 22, 0.04509883001446724, 0.01177595742046833, 0.8094275593757629, 0.049471238583560326
5160521, 23, 0.04700319096446037, 0.011855906806886196, 0.8170267343521118, 0.04682743150136196
5160521, 24, 0.04742841795086861, 0.01192504446953535, 0.8258578777313232, 0.04630668162153501
5160521, 25, 0.04740389436483383, 0.01196078397333622, 0.8288781642913818, 0.04907066175292421
5160521, 26, 0.048023026436567307, 0.012362655252218246, 0.8315907716751099, 0.05596058323986541
5160521, 27, 0.04849587753415108, 0.012483268976211548, 0.8295856714248657, 0.05339689152379427
5160521, 28, 0.05001046508550644, 0.012989784590899944, 0.8211969137191772, 0.049190834802115044
5160521, 29, 0.05053745210170746, 0.013288247399032116, 0.8197356462478638, 0.04814933504246115
5160521, 30, 0.04854119196534157, 0.012437247671186924, 0.8262899518013, 0.05355712225604871
FCB089, 1, 0.028729943558573723, 0.005692272912710905, 0.8377967476844788, 0.050913315173850344
FCB089, 2, 0.030312830582261086, 0.006264598574489355, 0.8364983797073364, 0.052635795545585645
FCB089, 3, 0.03092009574174881, 0.006476880516856909, 0.8375198841094971, 0.050913315173850344
FCB089, 4, 0.032340288162231445, 0.007029570173472166, 0.8368341326713562, 0.05379746835443038
FCB089, 5, 0.03339680656790733, 0.007076030597090721, 0.8408640623092651, 0.05291619932703093
FCB089, 6, 0.03290103003382683, 0.006727136205881834, 0.8434522151947021, 0.04935106553436949
FCB089, 7, 0.0323091484606266, 0.006532707251608372, 0.8402846455574036, 0.05183464188431341
FCB089, 8, 0.033229004591703415, 0.006861371919512749, 0.841325044631958, 0.04887037333760615
FCB089, 9, 0.034616176038980484, 0.007453467696905136, 0.8396608829498291, 0.05115366127223201
FCB089, 10, 0.036008432507514954, 0.007993397302925587, 0.8396472334861755, 0.05255568017945842
FCB089, 11, 0.03738947585225105, 0.008347650058567524, 0.837341845035553, 0.045345297228008334
FCB089, 12, 0.03902982175350189, 0.008940214291214943, 0.8356313109397888, 0.04999198846338728
FCB089, 13, 0.04008010774850845, 0.00940750166773796, 0.8359739780426025, 0.05211504566575869
FCB089, 14, 0.04035331308841705, 0.009738780558109283, 0.8309046626091003, 0.052675853228649254
FCB089, 15, 0.04229643568396568, 0.010707610286772251, 0.8289833664894104, 0.05383752603749399
FCB089, 16, 0.04152209684252739, 0.010412969626486301, 0.8320313096046448, 0.05239544944720397
FCB089, 17, 0.04262189194560051, 0.01122574508190155, 0.8248265385627747, 0.05015221919564172
FCB089, 18, 0.04006887227296829, 0.010063042864203453, 0.8185268640518188, 0.050913315173850344
FCB089, 19, 0.0386502742767334, 0.009285171516239643, 0.8266719579696655, 0.047908988944079474
FCB089, 20, 0.04179192706942558, 0.010674629360437393, 0.8260367512702942, 0.05211504566575869
FCB089, 21, 0.04294414445757866, 0.011333167552947998, 0.8259539008140564, 0.05127383432142285
FCB089, 22, 0.04371672496199608, 0.011517432518303394, 0.8279991149902344, 0.054718795064893445
FCB089, 23, 0.043533988296985626, 0.011351495049893856, 0.8351442217826843, 0.050112161512578114
FCB089, 24, 0.0446639247238636, 0.011264334432780743, 0.8380419015884399, 0.04546547027719917
FCB089, 25, 0.04511113464832306, 0.01135730929672718, 0.8384516835212708, 0.04826950809165198
FCB089, 26, 0.041433267295360565, 0.009632304310798645, 0.8449332118034363, 0.04782887357795225
FCB089, 27, 0.03973033279180527, 0.008976630866527557, 0.844188928604126, 0.05095337285691395
FCB089, 28, 0.039721909910440445, 0.009194604121148586, 0.8395842909812927, 0.05275596859477648
FCB089, 29, 0.03903033956885338, 0.00908587221056223, 0.8416828513145447, 0.05095337285691395
FCB089, 30, 0.038475096225738525, 0.009050101973116398, 0.8422832489013672, 0.05379746835443038
4359424, 1, 0.04253770038485527, 0.010392781347036362, 0.8028014898300171, 0.052195161031885914
4359424, 2, 0.04807884246110916, 0.012380060739815235, 0.7980504631996155, 0.04935106553436949
4359424, 3, 0.04684337601065636, 0.011489262804389, 0.8058919906616211, 0.04674731613523474
4359424, 4, 0.04661701247096062, 0.01145073864609003, 0.809571385383606, 0.04374298990546387
4359424, 5, 0.050545066595077515, 0.013004894368350506, 0.8046708703041077, 0.04706777759974363
4359424, 6, 0.051427699625492096, 0.013463080860674381, 0.7991804480552673, 0.04854991187309726
4359424, 7, 0.051451586186885834, 0.013720627874135971, 0.792625367641449, 0.04943118090049672
4359424, 8, 0.05020176246762276, 0.0131065733730793, 0.7894076704978943, 0.048710142605351704
4359424, 9, 0.0501767136156559, 0.013190698809921741, 0.793152928352356, 0.045505527960262776
4359424, 10, 0.04928014427423477, 0.012823984958231449, 0.7892014384269714, 0.04686748918442557
4359424, 11, 0.04745680093765259, 0.012068834155797958, 0.7871184349060059, 0.045825989424771674
4359424, 12, 0.04760767146945, 0.01210854947566986, 0.7913896441459656, 0.04959141163275116
4359424, 13, 0.05043189227581024, 0.0131844412535429, 0.7864660024642944, 0.04458420124979971
4359424, 14, 0.050701238214969635, 0.01360989362001419, 0.7789915204048157, 0.04574587405864445
4359424, 15, 0.046149130910634995, 0.011903831735253334, 0.7767265439033508, 0.046627143086043904
4359424, 16, 0.040717970579862595, 0.009791453368961811, 0.7892534136772156, 0.051233776638359235
4359424, 17, 0.03907496854662895, 0.009020858444273472, 0.7976939678192139, 0.044223682102227206
4359424, 18, 0.04155808687210083, 0.010062836110591888, 0.8106120228767395, 0.04754846979650697
4359424, 19, 0.040971122682094574, 0.009801467880606651, 0.8103640079498291, 0.04923089248517866
4359424, 20, 0.041332799941301346, 0.009870212525129318, 0.8037297129631042, 0.04446402820060888
4359424, 21, 0.04111916199326515, 0.00999071542173624, 0.7934096455574036, 0.044223682102227206
4359424, 22, 0.04198937863111496, 0.010278347879648209, 0.7962102890014648, 0.04586604710783528
4359424, 23, 0.0468398816883564, 0.011930600740015507, 0.7955997586250305, 0.04538535491107194
4359424, 24, 0.05129493772983551, 0.013894214294850826, 0.7882049083709717, 0.049190834802115044
4359424, 25, 0.052270859479904175, 0.014084204100072384, 0.7921774983406067, 0.04935106553436949
4359424, 26, 0.051095832139253616, 0.013472751714289188, 0.7882818579673767, 0.04594616247396251
4359424, 27, 0.05017892271280289, 0.012889057397842407, 0.7827207446098328, 0.04814933504246115
4359424, 28, 0.052287451922893524, 0.01356959156692028, 0.7884151935577393, 0.04622656625540779
4359424, 29, 0.0524318590760231, 0.013657515868544579, 0.7897366285324097, 0.047868931261015865
4359424, 30, 0.054783642292022705, 0.0147638451308012, 0.7819049954414368, 0.04754846979650697
FCB067, 1, 0.052137911319732666, 0.014593979343771935, 0.8062953948974609, 0.05195481493350425
FCB067, 2, 0.05158422887325287, 0.014099364168941975, 0.8046872615814209, 0.050873257490786736
FCB067, 3, 0.0545683354139328, 0.015345713123679161, 0.7990303635597229, 0.054238102868130106
FCB067, 4, 0.05766928195953369, 0.01651662029325962, 0.7963293194770813, 0.05071302675853229
FCB067, 5, 0.06024198606610298, 0.017463505268096924, 0.795426607131958, 0.05323666079153982
FCB067, 6, 0.0582505501806736, 0.01646505296230316, 0.8003195524215698, 0.054718795064893445
FCB067, 7, 0.06265098601579666, 0.018704337999224663, 0.7941499948501587, 0.048670084922288095
FCB067, 8, 0.06066654995083809, 0.017513686791062355, 0.7906181216239929, 0.048830315654542544
FCB067, 9, 0.0549345500767231, 0.01471126452088356, 0.7889937162399292, 0.04482454734818138
FCB067, 10, 0.04816382750868797, 0.011883559636771679, 0.7911602854728699, 0.05279602627784009
FCB067, 11, 0.049744054675102234, 0.01249711588025093, 0.7962074279785156, 0.04746835443037975
FCB067, 12, 0.0496831052005291, 0.012723864056169987, 0.8001176118850708, 0.04722800833199808
FCB067, 13, 0.051816586405038834, 0.013760200701653957, 0.7940446734428406, 0.0441836244191636
FCB067, 14, 0.05265716463327408, 0.01385070662945509, 0.7788365483283997, 0.04426373978529082
FCB067, 15, 0.05001175403594971, 0.0128848971799016, 0.782998263835907, 0.04630668162153501
FCB067, 16, 0.047953397035598755, 0.012408665381371975, 0.7833201289176941, 0.04554558564332639
FCB067, 17, 0.04697755351662636, 0.01187007874250412, 0.7841542363166809, 0.04526518186188111
FCB067, 18, 0.046641312539577484, 0.01197492703795433, 0.7906418442726135, 0.04538535491107194
FCB067, 19, 0.04724491760134697, 0.012831778265535831, 0.7876200675964355, 0.04334241307482775
FCB067, 20, 0.04477443918585777, 0.011436525732278824, 0.7925942540168762, 0.044704374298990546
FCB067, 21, 0.04736551642417908, 0.012445458211004734, 0.7940351963043213, 0.04414356673609998
FCB067, 22, 0.047977954149246216, 0.012660227715969086, 0.7905105948448181, 0.044423970517545264
FCB067, 23, 0.04882509633898735, 0.013111134991049767, 0.7903280854225159, 0.04630668162153501
FCB067, 24, 0.0492621473968029, 0.012859859503805637, 0.7908082604408264, 0.04450408588367249
FCB067, 25, 0.04749312996864319, 0.01194509956985712, 0.7911720275878906, 0.04650697003685307
FCB067, 26, 0.051126521080732346, 0.01316178496927023, 0.782731294631958, 0.04782887357795225
FCB067, 27, 0.051045771688222885, 0.013305023312568665, 0.7667540907859802, 0.042340970998237464
FCB067, 28, 0.05880916863679886, 0.016750812530517578, 0.777092695236206, 0.05079314212465951
FCB067, 29, 0.0658530592918396, 0.019939109683036804, 0.7787238359451294, 0.049791700048069217
FCB067, 30, 0.06809378415346146, 0.020705964416265488, 0.7761537432670593, 0.05203493029963147
FCB151, 1, 0.047756973654031754, 0.012278907001018524, 0.8164677023887634, 0.06188912033327992
FCB151, 2, 0.05571266636252403, 0.01547590084373951, 0.8098834753036499, 0.058364044223682104
FCB151, 3, 0.05917249247431755, 0.01704094186425209, 0.8079829812049866, 0.05988623618009934
FCB151, 4, 0.06255525350570679, 0.018665101379156113, 0.8052866458892822, 0.05684185226726486
FCB151, 5, 0.06310965865850449, 0.018848692998290062, 0.800546407699585, 0.057242429097900976
FCB151, 6, 0.06019873544573784, 0.017168501392006874, 0.79344242811203, 0.05936548630027239
FCB151, 7, 0.05690107122063637, 0.015412530861794949, 0.793563961982727, 0.05832398654061849
FCB151, 8, 0.05410579591989517, 0.013768238015472889, 0.8023567199707031, 0.059926293863162956
FCB151, 9, 0.04765662923455238, 0.011210366152226925, 0.8044357299804688, 0.05752283287934626
FCB151, 10, 0.046009186655282974, 0.01064842939376831, 0.8051801919937134, 0.04806921967633392
FCB151, 11, 0.04639210179448128, 0.010908334515988827, 0.8033876419067383, 0.05331677615766704
FCB151, 12, 0.047435786575078964, 0.011674839071929455, 0.793324887752533, 0.04891043102066976
FCB151, 13, 0.04993508383631706, 0.012684324756264687, 0.7829864621162415, 0.05063291139240506
FCB151, 14, 0.04876730963587761, 0.012408453971147537, 0.7953668236732483, 0.0528360839609037
FCB151, 15, 0.046021103858947754, 0.0113743981346488, 0.7960781455039978, 0.045986220157026116
FCB151, 16, 0.04649721831083298, 0.011422808282077312, 0.7979850172996521, 0.04782887357795225
FCB151, 17, 0.04514754191040993, 0.011089427396655083, 0.8051018118858337, 0.04590610479089889
FCB151, 18, 0.04734678193926811, 0.012212509289383888, 0.8004258871078491, 0.04758852747957058
FCB151, 19, 0.04714237526059151, 0.012161510065197945, 0.8067014813423157, 0.050392565294023396
FCB151, 20, 0.04702526330947876, 0.012098749168217182, 0.8096853494644165, 0.048189392725524756
FCB151, 21, 0.04440857842564583, 0.011145246215164661, 0.8012949824333191, 0.05323666079153982
FCB151, 22, 0.04338774085044861, 0.01071793120354414, 0.8004840016365051, 0.052956257010094536
FCB151, 23, 0.04643451049923897, 0.011361013166606426, 0.8038129806518555, 0.04766864284569781
FCB151, 24, 0.04611487314105034, 0.01088698860257864, 0.805160641670227, 0.04987181541419644
FCB151, 25, 0.04885011911392212, 0.012004084885120392, 0.8029773235321045, 0.049311007851305884
FCB151, 26, 0.053014371544122696, 0.013540076091885567, 0.800535261631012, 0.05323666079153982
FCB151, 27, 0.05687398836016655, 0.015242607332766056, 0.7999475598335266, 0.05784329434385515
FCB151, 28, 0.05671830102801323, 0.015195725485682487, 0.7978667616844177, 0.05259573786252203
FCB151, 29, 0.05369928851723671, 0.013918940909206867, 0.8024460673332214, 0.05483896811408428
FCB151, 30, 0.05412043258547783, 0.014016295783221722, 0.8090298175811768, 0.052155103348822306
5234571, 1, 0.03999854996800423, 0.009746826253831387, 0.8165550231933594, 0.052996314693158145
5234571, 2, 0.04038643836975098, 0.009841867722570896, 0.8172038793563843, 0.050592853709341454
5234571, 3, 0.04126465693116188, 0.010003293864428997, 0.818763256072998, 0.04975164236500561
5234571, 4, 0.04253612458705902, 0.010544688440859318, 0.8131201267242432, 0.04754846979650697
5234571, 5, 0.04452946037054062, 0.011392149142920971, 0.8037775754928589, 0.04141964428777439
5234571, 6, 0.04646123945713043, 0.012139211408793926, 0.807270884513855, 0.04546547027719917
5234571, 7, 0.049944985657930374, 0.013375353068113327, 0.8131888508796692, 0.043462586124018585
5234571, 8, 0.049452394247055054, 0.013336434960365295, 0.8135941028594971, 0.044423970517545264
5234571, 9, 0.04685855656862259, 0.012149089016020298, 0.8163889050483704, 0.04514500881269028
5234571, 10, 0.04841244965791702, 0.01262058224529028, 0.8193788528442383, 0.04638679698766223
5234571, 11, 0.048966068774461746, 0.012754225172102451, 0.8178966045379639, 0.04410350905303637
5234571, 12, 0.048441022634506226, 0.012424827553331852, 0.8212864398956299, 0.04458420124979971
5234571, 13, 0.04759841784834862, 0.012100082822144032, 0.8221704959869385, 0.047428296747316134
5234571, 14, 0.049460332840681076, 0.013087560422718525, 0.8153455257415771, 0.04678737381829835
5234571, 15, 0.05078328400850296, 0.013744357973337173, 0.8202835321426392, 0.04326229770870053
5234571, 16, 0.0466473288834095, 0.011990807019174099, 0.8336690068244934, 0.04927095016824227
5234571, 17, 0.045514993369579315, 0.01176853384822607, 0.8297210335731506, 0.04330235539176414
5234571, 18, 0.04605676978826523, 0.012419920414686203, 0.8138803243637085, 0.04666720076910751
5234571, 19, 0.04606573283672333, 0.012262646108865738, 0.8153826594352722, 0.04706777759974363
5234571, 20, 0.050021424889564514, 0.014212123118340969, 0.8097879886627197, 0.04923089248517866
5234571, 21, 0.04849707707762718, 0.013554892502725124, 0.8167712688446045, 0.04498477808043583
5234571, 22, 0.04859162122011185, 0.013318497687578201, 0.8149264454841614, 0.04274154782887358
5234571, 23, 0.05355750769376755, 0.015403179451823235, 0.8085759282112122, 0.0445441435667361
5234571, 24, 0.05488499626517296, 0.015635401010513306, 0.8068184852600098, 0.043943278320781924
5234571, 25, 0.054633427411317825, 0.015285860747098923, 0.8039897084236145, 0.04362281685627303
5234571, 26, 0.05338273197412491, 0.014456650242209435, 0.8098666667938232, 0.04542541259413556
5234571, 27, 0.05208870396018028, 0.013836781494319439, 0.8051320314407349, 0.045625701009453616
5234571, 28, 0.052679769694805145, 0.014256375841796398, 0.8034117221832275, 0.04077872135875661
5234571, 29, 0.0524129793047905, 0.014175986871123314, 0.8088434338569641, 0.043102066976446085
5234571, 30, 0.05362642556428909, 0.014598715119063854, 0.8094652891159058, 0.044383912834481655
5427859, 1, 0.040430452674627304, 0.00936377514153719, 0.8333956599235535, 0.04542541259413556
5427859, 2, 0.043754056096076965, 0.010551492683589458, 0.825380265712738, 0.05107354590610479
5427859, 3, 0.04583440348505974, 0.01121391262859106, 0.8220471143722534, 0.04955135394968755
5427859, 4, 0.047099944204092026, 0.01146737765520811, 0.821096658706665, 0.048670084922288095
5427859, 5, 0.04804800823330879, 0.011807659640908241, 0.8244178891181946, 0.04482454734818138
5427859, 6, 0.04972716420888901, 0.012428732588887215, 0.8258551955223083, 0.043142124659509694
5427859, 7, 0.051678478717803955, 0.013391952961683273, 0.8190716505050659, 0.04326229770870053
5427859, 8, 0.053781937807798386, 0.014516853727400303, 0.8102712631225586, 0.043142124659509694
5427859, 9, 0.056607890874147415, 0.015634188428521156, 0.8030564188957214, 0.04174010575228329
5427859, 10, 0.05943802371621132, 0.01685739867389202, 0.7958958148956299, 0.041860278801474124
5427859, 11, 0.06201799586415291, 0.0179541427642107, 0.7944881916046143, 0.050592853709341454
5427859, 12, 0.06493443995714188, 0.019710203632712364, 0.7858284115791321, 0.04190033648453773
5427859, 13, 0.06719037890434265, 0.020957909524440765, 0.7850633859634399, 0.049190834802115044
5427859, 14, 0.07089792937040329, 0.02295948565006256, 0.7820627093315125, 0.046426854670725846
5427859, 15, 0.07204115390777588, 0.02340073324739933, 0.7910971641540527, 0.04558564332639
5427859, 16, 0.06609631329774857, 0.020589344203472137, 0.7890784740447998, 0.04606633552315334
5427859, 17, 0.06351692229509354, 0.019345920532941818, 0.792955756187439, 0.04858996955616087
5427859, 18, 0.06874726712703705, 0.022272761911153793, 0.7911388874053955, 0.04514500881269028
5427859, 19, 0.07156732678413391, 0.02397574484348297, 0.7865886688232422, 0.05079314212465951
5427859, 20, 0.06438188999891281, 0.019985372200608253, 0.7964380979537964, 0.04838968114084281
5427859, 21, 0.059254396706819534, 0.01706797070801258, 0.7979800701141357, 0.05055279602627784
5427859, 22, 0.06118401139974594, 0.01774117536842823, 0.7884964942932129, 0.04542541259413556
5427859, 23, 0.06852299720048904, 0.021473323926329613, 0.7858226895332336, 0.04378304758852748
5427859, 24, 0.06923709064722061, 0.02146397903561592, 0.7868540287017822, 0.051714468835122575
5427859, 25, 0.06601803749799728, 0.019622555002570152, 0.7869933247566223, 0.04426373978529082
5427859, 26, 0.06539718061685562, 0.019282236695289612, 0.7918193936347961, 0.04478448966511777
5427859, 27, 0.06556674838066101, 0.01938362792134285, 0.7928698062896729, 0.042020509533728566
5427859, 28, 0.06523056328296661, 0.01950632780790329, 0.7906195521354675, 0.04959141163275116
5427859, 29, 0.06490666419267654, 0.0193401537835598, 0.7928254008293152, 0.04802916199327031
5427859, 30, 0.06464993953704834, 0.01897256448864937, 0.7989316582679749, 0.049711584681942
FCB072, 1, 0.04811583831906319, 0.012725796550512314, 0.7909146547317505, 0.053877583720557606
FCB072, 2, 0.053115371614694595, 0.015031527727842331, 0.7821736931800842, 0.05672167921807403
FCB072, 3, 0.056620169430971146, 0.016287965700030327, 0.7748501300811768, 0.05435827591732094
FCB072, 4, 0.05932895839214325, 0.01729116588830948, 0.7750456929206848, 0.05608075628905624
FCB072, 5, 0.06388688087463379, 0.01948840171098709, 0.7677485346794128, 0.05231533408107675
FCB072, 6, 0.06776571273803711, 0.021327586844563484, 0.7640607357025146, 0.05656144848581958
FCB072, 7, 0.06859259307384491, 0.02158534526824951, 0.7651392221450806, 0.05652139080275597
FCB072, 8, 0.07028284668922424, 0.022373715415596962, 0.7582744359970093, 0.05511937189552956
FCB072, 9, 0.07481613010168076, 0.02494250237941742, 0.7550871968269348, 0.05339689152379427
FCB072, 10, 0.07968006283044815, 0.0279765073210001, 0.7558556795120239, 0.05003204614645089
FCB072, 11, 0.07958336919546127, 0.027946891263127327, 0.7572542428970337, 0.05175452651818619
FCB072, 12, 0.08045259118080139, 0.02878398820757866, 0.7563266158103943, 0.053957699086684824
FCB072, 13, 0.08171435445547104, 0.030059369280934334, 0.757635235786438, 0.05195481493350425
FCB072, 14, 0.07978019118309021, 0.02919093519449234, 0.7576901316642761, 0.0556000640922929
FCB072, 15, 0.0762820839881897, 0.027042925357818604, 0.758266031742096, 0.047388239064252526
FCB072, 16, 0.0763913244009018, 0.0267095398157835, 0.762732982635498, 0.04975164236500561
FCB072, 17, 0.07345886528491974, 0.02498243935406208, 0.7532503604888916, 0.05231533408107675
FCB072, 18, 0.06556027382612228, 0.02120203897356987, 0.7558100819587708, 0.04983175773113283
FCB072, 19, 0.06031997874379158, 0.018168194219470024, 0.7582619190216064, 0.04558564332639
FCB072, 20, 0.06294779479503632, 0.01960223913192749, 0.7525506615638733, 0.04794904662714308
FCB072, 21, 0.06926530599594116, 0.022935807704925537, 0.7470956444740295, 0.050913315173850344
FCB072, 22, 0.07815609127283096, 0.02749430015683174, 0.7446829676628113, 0.0493911232174331
FCB072, 23, 0.08061712235212326, 0.02859601192176342, 0.7442110180854797, 0.05499919884633873
FCB072, 24, 0.08925795555114746, 0.033852919936180115, 0.7462183237075806, 0.05275596859477648
FCB072, 25, 0.09374678879976273, 0.03731667622923851, 0.7387292385101318, 0.05431821823425733
FCB072, 26, 0.09500931203365326, 0.03828394040465355, 0.7360523343086243, 0.05255568017945842
FCB072, 27, 0.09482940286397934, 0.03829147666692734, 0.7313025593757629, 0.05632110238743791
FCB072, 28, 0.09763384610414505, 0.040449779480695724, 0.7269232273101807, 0.05531966031084762
FCB072, 29, 0.0990884080529213, 0.041736673563718796, 0.7250237464904785, 0.05163435346899535
FCB072, 30, 0.09556344896554947, 0.039447635412216187, 0.7312685251235962, 0.049471238583560326
FCB018, 1, 0.04140002653002739, 0.010010754689574242, 0.8066364526748657, 0.044383912834481655
FCB018, 2, 0.0447143018245697, 0.011851394549012184, 0.7955430746078491, 0.040898894407947445
FCB018, 3, 0.046660538762807846, 0.012499487027525902, 0.8011404275894165, 0.045345297228008334
FCB018, 4, 0.04587197303771973, 0.011867971159517765, 0.7935383915901184, 0.043422528440954976
FCB018, 5, 0.052780210971832275, 0.014969799667596817, 0.7833997011184692, 0.045625701009453616
FCB018, 6, 0.057772040367126465, 0.017062632367014885, 0.7808558940887451, 0.04538535491107194
FCB018, 7, 0.06390175223350525, 0.019654367119073868, 0.7801657319068909, 0.04382310527159109
FCB018, 8, 0.06472288072109222, 0.02024347521364689, 0.7707067728042603, 0.042661432462746354
FCB018, 9, 0.06225406378507614, 0.01905830390751362, 0.7718626260757446, 0.047107835282807244
FCB018, 10, 0.06101671978831291, 0.018547330051660538, 0.7739805579185486, 0.042981893927255245
FCB018, 11, 0.0598691888153553, 0.017995277419686317, 0.7684112191200256, 0.04526518186188111
FCB018, 12, 0.0569564551115036, 0.016556238755583763, 0.7708209753036499, 0.0435026438070822
FCB018, 13, 0.05374576896429062, 0.015030614100396633, 0.7793434262275696, 0.04286172087806441
FCB018, 14, 0.05776175111532211, 0.017027391120791435, 0.7621512413024902, 0.043142124659509694
FCB018, 15, 0.05734500661492348, 0.01668398268520832, 0.7534053325653076, 0.04446402820060888
FCB018, 16, 0.05294475704431534, 0.014827809296548367, 0.7646527290344238, 0.039617048549911875
FCB018, 17, 0.047824256122112274, 0.01302763819694519, 0.7738746404647827, 0.04141964428777439
FCB018, 18, 0.04390314221382141, 0.011410356499254704, 0.7820450663566589, 0.04542541259413556
FCB018, 19, 0.044630419462919235, 0.011405376717448235, 0.7946671843528748, 0.042621374779682746
FCB018, 20, 0.046681616455316544, 0.012611830607056618, 0.7932460904121399, 0.03877583720557603
FCB018, 21, 0.04755958914756775, 0.013269972987473011, 0.7954456806182861, 0.040458259894247714
FCB018, 22, 0.04854494705796242, 0.013030114583671093, 0.7886890769004822, 0.04206056721679218
FCB018, 23, 0.053550705313682556, 0.015196866355836391, 0.7829447388648987, 0.041659990386156066
FCB018, 24, 0.05819975584745407, 0.01724044419825077, 0.775876522064209, 0.046146450889280564
FCB018, 25, 0.06008276715874672, 0.017721960321068764, 0.7784441113471985, 0.05099343053997757
FCB018, 26, 0.06297807395458221, 0.019206678494811058, 0.7585126757621765, 0.042981893927255245
FCB018, 27, 0.062323857098817825, 0.018968023359775543, 0.7538725137710571, 0.04542541259413556
FCB018, 28, 0.06135227158665657, 0.018241219222545624, 0.756563663482666, 0.044423970517545264
FCB018, 29, 0.057821936905384064, 0.016604630276560783, 0.7627497315406799, 0.04602627784008973
FCB018, 30, 0.058914151042699814, 0.016961384564638138, 0.7687270641326904, 0.043102066976446085
FCB144, 1, 0.053991615772247314, 0.014735285192728043, 0.8153688907623291, 0.055359717993911234
FCB144, 2, 0.05576934665441513, 0.015221432782709599, 0.8103061318397522, 0.05355712225604871
FCB144, 3, 0.05853739008307457, 0.016182230785489082, 0.804237961769104, 0.049150777119051435
FCB144, 4, 0.061676185578107834, 0.01748441532254219, 0.79913330078125, 0.05243550713026759
FCB144, 5, 0.06390406936407089, 0.018595460802316666, 0.7917553782463074, 0.04927095016824227
FCB144, 6, 0.06426598131656647, 0.018924666568636894, 0.7940441370010376, 0.0541980451850665
FCB144, 7, 0.0661243423819542, 0.019911643117666245, 0.7950199842453003, 0.05279602627784009
FCB144, 8, 0.06992605328559875, 0.021901579573750496, 0.7922017574310303, 0.05235539176414036
FCB144, 9, 0.0719885304570198, 0.022823624312877655, 0.7841410040855408, 0.047708700528761416
FCB144, 10, 0.07344906777143478, 0.023745201528072357, 0.7810428142547607, 0.04686748918442557
FCB144, 11, 0.07366393506526947, 0.0239359512925148, 0.7810288667678833, 0.05003204614645089
FCB144, 12, 0.07499566674232483, 0.024566518142819405, 0.7736465334892273, 0.04887037333760615
FCB144, 13, 0.07552623003721237, 0.024664701893925667, 0.781643807888031, 0.04618650857234417
FCB144, 14, 0.07533058524131775, 0.024569090455770493, 0.7860267162322998, 0.045345297228008334
FCB144, 15, 0.0717102438211441, 0.022750096395611763, 0.7913100123405457, 0.04578593174170806
FCB144, 16, 0.07169361412525177, 0.02282002381980419, 0.7871499061584473, 0.04935106553436949
FCB144, 17, 0.07364892959594727, 0.024228718131780624, 0.7800096869468689, 0.05031244992789617
FCB144, 18, 0.07417289167642593, 0.024808350950479507, 0.7705203890800476, 0.04895048870373338
FCB144, 19, 0.07354974001646042, 0.024606047198176384, 0.7824162244796753, 0.05159429578593174
FCB144, 20, 0.06844356656074524, 0.02167966403067112, 0.7935462594032288, 0.048189392725524756
FCB144, 21, 0.06804816424846649, 0.0215710811316967, 0.7955188751220703, 0.05015221919564172
FCB144, 22, 0.07249820232391357, 0.02365506812930107, 0.7912479639053345, 0.04891043102066976
FCB144, 23, 0.07242237031459808, 0.023334529250860214, 0.7915829420089722, 0.04734818138118891
FCB144, 24, 0.07175010442733765, 0.022615788504481316, 0.801374077796936, 0.05147412273674091
FCB144, 25, 0.07087477296590805, 0.0220615416765213, 0.8027973771095276, 0.05576029482454735
FCB144, 26, 0.07064171135425568, 0.021917928010225296, 0.8047688603401184, 0.04858996955616087
FCB144, 27, 0.07112625241279602, 0.022353487089276314, 0.8005057573318481, 0.0500721038295145
FCB144, 28, 0.07159531861543655, 0.02247532270848751, 0.8010259866714478, 0.05131389200448646
FCB144, 29, 0.07080458849668503, 0.022084936499595642, 0.8051625490188599, 0.05031244992789617
FCB144, 30, 0.07064912468194962, 0.0223857294768095, 0.8047993183135986, 0.048670084922288095
FCB070, 1, 0.031855858862400055, 0.006864240393042564, 0.8303132057189941, 0.048990546386796986
FCB070, 2, 0.03316640481352806, 0.007163322530686855, 0.830759584903717, 0.05291619932703093
FCB070, 3, 0.033780913800001144, 0.007447649724781513, 0.828489363193512, 0.04734818138118891
FCB070, 4, 0.03711392357945442, 0.008765452541410923, 0.8259321451187134, 0.04678737381829835
FCB070, 5, 0.03804565966129303, 0.009036065079271793, 0.8264153599739075, 0.04586604710783528
FCB070, 6, 0.03895387053489685, 0.009122525341808796, 0.8290000557899475, 0.049791700048069217
FCB070, 7, 0.03988096863031387, 0.009551942348480225, 0.8264216780662537, 0.05287614164396731
FCB070, 8, 0.037863291800022125, 0.008770112879574299, 0.830575168132782, 0.04678737381829835
FCB070, 9, 0.03662717342376709, 0.008021529763936996, 0.8401188850402832, 0.04706777759974363
FCB070, 10, 0.03538203239440918, 0.007732563652098179, 0.8371832966804504, 0.047748758211825025
FCB070, 11, 0.03725937753915787, 0.008457214571535587, 0.8309817910194397, 0.0445441435667361
FCB070, 12, 0.03895413503050804, 0.00887568760663271, 0.8295804262161255, 0.05151418041980452
FCB070, 13, 0.04030068591237068, 0.009189342148602009, 0.8321698307991028, 0.05355712225604871
FCB070, 14, 0.03888801857829094, 0.008812259882688522, 0.8282502293586731, 0.04654702771991668
FCB070, 15, 0.040878862142562866, 0.009671922773122787, 0.8229377865791321, 0.04638679698766223
FCB070, 16, 0.03805594891309738, 0.008520235307514668, 0.82294100522995, 0.04638679698766223
FCB070, 17, 0.03708852455019951, 0.008440357632935047, 0.8309102654457092, 0.04887037333760615
FCB070, 18, 0.04158887639641762, 0.01032848097383976, 0.8334792852401733, 0.04482454734818138
FCB070, 19, 0.04330441728234291, 0.01109909825026989, 0.818176805973053, 0.04382310527159109
FCB070, 20, 0.04089123755693436, 0.009984954260289669, 0.8314815759658813, 0.04923089248517866
FCB070, 21, 0.03834953531622887, 0.00910014659166336, 0.8335410952568054, 0.04354270149014581
FCB070, 22, 0.03767797350883484, 0.00849749892950058, 0.8275534510612488, 0.039136356353148535
FCB070, 23, 0.0409858413040638, 0.009722383692860603, 0.8353115916252136, 0.04923089248517866
FCB070, 24, 0.042701270431280136, 0.010211841203272343, 0.8342142701148987, 0.053957699086684824
FCB070, 25, 0.04192241281270981, 0.009842625819146633, 0.8358309864997864, 0.053877583720557606
FCB070, 26, 0.039826780557632446, 0.008925696834921837, 0.8394264578819275, 0.05051273834321423
FCB070, 27, 0.04160219058394432, 0.009703460149466991, 0.834070086479187, 0.04891043102066976
FCB070, 28, 0.041863005608320236, 0.009784646332263947, 0.8272857666015625, 0.050592853709341454
FCB070, 29, 0.04363778978586197, 0.010683939792215824, 0.8217465281486511, 0.05239544944720397
FCB070, 30, 0.04644175246357918, 0.01219456922262907, 0.824382483959198, 0.05103348822304118
FCB184, 1, 0.037550631910562515, 0.008551787585020065, 0.8338037729263306, 0.049951930780323665
FCB184, 2, 0.04020439460873604, 0.009375267662107944, 0.8328676819801331, 0.051193718955295626
FCB184, 3, 0.041534360498189926, 0.009750342927873135, 0.8295356631278992, 0.04458420124979971
FCB184, 4, 0.04335492104291916, 0.010318751446902752, 0.8331253528594971, 0.04754846979650697
FCB184, 5, 0.04543052613735199, 0.011043800972402096, 0.8317536115646362, 0.048990546386796986
FCB184, 6, 0.048782918602228165, 0.012395362369716167, 0.8221188187599182, 0.04778881589488864
FCB184, 7, 0.05003681033849716, 0.012679364532232285, 0.8166913390159607, 0.04530523954494472
FCB184, 8, 0.05116228014230728, 0.013057432137429714, 0.8167811632156372, 0.04806921967633392
FCB184, 9, 0.05050601810216904, 0.012699712067842484, 0.8185732364654541, 0.05019227687870534
FCB184, 10, 0.052228715270757675, 0.013447298668324947, 0.8128310441970825, 0.0435026438070822
FCB184, 11, 0.05339211970567703, 0.01401904970407486, 0.8093555569648743, 0.045825989424771674
FCB184, 12, 0.05556974187493324, 0.015086499974131584, 0.8065578937530518, 0.04951129626662394
FCB184, 13, 0.05609811469912529, 0.015624322928488255, 0.7995882034301758, 0.0473081236981253
FCB184, 14, 0.057160478085279465, 0.015990998595952988, 0.802369236946106, 0.04758852747957058
FCB184, 15, 0.057688672095537186, 0.016263186931610107, 0.807027280330658, 0.04718795064893447
FCB184, 16, 0.05396516993641853, 0.01462970208376646, 0.8165120482444763, 0.05071302675853229
FCB184, 17, 0.050212036818265915, 0.013315561227500439, 0.814394474029541, 0.045665758692517225
FCB184, 18, 0.051081299781799316, 0.014018631540238857, 0.8151390552520752, 0.047748758211825025
FCB184, 19, 0.054260846227407455, 0.015458773821592331, 0.8168231248855591, 0.046146450889280564
FCB184, 20, 0.05705568194389343, 0.016752218827605247, 0.8102141618728638, 0.05103348822304118
FCB184, 21, 0.057648882269859314, 0.016756761819124222, 0.8152756094932556, 0.04758852747957058
FCB184, 22, 0.05654206871986389, 0.01611263118684292, 0.8204352259635925, 0.04558564332639
FCB184, 23, 0.05820215120911598, 0.01676013134419918, 0.8186167478561401, 0.04682743150136196
FCB184, 24, 0.05718627944588661, 0.016337430104613304, 0.8174488544464111, 0.05155423810286813
FCB184, 25, 0.05643809214234352, 0.015572970733046532, 0.8201366066932678, 0.04606633552315334
FCB184, 26, 0.053569648414850235, 0.014184718020260334, 0.8253467679023743, 0.0462666239384714
FCB184, 27, 0.05073754861950874, 0.012956702150404453, 0.8292267918586731, 0.05255568017945842
FCB184, 28, 0.04884685203433037, 0.01226054597645998, 0.8326361775398254, 0.04670725845217113
FCB184, 29, 0.04916364327073097, 0.012614673934876919, 0.8319481611251831, 0.046947604550552795
FCB184, 30, 0.049383699893951416, 0.01268080621957779, 0.8313568234443665, 0.045345297228008334
FCB114, 1, 0.04691488295793533, 0.013126526959240437, 0.7868941426277161, 0.04887037333760615
FCB114, 2, 0.046971116214990616, 0.012698903679847717, 0.7911674380302429, 0.05115366127223201
FCB114, 3, 0.046766288578510284, 0.012802808545529842, 0.7844762802124023, 0.051394007370613684
FCB114, 4, 0.04694698750972748, 0.01298647653311491, 0.7743179798126221, 0.04879025797147893
FCB114, 5, 0.049258794635534286, 0.013980751857161522, 0.7790789604187012, 0.04754846979650697
FCB114, 6, 0.05055123195052147, 0.014671280048787594, 0.7756530046463013, 0.04254125941355552
FCB114, 7, 0.05378882214426994, 0.016081904992461205, 0.7694089412689209, 0.050913315173850344
FCB114, 8, 0.05531705915927887, 0.016823962330818176, 0.7683331370353699, 0.04722800833199808
FCB114, 9, 0.05503690242767334, 0.016967706382274628, 0.7667282819747925, 0.051233776638359235
FCB114, 10, 0.0499575212597847, 0.01482308842241764, 0.7656977772712708, 0.0511136035891684
FCB114, 11, 0.04705203324556351, 0.013669035397469997, 0.7657421231269836, 0.05063291139240506
FCB114, 12, 0.048314642161130905, 0.013858065940439701, 0.7678101658821106, 0.054558564332639004
FCB114, 13, 0.04998074099421501, 0.014455931261181831, 0.766451358795166, 0.04911071943598782
FCB114, 14, 0.05223112925887108, 0.015290851704776287, 0.7627413272857666, 0.050873257490786736
FCB114, 15, 0.045172665268182755, 0.012196886353194714, 0.7719314098358154, 0.04458420124979971
FCB114, 16, 0.044228531420230865, 0.011911350302398205, 0.7748470902442932, 0.04754846979650697
FCB114, 17, 0.04312971979379654, 0.011372560635209084, 0.7733370661735535, 0.04794904662714308
FCB114, 18, 0.040627371519804, 0.009889932349324226, 0.7769501209259033, 0.04750841211344336
FCB114, 19, 0.04411124438047409, 0.011243470944464207, 0.7788112759590149, 0.04590610479089889
FCB114, 20, 0.0447671040892601, 0.01169122289866209, 0.7878120541572571, 0.04826950809165198
FCB114, 21, 0.04706588014960289, 0.012989329174160957, 0.7848384976387024, 0.04802916199327031
FCB114, 22, 0.04825855419039726, 0.013574378564953804, 0.7734265923500061, 0.04959141163275116
FCB114, 23, 0.047195129096508026, 0.013020139187574387, 0.7692787647247314, 0.049951930780323665
FCB114, 24, 0.045970238745212555, 0.012428651563823223, 0.7640243172645569, 0.04474443198205416
FCB114, 25, 0.045988988131284714, 0.012792659923434258, 0.7629165053367615, 0.04594616247396251
FCB114, 26, 0.04898723214864731, 0.014274331741034985, 0.7699835300445557, 0.05003204614645089
FCB114, 27, 0.05065290629863739, 0.014908377081155777, 0.7677700519561768, 0.04658708540298029
FCB114, 28, 0.04817022383213043, 0.014485578052699566, 0.7637158036231995, 0.04718795064893447
FCB114, 29, 0.04817471280694008, 0.013949545100331306, 0.7633926272392273, 0.047708700528761416
FCB114, 30, 0.047383278608322144, 0.013464486226439476, 0.7703790664672852, 0.04638679698766223
5399671, 1, 0.07022460550069809, 0.021432578563690186, 0.7779590487480164, 0.056921967633392086
5399671, 2, 0.07330123335123062, 0.022724490612745285, 0.7776594161987305, 0.05908508251882711
5399671, 3, 0.07544823735952377, 0.02356499806046486, 0.7752346396446228, 0.059645890081717674
5399671, 4, 0.07718508690595627, 0.024416126310825348, 0.7720754146575928, 0.05271591091171287
5399671, 5, 0.07928705215454102, 0.02538876235485077, 0.7670275568962097, 0.053877583720557606
5399671, 6, 0.08266410231590271, 0.027194863185286522, 0.7613415718078613, 0.05195481493350425
5399671, 7, 0.08477705717086792, 0.028297126293182373, 0.7568495273590088, 0.05383752603749399
5399671, 8, 0.08542346209287643, 0.028702957555651665, 0.7530520558357239, 0.05275596859477648
5399671, 9, 0.08928302675485611, 0.030623512342572212, 0.7544993162155151, 0.05067296907546868
5399671, 10, 0.09259683638811111, 0.03270505741238594, 0.7531760931015015, 0.05303637237622176
5399671, 11, 0.09365890920162201, 0.03347565978765488, 0.7460946440696716, 0.05415798750200288
5399671, 12, 0.0967731922864914, 0.03517521172761917, 0.7414966821670532, 0.054718795064893445
5399671, 13, 0.10118819028139114, 0.0380769781768322, 0.7429611682891846, 0.05860439032206377
5399671, 14, 0.09733602404594421, 0.03559532016515732, 0.7509906888008118, 0.0552395449447204
5399671, 15, 0.09058036655187607, 0.031924281269311905, 0.7567893266677856, 0.05271591091171287
5399671, 16, 0.08700442314147949, 0.030002417042851448, 0.7582102417945862, 0.05443839128344816
5399671, 17, 0.08650298416614532, 0.029860762879252434, 0.7520866990089417, 0.05099343053997757
5399671, 18, 0.08586045354604721, 0.029506869614124298, 0.7504572868347168, 0.04766864284569781
5399671, 19, 0.08669178932905197, 0.030155925080180168, 0.7553953528404236, 0.05155423810286813
5399671, 20, 0.0876891016960144, 0.030708307400345802, 0.757763683795929, 0.05055279602627784
5399671, 21, 0.09208807349205017, 0.032897014170885086, 0.7595487833023071, 0.05924531325108156
5399671, 22, 0.09307044744491577, 0.03321186080574989, 0.7595579624176025, 0.05459862201570261
5399671, 23, 0.09276533871889114, 0.03303329646587372, 0.7631033658981323, 0.05323666079153982
5399671, 24, 0.09586670249700546, 0.0350915901362896, 0.7596370577812195, 0.05880467873738183
5399671, 25, 0.09920910745859146, 0.03730642423033714, 0.7533233165740967, 0.058524274955936546
5399671, 26, 0.09983871877193451, 0.03776967525482178, 0.7516188025474548, 0.05688190995032847
5399671, 27, 0.09892764687538147, 0.03738231211900711, 0.7483054995536804, 0.053917641403621215
5399671, 28, 0.09992726147174835, 0.038171909749507904, 0.7471619844436646, 0.059205255568017943
5399671, 29, 0.0973622128367424, 0.036791570484638214, 0.7490927577018738, 0.05960583239865406
5399671, 30, 0.0961093157529831, 0.036353111267089844, 0.7520143389701843, 0.05876462105431822
FCB187, 1, 0.03448880836367607, 0.007985174655914307, 0.8122395873069763, 0.052155103348822306
FCB187, 2, 0.03394101932644844, 0.0076407757587730885, 0.8161534070968628, 0.04879025797147893
FCB187, 3, 0.03536553308367729, 0.008256729692220688, 0.8146203756332397, 0.04999198846338728
FCB187, 4, 0.03569742292165756, 0.008416716940701008, 0.8157614469528198, 0.05067296907546868
FCB187, 5, 0.03671674057841301, 0.008771405555307865, 0.8141657710075378, 0.049631469315814775
FCB187, 6, 0.03747435659170151, 0.008960960432887077, 0.8184468150138855, 0.04754846979650697
FCB187, 7, 0.03752996399998665, 0.00899905152618885, 0.8168204426765442, 0.04714789296587085
FCB187, 8, 0.03779812157154083, 0.009347081184387207, 0.8131625652313232, 0.04354270149014581
FCB187, 9, 0.03874232992529869, 0.009751875884830952, 0.8077203631401062, 0.045825989424771674
FCB187, 10, 0.03761947527527809, 0.008984877727925777, 0.8083699941635132, 0.04210062489985579
FCB187, 11, 0.037137627601623535, 0.008810932748019695, 0.8066905736923218, 0.04630668162153501
FCB187, 12, 0.036225806921720505, 0.008295312523841858, 0.808934211730957, 0.04622656625540779
FCB187, 13, 0.036087408661842346, 0.008130248636007309, 0.8141900897026062, 0.04999198846338728
FCB187, 14, 0.03787873312830925, 0.008638933300971985, 0.8153088092803955, 0.050112161512578114
FCB187, 15, 0.038282204419374466, 0.008801941759884357, 0.8200927376747131, 0.04826950809165198
FCB187, 16, 0.04023730009794235, 0.009905549697577953, 0.8233513832092285, 0.04911071943598782
FCB187, 17, 0.04144451394677162, 0.010582389310002327, 0.8174329400062561, 0.04806921967633392
FCB187, 18, 0.04390538111329079, 0.011515854857861996, 0.8030775189399719, 0.04658708540298029
FCB187, 19, 0.04773204028606415, 0.013208284974098206, 0.8099865913391113, 0.044383912834481655
FCB187, 20, 0.048157598823308945, 0.013374410569667816, 0.8167579770088196, 0.04366287453933664
FCB187, 21, 0.04918226599693298, 0.013862603344023228, 0.813877284526825, 0.045825989424771674
FCB187, 22, 0.04765952751040459, 0.012635255232453346, 0.8042333126068115, 0.04674731613523474
FCB187, 23, 0.04605744406580925, 0.012427307665348053, 0.8040542602539062, 0.04762858516263419
FCB187, 24, 0.04444900527596474, 0.011903936974704266, 0.7980435490608215, 0.045986220157026116
FCB187, 25, 0.042077627032995224, 0.010608517564833164, 0.80086749792099, 0.04578593174170806
FCB187, 26, 0.04033711925148964, 0.0098244184628129, 0.8078176975250244, 0.044423970517545264
FCB187, 27, 0.03776859492063522, 0.008673164062201977, 0.811919093132019, 0.047388239064252526
FCB187, 28, 0.03711719810962677, 0.008415639400482178, 0.8146955370903015, 0.04718795064893447
FCB187, 29, 0.03739809989929199, 0.008717132732272148, 0.8139493465423584, 0.04718795064893447
FCB187, 30, 0.03703363984823227, 0.00887320563197136, 0.8099172115325928, 0.04182022111841051
1034065, 1, 0.05816162750124931, 0.017235321924090385, 0.7872368097305298, 0.054238102868130106
1034065, 2, 0.05893880873918533, 0.01744113303720951, 0.7863174080848694, 0.051353949687550075
1034065, 3, 0.06094026193022728, 0.01830587536096573, 0.7799974083900452, 0.05131389200448646
1034065, 4, 0.0670723244547844, 0.02136407420039177, 0.7754808664321899, 0.05327671847460343
1034065, 5, 0.06794632226228714, 0.021532265469431877, 0.768861711025238, 0.05159429578593174
1034065, 6, 0.06358659267425537, 0.01926564984023571, 0.7661128640174866, 0.05155423810286813
1034065, 7, 0.058474719524383545, 0.017048412933945656, 0.7637602686882019, 0.050592853709341454
1034065, 8, 0.05803597345948219, 0.017029166221618652, 0.7679159045219421, 0.0541980451850665
1034065, 9, 0.058832552284002304, 0.01755957119166851, 0.7670798897743225, 0.04830956577471559
1034065, 10, 0.05813765153288841, 0.01733759045600891, 0.7623112201690674, 0.048189392725524756
1034065, 11, 0.057337384670972824, 0.01692657545208931, 0.7595319747924805, 0.04426373978529082
1034065, 12, 0.05331268906593323, 0.01532446313649416, 0.7681432962417603, 0.045825989424771674
1034065, 13, 0.05067881569266319, 0.014685196802020073, 0.766898512840271, 0.043462586124018585
1034065, 14, 0.05012981966137886, 0.014636768959462643, 0.7637379169464111, 0.04758852747957058
1034065, 15, 0.049397438764572144, 0.014002065174281597, 0.7672243118286133, 0.04230091331517385
1034065, 16, 0.048041973263025284, 0.013422423973679543, 0.7598775625228882, 0.042661432462746354
1034065, 17, 0.048048216849565506, 0.013420192524790764, 0.7663963437080383, 0.04302195161031886
1034065, 18, 0.04924517869949341, 0.013984945602715015, 0.7660555243492126, 0.044864605031244995
1034065, 19, 0.05361611768603325, 0.01624906435608864, 0.7634572982788086, 0.04198045185066496
1034065, 20, 0.056789688766002655, 0.017428800463676453, 0.7637200355529785, 0.04190033648453773
1034065, 21, 0.05681176856160164, 0.017502842471003532, 0.7560421824455261, 0.04141964428777439
1034065, 22, 0.05437438189983368, 0.01642388477921486, 0.7473160028457642, 0.04306200929338247
1034065, 23, 0.05581337958574295, 0.016978807747364044, 0.7478582262992859, 0.04630668162153501
1034065, 24, 0.05589086189866066, 0.016477104276418686, 0.7474666237831116, 0.04951129626662394
1034065, 25, 0.05355314165353775, 0.015209990553557873, 0.7539798617362976, 0.04153981733696523
1034065, 26, 0.05358827859163284, 0.015165979973971844, 0.7590696215629578, 0.04194039416760135
1034065, 27, 0.05325096845626831, 0.014763133600354195, 0.7678139209747314, 0.046907546867489186
1034065, 28, 0.05608547106385231, 0.015965238213539124, 0.7717505097389221, 0.05143406505367729
1034065, 29, 0.05525903031229973, 0.01536205317825079, 0.7766028046607971, 0.051874699567377024
1034065, 30, 0.055870190262794495, 0.015722712501883507, 0.7786008715629578, 0.05103348822304118
5285133, 1, 0.04029667750000954, 0.010109963826835155, 0.8049272298812866, 0.06016663996154462
5285133, 2, 0.04244481772184372, 0.011026131920516491, 0.8033896088600159, 0.05924531325108156
5285133, 3, 0.04338822141289711, 0.011555296368896961, 0.7962273359298706, 0.053436949206857876
5285133, 4, 0.04407458007335663, 0.011708199977874756, 0.7957322597503662, 0.05572023714148373
5285133, 5, 0.04486510902643204, 0.011958117596805096, 0.7973033785820007, 0.05291619932703093
5285133, 6, 0.04517641291022301, 0.011840223334729671, 0.7923723459243774, 0.05371735298830316
5285133, 7, 0.04681232199072838, 0.012154876254498959, 0.7944338917732239, 0.052195161031885914
5285133, 8, 0.0463770255446434, 0.012073138728737831, 0.7921620607376099, 0.055039256529402336
5285133, 9, 0.045559901744127274, 0.01163179986178875, 0.7902652025222778, 0.053116487742348985
5285133, 10, 0.04729875922203064, 0.01247942540794611, 0.790766716003418, 0.051674411152058966
5285133, 11, 0.04909190163016319, 0.013332056812942028, 0.7965112328529358, 0.05580035250761096
5285133, 12, 0.04828132688999176, 0.013096269220113754, 0.7981877326965332, 0.0535170645729851
5285133, 13, 0.04691949859261513, 0.012292682193219662, 0.8048098087310791, 0.04778881589488864
5285133, 14, 0.0459493063390255, 0.011711671948432922, 0.8030440211296082, 0.04650697003685307
5285133, 15, 0.04697597399353981, 0.012259162031114101, 0.7923874258995056, 0.05127383432142285
5285133, 16, 0.045072998851537704, 0.011723439209163189, 0.7878886461257935, 0.05143406505367729
5285133, 17, 0.04601983353495598, 0.012375716120004654, 0.7843088507652283, 0.04586604710783528
5285133, 18, 0.05081770941615105, 0.014829068444669247, 0.7758010029792786, 0.04975164236500561
5285133, 19, 0.049759503453969955, 0.014285813085734844, 0.7786479592323303, 0.0441836244191636
5285133, 20, 0.04670999199151993, 0.012859009206295013, 0.7901694774627686, 0.04907066175292421
5285133, 21, 0.04533402994275093, 0.012405455112457275, 0.7864015698432922, 0.04806921967633392
5285133, 22, 0.0467582605779171, 0.012954555451869965, 0.7800409197807312, 0.047868931261015865
5285133, 23, 0.047606050968170166, 0.012674912810325623, 0.781324028968811, 0.05051273834321423
5285133, 24, 0.04801950976252556, 0.012722714804112911, 0.7840592265129089, 0.04698766223361641
5285133, 25, 0.05079568549990654, 0.01407705806195736, 0.7857625484466553, 0.047388239064252526
5285133, 26, 0.051460813730955124, 0.014057724736630917, 0.7891645431518555, 0.04794904662714308
5285133, 27, 0.04932604730129242, 0.01325767207890749, 0.7873970866203308, 0.045505527960262776
5285133, 28, 0.049972087144851685, 0.013609904795885086, 0.7849251627922058, 0.047748758211825025
5285133, 29, 0.04899735376238823, 0.012852951884269714, 0.7927160859107971, 0.051193718955295626
5285133, 30, 0.04737657308578491, 0.012084787711501122, 0.79496169090271, 0.049190834802115044
