Case_ID, Slide_ID, mae, mse, ssim
image_99, 1, 0.024558288976550102, 0.003374428255483508, 0.9997611045837402
image_99, 1, 0.04729965701699257, 0.00663790013641119, 1.999574899673462
image_99, 1, 0.07028906047344208, 0.009898420423269272, 2.9993956089019775
image_99, 1, 0.0930948406457901, 0.012898493558168411, 3.999225616455078
image_99, 1, 0.11633946001529694, 0.016086600720882416, 4.999051094055176
image_99, 1, 0.1404169499874115, 0.01933642290532589, 5.998868465423584
image_99, 1, 0.16510169208049774, 0.02252712845802307, 6.998651504516602
image_99, 1, 0.1899845004081726, 0.025561902672052383, 7.998416900634766
image_99, 1, 0.2130383849143982, 0.028315644711256027, 8.998257637023926
image_99, 1, 0.2362416535615921, 0.031186584383249283, 9.998122215270996
image_99, 1, 0.26023709774017334, 0.034330110996961594, 10.997960090637207
image_99, 1, 0.2850640118122101, 0.03783295303583145, 11.997770309448242
image_99, 1, 0.3105457127094269, 0.04137323051691055, 12.99755573272705
image_99, 1, 0.3373808264732361, 0.04520364850759506, 13.997332572937012
image_99, 1, 0.3663121461868286, 0.049340102821588516, 14.997069358825684
image_99, 1, 0.3974364101886749, 0.05371701717376709, 15.996732711791992
image_99, 1, 0.4286438226699829, 0.05830419808626175, 16.996410369873047
image_99, 1, 0.4599249064922333, 0.0626799687743187, 17.996097564697266
image_99, 1, 0.4922184944152832, 0.06746500730514526, 18.995773315429688
image_99, 1, 0.522812008857727, 0.07159925252199173, 19.99547004699707
image_99, 1, 0.5528924465179443, 0.07571742683649063, 20.995182037353516
image_99, 1, 0.5830895900726318, 0.08004489541053772, 21.994905471801758
image_99, 1, 0.6108055710792542, 0.08392816036939621, 22.994665145874023
image_99, 1, 0.6374160647392273, 0.08790461719036102, 23.994407653808594
image_99, 1, 0.674736499786377, 0.09362681955099106, 24.993745803833008
image_99, 1, 0.7020963430404663, 0.09776612371206284, 25.993427276611328
image_99, 1, 0.7297865748405457, 0.10209862142801285, 26.99306869506836
image_99, 1, 0.7576913237571716, 0.10677149146795273, 27.992692947387695
image_99, 1, 0.788584291934967, 0.11177737265825272, 28.992246627807617
image_99, 1, 0.8176544904708862, 0.11686227470636368, 29.991849899291992
image_77, 2, 0.029742702841758728, 0.005113125313073397, 0.9994090795516968
image_77, 2, 0.05538296699523926, 0.010159755125641823, 1.9988757371902466
image_77, 2, 0.08223388344049454, 0.01581011340022087, 2.998262405395508
image_77, 2, 0.12165651470422745, 0.02286694198846817, 3.9973535537719727
image_77, 2, 0.15376612544059753, 0.028949199244379997, 4.996673107147217
image_77, 2, 0.18690834939479828, 0.03531905263662338, 5.9959492683410645
image_77, 2, 0.21888919174671173, 0.04337777942419052, 6.995081424713135
image_77, 2, 0.2506237030029297, 0.0511791817843914, 7.994248867034912
image_77, 2, 0.28702956438064575, 0.058121275156736374, 8.993441581726074
image_77, 2, 0.3252784311771393, 0.06541131436824799, 9.992570877075195
image_77, 2, 0.36095261573791504, 0.07467169314622879, 10.9915189743042
image_77, 2, 0.4015342593193054, 0.0857812911272049, 11.990215301513672
image_77, 2, 0.439928263425827, 0.09618748724460602, 12.989019393920898
image_77, 2, 0.4747965633869171, 0.10449185967445374, 13.98811149597168
image_77, 2, 0.5169495344161987, 0.11233948916196823, 14.987161636352539
image_77, 2, 0.5539379715919495, 0.11937078833580017, 15.986395835876465
image_77, 2, 0.6785435080528259, 0.16825799643993378, 16.978464126586914
image_77, 2, 0.8019599318504333, 0.21867099404335022, 17.97052574157715
image_77, 2, 0.9595638513565063, 0.3369329869747162, 18.9567928314209
image_77, 2, 1.3334826231002808, 0.7230071425437927, 19.91334342956543
image_77, 2, 1.6999213695526123, 1.0920748710632324, 20.872648239135742
image_77, 2, 2.074683666229248, 1.4783412218093872, 21.83156394958496
image_77, 2, 2.4263041019439697, 1.8290512561798096, 22.793603897094727
image_77, 2, 2.6344072818756104, 2.000250816345215, 23.776145935058594
image_77, 2, 2.762036085128784, 2.0577385425567627, 24.76738166809082
image_77, 2, 2.79303240776062, 2.064150333404541, 25.766756057739258
image_77, 2, 2.8222594261169434, 2.0698745250701904, 26.76620864868164
image_77, 2, 2.8499886989593506, 2.0745866298675537, 27.765766143798828
image_77, 2, 2.8763551712036133, 2.078904628753662, 28.765422821044922
image_77, 2, 2.9005556106567383, 2.082054615020752, 29.765214920043945
image_150, 3, 0.03298383206129074, 0.0054632192477583885, 0.9995701909065247
image_150, 3, 0.0678393691778183, 0.011362290009856224, 1.9990813732147217
image_150, 3, 0.11052538454532623, 0.01964486390352249, 2.9982762336730957
image_150, 3, 0.14087966084480286, 0.02433880791068077, 3.9979546070098877
image_150, 3, 0.1752563714981079, 0.030086135491728783, 4.997507572174072
image_150, 3, 0.20787516236305237, 0.0352940559387207, 5.997112274169922
image_150, 3, 0.24514609575271606, 0.041773613542318344, 6.996550559997559
image_150, 3, 0.28071027994155884, 0.04778347536921501, 7.996050834655762
image_150, 3, 0.31601738929748535, 0.05384306609630585, 8.995528221130371
image_150, 3, 0.35067716240882874, 0.059653475880622864, 9.995034217834473
image_150, 3, 0.38484832644462585, 0.06522367149591446, 10.994560241699219
image_150, 3, 0.41372936964035034, 0.06940024346113205, 11.99425220489502
image_150, 3, 0.44340381026268005, 0.07373836636543274, 12.993926048278809
image_150, 3, 0.47606411576271057, 0.07882063835859299, 13.993546485900879
image_150, 3, 0.5104618072509766, 0.08455885201692581, 14.993109703063965
image_150, 3, 0.5415872931480408, 0.08934556692838669, 15.99279499053955
image_150, 3, 0.5741899013519287, 0.0944102481007576, 16.992456436157227
image_150, 3, 0.6059481501579285, 0.09926930069923401, 17.99213409423828
image_150, 3, 0.6400052309036255, 0.1048838198184967, 18.991727828979492
image_150, 3, 0.672611653804779, 0.11004684865474701, 19.99138069152832
image_150, 3, 0.7022843956947327, 0.11441875994205475, 20.99110984802246
image_150, 3, 0.728958010673523, 0.1178465485572815, 21.990903854370117
image_150, 3, 0.7594350576400757, 0.12229423224925995, 22.990596771240234
image_150, 3, 0.7918262481689453, 0.12750475108623505, 23.990222930908203
image_150, 3, 0.8248488903045654, 0.13290230929851532, 24.989824295043945
image_150, 3, 0.8547647595405579, 0.13728314638137817, 25.98952865600586
image_150, 3, 0.884343683719635, 0.14163772761821747, 26.989248275756836
image_150, 3, 0.9149134755134583, 0.14645157754421234, 27.988937377929688
image_150, 3, 0.9477935433387756, 0.15197376906871796, 28.98855209350586
image_150, 3, 0.9778966903686523, 0.15657660365104675, 29.988258361816406
image_26, 4, 0.024914328008890152, 0.003994678612798452, 0.9996492862701416
image_26, 4, 0.05604620277881622, 0.009454539977014065, 1.9991178512573242
image_26, 4, 0.08275459706783295, 0.014152702875435352, 2.9986958503723145
image_26, 4, 0.10967420041561127, 0.018735572695732117, 3.998271942138672
image_26, 4, 0.13783426582813263, 0.02403785102069378, 4.99776029586792
image_26, 4, 0.16984592378139496, 0.030438296496868134, 5.99708890914917
image_26, 4, 0.2008909434080124, 0.036468956619501114, 6.996432781219482
image_26, 4, 0.2340119332075119, 0.04263473302125931, 7.995738506317139
image_26, 4, 0.26305466890335083, 0.04762304201722145, 8.995198249816895
image_26, 4, 0.29351720213890076, 0.05280521884560585, 9.994643211364746
image_26, 4, 0.32436275482177734, 0.05793255940079689, 10.99410343170166
image_26, 4, 0.3569331765174866, 0.06353963911533356, 11.993486404418945
image_26, 4, 0.3989636301994324, 0.0717669129371643, 12.992497444152832
image_26, 4, 0.4458792507648468, 0.08155020326375961, 13.991302490234375
image_26, 4, 0.49624285101890564, 0.09266689419746399, 14.989959716796875
image_26, 4, 0.5325226187705994, 0.09910330176353455, 15.98928451538086
image_26, 4, 0.5707454085350037, 0.10620999336242676, 16.988513946533203
image_26, 4, 0.6077159643173218, 0.11289554089307785, 17.987773895263672
image_26, 4, 0.6467265486717224, 0.12034658342599869, 18.986915588378906
image_26, 4, 0.6874426603317261, 0.12820592522621155, 19.985992431640625
image_26, 4, 0.7311723828315735, 0.1378430277109146, 20.984859466552734
image_26, 4, 0.7792415618896484, 0.14928264915943146, 21.983474731445312
image_26, 4, 0.8279405832290649, 0.16116032004356384, 22.981956481933594
image_26, 4, 0.8744829893112183, 0.17248380184173584, 23.98049545288086
image_26, 4, 0.919798731803894, 0.18345186114311218, 24.979095458984375
image_26, 4, 0.9624311923980713, 0.19372864067554474, 25.977787017822266
image_26, 4, 1.006708025932312, 0.20478375256061554, 26.976354598999023
image_26, 4, 1.0458449125289917, 0.21438516676425934, 27.975112915039062
image_26, 4, 1.097294569015503, 0.22812044620513916, 28.973262786865234
image_26, 4, 1.1455929279327393, 0.2413686066865921, 29.97150230407715
image_51, 5, 0.024609414860606194, 0.0036662134807556868, 0.9998013377189636
image_51, 5, 0.04697740823030472, 0.006627567578107119, 1.9996534585952759
image_51, 5, 0.0688643679022789, 0.009403901174664497, 2.9995107650756836
image_51, 5, 0.09156545251607895, 0.01251963246613741, 3.9993600845336914
image_51, 5, 0.11454518884420395, 0.01552264392375946, 4.999210357666016
image_51, 5, 0.13984136283397675, 0.019196340814232826, 5.999026298522949
image_51, 5, 0.16457107663154602, 0.02272396720945835, 6.998844623565674
image_51, 5, 0.18917745351791382, 0.026204867288470268, 7.998663425445557
image_51, 5, 0.21352633833885193, 0.029682520776987076, 8.9984769821167
image_51, 5, 0.24001432955265045, 0.03368358686566353, 9.9982271194458
image_51, 5, 0.26409655809402466, 0.03694874793291092, 10.998048782348633
image_51, 5, 0.28867048025131226, 0.04032427445054054, 11.997872352600098
image_51, 5, 0.31329146027565, 0.04353717714548111, 12.997681617736816
image_51, 5, 0.3395062983036041, 0.047090303152799606, 13.997488975524902
image_51, 5, 0.3669736087322235, 0.050892941653728485, 14.997267723083496
image_51, 5, 0.39783138036727905, 0.055584587156772614, 15.996987342834473
image_51, 5, 0.42971527576446533, 0.060346320271492004, 16.996681213378906
image_51, 5, 0.45768487453460693, 0.06404392421245575, 17.996429443359375
image_51, 5, 0.48549920320510864, 0.06776665896177292, 18.996196746826172
image_51, 5, 0.5208894610404968, 0.07328642159700394, 19.995698928833008
image_51, 5, 0.5540874004364014, 0.07866034656763077, 20.995403289794922
image_51, 5, 0.5833611488342285, 0.08266933262348175, 21.995115280151367
image_51, 5, 0.6096815466880798, 0.08611290901899338, 22.99492073059082
image_51, 5, 0.6370048522949219, 0.09007779508829117, 23.99471664428711
image_51, 5, 0.6625671982765198, 0.09359364211559296, 24.99455451965332
image_51, 5, 0.6872648000717163, 0.0968957468867302, 25.99439811706543
image_51, 5, 0.7129335999488831, 0.1003757044672966, 26.994190216064453
image_51, 5, 0.7376543283462524, 0.10359328240156174, 27.994001388549805
image_51, 5, 0.76502925157547, 0.10713057219982147, 28.993703842163086
image_51, 5, 0.7896035313606262, 0.11046630144119263, 29.993545532226562
image_82, 6, 0.04004945978522301, 0.006784155964851379, 0.9991874694824219
image_82, 6, 0.08551691472530365, 0.01520660612732172, 1.9981346130371094
image_82, 6, 0.1326332688331604, 0.024061106145381927, 2.997014045715332
image_82, 6, 0.16225650906562805, 0.028134651482105255, 3.9966092109680176
image_82, 6, 0.18714231252670288, 0.031160635873675346, 4.996347427368164
image_82, 6, 0.23304590582847595, 0.03936029225587845, 5.995311260223389
image_82, 6, 0.2730596363544464, 0.045935213565826416, 6.99453592300415
image_82, 6, 0.3115778863430023, 0.052031759172677994, 7.993831157684326
image_82, 6, 0.3401985764503479, 0.05567521974444389, 8.993488311767578
image_82, 6, 0.37592893838882446, 0.060994476079940796, 9.992904663085938
image_82, 6, 0.40734192728996277, 0.06530678272247314, 10.992473602294922
image_82, 6, 0.44251641631126404, 0.07040483504533768, 11.991914749145508
image_82, 6, 0.4818125367164612, 0.07650330662727356, 12.991196632385254
image_82, 6, 0.511458694934845, 0.08026916533708572, 13.990845680236816
image_82, 6, 0.5410711169242859, 0.08412863314151764, 14.99051284790039
image_82, 6, 0.5760046243667603, 0.08939298242330551, 15.989994049072266
image_82, 6, 0.6188072562217712, 0.09667784720659256, 16.989152908325195
image_82, 6, 0.6484802961349487, 0.10047614574432373, 17.988798141479492
image_82, 6, 0.6773401498794556, 0.10424146801233292, 18.98845863342285
image_82, 6, 0.7149937748908997, 0.11036335676908493, 19.98777961730957
image_82, 6, 0.7531332969665527, 0.11646689474582672, 20.987106323242188
image_82, 6, 0.784669816493988, 0.12082977592945099, 21.98668670654297
image_82, 6, 0.8084975481033325, 0.12349604070186615, 22.98650360107422
image_82, 6, 0.8298622965812683, 0.12578338384628296, 23.98636245727539
image_82, 6, 0.8514741659164429, 0.12818285822868347, 24.986217498779297
image_82, 6, 0.8775104880332947, 0.1314014494419098, 25.985971450805664
image_82, 6, 0.9004685878753662, 0.13399043679237366, 26.985797882080078
image_82, 6, 0.9242331981658936, 0.13673095405101776, 27.98560333251953
image_82, 6, 0.9480510354042053, 0.1395583599805832, 28.985401153564453
image_82, 6, 0.9819095134735107, 0.14461156725883484, 29.984895706176758
image_80, 7, 0.03162646293640137, 0.004644949454814196, 0.9995549321174622
image_80, 7, 0.05954010784626007, 0.008398396894335747, 1.9992295503616333
image_80, 7, 0.08100291341543198, 0.01092248223721981, 2.999061346054077
image_80, 7, 0.10539098083972931, 0.013872385025024414, 3.9988162517547607
image_80, 7, 0.1267929971218109, 0.016232091933488846, 4.998640537261963
image_80, 7, 0.1549503356218338, 0.019751878455281258, 5.998290061950684
image_80, 7, 0.1877545863389969, 0.02431684359908104, 6.997778415679932
image_80, 7, 0.21122001111507416, 0.02693307213485241, 7.997539043426514
image_80, 7, 0.23358219861984253, 0.0292980894446373, 8.997326850891113
image_80, 7, 0.2650528848171234, 0.03342221677303314, 9.996851921081543
image_80, 7, 0.29702842235565186, 0.037659090012311935, 10.99637508392334
image_80, 7, 0.32547199726104736, 0.04108276963233948, 11.996020317077637
image_80, 7, 0.35537564754486084, 0.04492148384451866, 12.995607376098633
image_80, 7, 0.38093283772468567, 0.04797561094164848, 13.995321273803711
image_80, 7, 0.41007205843925476, 0.051814232021570206, 14.994964599609375
image_80, 7, 0.43765661120414734, 0.05528847128152847, 15.994688987731934
image_80, 7, 0.46242567896842957, 0.058179471641778946, 16.994497299194336
image_80, 7, 0.4921884536743164, 0.06234227865934372, 17.994131088256836
image_80, 7, 0.5163989663124084, 0.06528960913419724, 18.99392318725586
image_80, 7, 0.5426422953605652, 0.06868545711040497, 19.993669509887695
image_80, 7, 0.5762643814086914, 0.07395912706851959, 20.993188858032227
image_80, 7, 0.6029037833213806, 0.07741963118314743, 21.992935180664062
image_80, 7, 0.6323907375335693, 0.08141122758388519, 22.992582321166992
image_80, 7, 0.6648951172828674, 0.08596464991569519, 23.992124557495117
image_80, 7, 0.6940557360649109, 0.08966676145792007, 24.991762161254883
image_80, 7, 0.7179189324378967, 0.09235119074583054, 25.991539001464844
image_80, 7, 0.7493929266929626, 0.0964738056063652, 26.991079330444336
image_80, 7, 0.7795941829681396, 0.10032646358013153, 27.990646362304688
image_80, 7, 0.8064820766448975, 0.10348577797412872, 28.990310668945312
image_80, 7, 0.8376777172088623, 0.10752847790718079, 29.98984146118164
image_1, 8, 0.0258952509611845, 0.003116384381428361, 0.999691903591156
image_1, 8, 0.05029997602105141, 0.005967971868813038, 1.9994258880615234
image_1, 8, 0.06715411692857742, 0.0076429881155490875, 2.9993276596069336
image_1, 8, 0.08270219713449478, 0.009122033603489399, 3.9992446899414062
image_1, 8, 0.10009931027889252, 0.010854559950530529, 4.999136924743652
image_1, 8, 0.12193343788385391, 0.013264097273349762, 5.9989333152771
image_1, 8, 0.14365798234939575, 0.015589163638651371, 6.998734474182129
image_1, 8, 0.16093266010284424, 0.017232106998562813, 7.998629093170166
image_1, 8, 0.17769336700439453, 0.018802659586071968, 8.998536109924316
image_1, 8, 0.19393879175186157, 0.020348403602838516, 9.998451232910156
image_1, 8, 0.21009929478168488, 0.021853160113096237, 10.998364448547363
image_1, 8, 0.23173487186431885, 0.02418092079460621, 11.998167991638184
image_1, 8, 0.24925051629543304, 0.025861958041787148, 12.998055458068848
image_1, 8, 0.2662663459777832, 0.027436483651399612, 13.997954368591309
image_1, 8, 0.29003679752349854, 0.030116217210888863, 14.997713088989258
image_1, 8, 0.3135658800601959, 0.03274526819586754, 15.997486114501953
image_1, 8, 0.3358321487903595, 0.03509186953306198, 16.997303009033203
image_1, 8, 0.355291485786438, 0.03693253919482231, 17.997180938720703
image_1, 8, 0.37461787462234497, 0.03878064826130867, 18.99705696105957
image_1, 8, 0.396457701921463, 0.04107091203331947, 19.99687385559082
image_1, 8, 0.42202919721603394, 0.044045865535736084, 20.996597290039062
image_1, 8, 0.4464225172996521, 0.04670354723930359, 21.9963436126709
image_1, 8, 0.47023749351501465, 0.04932723939418793, 22.996103286743164
image_1, 8, 0.4893452227115631, 0.05128379538655281, 23.99596405029297
image_1, 8, 0.5072913765907288, 0.05307095870375633, 24.99584197998047
image_1, 8, 0.5231164693832397, 0.05450120568275452, 25.995763778686523
image_1, 8, 0.5405836701393127, 0.056053780019283295, 26.995649337768555
image_1, 8, 0.5562514662742615, 0.057517699897289276, 27.995567321777344
image_1, 8, 0.5716432332992554, 0.058989834040403366, 28.9954833984375
image_1, 8, 0.5908591747283936, 0.06103018298745155, 29.995325088500977
image_124, 9, 0.04034776985645294, 0.007151046767830849, 0.9994345903396606
image_124, 9, 0.08549478650093079, 0.017300663515925407, 1.9986047744750977
image_124, 9, 0.13063736259937286, 0.02754293754696846, 2.9977471828460693
image_124, 9, 0.17689719796180725, 0.0382130928337574, 3.9968628883361816
image_124, 9, 0.22245506942272186, 0.04876385256648064, 4.995998859405518
image_124, 9, 0.2698638439178467, 0.06022825837135315, 5.995015621185303
image_124, 9, 0.31287017464637756, 0.0692305713891983, 6.994225978851318
image_124, 9, 0.3570079207420349, 0.07940524071455002, 7.993340492248535
image_124, 9, 0.4034886658191681, 0.09049203246831894, 8.992338180541992
image_124, 9, 0.44617557525634766, 0.09996089339256287, 9.991510391235352
image_124, 9, 0.49246838688850403, 0.11083576828241348, 10.990564346313477
image_124, 9, 0.5384849905967712, 0.12144805490970612, 11.989660263061523
image_124, 9, 0.5882695913314819, 0.1333989053964615, 12.988601684570312
image_124, 9, 0.6358000636100769, 0.1444399356842041, 13.987646102905273
image_124, 9, 0.6815477609634399, 0.154644176363945, 14.986763954162598
image_124, 9, 0.7287966012954712, 0.16514933109283447, 15.985878944396973
image_124, 9, 0.7785220146179199, 0.175986647605896, 16.984947204589844
image_124, 9, 0.827930748462677, 0.18597494065761566, 17.98409652709961
image_124, 9, 0.8737577199935913, 0.19475089013576508, 18.983333587646484
image_124, 9, 0.9224597811698914, 0.20467959344387054, 19.982444763183594
image_124, 9, 0.9735074043273926, 0.2154076248407364, 20.981481552124023
image_124, 9, 1.0215696096420288, 0.2257150262594223, 21.9805965423584
image_124, 9, 1.0680322647094727, 0.23592917621135712, 22.979736328125
image_124, 9, 1.1114610433578491, 0.2448069453239441, 23.9789981842041
image_124, 9, 1.1538033485412598, 0.2531859278678894, 24.978317260742188
image_124, 9, 1.1965875625610352, 0.26206523180007935, 25.977569580078125
image_124, 9, 1.2383766174316406, 0.27084505558013916, 26.976825714111328
image_124, 9, 1.2767505645751953, 0.27867016196250916, 27.97616958618164
image_124, 9, 1.3138768672943115, 0.2859044075012207, 28.975584030151367
image_124, 9, 1.3553502559661865, 0.2944369614124298, 29.974878311157227
image_65, 10, 0.02387988194823265, 0.0033555161207914352, 0.9997783899307251
image_65, 10, 0.0558331124484539, 0.007946593686938286, 1.9992835521697998
image_65, 10, 0.08864568918943405, 0.012724801898002625, 2.998767137527466
image_65, 10, 0.11609725654125214, 0.016507713124155998, 3.998476266860962
image_65, 10, 0.14799265563488007, 0.021054279059171677, 4.998013496398926
image_65, 10, 0.17326679825782776, 0.024512125179171562, 5.99777889251709
image_65, 10, 0.19883708655834198, 0.028241094201803207, 6.997567176818848
image_65, 10, 0.22592395544052124, 0.03209121525287628, 7.9972944259643555
image_65, 10, 0.25952428579330444, 0.03690936416387558, 8.996788024902344
image_65, 10, 0.2872006893157959, 0.041056256741285324, 9.996528625488281
image_65, 10, 0.31469178199768066, 0.04491165652871132, 10.996292114257812
image_65, 10, 0.35078054666519165, 0.050326377153396606, 11.995712280273438
image_65, 10, 0.3807980418205261, 0.05501808226108551, 12.995438575744629
image_65, 10, 0.4116951823234558, 0.05977337807416916, 13.995131492614746
image_65, 10, 0.44476982951164246, 0.06528417766094208, 14.994758605957031
image_65, 10, 0.47955507040023804, 0.0711875781416893, 15.99435043334961
image_65, 10, 0.5171189308166504, 0.0778576135635376, 16.99382209777832
image_65, 10, 0.5563424229621887, 0.08518366515636444, 17.993154525756836
image_65, 10, 0.5921246409416199, 0.09157505631446838, 18.99261474609375
image_65, 10, 0.6301552057266235, 0.09814273566007614, 19.992074966430664
image_65, 10, 0.6801488399505615, 0.10751642286777496, 20.990983963012695
image_65, 10, 0.7221225500106812, 0.11451739072799683, 21.990276336669922
image_65, 10, 0.7663083076477051, 0.12209369987249374, 22.989412307739258
image_65, 10, 0.8064238429069519, 0.12886394560337067, 23.988740921020508
image_65, 10, 0.847607433795929, 0.13580183684825897, 24.988021850585938
image_65, 10, 0.8916273713111877, 0.1433524191379547, 25.987167358398438
image_65, 10, 0.9316974878311157, 0.14966551959514618, 26.986461639404297
image_65, 10, 0.967818021774292, 0.1549546718597412, 27.985897064208984
image_65, 10, 1.0027791261672974, 0.16028240323066711, 28.985353469848633
image_65, 10, 1.0386618375778198, 0.1656314730644226, 29.984773635864258
image_137, 11, 0.039349593222141266, 0.0058762673288583755, 0.9992638230323792
image_137, 11, 0.09050248563289642, 0.015088911168277264, 1.998014211654663
image_137, 11, 0.14023394882678986, 0.023792997002601624, 2.996837854385376
image_137, 11, 0.1794244945049286, 0.02961592562496662, 3.99611234664917
image_137, 11, 0.2275073081254959, 0.03777378797531128, 4.995030403137207
image_137, 11, 0.27700668573379517, 0.04629885405302048, 5.993902206420898
image_137, 11, 0.3257052004337311, 0.05451955646276474, 6.9928131103515625
image_137, 11, 0.3612979054450989, 0.059470824897289276, 7.992231845855713
image_137, 11, 0.3954263925552368, 0.06403622031211853, 8.991701126098633
image_137, 11, 0.4421122074127197, 0.07150794565677643, 9.990711212158203
image_137, 11, 0.47774064540863037, 0.0763847604393959, 10.990144729614258
image_137, 11, 0.5124812722206116, 0.08112449198961258, 11.989601135253906
image_137, 11, 0.5524604320526123, 0.087140291929245, 12.98885726928711
image_137, 11, 0.6101469397544861, 0.09824713319540024, 13.98734188079834
image_137, 11, 0.6750407814979553, 0.1121787428855896, 14.985433578491211
image_137, 11, 0.7257915139198303, 0.12143100798130035, 15.984257698059082
image_137, 11, 0.7633446455001831, 0.1269599050283432, 16.9836368560791
image_137, 11, 0.811286985874176, 0.1353195458650589, 17.98257064819336
image_137, 11, 0.8593870997428894, 0.1437624990940094, 18.981481552124023
image_137, 11, 0.902739942073822, 0.15091989934444427, 19.9805908203125
image_137, 11, 0.9390049576759338, 0.1564159244298935, 20.979961395263672
image_137, 11, 0.9803985953330994, 0.16318389773368835, 21.979145050048828
image_137, 11, 1.0242786407470703, 0.17044036090373993, 22.978246688842773
image_137, 11, 1.0624245405197144, 0.1761295199394226, 23.977577209472656
image_137, 11, 1.1053270101547241, 0.18283939361572266, 24.976734161376953
image_137, 11, 1.1607719659805298, 0.19307002425193787, 25.975318908691406
image_137, 11, 1.2155483961105347, 0.2030942589044571, 26.973928451538086
image_137, 11, 1.257820725440979, 0.20958808064460754, 27.97308921813965
image_137, 11, 1.3023568391799927, 0.21666911244392395, 28.972156524658203
image_137, 11, 1.354561448097229, 0.2260012924671173, 29.97087287902832
image_14, 12, 0.024793755263090134, 0.0037175477482378483, 0.9998049139976501
image_14, 12, 0.0487695075571537, 0.007369211409240961, 1.999629259109497
image_14, 12, 0.07275468111038208, 0.01074347086250782, 2.999429941177368
image_14, 12, 0.09623513370752335, 0.014098982326686382, 3.9992499351501465
image_14, 12, 0.11995743960142136, 0.017638355493545532, 4.999088287353516
image_14, 12, 0.1421261578798294, 0.02064242586493492, 5.998946666717529
image_14, 12, 0.16639173030853271, 0.023667236790060997, 6.998730182647705
image_14, 12, 0.18797022104263306, 0.026582248508930206, 7.998611927032471
image_14, 12, 0.2096593976020813, 0.029251476749777794, 8.998470306396484
image_14, 12, 0.23049002885818481, 0.03180237486958504, 9.998353004455566
image_14, 12, 0.2514169216156006, 0.034393709152936935, 10.9982271194458
image_14, 12, 0.2729288637638092, 0.037195317447185516, 11.9981050491333
image_14, 12, 0.2953436076641083, 0.0400804728269577, 12.997977256774902
image_14, 12, 0.3182550072669983, 0.042923565953969955, 13.997840881347656
image_14, 12, 0.34298887848854065, 0.046275731176137924, 14.997688293457031
image_14, 12, 0.3780014216899872, 0.05157746374607086, 15.997109413146973
image_14, 12, 0.4086463749408722, 0.05607986077666283, 16.996782302856445
image_14, 12, 0.4392881691455841, 0.060770709067583084, 17.996503829956055
image_14, 12, 0.46445727348327637, 0.06388893723487854, 18.996315002441406
image_14, 12, 0.4954966902732849, 0.06887314468622208, 19.99601173400879
image_14, 12, 0.5253866314888, 0.0733008086681366, 20.9957218170166
image_14, 12, 0.5559060573577881, 0.07760512083768845, 21.99533462524414
image_14, 12, 0.5817561745643616, 0.08122992515563965, 22.995149612426758
image_14, 12, 0.6056972742080688, 0.08442595601081848, 23.994991302490234
image_14, 12, 0.6288190484046936, 0.08749446272850037, 24.994836807250977
image_14, 12, 0.6517520546913147, 0.09060394018888474, 25.994678497314453
image_14, 12, 0.6740486025810242, 0.09348133951425552, 26.994529724121094
image_14, 12, 0.6964224576950073, 0.09645664691925049, 27.994386672973633
image_14, 12, 0.7185474038124084, 0.09936631470918655, 28.994243621826172
image_14, 12, 0.7414342761039734, 0.10235962271690369, 29.994096755981445
image_68, 13, 0.020251724869012833, 0.0023904000408947468, 0.9998262524604797
image_68, 13, 0.03951486200094223, 0.004544985014945269, 1.9996751546859741
image_68, 13, 0.057799436151981354, 0.006585019640624523, 2.9995391368865967
image_68, 13, 0.07696102559566498, 0.00869213417172432, 3.999392032623291
image_68, 13, 0.10260061919689178, 0.011827271431684494, 4.999094486236572
image_68, 13, 0.12254372239112854, 0.014017951674759388, 5.998934745788574
image_68, 13, 0.14042170345783234, 0.01589376851916313, 6.998809337615967
image_68, 13, 0.160917729139328, 0.018172170966863632, 7.998622894287109
image_68, 13, 0.19004206359386444, 0.021903716027736664, 8.998212814331055
image_68, 13, 0.21907325088977814, 0.02560182474553585, 9.997811317443848
image_68, 13, 0.2484094798564911, 0.029430538415908813, 10.997410774230957
image_68, 13, 0.2729094922542572, 0.03235742077231407, 11.997162818908691
image_68, 13, 0.30411282181739807, 0.03667401522397995, 12.996716499328613
image_68, 13, 0.32665857672691345, 0.03926178067922592, 13.996516227722168
image_68, 13, 0.3587031662464142, 0.043859709054231644, 14.996017456054688
image_68, 13, 0.3896270990371704, 0.048006877303123474, 15.995577812194824
image_68, 13, 0.4135950207710266, 0.050609882920980453, 16.99536895751953
image_68, 13, 0.4349822998046875, 0.05284440517425537, 17.995206832885742
image_68, 13, 0.4570052921772003, 0.055237241089344025, 18.99503517150879
image_68, 13, 0.48110929131507874, 0.05809345096349716, 19.994800567626953
image_68, 13, 0.504105269908905, 0.060771334916353226, 20.994600296020508
image_68, 13, 0.5297538638114929, 0.06408089399337769, 21.994325637817383
image_68, 13, 0.5605487823486328, 0.06843066215515137, 22.993906021118164
image_68, 13, 0.5870943069458008, 0.07184457033872604, 23.993616104125977
image_68, 13, 0.6174434423446655, 0.07599557936191559, 24.993206024169922
image_68, 13, 0.6430043578147888, 0.0792040005326271, 25.99292755126953
image_68, 13, 0.6633592844009399, 0.08142311125993729, 26.992774963378906
image_68, 13, 0.6821022033691406, 0.08332148939371109, 27.99264907836914
image_68, 13, 0.7093072533607483, 0.08686346560716629, 28.992305755615234
image_68, 13, 0.7320639491081238, 0.0895412266254425, 29.99208641052246
image_96, 14, 0.022318938747048378, 0.0027002296410501003, 0.9998216032981873
image_96, 14, 0.056793488562107086, 0.00799667090177536, 1.999290943145752
image_96, 14, 0.07912619411945343, 0.010794415138661861, 2.9990804195404053
image_96, 14, 0.10120470821857452, 0.013510015793144703, 3.998875141143799
image_96, 14, 0.1323373168706894, 0.01800721138715744, 4.998414993286133
image_96, 14, 0.16676703095436096, 0.0232392605394125, 5.99785041809082
image_96, 14, 0.1937994360923767, 0.02702864073216915, 6.997494697570801
image_96, 14, 0.218047097325325, 0.030299514532089233, 7.997215747833252
image_96, 14, 0.2445276528596878, 0.034154027700424194, 8.996854782104492
image_96, 14, 0.2738003432750702, 0.03870440647006035, 9.99639892578125
image_96, 14, 0.29755690693855286, 0.04206621274352074, 10.996103286743164
image_96, 14, 0.3240792155265808, 0.04558365046977997, 11.9957857131958
image_96, 14, 0.3581351637840271, 0.05031667277216911, 12.995279312133789
image_96, 14, 0.3917039632797241, 0.055090636014938354, 13.994778633117676
image_96, 14, 0.43029648065567017, 0.06102396547794342, 14.994085311889648
image_96, 14, 0.465232253074646, 0.06612418591976166, 15.993529319763184
image_96, 14, 0.4947131872177124, 0.07058147341012955, 16.99312400817871
image_96, 14, 0.5248255133628845, 0.07497012615203857, 17.992740631103516
image_96, 14, 0.557024359703064, 0.0802583396434784, 18.992259979248047
image_96, 14, 0.5877371430397034, 0.08526644855737686, 19.991798400878906
image_96, 14, 0.6201790571212769, 0.0909700021147728, 20.99125862121582
image_96, 14, 0.6536272764205933, 0.09607444703578949, 21.990707397460938
image_96, 14, 0.684351921081543, 0.10153749585151672, 22.990192413330078
image_96, 14, 0.7102199196815491, 0.10574789345264435, 23.989824295043945
image_96, 14, 0.7377174496650696, 0.10993172973394394, 24.989444732666016
image_96, 14, 0.7680264711380005, 0.11448860913515091, 25.98899269104004
image_96, 14, 0.8021789193153381, 0.1197681874036789, 26.988405227661133
image_96, 14, 0.8359823226928711, 0.12495951354503632, 27.987821578979492
image_96, 14, 0.8705791234970093, 0.1301860809326172, 28.987224578857422
image_96, 14, 0.8995755910873413, 0.1344698667526245, 29.98679542541504
image_27, 15, 0.026207556948065758, 0.004051406867802143, 0.9998135566711426
image_27, 15, 0.05271816998720169, 0.007912259548902512, 1.999586582183838
image_27, 15, 0.07794959843158722, 0.011682038195431232, 2.99941086769104
image_27, 15, 0.1052483469247818, 0.015621048398315907, 3.9991631507873535
image_27, 15, 0.13721051812171936, 0.020279282703995705, 4.998717308044434
image_27, 15, 0.16301383078098297, 0.023992672562599182, 5.998533248901367
image_27, 15, 0.1879456788301468, 0.027650101110339165, 6.998378753662109
image_27, 15, 0.21379417181015015, 0.031278543174266815, 7.998169422149658
image_27, 15, 0.23866264522075653, 0.03487120196223259, 8.998011589050293
image_27, 15, 0.2627637982368469, 0.03844858705997467, 9.997858047485352
image_27, 15, 0.2895893454551697, 0.04217125102877617, 10.997620582580566
image_27, 15, 0.31636500358581543, 0.0460098534822464, 11.997389793395996
image_27, 15, 0.3435424268245697, 0.05039516091346741, 12.997200965881348
image_27, 15, 0.37055644392967224, 0.054567184299230576, 13.99699878692627
image_27, 15, 0.39812010526657104, 0.058930933475494385, 14.996809005737305
image_27, 15, 0.427840918302536, 0.06376979500055313, 15.996554374694824
image_27, 15, 0.4606345593929291, 0.06922490894794464, 16.99616050720215
image_27, 15, 0.49416446685791016, 0.07505311816930771, 17.995845794677734
image_27, 15, 0.5265248417854309, 0.08028403669595718, 18.995563507080078
image_27, 15, 0.5583208203315735, 0.08550266921520233, 19.995290756225586
image_27, 15, 0.5947291851043701, 0.09201395511627197, 20.994962692260742
image_27, 15, 0.6284052729606628, 0.09777306020259857, 21.994647979736328
image_27, 15, 0.6593167185783386, 0.10276815295219421, 22.994354248046875
image_27, 15, 0.6869741678237915, 0.10710863769054413, 23.994165420532227
image_27, 15, 0.7128351330757141, 0.1109994426369667, 24.993995666503906
image_27, 15, 0.7396673560142517, 0.11480938643217087, 25.993770599365234
image_27, 15, 0.7650509476661682, 0.11870691925287247, 26.993602752685547
image_27, 15, 0.7904914617538452, 0.1223013773560524, 27.993404388427734
image_27, 15, 0.8151299953460693, 0.12581218779087067, 28.99323081970215
image_27, 15, 0.8394975066184998, 0.1294068545103073, 29.99306297302246
image_79, 16, 0.03333581984043121, 0.005111916922032833, 0.9994526505470276
image_79, 16, 0.064258873462677, 0.009610123001039028, 1.9990184307098389
image_79, 16, 0.09201758354902267, 0.013549751602113247, 2.9987173080444336
image_79, 16, 0.1205095499753952, 0.017618399113416672, 3.9983980655670166
image_79, 16, 0.149369478225708, 0.021808641031384468, 4.998054027557373
image_79, 16, 0.1752263903617859, 0.025495242327451706, 5.997837066650391
image_79, 16, 0.20141273736953735, 0.0291478019207716, 6.99761438369751
image_79, 16, 0.22743380069732666, 0.03288927301764488, 7.99739933013916
image_79, 16, 0.25533485412597656, 0.036967791616916656, 8.99711799621582
image_79, 16, 0.28167036175727844, 0.04105991870164871, 9.996915817260742
image_79, 16, 0.3093658685684204, 0.045378465205430984, 10.9966402053833
image_79, 16, 0.33756232261657715, 0.049890775233507156, 11.996373176574707
image_79, 16, 0.36902448534965515, 0.05507230758666992, 12.996002197265625
image_79, 16, 0.4005829393863678, 0.06009204313158989, 13.995631217956543
image_79, 16, 0.43098071217536926, 0.06487607210874557, 14.995336532592773
image_79, 16, 0.46198922395706177, 0.06983792781829834, 15.995062828063965
image_79, 16, 0.49540314078330994, 0.0754104033112526, 16.994747161865234
image_79, 16, 0.531711995601654, 0.08168064057826996, 17.994308471679688
image_79, 16, 0.5691224932670593, 0.08828969299793243, 18.99383544921875
image_79, 16, 0.6052032113075256, 0.09426159411668777, 19.99342918395996
image_79, 16, 0.6402164697647095, 0.09982750564813614, 20.993045806884766
image_79, 16, 0.6756350994110107, 0.10584160685539246, 21.992650985717773
image_79, 16, 0.7097492218017578, 0.1115243211388588, 22.992280960083008
image_79, 16, 0.740195095539093, 0.11652842164039612, 23.991992950439453
image_79, 16, 0.7700306177139282, 0.12136877328157425, 24.991670608520508
image_79, 16, 0.8037461638450623, 0.12679290771484375, 25.991174697875977
image_79, 16, 0.8327329754829407, 0.13149607181549072, 26.990915298461914
image_79, 16, 0.8607205152511597, 0.13587231934070587, 27.99066734313965
image_79, 16, 0.8890206217765808, 0.14004990458488464, 28.990381240844727
image_79, 16, 0.9151527881622314, 0.1439720094203949, 29.99017333984375
image_50, 17, 0.03099954128265381, 0.004725296050310135, 0.9995521903038025
image_50, 17, 0.05732003599405289, 0.008317619562149048, 1.999265193939209
image_50, 17, 0.07757236063480377, 0.010669180192053318, 2.9991226196289062
image_50, 17, 0.09838566929101944, 0.013214709237217903, 3.9989776611328125
image_50, 17, 0.1226402074098587, 0.01648164726793766, 4.998755931854248
image_50, 17, 0.1467261016368866, 0.019657419994473457, 5.998551368713379
image_50, 17, 0.16860319674015045, 0.022354211658239365, 6.998392581939697
image_50, 17, 0.1901037096977234, 0.02491859346628189, 7.998227119445801
image_50, 17, 0.2106746882200241, 0.027213335037231445, 8.998069763183594
image_50, 17, 0.23090095818042755, 0.029448099434375763, 9.997931480407715
image_50, 17, 0.25357359647750854, 0.032142654061317444, 10.997753143310547
image_50, 17, 0.27939489483833313, 0.03550149127840996, 11.997489929199219
image_50, 17, 0.3069159984588623, 0.0391961932182312, 12.997166633605957
image_50, 17, 0.33603328466415405, 0.043258339166641235, 13.99679946899414
image_50, 17, 0.36196544766426086, 0.04656166955828667, 14.996553421020508
image_50, 17, 0.38655251264572144, 0.049443166702985764, 15.99636459350586
image_50, 17, 0.4155932068824768, 0.053260788321495056, 16.996076583862305
image_50, 17, 0.4433239698410034, 0.05682886019349098, 17.995805740356445
image_50, 17, 0.47440043091773987, 0.061284370720386505, 18.995405197143555
image_50, 17, 0.4987703263759613, 0.06417394429445267, 19.99521827697754
image_50, 17, 0.5297577977180481, 0.0686943456530571, 20.994836807250977
image_50, 17, 0.5528333187103271, 0.07140930742025375, 21.994674682617188
image_50, 17, 0.575409471988678, 0.07403650134801865, 22.9945125579834
image_50, 17, 0.5971750617027283, 0.07650355994701385, 23.994365692138672
image_50, 17, 0.618772029876709, 0.07904472202062607, 24.994213104248047
image_50, 17, 0.6398061513900757, 0.08139453828334808, 25.99407958984375
image_50, 17, 0.6615684628486633, 0.08374529331922531, 26.993927001953125
image_50, 17, 0.6830582618713379, 0.08613084256649017, 27.9937801361084
image_50, 17, 0.7048673033714294, 0.08870360255241394, 28.993633270263672
image_50, 17, 0.7269583940505981, 0.09147150069475174, 29.99347496032715
image_128, 18, 0.022174887359142303, 0.0028885502833873034, 0.999813973903656
image_128, 18, 0.044901974499225616, 0.005692024249583483, 1.9996099472045898
image_128, 18, 0.06672391295433044, 0.008557457476854324, 2.99943470954895
image_128, 18, 0.08701509237289429, 0.010950358584523201, 3.9992833137512207
image_128, 18, 0.10907560586929321, 0.013765300624072552, 4.999084949493408
image_128, 18, 0.1299585998058319, 0.016280949115753174, 5.998923301696777
image_128, 18, 0.1505555361509323, 0.01866740733385086, 6.998775959014893
image_128, 18, 0.17534367740154266, 0.021901382133364677, 7.998528480529785
image_128, 18, 0.19711555540561676, 0.024538125842809677, 8.998353958129883
image_128, 18, 0.21921156346797943, 0.027208559215068817, 9.998175621032715
image_128, 18, 0.24099695682525635, 0.029798150062561035, 10.998004913330078
image_128, 18, 0.2633059024810791, 0.03245774656534195, 11.997824668884277
image_128, 18, 0.2859707176685333, 0.035136885941028595, 12.997649192810059
image_128, 18, 0.3101513087749481, 0.0380469411611557, 13.997442245483398
image_128, 18, 0.3345646262168884, 0.0410221703350544, 14.99722957611084
image_128, 18, 0.36082300543785095, 0.044278379529714584, 15.996966361999512
image_128, 18, 0.3909509479999542, 0.04843936488032341, 16.996570587158203
image_128, 18, 0.4151023030281067, 0.051287487149238586, 17.996368408203125
image_128, 18, 0.44126683473587036, 0.05459122359752655, 18.99612808227539
image_128, 18, 0.4667814373970032, 0.057683125138282776, 19.995880126953125
image_128, 18, 0.493205726146698, 0.06098642572760582, 20.995594024658203
image_128, 18, 0.517855703830719, 0.06404300034046173, 21.995359420776367
image_128, 18, 0.5408161282539368, 0.06674519926309586, 22.99517250061035
image_128, 18, 0.5709512829780579, 0.07099103927612305, 23.994781494140625
image_128, 18, 0.5926601886749268, 0.07352478057146072, 24.99460792541504
image_128, 18, 0.6302149891853333, 0.07891994714736938, 25.99392318725586
image_128, 18, 0.6677022576332092, 0.08436913043260574, 26.99324607849121
image_128, 18, 0.6992368102073669, 0.08870670199394226, 27.99279022216797
image_128, 18, 0.7426313757896423, 0.09591174125671387, 28.991867065429688
image_128, 18, 0.7832611799240112, 0.10224099457263947, 29.991073608398438
image_119, 19, 0.031048119068145752, 0.004675841424614191, 0.9996118545532227
image_119, 19, 0.0597178190946579, 0.008720343932509422, 1.9993035793304443
image_119, 19, 0.08420951664447784, 0.011851071380078793, 2.9991188049316406
image_119, 19, 0.10709042102098465, 0.014669213443994522, 3.9989733695983887
image_119, 19, 0.12967132031917572, 0.01729421317577362, 4.998807907104492
image_119, 19, 0.15272940695285797, 0.020026039332151413, 5.998669147491455
image_119, 19, 0.17610545456409454, 0.022883379831910133, 6.998514175415039
image_119, 19, 0.19976428151130676, 0.025724779814481735, 7.99835729598999
image_119, 19, 0.22318319976329803, 0.028426073491573334, 8.998210906982422
image_119, 19, 0.2472560852766037, 0.03126189485192299, 9.998050689697266
image_119, 19, 0.27460265159606934, 0.03466765955090523, 10.997821807861328
image_119, 19, 0.30139100551605225, 0.03796081244945526, 11.997607231140137
image_119, 19, 0.3293503522872925, 0.04163946956396103, 12.997353553771973
image_119, 19, 0.3617173433303833, 0.046407245099544525, 13.996969223022461
image_119, 19, 0.3944302201271057, 0.051361192017793655, 14.996589660644531
image_119, 19, 0.42359060049057007, 0.055537156760692596, 15.99631404876709
image_119, 19, 0.452369749546051, 0.059453222900629044, 16.996051788330078
image_119, 19, 0.4822295606136322, 0.06356234848499298, 17.995763778686523
image_119, 19, 0.5125237703323364, 0.06774887442588806, 18.9954891204834
image_119, 19, 0.5441080927848816, 0.07243217527866364, 19.995187759399414
image_119, 19, 0.5744543671607971, 0.07681673765182495, 20.99493980407715
image_119, 19, 0.6046735048294067, 0.08117182552814484, 21.994688034057617
image_119, 19, 0.6338333487510681, 0.08512971550226212, 22.994457244873047
image_119, 19, 0.6657062768936157, 0.08984023332595825, 23.994125366210938
image_119, 19, 0.6942892670631409, 0.09377851337194443, 24.99388313293457
image_119, 19, 0.7227166295051575, 0.09764889627695084, 25.993637084960938
image_119, 19, 0.7463761568069458, 0.10049430280923843, 26.993488311767578
image_119, 19, 0.7702755331993103, 0.10334360599517822, 27.993330001831055
image_119, 19, 0.7947922348976135, 0.10642888396978378, 28.99315643310547
image_119, 19, 0.8183536529541016, 0.10936477035284042, 29.99299430847168
image_103, 20, 0.020024029538035393, 0.002230678917840123, 0.9998642802238464
image_103, 20, 0.03836020082235336, 0.004207843914628029, 1.9997538328170776
image_103, 20, 0.0571129284799099, 0.006288778968155384, 2.9996392726898193
image_103, 20, 0.07700622826814651, 0.008563370443880558, 3.99950909614563
image_103, 20, 0.09871841967105865, 0.011153685860335827, 4.999340534210205
image_103, 20, 0.1219782903790474, 0.013931657187640667, 5.999141693115234
image_103, 20, 0.13935121893882751, 0.015670552849769592, 6.999051094055176
image_103, 20, 0.15749149024486542, 0.01751849241554737, 7.998953819274902
image_103, 20, 0.1830338090658188, 0.020737795159220695, 8.998690605163574
image_103, 20, 0.20530997216701508, 0.02339024469256401, 9.998512268066406
image_103, 20, 0.22670187056064606, 0.025850538164377213, 10.998348236083984
image_103, 20, 0.24785661697387695, 0.028168614953756332, 11.998188018798828
image_103, 20, 0.2710607349872589, 0.03088613972067833, 12.997995376586914
image_103, 20, 0.29546114802360535, 0.033824920654296875, 13.997794151306152
image_103, 20, 0.319696307182312, 0.0367271825671196, 14.997605323791504
image_103, 20, 0.34066250920295715, 0.038991525769233704, 15.997482299804688
image_103, 20, 0.3639528453350067, 0.04150383174419403, 16.997295379638672
image_103, 20, 0.3898363411426544, 0.044443853199481964, 17.997034072875977
image_103, 20, 0.41351616382598877, 0.0471239909529686, 18.99686050415039
image_103, 20, 0.441564679145813, 0.05071275681257248, 19.996551513671875
image_103, 20, 0.46770983934402466, 0.05394906550645828, 20.996309280395508
image_103, 20, 0.49590179324150085, 0.0577893927693367, 21.996009826660156
image_103, 20, 0.5184403657913208, 0.06033356860280037, 22.99586296081543
image_103, 20, 0.541240930557251, 0.06296112388372421, 23.995689392089844
image_103, 20, 0.5621508359909058, 0.06522413343191147, 24.99555015563965
image_103, 20, 0.5854681730270386, 0.06792252510786057, 25.99532699584961
image_103, 20, 0.6069761514663696, 0.0704755112528801, 26.995180130004883
image_103, 20, 0.6286844611167908, 0.07311788201332092, 27.995025634765625
image_103, 20, 0.6515161991119385, 0.07601463049650192, 28.994853973388672
image_103, 20, 0.6739579439163208, 0.0788811445236206, 29.99468231201172
image_24, 21, 0.02933202125132084, 0.004706172738224268, 0.9996455311775208
image_24, 21, 0.05669429898262024, 0.008847657591104507, 1.9993606805801392
image_24, 21, 0.08783041685819626, 0.013307834044098854, 2.9989497661590576
image_24, 21, 0.11345178633928299, 0.017131207510828972, 3.99874210357666
image_24, 21, 0.13977128267288208, 0.02097144164144993, 4.998514175415039
image_24, 21, 0.17071005702018738, 0.025372996926307678, 5.998113632202148
image_24, 21, 0.19471785426139832, 0.02865658514201641, 6.997953414916992
image_24, 21, 0.21836543083190918, 0.031986359506845474, 7.997804641723633
image_24, 21, 0.24305525422096252, 0.035744957625865936, 8.997633934020996
image_24, 21, 0.2686699628829956, 0.03938339650630951, 9.997434616088867
image_24, 21, 0.2936948537826538, 0.04301488772034645, 10.997269630432129
image_24, 21, 0.31872040033340454, 0.04658985882997513, 11.997114181518555
image_24, 21, 0.3445676267147064, 0.05035436153411865, 12.9969482421875
image_24, 21, 0.3709896504878998, 0.05427837744355202, 13.996764183044434
image_24, 21, 0.4000024199485779, 0.05887215584516525, 14.996538162231445
image_24, 21, 0.4331510365009308, 0.06406577676534653, 15.996179580688477
image_24, 21, 0.46828699111938477, 0.06981714814901352, 16.995859146118164
image_24, 21, 0.506653904914856, 0.07696893811225891, 17.995479583740234
image_24, 21, 0.5446765422821045, 0.08350435644388199, 18.995134353637695
image_24, 21, 0.5823979377746582, 0.09025156497955322, 19.994762420654297
image_24, 21, 0.614544689655304, 0.0954442173242569, 20.994476318359375
image_24, 21, 0.6450371742248535, 0.10042541474103928, 21.994230270385742
image_24, 21, 0.6739988923072815, 0.104820616543293, 22.993967056274414
image_24, 21, 0.7033882141113281, 0.10941029340028763, 23.993680953979492
image_24, 21, 0.7335371375083923, 0.11415226012468338, 24.99333953857422
image_24, 21, 0.761396050453186, 0.11864577233791351, 25.993101119995117
image_24, 21, 0.7880188822746277, 0.12278082966804504, 26.992895126342773
image_24, 21, 0.8141180872917175, 0.12673747539520264, 27.992692947387695
image_24, 21, 0.8394638895988464, 0.13059526681900024, 28.992523193359375
image_24, 21, 0.8663004636764526, 0.13440023362636566, 29.992294311523438
image_143, 22, 0.026026567444205284, 0.0032922036480158567, 0.9997348189353943
image_143, 22, 0.05179262161254883, 0.00656768586486578, 1.9994792938232422
image_143, 22, 0.0786997601389885, 0.010050095617771149, 2.999197006225586
image_143, 22, 0.10715163499116898, 0.01388428546488285, 3.9988746643066406
image_143, 22, 0.13733191788196564, 0.018089119344949722, 4.998507976531982
image_143, 22, 0.16390153765678406, 0.021556559950113297, 5.998248100280762
image_143, 22, 0.1908571422100067, 0.0251288041472435, 6.997984409332275
image_143, 22, 0.21976220607757568, 0.029133185744285583, 7.997657775878906
image_143, 22, 0.24472500383853912, 0.03228041157126427, 8.997434616088867
image_143, 22, 0.2742733657360077, 0.03635146841406822, 9.997079849243164
image_143, 22, 0.30339518189430237, 0.040321607142686844, 10.996747016906738
image_143, 22, 0.32861512899398804, 0.04342687875032425, 11.996530532836914
image_143, 22, 0.3538327217102051, 0.04641442000865936, 12.996325492858887
image_143, 22, 0.39027753472328186, 0.05204068124294281, 13.995766639709473
image_143, 22, 0.42196276783943176, 0.05652887374162674, 14.995397567749023
image_143, 22, 0.4512134790420532, 0.06051894649863243, 15.995113372802734
image_143, 22, 0.4802127182483673, 0.06429798901081085, 16.994834899902344
image_143, 22, 0.5068053603172302, 0.06740206480026245, 17.99462127685547
image_143, 22, 0.5319165587425232, 0.07017111033201218, 18.994436264038086
image_143, 22, 0.5595250725746155, 0.07362177968025208, 19.99422264099121
image_143, 22, 0.5868988633155823, 0.0772208720445633, 20.994016647338867
image_143, 22, 0.6205394864082336, 0.08218439668416977, 21.99362564086914
image_143, 22, 0.6568921208381653, 0.08793553709983826, 22.993087768554688
image_143, 22, 0.6954371929168701, 0.09422969073057175, 23.992450714111328
image_143, 22, 0.7228832840919495, 0.09780390560626984, 24.992189407348633
image_143, 22, 0.7468258142471313, 0.10073570907115936, 25.992015838623047
image_143, 22, 0.7771062254905701, 0.10504323989152908, 26.991647720336914
image_143, 22, 0.807624340057373, 0.1092570349574089, 27.991270065307617
image_143, 22, 0.8379615545272827, 0.11338234692811966, 28.990903854370117
image_143, 22, 0.8651449084281921, 0.11686037480831146, 29.990625381469727
image_12, 23, 0.04828708618879318, 0.004341454245150089, 0.9996897578239441
image_12, 23, 0.10281622409820557, 0.009000226855278015, 1.9992938041687012
image_12, 23, 0.15370160341262817, 0.013642355799674988, 2.9989511966705322
image_12, 23, 0.2076680064201355, 0.018564099445939064, 3.9985764026641846
image_12, 23, 0.2784491181373596, 0.025905970484018326, 4.997893333435059
image_12, 23, 0.3403264880180359, 0.031975410878658295, 5.9973835945129395
image_12, 23, 0.4037686288356781, 0.03827841952443123, 6.99683952331543
image_12, 23, 0.46151530742645264, 0.044270824640989304, 7.9963483810424805
image_12, 23, 0.5447989106178284, 0.053634390234947205, 8.995343208312988
image_12, 23, 0.5999082326889038, 0.05926401540637016, 9.994885444641113
image_12, 23, 0.6545847654342651, 0.06436765938997269, 10.99443244934082
image_12, 23, 0.7042654752731323, 0.06925748288631439, 11.994071960449219
image_12, 23, 0.7602124810218811, 0.07460034638643265, 12.993643760681152
image_12, 23, 0.8084489107131958, 0.07969395816326141, 13.993292808532715
image_12, 23, 0.8722424507141113, 0.08644191175699234, 14.992746353149414
image_12, 23, 0.9428936839103699, 0.09370177239179611, 15.992080688476562
image_12, 23, 1.0131711959838867, 0.10183706134557724, 16.991409301757812
image_12, 23, 1.0819116830825806, 0.11089059710502625, 17.990665435791016
image_12, 23, 1.1413358449935913, 0.11708816885948181, 18.99018669128418
image_12, 23, 1.2119733095169067, 0.12649625539779663, 19.989459991455078
image_12, 23, 1.2990033626556396, 0.1368560492992401, 20.98844337463379
image_12, 23, 1.3717049360275269, 0.14424557983875275, 21.98773956298828
image_12, 23, 1.4386909008026123, 0.15078824758529663, 22.987157821655273
image_12, 23, 1.507704496383667, 0.1575341373682022, 23.986536026000977
image_12, 23, 1.5649559497833252, 0.16333439946174622, 24.986072540283203
image_12, 23, 1.6410229206085205, 0.1715766042470932, 25.985260009765625
image_12, 23, 1.7011642456054688, 0.17753131687641144, 26.984764099121094
image_12, 23, 1.775734305381775, 0.18535172939300537, 27.983985900878906
image_12, 23, 1.833797812461853, 0.190580353140831, 28.983535766601562
image_12, 23, 1.8963748216629028, 0.19639462232589722, 29.98302459716797
image_113, 24, 0.03228340297937393, 0.004702996462583542, 0.9995402693748474
image_113, 24, 0.05296727269887924, 0.007001116871833801, 1.9994103908538818
image_113, 24, 0.08403796702623367, 0.011335493065416813, 2.998997211456299
image_113, 24, 0.11664240062236786, 0.016020501032471657, 3.998541831970215
image_113, 24, 0.14777810871601105, 0.02035652846097946, 4.998143196105957
image_113, 24, 0.17286260426044464, 0.023407313972711563, 5.997924327850342
image_113, 24, 0.19730134308338165, 0.026299886405467987, 6.997725009918213
image_113, 24, 0.2264833003282547, 0.029932141304016113, 7.997390270233154
image_113, 24, 0.2548655867576599, 0.03335169330239296, 8.997072219848633
image_113, 24, 0.2869974970817566, 0.037607960402965546, 9.996646881103516
image_113, 24, 0.3216383457183838, 0.04245658963918686, 10.996132850646973
image_113, 24, 0.35261398553848267, 0.04653764143586159, 11.995750427246094
image_113, 24, 0.3839873671531677, 0.05089246481657028, 12.995363235473633
image_113, 24, 0.4088764488697052, 0.05389568209648132, 13.99516487121582
image_113, 24, 0.4367372989654541, 0.05737748742103577, 14.994895935058594
image_113, 24, 0.46812206506729126, 0.06168024614453316, 15.994518280029297
image_113, 24, 0.49981892108917236, 0.0661378800868988, 16.99414825439453
image_113, 24, 0.5254252552986145, 0.06926438212394714, 17.99396324157715
image_113, 24, 0.552196741104126, 0.07265283912420273, 18.993741989135742
image_113, 24, 0.5814589858055115, 0.0766843780875206, 19.99342918395996
image_113, 24, 0.6099359393119812, 0.08057998865842819, 20.99315071105957
image_113, 24, 0.6354315280914307, 0.08371683210134506, 21.99296760559082
image_113, 24, 0.6651758551597595, 0.08783965557813644, 22.99266815185547
image_113, 24, 0.6921811103820801, 0.09125559777021408, 23.992441177368164
image_113, 24, 0.7276233434677124, 0.0965731143951416, 24.99190902709961
image_113, 24, 0.7651950716972351, 0.10226369649171829, 25.991273880004883
image_113, 24, 0.7984452247619629, 0.10684002190828323, 26.99079132080078
image_113, 24, 0.8316572904586792, 0.11141040921211243, 27.990310668945312
image_113, 24, 0.8537726402282715, 0.11376439779996872, 28.990148544311523
image_113, 24, 0.8818159103393555, 0.11726560443639755, 29.98983383178711
image_112, 25, 0.020406784489750862, 0.002507960656657815, 0.999871015548706
image_112, 25, 0.04087049514055252, 0.004847675561904907, 1.9997236728668213
image_112, 25, 0.06571265310049057, 0.007691281381994486, 2.999459743499756
image_112, 25, 0.09216348081827164, 0.010781737975776196, 3.9991488456726074
image_112, 25, 0.11330316960811615, 0.013342618942260742, 4.999012470245361
image_112, 25, 0.13461725413799286, 0.015921683982014656, 5.998867034912109
image_112, 25, 0.15591424703598022, 0.018491031602025032, 6.998721599578857
image_112, 25, 0.1759967803955078, 0.020770132541656494, 7.9986090660095215
image_112, 25, 0.19641435146331787, 0.02307790331542492, 8.998494148254395
image_112, 25, 0.2167966067790985, 0.025355355814099312, 9.998376846313477
image_112, 25, 0.23745182156562805, 0.027713904157280922, 10.998251914978027
image_112, 25, 0.25859639048576355, 0.03022577427327633, 11.998119354248047
image_112, 25, 0.2826886773109436, 0.03322707489132881, 12.997928619384766
image_112, 25, 0.3047919273376465, 0.03556990250945091, 13.997775077819824
image_112, 25, 0.33043068647384644, 0.038507819175720215, 14.99753189086914
image_112, 25, 0.3561278283596039, 0.04154602065682411, 15.997309684753418
image_112, 25, 0.3841058909893036, 0.04505223035812378, 16.997051239013672
image_112, 25, 0.4134749174118042, 0.04889455810189247, 17.99677848815918
image_112, 25, 0.4414559006690979, 0.0526343509554863, 18.996530532836914
image_112, 25, 0.46989548206329346, 0.05658864974975586, 19.99625587463379
image_112, 25, 0.4994927644729614, 0.06082975119352341, 20.99596405029297
image_112, 25, 0.5296438932418823, 0.06514754146337509, 21.995647430419922
image_112, 25, 0.55580735206604, 0.06888769567012787, 22.99542236328125
image_112, 25, 0.5827572345733643, 0.072755828499794, 23.99516487121582
image_112, 25, 0.6104987263679504, 0.07623503357172012, 24.994844436645508
image_112, 25, 0.6344361305236816, 0.07928076386451721, 25.99464225769043
image_112, 25, 0.6580842733383179, 0.08231963962316513, 26.99444580078125
image_112, 25, 0.6816206574440002, 0.08552007377147675, 27.994245529174805
image_112, 25, 0.7088133096694946, 0.08989538997411728, 28.993934631347656
image_112, 25, 0.7342674732208252, 0.09374354779720306, 29.993677139282227
image_62, 26, 0.026807446032762527, 0.003876972943544388, 0.9997801780700684
image_62, 26, 0.055972225964069366, 0.008071241900324821, 1.9994628429412842
image_62, 26, 0.08229614049196243, 0.011807303875684738, 2.9992403984069824
image_62, 26, 0.10829567164182663, 0.015441951341927052, 3.999035358428955
image_62, 26, 0.13588346540927887, 0.01936241053044796, 4.998767852783203
image_62, 26, 0.1667076051235199, 0.02378792315721512, 5.9984049797058105
image_62, 26, 0.1972210705280304, 0.028202548623085022, 6.9980363845825195
image_62, 26, 0.22919194400310516, 0.032615698873996735, 7.997610569000244
image_62, 26, 0.2594640552997589, 0.03674428537487984, 8.997258186340332
image_62, 26, 0.28691184520721436, 0.040503304451704025, 9.99703598022461
image_62, 26, 0.3167283535003662, 0.0447331927716732, 10.99673080444336
image_62, 26, 0.34934020042419434, 0.04948963597416878, 11.996321678161621
image_62, 26, 0.38207295536994934, 0.05419863387942314, 12.995880126953125
image_62, 26, 0.40915173292160034, 0.05791812762618065, 13.995674133300781
image_62, 26, 0.4416241943836212, 0.0628054291009903, 14.995290756225586
image_62, 26, 0.4790249764919281, 0.06904701143503189, 15.994721412658691
image_62, 26, 0.517142117023468, 0.07543016970157623, 16.994203567504883
image_62, 26, 0.554196298122406, 0.08180481940507889, 17.993837356567383
image_62, 26, 0.5855242609977722, 0.08639419823884964, 18.99357795715332
image_62, 26, 0.6216509938240051, 0.09244461357593536, 19.993167877197266
image_62, 26, 0.661264955997467, 0.09926481544971466, 20.992639541625977
image_62, 26, 0.6994304656982422, 0.1055469736456871, 21.992116928100586
image_62, 26, 0.7333465814590454, 0.11093617975711823, 22.991722106933594
image_62, 26, 0.7646358013153076, 0.11567068099975586, 23.991390228271484
image_62, 26, 0.7941362857818604, 0.11991061270236969, 24.99110984802246
image_62, 26, 0.8240756392478943, 0.12417406588792801, 25.990808486938477
image_62, 26, 0.855352520942688, 0.1286436915397644, 26.990446090698242
image_62, 26, 0.8837112188339233, 0.13264140486717224, 27.990196228027344
image_62, 26, 0.9095599055290222, 0.13616353273391724, 28.990013122558594
image_62, 26, 0.9349004626274109, 0.13947980105876923, 29.989805221557617
image_10, 27, 0.024464530870318413, 0.003529434558004141, 0.999793529510498
image_10, 27, 0.048638537526130676, 0.006965195294469595, 1.9995956420898438
image_10, 27, 0.07443444430828094, 0.010230710729956627, 2.9993488788604736
image_10, 27, 0.09879839420318604, 0.013506791554391384, 3.9991509914398193
image_10, 27, 0.12446367740631104, 0.017348961904644966, 4.998901844024658
image_10, 27, 0.14822952449321747, 0.02046995423734188, 5.998702049255371
image_10, 27, 0.1720207780599594, 0.023589640855789185, 6.998516082763672
image_10, 27, 0.1965201199054718, 0.026743503287434578, 7.998325347900391
image_10, 27, 0.22113285958766937, 0.029967110604047775, 8.998143196105957
image_10, 27, 0.24529922008514404, 0.032979566603899, 9.997971534729004
image_10, 27, 0.27182790637016296, 0.03629586845636368, 10.997718811035156
image_10, 27, 0.299314022064209, 0.03981372341513634, 11.997434616088867
image_10, 27, 0.32661908864974976, 0.0433974489569664, 12.997173309326172
image_10, 27, 0.3540204167366028, 0.04708866775035858, 13.99692153930664
image_10, 27, 0.38129717111587524, 0.05089931935071945, 14.996671676635742
image_10, 27, 0.40759292244911194, 0.05430934205651283, 15.996440887451172
image_10, 27, 0.43454137444496155, 0.0577959269285202, 16.9962158203125
image_10, 27, 0.4653223156929016, 0.062244217842817307, 17.995914459228516
image_10, 27, 0.4948383569717407, 0.06628145277500153, 18.99563980102539
image_10, 27, 0.5234509110450745, 0.06991501152515411, 19.995365142822266
image_10, 27, 0.5513152480125427, 0.07355836778879166, 20.995094299316406
image_10, 27, 0.5797532796859741, 0.07746506482362747, 21.994821548461914
image_10, 27, 0.6079834699630737, 0.08137285709381104, 22.994558334350586
image_10, 27, 0.6340081691741943, 0.08492471277713776, 23.99432945251465
image_10, 27, 0.658909261226654, 0.08833055198192596, 24.994102478027344
image_10, 27, 0.6834695935249329, 0.09181342273950577, 25.993881225585938
image_10, 27, 0.7085137367248535, 0.09528291970491409, 26.99365997314453
image_10, 27, 0.7332121729850769, 0.09865529835224152, 27.993444442749023
image_10, 27, 0.7569142580032349, 0.10171140730381012, 28.993261337280273
image_10, 27, 0.7811105251312256, 0.10465938597917557, 29.99306869506836
image_40, 28, 0.020428769290447235, 0.002725643804296851, 0.9998586177825928
image_40, 28, 0.04373183101415634, 0.005783574655652046, 1.9996378421783447
image_40, 28, 0.06772494316101074, 0.00903515424579382, 2.9994115829467773
image_40, 28, 0.09694168716669083, 0.012963632121682167, 3.9990196228027344
image_40, 28, 0.1223103255033493, 0.01627708412706852, 4.99875545501709
image_40, 28, 0.15075793862342834, 0.020106447860598564, 5.998389720916748
image_40, 28, 0.1752493977546692, 0.023368865251541138, 6.99814510345459
image_40, 28, 0.19672875106334686, 0.02601410634815693, 7.997982501983643
image_40, 28, 0.2247788906097412, 0.02957247383892536, 8.997640609741211
image_40, 28, 0.24732112884521484, 0.03252393379807472, 9.997490882873535
image_40, 28, 0.269551545381546, 0.03522955998778343, 10.99734115600586
image_40, 28, 0.2971399426460266, 0.03864007443189621, 11.997028350830078
image_40, 28, 0.3215324878692627, 0.0418744832277298, 12.99683666229248
image_40, 28, 0.3478702902793884, 0.04528835788369179, 13.996560096740723
image_40, 28, 0.37537309527397156, 0.04910159111022949, 14.9962739944458
image_40, 28, 0.41071364283561707, 0.05459627881646156, 15.995687484741211
image_40, 28, 0.4490523934364319, 0.060725316405296326, 16.99498748779297
image_40, 28, 0.4827181100845337, 0.06599624454975128, 17.99462890625
image_40, 28, 0.5178661346435547, 0.07158143073320389, 18.994083404541016
image_40, 28, 0.5540687441825867, 0.07744032889604568, 19.99356460571289
image_40, 28, 0.5945019125938416, 0.08442575484514236, 20.99282455444336
image_40, 28, 0.6325274109840393, 0.09052911400794983, 21.992143630981445
image_40, 28, 0.6616109013557434, 0.09473642706871033, 22.99182891845703
image_40, 28, 0.6869387626647949, 0.0981774851679802, 23.991609573364258
image_40, 28, 0.7106966972351074, 0.10138881206512451, 24.991439819335938
image_40, 28, 0.7349827289581299, 0.10458192974328995, 25.991235733032227
image_40, 28, 0.7616136074066162, 0.10801850259304047, 26.990938186645508
image_40, 28, 0.7854776978492737, 0.11105585843324661, 27.990734100341797
image_40, 28, 0.8157095909118652, 0.11520911008119583, 28.99030876159668
image_40, 28, 0.8419826626777649, 0.11871350556612015, 29.990028381347656
image_132, 29, 0.044249214231967926, 0.007126984186470509, 0.9991436004638672
image_132, 29, 0.08967913687229156, 0.014642028138041496, 1.9982547760009766
image_132, 29, 0.1295674741268158, 0.0209525004029274, 2.9976327419281006
image_132, 29, 0.16493907570838928, 0.026752259582281113, 3.9972057342529297
image_132, 29, 0.19986741244792938, 0.032537899911403656, 4.9967780113220215
image_132, 29, 0.23413868248462677, 0.03811774402856827, 5.996375560760498
image_132, 29, 0.26815173029899597, 0.0437927208840847, 6.995999336242676
image_132, 29, 0.30121827125549316, 0.049130454659461975, 7.99565315246582
image_132, 29, 0.3345388174057007, 0.05434231460094452, 8.995312690734863
image_132, 29, 0.368446946144104, 0.05955757200717926, 9.994956016540527
image_132, 29, 0.4024659991264343, 0.0651620402932167, 10.99458122253418
image_132, 29, 0.43826135993003845, 0.07090103626251221, 11.994157791137695
image_132, 29, 0.47833389043807983, 0.07826617360115051, 12.993653297424316
image_132, 29, 0.5197802186012268, 0.0858318880200386, 13.993124961853027
image_132, 29, 0.5597343444824219, 0.0927492156624794, 14.992639541625977
image_132, 29, 0.6011428236961365, 0.09968966245651245, 15.992136001586914
image_132, 29, 0.6472036242485046, 0.10814978182315826, 16.991544723510742
image_132, 29, 0.6883934140205383, 0.11454293131828308, 17.991085052490234
image_132, 29, 0.7298862934112549, 0.12148622423410416, 18.990524291992188
image_132, 29, 0.7688037157058716, 0.12759597599506378, 19.990076065063477
image_132, 29, 0.8150656223297119, 0.1361587792634964, 20.989463806152344
image_132, 29, 0.8618602752685547, 0.14513246715068817, 21.98880386352539
image_132, 29, 0.901288628578186, 0.15137888491153717, 22.988357543945312
image_132, 29, 0.9410980343818665, 0.15807317197322845, 23.987878799438477
image_132, 29, 0.9815974831581116, 0.16525521874427795, 24.98733139038086
image_132, 29, 1.0176208019256592, 0.1708650141954422, 25.9869384765625
image_132, 29, 1.0549663305282593, 0.177000492811203, 26.986486434936523
image_132, 29, 1.0910228490829468, 0.18280547857284546, 27.986072540283203
image_132, 29, 1.1250970363616943, 0.18809020519256592, 28.985721588134766
image_132, 29, 1.1591253280639648, 0.19338461756706238, 29.985368728637695
image_134, 30, 0.036845993250608444, 0.006452422123402357, 0.9995496869087219
image_134, 30, 0.06916080415248871, 0.011632288806140423, 1.9992213249206543
image_134, 30, 0.09900949150323868, 0.015517724677920341, 2.9989287853240967
image_134, 30, 0.12642009556293488, 0.01933651976287365, 3.998690366744995
image_134, 30, 0.16334740817546844, 0.025425905361771584, 4.998204231262207
image_134, 30, 0.19029399752616882, 0.029213348403573036, 5.997961044311523
image_134, 30, 0.22653119266033173, 0.034792207181453705, 6.997501373291016
image_134, 30, 0.25460922718048096, 0.038708217442035675, 7.997264862060547
image_134, 30, 0.28368720412254333, 0.04293832555413246, 8.99700927734375
image_134, 30, 0.31770384311676025, 0.04814572259783745, 9.996628761291504
image_134, 30, 0.3569168448448181, 0.054660893976688385, 10.996095657348633
image_134, 30, 0.39393696188926697, 0.060766126960515976, 11.995623588562012
image_134, 30, 0.4290216863155365, 0.06648889183998108, 12.995221138000488
image_134, 30, 0.46269795298576355, 0.07177408784627914, 13.99487590789795
image_134, 30, 0.5059890747070312, 0.07992823421955109, 14.99422836303711
image_134, 30, 0.5399274826049805, 0.08496128022670746, 15.993890762329102
image_134, 30, 0.5746044516563416, 0.08992951363325119, 16.993558883666992
image_134, 30, 0.6120123863220215, 0.09584609419107437, 17.993139266967773
image_134, 30, 0.6445164680480957, 0.10023152828216553, 18.992862701416016
image_134, 30, 0.6796436309814453, 0.10533922910690308, 19.99253273010254
image_134, 30, 0.7160138487815857, 0.11067438870668411, 20.99209213256836
image_134, 30, 0.7512008547782898, 0.11639109998941422, 21.991697311401367
image_134, 30, 0.7888761758804321, 0.12252779304981232, 22.99121856689453
image_134, 30, 0.8250194191932678, 0.12846457958221436, 23.990760803222656
image_134, 30, 0.8586999773979187, 0.13405200839042664, 24.990367889404297
image_134, 30, 0.8922942280769348, 0.13958510756492615, 25.989988327026367
image_134, 30, 0.9240480065345764, 0.144478440284729, 26.98966407775879
image_134, 30, 0.9606572389602661, 0.15041382610797882, 27.989208221435547
image_134, 30, 0.9958878755569458, 0.15610164403915405, 28.98879051208496
image_134, 30, 1.0339183807373047, 0.16247297823429108, 29.988298416137695
