Case_ID, Slide_ID, mae, mse, ssim, anomaly
FCB159, 1, 0.03754464164376259, 0.008865484967827797, 0.7958268523216248, 0.0
FCB159, 2, 0.03723445162177086, 0.0083666006103158, 0.8072295188903809, 0.0
FCB159, 3, 0.036908455193042755, 0.008367406204342842, 0.8080874681472778, 0.0
FCB159, 4, 0.03541745990514755, 0.007655271794646978, 0.8152444362640381, 0.0
FCB159, 5, 0.03560387343168259, 0.007305137347429991, 0.8148437738418579, 0.0
FCB159, 6, 0.03493000939488411, 0.007005554158240557, 0.8199785947799683, 0.0
FCB159, 7, 0.033179692924022675, 0.006661292631179094, 0.8210137486457825, 0.0
FCB159, 8, 0.03405165672302246, 0.006999637931585312, 0.8203747868537903, 0.0
FCB159, 9, 0.03524097800254822, 0.007673774845898151, 0.8092849254608154, 0.0
FCB159, 10, 0.03430785983800888, 0.007355473469942808, 0.8124611377716064, 0.0
FCB159, 11, 0.03251335397362709, 0.006426533218473196, 0.8156832456588745, 0.0
FCB159, 12, 0.03371216729283333, 0.006991273257881403, 0.8108254671096802, 0.0
FCB159, 13, 0.04044590890407562, 0.010226611979305744, 0.8022224307060242, 0.0
FCB159, 14, 0.04819600284099579, 0.014786327257752419, 0.7736603617668152, 0.0
FCB159, 15, 0.05030936375260353, 0.01545108575373888, 0.7740607261657715, 0.0
FCB159, 16, 0.05491729825735092, 0.01753651164472103, 0.7790443897247314, 0.0
FCB159, 17, 0.05313563719391823, 0.01693487912416458, 0.7896824479103088, 0.0
FCB159, 18, 0.04538947343826294, 0.01266698818653822, 0.8122833371162415, 0.0
FCB159, 19, 0.043425705283880234, 0.011570731177926064, 0.8112916350364685, 0.0
FCB159, 20, 0.04462910816073418, 0.01186444517225027, 0.7942948937416077, 0.0
FCB159, 21, 0.04385101795196533, 0.011671856977045536, 0.7908530235290527, 0.0
FCB159, 22, 0.03677656501531601, 0.008313077501952648, 0.8088741302490234, 0.0
FCB159, 23, 0.03806145116686821, 0.008901447989046574, 0.8107316493988037, 0.0
FCB159, 24, 0.04741257056593895, 0.013273263350129128, 0.7823203802108765, 0.0
FCB159, 25, 0.046195995062589645, 0.012624076567590237, 0.7921140193939209, 0.0
FCB159, 26, 0.04222153499722481, 0.010470602661371231, 0.804306149482727, 0.0
FCB159, 27, 0.040779728442430496, 0.009024259634315968, 0.7975757122039795, 0.0
FCB159, 28, 0.04304501786828041, 0.00935791153460741, 0.8021544814109802, 0.0
FCB159, 29, 0.04430580139160156, 0.00961447972804308, 0.8022500276565552, 0.0
FCB159, 30, 0.046501535922288895, 0.010878797620534897, 0.8016302585601807, 0.0
FCB038, 1, 0.04527689889073372, 0.010403134860098362, 0.8523139357566833, 0.0
FCB038, 2, 0.04979380592703819, 0.012024578638374805, 0.8446499109268188, 0.0
FCB038, 3, 0.053856220096349716, 0.013561767525970936, 0.8396916389465332, 0.0
FCB038, 4, 0.05555325001478195, 0.014179063029587269, 0.8392351269721985, 0.0
FCB038, 5, 0.05840174853801727, 0.015586883760988712, 0.8295342326164246, 0.0
FCB038, 6, 0.06100716069340706, 0.016630031168460846, 0.8261659145355225, 0.0
FCB038, 7, 0.0615864098072052, 0.016750341281294823, 0.8239590525627136, 0.0
FCB038, 8, 0.06214943528175354, 0.01700642518699169, 0.8223485946655273, 0.0
FCB038, 9, 0.06439424306154251, 0.018289975821971893, 0.8205244541168213, 0.0
FCB038, 10, 0.06502971798181534, 0.01871892809867859, 0.8212341666221619, 0.0
FCB038, 11, 0.0647619366645813, 0.01812008023262024, 0.8249052166938782, 0.0
FCB038, 12, 0.06740342825651169, 0.01975199766457081, 0.8196251392364502, 0.0
FCB038, 13, 0.0702579915523529, 0.021827640011906624, 0.814495325088501, 0.0
FCB038, 14, 0.06872199475765228, 0.021050721406936646, 0.8168230652809143, 0.0
FCB038, 15, 0.06652650982141495, 0.019892534241080284, 0.8162047863006592, 0.0
FCB038, 16, 0.06616669148206711, 0.0201646126806736, 0.8084778785705566, 0.0
FCB038, 17, 0.06395767629146576, 0.01948626898229122, 0.8056344985961914, 0.0
FCB038, 18, 0.059970516711473465, 0.01809966191649437, 0.8031591773033142, 0.0
FCB038, 19, 0.04957094416022301, 0.012914602644741535, 0.8104985952377319, 0.0
FCB038, 20, 0.048493482172489166, 0.012080353684723377, 0.8149077296257019, 0.0
FCB038, 21, 0.054291628301143646, 0.014155127108097076, 0.8169405460357666, 0.0
FCB038, 22, 0.05728157237172127, 0.0157670546323061, 0.8092074990272522, 0.0
FCB038, 23, 0.05952659621834755, 0.01745910756289959, 0.8063092231750488, 0.0
FCB038, 24, 0.0605885274708271, 0.01746722310781479, 0.8102138638496399, 0.0
FCB038, 25, 0.05964065343141556, 0.016487542539834976, 0.8156089186668396, 0.0
FCB038, 26, 0.06129830330610275, 0.016845213249325752, 0.8229554295539856, 0.0
FCB038, 27, 0.06271283328533173, 0.017565587535500526, 0.8241938948631287, 0.0
FCB038, 28, 0.06121551990509033, 0.017256908118724823, 0.8255693912506104, 0.0
FCB038, 29, 0.05882493779063225, 0.015743186697363853, 0.8274480700492859, 0.0
FCB038, 30, 0.058421313762664795, 0.015374429523944855, 0.8272679448127747, 0.0
5108968, 1, 0.03731833025813103, 0.007836715318262577, 0.8627986907958984, 0.0
5108968, 2, 0.0393117219209671, 0.008611105382442474, 0.8532904386520386, 0.0
5108968, 3, 0.04203176498413086, 0.009327883832156658, 0.8466268181800842, 0.0
5108968, 4, 0.043390363454818726, 0.009769683703780174, 0.8412699103355408, 0.0
5108968, 5, 0.04357628524303436, 0.00972482655197382, 0.8345295786857605, 0.0
5108968, 6, 0.04687339439988136, 0.011205124668776989, 0.8228111863136292, 0.0
5108968, 7, 0.04722048342227936, 0.011479471810162067, 0.8217676281929016, 0.0
5108968, 8, 0.04885820671916008, 0.011998717673122883, 0.8216143846511841, 0.0
5108968, 9, 0.04918031767010689, 0.012669416144490242, 0.8160108327865601, 0.0
5108968, 10, 0.052115075290203094, 0.01479247771203518, 0.8187679648399353, 0.0
5108968, 11, 0.0516350194811821, 0.015446954406797886, 0.8153231739997864, 0.0
5108968, 12, 0.052195120602846146, 0.01478872261941433, 0.8161454796791077, 0.0
5108968, 13, 0.058368854224681854, 0.019054226577281952, 0.8087578415870667, 0.0
5108968, 14, 0.05601750686764717, 0.017185799777507782, 0.8073026537895203, 0.0
5108968, 15, 0.0612727552652359, 0.019830090925097466, 0.7811062932014465, 0.0
5108968, 16, 0.06396631896495819, 0.021349167451262474, 0.7622636556625366, 0.0
5108968, 17, 0.09019273519515991, 0.03844016417860985, 0.6896252632141113, 0.0
5108968, 18, 0.08083223551511765, 0.03306316211819649, 0.7200356125831604, 0.0
5108968, 19, 0.0628458559513092, 0.022595997899770737, 0.7911103367805481, 0.0
5108968, 20, 0.06312298029661179, 0.02195936255156994, 0.7712228894233704, 0.0
5108968, 21, 0.06100022420287132, 0.020314259454607964, 0.7856286764144897, 0.0
5108968, 22, 0.06081075966358185, 0.020825190469622612, 0.7821222543716431, 0.0
5108968, 23, 0.06329724192619324, 0.02252792753279209, 0.7782999873161316, 0.0
5108968, 24, 0.06023925542831421, 0.019418958574533463, 0.7814619541168213, 0.0
5108968, 25, 0.060753364115953445, 0.020437143743038177, 0.7822421193122864, 0.0
5108968, 26, 0.06046372279524803, 0.02054150402545929, 0.7745574116706848, 0.0
5108968, 27, 0.06526432186365128, 0.023518778383731842, 0.774747371673584, 0.0
5108968, 28, 0.0619458369910717, 0.020832041278481483, 0.7936389446258545, 0.0
5108968, 29, 0.06113022565841675, 0.020761746913194656, 0.7852742671966553, 0.0
5108968, 30, 0.0576191246509552, 0.018275383859872818, 0.8032622933387756, 0.0
5367467, 1, 0.04481774941086769, 0.010548883117735386, 0.8149259090423584, 0.0
5367467, 2, 0.046949755400419235, 0.01110023632645607, 0.8135077953338623, 0.0
5367467, 3, 0.05179238319396973, 0.012998521327972412, 0.8067829012870789, 0.0
5367467, 4, 0.051290255039930344, 0.012871857732534409, 0.8066629767417908, 0.0
5367467, 5, 0.04849834367632866, 0.011600139550864697, 0.8147053122520447, 0.0
5367467, 6, 0.05074947699904442, 0.012375496327877045, 0.808292031288147, 0.0
5367467, 7, 0.05243837833404541, 0.01332436129450798, 0.797386646270752, 0.0
5367467, 8, 0.053164221346378326, 0.013731764629483223, 0.7933416962623596, 0.0
5367467, 9, 0.05653376504778862, 0.015623737126588821, 0.7845995426177979, 0.0
5367467, 10, 0.058049216866493225, 0.017804866656661034, 0.7752339243888855, 0.0
5367467, 11, 0.05474939942359924, 0.015922466292977333, 0.7785841226577759, 0.0
5367467, 12, 0.05982399731874466, 0.01897762529551983, 0.7659372091293335, 0.0
5367467, 13, 0.05996870622038841, 0.019660823047161102, 0.752158522605896, 0.0
5367467, 14, 0.06087829917669296, 0.019724782556295395, 0.7571528553962708, 0.0
5367467, 15, 0.06345783174037933, 0.021475397050380707, 0.7479152679443359, 0.0
5367467, 16, 0.06514725834131241, 0.022454306483268738, 0.7477839589118958, 0.0
5367467, 17, 0.06572975218296051, 0.022416485473513603, 0.7432881593704224, 0.0
5367467, 18, 0.059281062334775925, 0.01866067573428154, 0.759797215461731, 0.0
5367467, 19, 0.05081481859087944, 0.013942738994956017, 0.7897383570671082, 0.0
5367467, 20, 0.054351646453142166, 0.01574982888996601, 0.7831685543060303, 0.0
5367467, 21, 0.0523199699819088, 0.01541009359061718, 0.7774251103401184, 0.0
5367467, 22, 0.05923987552523613, 0.018801230937242508, 0.7491762042045593, 0.0
5367467, 23, 0.0640159398317337, 0.02148989960551262, 0.746558427810669, 0.0
5367467, 24, 0.06027599796652794, 0.019278207793831825, 0.7558920383453369, 0.0
5367467, 25, 0.06495238095521927, 0.021587267518043518, 0.7476058602333069, 0.0
5367467, 26, 0.06296931952238083, 0.02082877792418003, 0.7584531307220459, 0.0
5367467, 27, 0.058586712926626205, 0.018043912947177887, 0.7703846096992493, 0.0
5367467, 28, 0.06407476961612701, 0.020494312047958374, 0.7630422115325928, 0.0
5367467, 29, 0.057870734483003616, 0.01583191566169262, 0.7835769653320312, 0.0
5367467, 30, 0.05725521594285965, 0.015186170116066933, 0.79253089427948, 0.0
5431938, 1, 0.07739386707544327, 0.028775759041309357, 0.7041977047920227, 0.0
5431938, 2, 0.08171504735946655, 0.03174455836415291, 0.690497875213623, 0.0
5431938, 3, 0.0850403904914856, 0.03351142629981041, 0.6922358274459839, 0.0
5431938, 4, 0.08224943280220032, 0.030800912529230118, 0.6932796239852905, 0.0
5431938, 5, 0.1023349016904831, 0.04578182473778725, 0.6492060422897339, 0.0
5431938, 6, 0.08885937929153442, 0.03514953702688217, 0.6472868919372559, 0.0
5431938, 7, 0.09518487751483917, 0.03958627209067345, 0.640318751335144, 0.0
5431938, 8, 0.09431173652410507, 0.038606490939855576, 0.6474289298057556, 0.0
5431938, 9, 0.09407677501440048, 0.038645949214696884, 0.628726065158844, 0.0
5431938, 10, 0.09848576784133911, 0.040027204900979996, 0.6282278299331665, 0.0
5431938, 11, 0.09634146839380264, 0.03861282020807266, 0.6223575472831726, 0.0
5431938, 12, 0.09791342914104462, 0.04028073698282242, 0.6245563626289368, 0.0
5431938, 13, 0.11711551249027252, 0.05364987626671791, 0.6037584543228149, 0.0
5431938, 14, 0.09479366987943649, 0.03765225410461426, 0.6347529888153076, 0.0
5431938, 15, 0.10254160314798355, 0.04289285093545914, 0.6392151713371277, 0.0
5431938, 16, 0.10260646045207977, 0.04276613891124725, 0.62224942445755, 0.0
5431938, 17, 0.11788754165172577, 0.05369430035352707, 0.6009916067123413, 0.0
5431938, 18, 0.10688170045614243, 0.04615466669201851, 0.5999814867973328, 0.0
5431938, 19, 0.10606028139591217, 0.04710039123892784, 0.5966631770133972, 0.0
5431938, 20, 0.10427025705575943, 0.04748999699950218, 0.5995676517486572, 0.0
5431938, 21, 0.10060743987560272, 0.04282175004482269, 0.6151471138000488, 0.0
5431938, 22, 0.12051049619913101, 0.05712110176682472, 0.590886652469635, 0.0
5431938, 23, 0.14234861731529236, 0.07519844174385071, 0.5556622743606567, 0.0
5431938, 24, 0.11222957819700241, 0.050478942692279816, 0.6124143004417419, 0.0
5431938, 25, 0.10298515111207962, 0.04339321702718735, 0.6321172118186951, 0.0
5431938, 26, 0.09786306321620941, 0.03992822766304016, 0.6349411606788635, 0.0
5431938, 27, 0.09704001247882843, 0.03978786990046501, 0.6441807150840759, 0.0
5431938, 28, 0.09125670045614243, 0.03554604575037956, 0.643720805644989, 0.0
5431938, 29, 0.09387750923633575, 0.037969738245010376, 0.6401110887527466, 0.0
5431938, 30, 0.0920461118221283, 0.03714175149798393, 0.6338164210319519, 0.0
FCB130, 1, 0.034364450722932816, 0.007225853856652975, 0.8105928897857666, 0.0
FCB130, 2, 0.036991242319345474, 0.007862954400479794, 0.8087658882141113, 0.0
FCB130, 3, 0.040965210646390915, 0.009002791717648506, 0.8123673796653748, 0.0
FCB130, 4, 0.04518508538603783, 0.010582709684967995, 0.8045092821121216, 0.0
FCB130, 5, 0.04434544965624809, 0.01012840960174799, 0.8090865015983582, 0.0
FCB130, 6, 0.043738748878240585, 0.009919854812324047, 0.8141902685165405, 0.0
FCB130, 7, 0.04772181436419487, 0.011605443432927132, 0.8040118217468262, 0.0
FCB130, 8, 0.050740133970975876, 0.01287088543176651, 0.7960245609283447, 0.0
FCB130, 9, 0.051138121634721756, 0.013284966349601746, 0.7901533842086792, 0.0
FCB130, 10, 0.05064530670642853, 0.012973693199455738, 0.796173632144928, 0.0
FCB130, 11, 0.051744405180215836, 0.013074392452836037, 0.7953099608421326, 0.0
FCB130, 12, 0.05032094195485115, 0.012582307681441307, 0.7828922271728516, 0.0
FCB130, 13, 0.050913579761981964, 0.01346227340400219, 0.7845972180366516, 0.0
FCB130, 14, 0.0522785522043705, 0.01504003070294857, 0.7916787266731262, 0.0
FCB130, 15, 0.05055328458547592, 0.014380747452378273, 0.7903516888618469, 0.0
FCB130, 16, 0.04402191564440727, 0.011408106423914433, 0.7996325492858887, 0.0
FCB130, 17, 0.04062424600124359, 0.009736987762153149, 0.8143488168716431, 0.0
FCB130, 18, 0.044059041887521744, 0.0113403694704175, 0.8061923384666443, 0.0
FCB130, 19, 0.041977643966674805, 0.010272322222590446, 0.7969383597373962, 0.0
FCB130, 20, 0.04663289710879326, 0.012505412101745605, 0.7887950539588928, 0.0
FCB130, 21, 0.04748142883181572, 0.012923958711326122, 0.8032622933387756, 0.0
FCB130, 22, 0.046592336148023605, 0.01261935941874981, 0.8026372194290161, 0.0
FCB130, 23, 0.05060061812400818, 0.014620529487729073, 0.7936259508132935, 0.0
FCB130, 24, 0.04976826161146164, 0.013531815260648727, 0.8031054139137268, 0.0
FCB130, 25, 0.05136634036898613, 0.013574671931564808, 0.8015928864479065, 0.0
FCB130, 26, 0.0553140789270401, 0.015565087087452412, 0.7970787882804871, 0.0
FCB130, 27, 0.05427347123622894, 0.014614415355026722, 0.7977461814880371, 0.0
FCB130, 28, 0.0541694276034832, 0.014094467274844646, 0.7894412875175476, 0.0
FCB130, 29, 0.05093928799033165, 0.012636223807930946, 0.7899746894836426, 0.0
FCB130, 30, 0.04977644234895706, 0.012436789460480213, 0.784594714641571, 0.0
5160521, 1, 0.02680075541138649, 0.005019848700612783, 0.8575925827026367, 0.0
5160521, 2, 0.028436940163373947, 0.005151037592440844, 0.8585240244865417, 0.0
5160521, 3, 0.03393244743347168, 0.006775707472115755, 0.8580621480941772, 0.0
5160521, 4, 0.04233963415026665, 0.01008921954780817, 0.8383461236953735, 0.0
5160521, 5, 0.04348161816596985, 0.010539690963923931, 0.8324971795082092, 0.0
5160521, 6, 0.047721073031425476, 0.013354122638702393, 0.8186467289924622, 0.0
5160521, 7, 0.04550816863775253, 0.011607794091105461, 0.8164877891540527, 0.0
5160521, 8, 0.04441981017589569, 0.01041406486183405, 0.8209186792373657, 0.0
5160521, 9, 0.04547886177897453, 0.011771590448915958, 0.8180211782455444, 0.0
5160521, 10, 0.04934217408299446, 0.013785701245069504, 0.812109112739563, 0.0
5160521, 11, 0.050626032054424286, 0.014342717826366425, 0.7953369617462158, 0.0
5160521, 12, 0.05646563321352005, 0.017980972304940224, 0.7746831774711609, 0.0
5160521, 13, 0.05585402250289917, 0.01739637181162834, 0.7889977693557739, 0.0
5160521, 14, 0.05275760963559151, 0.01501917652785778, 0.8051422834396362, 0.0
5160521, 15, 0.05203888192772865, 0.014807293191552162, 0.8055440783500671, 0.0
5160521, 16, 0.05488157644867897, 0.016956394538283348, 0.777463436126709, 0.0
5160521, 17, 0.06375501304864883, 0.02141868881881237, 0.7653731107711792, 0.0
5160521, 18, 0.05174329876899719, 0.015642451122403145, 0.7990673184394836, 0.0
5160521, 19, 0.045721713453531265, 0.012451996095478535, 0.8190465569496155, 0.0
5160521, 20, 0.051499705761671066, 0.015100343152880669, 0.8031514286994934, 0.0
5160521, 21, 0.05647877976298332, 0.017766118049621582, 0.784928560256958, 0.0
5160521, 22, 0.05929865315556526, 0.019735798239707947, 0.77702796459198, 0.0
5160521, 23, 0.06255102157592773, 0.021274683997035027, 0.7533056735992432, 0.0
5160521, 24, 0.05708296597003937, 0.018456382676959038, 0.7723978161811829, 0.0
5160521, 25, 0.06814919412136078, 0.02539745345711708, 0.759227454662323, 0.0
5160521, 26, 0.05880089849233627, 0.019632356241345406, 0.7726987600326538, 0.0
5160521, 27, 0.060017313808202744, 0.020336121320724487, 0.7622796297073364, 0.0
5160521, 28, 0.06212640553712845, 0.022037789225578308, 0.7616356611251831, 0.0
5160521, 29, 0.053464196622371674, 0.01701119728386402, 0.7853370308876038, 0.0
5160521, 30, 0.04905792325735092, 0.01493915356695652, 0.793018102645874, 0.0
FCB089, 1, 0.02506224252283573, 0.004537773318588734, 0.8604341745376587, 0.0
FCB089, 2, 0.023701811209321022, 0.00400862330570817, 0.8603323101997375, 0.0
FCB089, 3, 0.023976566269993782, 0.004257001914083958, 0.8620860576629639, 0.0
FCB089, 4, 0.026040183380246162, 0.0049121142365038395, 0.8582362532615662, 0.0
FCB089, 5, 0.027483325451612473, 0.005097777582705021, 0.8560345768928528, 0.0
FCB089, 6, 0.02758888714015484, 0.0049397023394703865, 0.8544437289237976, 0.0
FCB089, 7, 0.02779633179306984, 0.005039573181420565, 0.8514454364776611, 0.0
FCB089, 8, 0.028644969686865807, 0.005369856487959623, 0.8505842685699463, 0.0
FCB089, 9, 0.030658967792987823, 0.006123436614871025, 0.8448578715324402, 0.0
FCB089, 10, 0.03511378914117813, 0.007783195003867149, 0.8332504034042358, 0.0
FCB089, 11, 0.03520504757761955, 0.00789075717329979, 0.8348743915557861, 0.0
FCB089, 12, 0.03571024164557457, 0.00770006375387311, 0.8429666757583618, 0.0
FCB089, 13, 0.03828924521803856, 0.008603384718298912, 0.839738667011261, 0.0
FCB089, 14, 0.04059937223792076, 0.009893401525914669, 0.8290448784828186, 0.0
FCB089, 15, 0.04210113361477852, 0.010712060146033764, 0.8258937001228333, 0.0
FCB089, 16, 0.05018358677625656, 0.014751116745173931, 0.8038394451141357, 0.0
FCB089, 17, 0.06306291371583939, 0.022923830896615982, 0.7509872913360596, 0.0
FCB089, 18, 0.07136847078800201, 0.028435014188289642, 0.7298426628112793, 0.0
FCB089, 19, 0.058111924678087234, 0.019960952922701836, 0.7659972906112671, 0.0
FCB089, 20, 0.054692260921001434, 0.017525766044855118, 0.7701960206031799, 0.0
FCB089, 21, 0.061240799725055695, 0.022398771718144417, 0.7579172253608704, 0.0
FCB089, 22, 0.07492482662200928, 0.029838725924491882, 0.7357521057128906, 0.0
FCB089, 23, 0.07068995386362076, 0.027489880099892616, 0.7472848892211914, 0.0
FCB089, 24, 0.0656082034111023, 0.025304416194558144, 0.7659846544265747, 0.0
FCB089, 25, 0.052750326693058014, 0.01756562478840351, 0.8030248284339905, 0.0
FCB089, 26, 0.04494021087884903, 0.012413274496793747, 0.8196130990982056, 0.0
FCB089, 27, 0.04137067869305611, 0.010716801509261131, 0.8348394632339478, 0.0
FCB089, 28, 0.04126178100705147, 0.010048922151327133, 0.838394820690155, 0.0
FCB089, 29, 0.039045415818691254, 0.009419061243534088, 0.8479945659637451, 0.0
FCB089, 30, 0.03618808090686798, 0.008048084564507008, 0.8494390845298767, 0.0
4359424, 1, 0.033656682819128036, 0.0065306853502988815, 0.8288524746894836, 0.0
4359424, 2, 0.03963996842503548, 0.00841814000159502, 0.8213075399398804, 0.0
4359424, 3, 0.04353118687868118, 0.009597315452992916, 0.8276003003120422, 0.0
4359424, 4, 0.04587845876812935, 0.010426943190395832, 0.8283548951148987, 0.0
4359424, 5, 0.048615504056215286, 0.011441942304372787, 0.8143419623374939, 0.0
4359424, 6, 0.05111917108297348, 0.012644218280911446, 0.8050991892814636, 0.0
4359424, 7, 0.05150056257843971, 0.012966012582182884, 0.7973594069480896, 0.0
4359424, 8, 0.05104788765311241, 0.01275154110044241, 0.7934993505477905, 0.0
4359424, 9, 0.049222931265830994, 0.011932211928069592, 0.7968465089797974, 0.0
4359424, 10, 0.04834804683923721, 0.01153740007430315, 0.7938385009765625, 0.0
4359424, 11, 0.04565047100186348, 0.01047501154243946, 0.7921449542045593, 0.0
4359424, 12, 0.04665672779083252, 0.011066297069191933, 0.7912176847457886, 0.0
4359424, 13, 0.051544710993766785, 0.013100409880280495, 0.794938325881958, 0.0
4359424, 14, 0.04950808733701706, 0.012542739510536194, 0.7920956611633301, 0.0
4359424, 15, 0.043916698545217514, 0.010493802838027477, 0.7970800995826721, 0.0
4359424, 16, 0.0436287559568882, 0.011194800958037376, 0.7941564321517944, 0.0
4359424, 17, 0.0452536903321743, 0.012149050831794739, 0.788428008556366, 0.0
4359424, 18, 0.0443480908870697, 0.011984123848378658, 0.7965701818466187, 0.0
4359424, 19, 0.04195541888475418, 0.010585078969597816, 0.7972893118858337, 0.0
4359424, 20, 0.043149348348379135, 0.010557153262197971, 0.8005381226539612, 0.0
4359424, 21, 0.0491500049829483, 0.014040789566934109, 0.7920550107955933, 0.0
4359424, 22, 0.04655110463500023, 0.012242619879543781, 0.8041892647743225, 0.0
4359424, 23, 0.04809318110346794, 0.01219396572560072, 0.7974128127098083, 0.0
4359424, 24, 0.05079047754406929, 0.012985029257833958, 0.7891107797622681, 0.0
4359424, 25, 0.051346395164728165, 0.013577613979578018, 0.7947694063186646, 0.0
4359424, 26, 0.05073997750878334, 0.01334390789270401, 0.7889631986618042, 0.0
4359424, 27, 0.049039483070373535, 0.012461163103580475, 0.7855213284492493, 0.0
4359424, 28, 0.04913773015141487, 0.012293335050344467, 0.7884988188743591, 0.0
4359424, 29, 0.047364622354507446, 0.011160098947584629, 0.7945484519004822, 0.0
4359424, 30, 0.050445422530174255, 0.012306209653615952, 0.7922691702842712, 0.0
FCB067, 1, 0.045966554433107376, 0.010858033783733845, 0.8324853181838989, 0.0
FCB067, 2, 0.04436720907688141, 0.010077506303787231, 0.8328378796577454, 0.0
FCB067, 3, 0.04732644930481911, 0.011188545264303684, 0.8236984610557556, 0.0
FCB067, 4, 0.047123707830905914, 0.011092963628470898, 0.8234497308731079, 0.0
FCB067, 5, 0.04945368319749832, 0.012388231232762337, 0.8178187012672424, 0.0
FCB067, 6, 0.048438187688589096, 0.011972926557064056, 0.8191183805465698, 0.0
FCB067, 7, 0.05440986528992653, 0.01413896307349205, 0.812183141708374, 0.0
FCB067, 8, 0.053852055221796036, 0.013835188932716846, 0.8105123043060303, 0.0
FCB067, 9, 0.05041868984699249, 0.012348041869699955, 0.8069790601730347, 0.0
FCB067, 10, 0.04623440280556679, 0.01086858008056879, 0.8082197904586792, 0.0
FCB067, 11, 0.048474010080099106, 0.012319905683398247, 0.8053554892539978, 0.0
FCB067, 12, 0.046370211988687515, 0.011595859192311764, 0.8097925782203674, 0.0
FCB067, 13, 0.04571571946144104, 0.011541725136339664, 0.8147376179695129, 0.0
FCB067, 14, 0.05037311464548111, 0.01395427156239748, 0.8059890270233154, 0.0
FCB067, 15, 0.04904982075095177, 0.013104211539030075, 0.8056867718696594, 0.0
FCB067, 16, 0.049267902970314026, 0.013376535847783089, 0.8042662143707275, 0.0
FCB067, 17, 0.0544256716966629, 0.016507845371961594, 0.7857615351676941, 0.0
FCB067, 18, 0.06036720052361488, 0.01902526058256626, 0.7622247338294983, 0.0
FCB067, 19, 0.052783772349357605, 0.015857743099331856, 0.7812066674232483, 0.0
FCB067, 20, 0.04553362354636192, 0.012004466727375984, 0.7915540337562561, 0.0
FCB067, 21, 0.04566838964819908, 0.011957025155425072, 0.7959398627281189, 0.0
FCB067, 22, 0.04430542141199112, 0.011130597442388535, 0.8042989373207092, 0.0
FCB067, 23, 0.04792140796780586, 0.013088084757328033, 0.7835408449172974, 0.0
FCB067, 24, 0.04864837974309921, 0.01348869875073433, 0.7904319763183594, 0.0
FCB067, 25, 0.0484115369617939, 0.012719371356070042, 0.7981517314910889, 0.0
FCB067, 26, 0.052409715950489044, 0.01497973594814539, 0.7970319390296936, 0.0
FCB067, 27, 0.05048554018139839, 0.013831066899001598, 0.7902257442474365, 0.0
FCB067, 28, 0.05286841467022896, 0.013790428638458252, 0.7969969511032104, 0.0
FCB067, 29, 0.05690481513738632, 0.0154083501547575, 0.7981383800506592, 0.0
FCB067, 30, 0.057820506393909454, 0.015593620017170906, 0.8031384944915771, 0.0
FCB151, 1, 0.03954398259520531, 0.008310509845614433, 0.8497854471206665, 0.0
FCB151, 2, 0.04867865517735481, 0.011583246290683746, 0.8439731597900391, 0.0
FCB151, 3, 0.051457662135362625, 0.012759876437485218, 0.8342940211296082, 0.0
FCB151, 4, 0.054568227380514145, 0.013945817947387695, 0.8310866355895996, 0.0
FCB151, 5, 0.05500959977507591, 0.014212345704436302, 0.8252003192901611, 0.0
FCB151, 6, 0.052892811596393585, 0.013074889779090881, 0.8247887492179871, 0.0
FCB151, 7, 0.05087937414646149, 0.01193214301019907, 0.8256217241287231, 0.0
FCB151, 8, 0.05092829838395119, 0.011839157901704311, 0.8271027207374573, 0.0
FCB151, 9, 0.046130549162626266, 0.010109975934028625, 0.8269765377044678, 0.0
FCB151, 10, 0.0440547950565815, 0.009298215620219707, 0.8253531455993652, 0.0
FCB151, 11, 0.04250180721282959, 0.008768330328166485, 0.825229823589325, 0.0
FCB151, 12, 0.04227438196539879, 0.00883206631988287, 0.8229462504386902, 0.0
FCB151, 13, 0.04214823246002197, 0.008703500032424927, 0.8272148370742798, 0.0
FCB151, 14, 0.04355406388640404, 0.009774629957973957, 0.8196381330490112, 0.0
FCB151, 15, 0.0414876826107502, 0.008915427140891552, 0.8204919099807739, 0.0
FCB151, 16, 0.0440681166946888, 0.010162576101720333, 0.8158862590789795, 0.0
FCB151, 17, 0.050603169947862625, 0.014313521794974804, 0.8065345287322998, 0.0
FCB151, 18, 0.0537126325070858, 0.016603747382760048, 0.8011046051979065, 0.0
FCB151, 19, 0.05316273495554924, 0.015610845759510994, 0.8065859079360962, 0.0
FCB151, 20, 0.051562413573265076, 0.01441754586994648, 0.7992687225341797, 0.0
FCB151, 21, 0.05621656775474548, 0.017718471586704254, 0.7688553929328918, 0.0
FCB151, 22, 0.0512697771191597, 0.015288451686501503, 0.7841737270355225, 0.0
FCB151, 23, 0.04889557510614395, 0.01332442183047533, 0.8049101829528809, 0.0
FCB151, 24, 0.04270274564623833, 0.009793683886528015, 0.8232435584068298, 0.0
FCB151, 25, 0.04810737073421478, 0.011851749382913113, 0.8217549324035645, 0.0
FCB151, 26, 0.05041267350316048, 0.011962907388806343, 0.8229706287384033, 0.0
FCB151, 27, 0.05079210177063942, 0.011888992972671986, 0.8236691355705261, 0.0
FCB151, 28, 0.05241449177265167, 0.012644347734749317, 0.8190398216247559, 0.0
FCB151, 29, 0.04794340208172798, 0.010929425247013569, 0.8265085816383362, 0.0
FCB151, 30, 0.04823809117078781, 0.010870112106204033, 0.8300978541374207, 0.0
5234571, 1, 0.03297865018248558, 0.0069535281509160995, 0.8314208388328552, 0.0
5234571, 2, 0.03517575189471245, 0.007596394047141075, 0.828910768032074, 0.0
5234571, 3, 0.03444446623325348, 0.007137954235076904, 0.8331888318061829, 0.0
5234571, 4, 0.03511502966284752, 0.007545197382569313, 0.8269135355949402, 0.0
5234571, 5, 0.037511732429265976, 0.008340399712324142, 0.8211583495140076, 0.0
5234571, 6, 0.03864828869700432, 0.00859302468597889, 0.825545072555542, 0.0
5234571, 7, 0.04333991929888725, 0.010320119559764862, 0.8232648968696594, 0.0
5234571, 8, 0.04626374691724777, 0.011592762544751167, 0.8170329332351685, 0.0
5234571, 9, 0.04744701460003853, 0.01277611218392849, 0.8178257346153259, 0.0
5234571, 10, 0.0471058115363121, 0.012239059433341026, 0.8207440972328186, 0.0
5234571, 11, 0.04815247282385826, 0.012306062504649162, 0.8152228593826294, 0.0
5234571, 12, 0.047313809394836426, 0.012207796797156334, 0.8246021866798401, 0.0
5234571, 13, 0.045487746596336365, 0.011393338441848755, 0.8234371542930603, 0.0
5234571, 14, 0.04934737831354141, 0.013171840459108353, 0.8112471103668213, 0.0
5234571, 15, 0.050798770040273666, 0.01366384793072939, 0.8275597095489502, 0.0
5234571, 16, 0.05531417205929756, 0.01764077879488468, 0.8215351700782776, 0.0
5234571, 17, 0.057859547436237335, 0.01983226276934147, 0.8075118064880371, 0.0
5234571, 18, 0.050461772829294205, 0.01499888114631176, 0.8095134496688843, 0.0
5234571, 19, 0.04143429547548294, 0.009910369291901588, 0.8184788823127747, 0.0
5234571, 20, 0.0455310232937336, 0.01251987088471651, 0.8183174729347229, 0.0
5234571, 21, 0.052458275109529495, 0.017077986150979996, 0.8090683221817017, 0.0
5234571, 22, 0.05820995569229126, 0.01962418109178543, 0.7989965081214905, 0.0
5234571, 23, 0.059068046510219574, 0.019707990810275078, 0.7954137325286865, 0.0
5234571, 24, 0.05797215551137924, 0.0186328012496233, 0.8053150773048401, 0.0
5234571, 25, 0.054831333458423615, 0.017294522374868393, 0.8101990818977356, 0.0
5234571, 26, 0.05149322375655174, 0.014554365538060665, 0.8177499175071716, 0.0
5234571, 27, 0.049155544489622116, 0.012960719875991344, 0.8043866753578186, 0.0
5234571, 28, 0.050035782158374786, 0.013665860518813133, 0.7950746417045593, 0.0
5234571, 29, 0.0477798767387867, 0.012179689481854439, 0.8016140460968018, 0.0
5234571, 30, 0.04770577698945999, 0.01184146199375391, 0.8057525753974915, 0.0
5427859, 1, 0.03725549206137657, 0.008001699112355709, 0.8444722890853882, 0.0
5427859, 2, 0.04190187156200409, 0.009484188631176949, 0.8350428342819214, 0.0
5427859, 3, 0.04406344145536423, 0.010283853858709335, 0.8344072103500366, 0.0
5427859, 4, 0.04633716121315956, 0.01135260984301567, 0.829154372215271, 0.0
5427859, 5, 0.04960626736283302, 0.013469334691762924, 0.8206610679626465, 0.0
5427859, 6, 0.04593135043978691, 0.010832351632416248, 0.8219544887542725, 0.0
5427859, 7, 0.04688844829797745, 0.012424311600625515, 0.8003912568092346, 0.0
5427859, 8, 0.05284105986356735, 0.015487203374505043, 0.7905623316764832, 0.0
5427859, 9, 0.05978354811668396, 0.019442230463027954, 0.7733092308044434, 0.0
5427859, 10, 0.06307913362979889, 0.02180219627916813, 0.7624068856239319, 0.0
5427859, 11, 0.06317673623561859, 0.021204054355621338, 0.7707602977752686, 0.0
5427859, 12, 0.06739751994609833, 0.024073312059044838, 0.7607957124710083, 0.0
5427859, 13, 0.07217780500650406, 0.02698669023811817, 0.7360312938690186, 0.0
5427859, 14, 0.07257195562124252, 0.02684020809829235, 0.7522962689399719, 0.0
5427859, 15, 0.0732177197933197, 0.027698464691638947, 0.7583334445953369, 0.0
5427859, 16, 0.07824008911848068, 0.030819468200206757, 0.7349962592124939, 0.0
5427859, 17, 0.08626940101385117, 0.03654925525188446, 0.7051615715026855, 0.0
5427859, 18, 0.07844631373882294, 0.03301021829247475, 0.7424377799034119, 0.0
5427859, 19, 0.0695575624704361, 0.02597593143582344, 0.7754874229431152, 0.0
5427859, 20, 0.06612706184387207, 0.023854287341237068, 0.7694319486618042, 0.0
5427859, 21, 0.0731109157204628, 0.027767322957515717, 0.7310013771057129, 0.0
5427859, 22, 0.07772088050842285, 0.03026743046939373, 0.7093713879585266, 0.0
5427859, 23, 0.07935608178377151, 0.031975895166397095, 0.7233966588973999, 0.0
5427859, 24, 0.07827164232730865, 0.03135869652032852, 0.7318843007087708, 0.0
5427859, 25, 0.07883690297603607, 0.0312853679060936, 0.724862813949585, 0.0
5427859, 26, 0.07999534159898758, 0.03289651498198509, 0.7212252020835876, 0.0
5427859, 27, 0.0742897242307663, 0.02903103083372116, 0.733234703540802, 0.0
5427859, 28, 0.06627701222896576, 0.024047015234827995, 0.7495501637458801, 0.0
5427859, 29, 0.06469390541315079, 0.022723952308297157, 0.7591049075126648, 0.0
5427859, 30, 0.06408509612083435, 0.022649511694908142, 0.7495477795600891, 0.0
FCB072, 1, 0.036834388971328735, 0.007398143410682678, 0.8174509406089783, 0.0
FCB072, 2, 0.04178246110677719, 0.009199127554893494, 0.8070352077484131, 0.0
FCB072, 3, 0.045680832117795944, 0.010662085376679897, 0.7995421886444092, 0.0
FCB072, 4, 0.047878511250019073, 0.01157876942306757, 0.7972044348716736, 0.0
FCB072, 5, 0.05035577341914177, 0.01239961851388216, 0.7956871390342712, 0.0
FCB072, 6, 0.05400495603680611, 0.01371223945170641, 0.7950458526611328, 0.0
FCB072, 7, 0.053984642028808594, 0.013433433137834072, 0.7943106889724731, 0.0
FCB072, 8, 0.05692454054951668, 0.014786734245717525, 0.7835561633110046, 0.0
FCB072, 9, 0.062015485018491745, 0.017313845455646515, 0.776893138885498, 0.0
FCB072, 10, 0.06752566248178482, 0.020437153056263924, 0.7756253480911255, 0.0
FCB072, 11, 0.06791902333498001, 0.02093994803726673, 0.7730072736740112, 0.0
FCB072, 12, 0.06748875230550766, 0.021113160997629166, 0.7728238105773926, 0.0
FCB072, 13, 0.07062605023384094, 0.023034414276480675, 0.7748832702636719, 0.0
FCB072, 14, 0.06917238980531693, 0.02246926538646221, 0.7765634059906006, 0.0
FCB072, 15, 0.0648714154958725, 0.020085496827960014, 0.7739776372909546, 0.0
FCB072, 16, 0.06304003298282623, 0.018912507221102715, 0.773923397064209, 0.0
FCB072, 17, 0.06199390068650246, 0.019104400649666786, 0.7590344548225403, 0.0
FCB072, 18, 0.05865943804383278, 0.018261345103383064, 0.7558699250221252, 0.0
FCB072, 19, 0.05642718821763992, 0.017448674887418747, 0.7550469040870667, 0.0
FCB072, 20, 0.05330625921487808, 0.015493527986109257, 0.7630188465118408, 0.0
FCB072, 21, 0.05272558331489563, 0.014148921705782413, 0.7678413987159729, 0.0
FCB072, 22, 0.06062911078333855, 0.01774294488132, 0.752547025680542, 0.0
FCB072, 23, 0.07018585503101349, 0.023011667653918266, 0.7519223690032959, 0.0
FCB072, 24, 0.07975222915410995, 0.028706101700663567, 0.7623662948608398, 0.0
FCB072, 25, 0.08464469015598297, 0.03177321329712868, 0.7522631287574768, 0.0
FCB072, 26, 0.08323445916175842, 0.030515294522047043, 0.7496801614761353, 0.0
FCB072, 27, 0.08217176795005798, 0.0293806791305542, 0.7474188804626465, 0.0
FCB072, 28, 0.08198969811201096, 0.029234714806079865, 0.7510935068130493, 0.0
FCB072, 29, 0.08208608627319336, 0.029470769688487053, 0.7505243420600891, 0.0
FCB072, 30, 0.08080389350652695, 0.029195349663496017, 0.7495472431182861, 0.0
FCB018, 1, 0.033814143389463425, 0.0070398664101958275, 0.8193548917770386, 0.0
FCB018, 2, 0.0398249588906765, 0.009513994678854942, 0.808046817779541, 0.0
FCB018, 3, 0.040191587060689926, 0.009079561568796635, 0.8140411376953125, 0.0
FCB018, 4, 0.0391937792301178, 0.008513747714459896, 0.8145032525062561, 0.0
FCB018, 5, 0.04407989978790283, 0.010412395931780338, 0.8105261921882629, 0.0
FCB018, 6, 0.046419408172369, 0.011310168541967869, 0.8008415699005127, 0.0
FCB018, 7, 0.05260024964809418, 0.013812239281833172, 0.7948497533798218, 0.0
FCB018, 8, 0.05273832008242607, 0.013891169801354408, 0.7925546765327454, 0.0
FCB018, 9, 0.052959710359573364, 0.014480913057923317, 0.7862740159034729, 0.0
FCB018, 10, 0.05490168184041977, 0.01554629672318697, 0.7815401554107666, 0.0
FCB018, 11, 0.054805297404527664, 0.0158973578363657, 0.7789526581764221, 0.0
FCB018, 12, 0.05024946853518486, 0.013530765660107136, 0.7772478461265564, 0.0
FCB018, 13, 0.05054767057299614, 0.013502318412065506, 0.7818739414215088, 0.0
FCB018, 14, 0.05182303115725517, 0.013399344868957996, 0.7868324518203735, 0.0
FCB018, 15, 0.051166731864213943, 0.013680900447070599, 0.7907946109771729, 0.0
FCB018, 16, 0.04466015100479126, 0.010764019563794136, 0.7919201850891113, 0.0
FCB018, 17, 0.04427257925271988, 0.011084098368883133, 0.7919849157333374, 0.0
FCB018, 18, 0.05378276854753494, 0.016740377992391586, 0.7828440070152283, 0.0
FCB018, 19, 0.05305806174874306, 0.016612831503152847, 0.7842674851417542, 0.0
FCB018, 20, 0.04906776547431946, 0.013959085568785667, 0.8018369078636169, 0.0
FCB018, 21, 0.052607227116823196, 0.015617257915437222, 0.7839417457580566, 0.0
FCB018, 22, 0.060291506350040436, 0.02048993669450283, 0.7693536877632141, 0.0
FCB018, 23, 0.04890846833586693, 0.01294019352644682, 0.7829528450965881, 0.0
FCB018, 24, 0.05577222630381584, 0.0161815844476223, 0.7769225239753723, 0.0
FCB018, 25, 0.05773210898041725, 0.01700180023908615, 0.7843101620674133, 0.0
FCB018, 26, 0.054560597985982895, 0.014587312005460262, 0.7869904637336731, 0.0
FCB018, 27, 0.05156659334897995, 0.013080727308988571, 0.7803558707237244, 0.0
FCB018, 28, 0.05360584333539009, 0.014102625660598278, 0.7635509967803955, 0.0
FCB018, 29, 0.05491001158952713, 0.0147447744384408, 0.7641785740852356, 0.0
FCB018, 30, 0.053523797541856766, 0.01392991840839386, 0.7803075313568115, 0.0
FCB144, 1, 0.04646630585193634, 0.01080575305968523, 0.8335105776786804, 0.0
FCB144, 2, 0.0483505018055439, 0.01151274424046278, 0.8288787007331848, 0.0
FCB144, 3, 0.04874209314584732, 0.011621113866567612, 0.8276825547218323, 0.0
FCB144, 4, 0.0508161298930645, 0.012223681434988976, 0.8241949081420898, 0.0
FCB144, 5, 0.05285073444247246, 0.013106456026434898, 0.8170830607414246, 0.0
FCB144, 6, 0.053433068096637726, 0.013385731726884842, 0.8206700086593628, 0.0
FCB144, 7, 0.052749019116163254, 0.012800087220966816, 0.8280659914016724, 0.0
FCB144, 8, 0.05503206327557564, 0.013747567310929298, 0.8243366479873657, 0.0
FCB144, 9, 0.0574953518807888, 0.015160376206040382, 0.820652961730957, 0.0
FCB144, 10, 0.05772361904382706, 0.015352007001638412, 0.8264925479888916, 0.0
FCB144, 11, 0.057680316269397736, 0.015408717095851898, 0.8250776529312134, 0.0
FCB144, 12, 0.05919289216399193, 0.01601739600300789, 0.8181735873222351, 0.0
FCB144, 13, 0.06129160523414612, 0.01661299169063568, 0.8164021968841553, 0.0
FCB144, 14, 0.0652700737118721, 0.019022002816200256, 0.8048480153083801, 0.0
FCB144, 15, 0.06299875676631927, 0.018663544207811356, 0.802761971950531, 0.0
FCB144, 16, 0.06493362784385681, 0.01961313560605049, 0.799798309803009, 0.0
FCB144, 17, 0.06359667330980301, 0.01877756603062153, 0.8064799904823303, 0.0
FCB144, 18, 0.05974052846431732, 0.016696307808160782, 0.8096072673797607, 0.0
FCB144, 19, 0.058900900185108185, 0.016639215871691704, 0.8104283213615417, 0.0
FCB144, 20, 0.060803841799497604, 0.018581479787826538, 0.7904775142669678, 0.0
FCB144, 21, 0.06501585990190506, 0.020933175459504128, 0.7779898643493652, 0.0
FCB144, 22, 0.06666760891675949, 0.02215404435992241, 0.7851691246032715, 0.0
FCB144, 23, 0.06315775215625763, 0.020031660795211792, 0.7964988946914673, 0.0
FCB144, 24, 0.06393186748027802, 0.01988217420876026, 0.8082259893417358, 0.0
FCB144, 25, 0.0655829906463623, 0.020504871383309364, 0.8085237741470337, 0.0
FCB144, 26, 0.0637170746922493, 0.020316053181886673, 0.8029329180717468, 0.0
FCB144, 27, 0.06108694523572922, 0.018783848732709885, 0.8041049838066101, 0.0
FCB144, 28, 0.05998137593269348, 0.017702113837003708, 0.808522641658783, 0.0
FCB144, 29, 0.05666849762201309, 0.015772763639688492, 0.8197916150093079, 0.0
FCB144, 30, 0.056631285697221756, 0.015830988064408302, 0.8194248080253601, 0.0
FCB070, 1, 0.02568921446800232, 0.004940287210047245, 0.8424005508422852, 0.0
FCB070, 2, 0.0264135729521513, 0.004859989508986473, 0.845441460609436, 0.0
FCB070, 3, 0.028117945417761803, 0.005367159843444824, 0.8445727825164795, 0.0
FCB070, 4, 0.031567301601171494, 0.006073147524148226, 0.8478658199310303, 0.0
FCB070, 5, 0.03152399882674217, 0.005909721367061138, 0.849648118019104, 0.0
FCB070, 6, 0.03056776523590088, 0.005538706202059984, 0.8515694737434387, 0.0
FCB070, 7, 0.0328436978161335, 0.0065744067542254925, 0.845023512840271, 0.0
FCB070, 8, 0.03305298089981079, 0.006792442407459021, 0.8457693457603455, 0.0
FCB070, 9, 0.0391538143157959, 0.009642262011766434, 0.8382150530815125, 0.0
FCB070, 10, 0.03634962439537048, 0.008110837079584599, 0.8504586219787598, 0.0
FCB070, 11, 0.03617856279015541, 0.007635974790900946, 0.8474395871162415, 0.0
FCB070, 12, 0.04193413630127907, 0.010492467321455479, 0.8323179483413696, 0.0
FCB070, 13, 0.03950294852256775, 0.00882560946047306, 0.8474176526069641, 0.0
FCB070, 14, 0.042524341493844986, 0.011486494913697243, 0.8400472402572632, 0.0
FCB070, 15, 0.03820032626390457, 0.008924148045480251, 0.8432835936546326, 0.0
FCB070, 16, 0.03697147220373154, 0.008319791406393051, 0.8450496792793274, 0.0
FCB070, 17, 0.04132527858018875, 0.010288556106388569, 0.8396583199501038, 0.0
FCB070, 18, 0.04268728941679001, 0.010799289681017399, 0.8365435004234314, 0.0
FCB070, 19, 0.04595467075705528, 0.012084757909178734, 0.8290618062019348, 0.0
FCB070, 20, 0.040913280099630356, 0.009977302514016628, 0.8431321978569031, 0.0
FCB070, 21, 0.0394466258585453, 0.00930046197026968, 0.8367743492126465, 0.0
FCB070, 22, 0.04851728677749634, 0.014862515032291412, 0.8156547546386719, 0.0
FCB070, 23, 0.05399550125002861, 0.018446648493409157, 0.8128699064254761, 0.0
FCB070, 24, 0.05133597552776337, 0.016409704461693764, 0.8194474577903748, 0.0
FCB070, 25, 0.043431397527456284, 0.010373635217547417, 0.8343377709388733, 0.0
FCB070, 26, 0.040428437292575836, 0.008966637775301933, 0.8431310057640076, 0.0
FCB070, 27, 0.03751068189740181, 0.007566040847450495, 0.8462783694267273, 0.0
FCB070, 28, 0.0367351658642292, 0.007511363364756107, 0.8309598565101624, 0.0
FCB070, 29, 0.03793542832136154, 0.008074010722339153, 0.8310022950172424, 0.0
FCB070, 30, 0.03906306251883507, 0.008453169837594032, 0.8403975963592529, 0.0
FCB184, 1, 0.03133515641093254, 0.005850035231560469, 0.8479903340339661, 0.0
FCB184, 2, 0.03420425206422806, 0.0066347201354801655, 0.8480257987976074, 0.0
FCB184, 3, 0.03483273833990097, 0.006968066096305847, 0.839141845703125, 0.0
FCB184, 4, 0.03749128431081772, 0.008103854022920132, 0.8350479006767273, 0.0
FCB184, 5, 0.03698417544364929, 0.007571734022349119, 0.8461441993713379, 0.0
FCB184, 6, 0.040706224739551544, 0.008886344730854034, 0.8434261083602905, 0.0
FCB184, 7, 0.04255344346165657, 0.009390271268785, 0.8377372026443481, 0.0
FCB184, 8, 0.04252806678414345, 0.009190703742206097, 0.8366537094116211, 0.0
FCB184, 9, 0.04423770681023598, 0.009908215142786503, 0.8289609551429749, 0.0
FCB184, 10, 0.04357730597257614, 0.010147799737751484, 0.8296501636505127, 0.0
FCB184, 11, 0.045265186578035355, 0.010838155634701252, 0.8263974189758301, 0.0
FCB184, 12, 0.045129742473363876, 0.010896418243646622, 0.8269103765487671, 0.0
FCB184, 13, 0.04513545334339142, 0.010484215803444386, 0.8272202610969543, 0.0
FCB184, 14, 0.05115164443850517, 0.013635274022817612, 0.8199703693389893, 0.0
FCB184, 15, 0.055894967168569565, 0.016728894785046577, 0.8099350333213806, 0.0
FCB184, 16, 0.055926594883203506, 0.017611006274819374, 0.8075019121170044, 0.0
FCB184, 17, 0.05979924649000168, 0.020313989371061325, 0.7948485016822815, 0.0
FCB184, 18, 0.049714233726263046, 0.014187518507242203, 0.8080962896347046, 0.0
FCB184, 19, 0.04884294047951698, 0.013317427597939968, 0.8261255621910095, 0.0
FCB184, 20, 0.056437503546476364, 0.018212661147117615, 0.8139522075653076, 0.0
FCB184, 21, 0.06674548983573914, 0.025471696630120277, 0.7791449427604675, 0.0
FCB184, 22, 0.06108285114169121, 0.02148772031068802, 0.7837426066398621, 0.0
FCB184, 23, 0.05612557753920555, 0.0178606528788805, 0.8121617436408997, 0.0
FCB184, 24, 0.0618080198764801, 0.022109562531113625, 0.7773407697677612, 0.0
FCB184, 25, 0.06267543882131577, 0.02233855426311493, 0.7716177701950073, 0.0
FCB184, 26, 0.05710833519697189, 0.01964745670557022, 0.8007045984268188, 0.0
FCB184, 27, 0.05246614292263985, 0.016339290887117386, 0.8063583374023438, 0.0
FCB184, 28, 0.049679022282361984, 0.014950517565011978, 0.808489203453064, 0.0
FCB184, 29, 0.042397640645504, 0.01003426592797041, 0.8353973627090454, 0.0
FCB184, 30, 0.04138970747590065, 0.009275026619434357, 0.8388805985450745, 0.0
FCB114, 1, 0.04499151557683945, 0.011363169178366661, 0.8024241924285889, 0.0
FCB114, 2, 0.04513753578066826, 0.011190051212906837, 0.8011797070503235, 0.0
FCB114, 3, 0.042936407029628754, 0.010120001621544361, 0.7986669540405273, 0.0
FCB114, 4, 0.042643025517463684, 0.01013756264001131, 0.7907823920249939, 0.0
FCB114, 5, 0.04605371132493019, 0.011348203755915165, 0.7913429737091064, 0.0
FCB114, 6, 0.04672728106379509, 0.011768707074224949, 0.7916207313537598, 0.0
FCB114, 7, 0.05163077265024185, 0.013904216699302197, 0.7820425629615784, 0.0
FCB114, 8, 0.0520564541220665, 0.014453097246587276, 0.7759683728218079, 0.0
FCB114, 9, 0.04869787022471428, 0.012814805842936039, 0.7848895192146301, 0.0
FCB114, 10, 0.04558142274618149, 0.011856184341013432, 0.7772337198257446, 0.0
FCB114, 11, 0.046006739139556885, 0.012191283516585827, 0.7695714235305786, 0.0
FCB114, 12, 0.044317614287137985, 0.011591564863920212, 0.7695211172103882, 0.0
FCB114, 13, 0.0451379269361496, 0.012074919417500496, 0.7671729922294617, 0.0
FCB114, 14, 0.04964092746376991, 0.013577955774962902, 0.7612225413322449, 0.0
FCB114, 15, 0.04631555452942848, 0.01238626055419445, 0.7670221924781799, 0.0
FCB114, 16, 0.043641455471515656, 0.011527994647622108, 0.7720671892166138, 0.0
FCB114, 17, 0.04522285610437393, 0.012115487828850746, 0.770636796951294, 0.0
FCB114, 18, 0.05245627835392952, 0.015497839078307152, 0.7480069398880005, 0.0
FCB114, 19, 0.05521583929657936, 0.017314398661255836, 0.7399638891220093, 0.0
FCB114, 20, 0.04900515079498291, 0.014041007496416569, 0.7599110007286072, 0.0
FCB114, 21, 0.05650266259908676, 0.01840122416615486, 0.749068021774292, 0.0
FCB114, 22, 0.05946306139230728, 0.0196500513702631, 0.7467669248580933, 0.0
FCB114, 23, 0.0534619465470314, 0.01632423885166645, 0.7523233890533447, 0.0
FCB114, 24, 0.04422248899936676, 0.011724112555384636, 0.7696400880813599, 0.0
FCB114, 25, 0.04248445853590965, 0.011234602890908718, 0.764910101890564, 0.0
FCB114, 26, 0.0458671897649765, 0.012370352633297443, 0.7699397802352905, 0.0
FCB114, 27, 0.04812248796224594, 0.013178227469325066, 0.765387773513794, 0.0
FCB114, 28, 0.04373885691165924, 0.011448901146650314, 0.7713055610656738, 0.0
FCB114, 29, 0.04452434927225113, 0.011931943707168102, 0.7701985239982605, 0.0
FCB114, 30, 0.04482654854655266, 0.01196274720132351, 0.7728427648544312, 0.0
5399671, 1, 0.0624488964676857, 0.017420392483472824, 0.7887347340583801, 0.0
5399671, 2, 0.0665099173784256, 0.01920032873749733, 0.7834004759788513, 0.0
5399671, 3, 0.06921669095754623, 0.020428137853741646, 0.778528094291687, 0.0
5399671, 4, 0.07275906950235367, 0.021970847621560097, 0.7762580513954163, 0.0
5399671, 5, 0.07459525018930435, 0.022796552628278732, 0.7757980823516846, 0.0
5399671, 6, 0.07722947001457214, 0.023963676765561104, 0.770914614200592, 0.0
5399671, 7, 0.07831623405218124, 0.02472834847867489, 0.761146068572998, 0.0
5399671, 8, 0.07844951748847961, 0.024977926164865494, 0.7566424608230591, 0.0
5399671, 9, 0.08368410170078278, 0.027379585430026054, 0.7550599575042725, 0.0
5399671, 10, 0.08376415818929672, 0.02806778810918331, 0.7489877939224243, 0.0
5399671, 11, 0.08440349251031876, 0.02886614389717579, 0.7450454235076904, 0.0
5399671, 12, 0.08528196811676025, 0.029319563880562782, 0.7414368391036987, 0.0
5399671, 13, 0.08960383385419846, 0.03178047388792038, 0.7443327307701111, 0.0
5399671, 14, 0.0876379981637001, 0.03131049871444702, 0.7482364773750305, 0.0
5399671, 15, 0.08349558711051941, 0.03126883879303932, 0.7453416585922241, 0.0
5399671, 16, 0.08397014439105988, 0.033036164939403534, 0.7399033308029175, 0.0
5399671, 17, 0.08278106153011322, 0.030814023688435555, 0.7294772267341614, 0.0
5399671, 18, 0.08020111173391342, 0.029079772531986237, 0.7519323825836182, 0.0
5399671, 19, 0.08172275871038437, 0.030197104439139366, 0.7505925297737122, 0.0
5399671, 20, 0.08494462072849274, 0.033450644463300705, 0.7306488156318665, 0.0
5399671, 21, 0.08433757722377777, 0.03205568343400955, 0.7380425333976746, 0.0
5399671, 22, 0.08519776165485382, 0.03398893028497696, 0.7256213426589966, 0.0
5399671, 23, 0.08634185045957565, 0.033201009035110474, 0.7442055940628052, 0.0
5399671, 24, 0.08556900173425674, 0.03019966185092926, 0.7638484835624695, 0.0
5399671, 25, 0.08606651425361633, 0.02918221242725849, 0.7686628103256226, 0.0
5399671, 26, 0.08779896795749664, 0.029154840856790543, 0.7696181535720825, 0.0
5399671, 27, 0.08822091668844223, 0.029557744041085243, 0.7708135843276978, 0.0
5399671, 28, 0.08934855461120605, 0.03028709627687931, 0.7726688385009766, 0.0
5399671, 29, 0.08867714554071426, 0.030022993683815002, 0.7716203927993774, 0.0
5399671, 30, 0.08768218010663986, 0.029677031561732292, 0.7711254358291626, 0.0
FCB187, 1, 0.03463228419423103, 0.008559931069612503, 0.809076726436615, 0.0
FCB187, 2, 0.03460532799363136, 0.008483192883431911, 0.8067416548728943, 0.0
FCB187, 3, 0.034924138337373734, 0.00803147628903389, 0.8110891580581665, 0.0
FCB187, 4, 0.03920543193817139, 0.009913398884236813, 0.8065899014472961, 0.0
FCB187, 5, 0.036723542958498, 0.009030957706272602, 0.8141278028488159, 0.0
FCB187, 6, 0.03621121868491173, 0.008748343214392662, 0.8207117319107056, 0.0
FCB187, 7, 0.03632938861846924, 0.008789273910224438, 0.8159912824630737, 0.0
FCB187, 8, 0.039271146059036255, 0.01047375425696373, 0.8108202815055847, 0.0
FCB187, 9, 0.03681864216923714, 0.009084831923246384, 0.8085069060325623, 0.0
FCB187, 10, 0.03841337561607361, 0.009765694849193096, 0.8018254041671753, 0.0
FCB187, 11, 0.03835335746407509, 0.009303086437284946, 0.8015173673629761, 0.0
FCB187, 12, 0.04307893291115761, 0.011604324914515018, 0.7932266592979431, 0.0
FCB187, 13, 0.04532517120242119, 0.012963300570845604, 0.7875702381134033, 0.0
FCB187, 14, 0.05917349457740784, 0.02023310586810112, 0.7567831873893738, 0.0
FCB187, 15, 0.05418168753385544, 0.01749630644917488, 0.7761390209197998, 0.0
FCB187, 16, 0.05663890391588211, 0.01908259280025959, 0.7917991876602173, 0.0
FCB187, 17, 0.06360942870378494, 0.022854700684547424, 0.7791319489479065, 0.0
FCB187, 18, 0.047354556620121, 0.013209688477218151, 0.8063397407531738, 0.0
FCB187, 19, 0.04515458270907402, 0.012790634296834469, 0.7957597374916077, 0.0
FCB187, 20, 0.04898415133357048, 0.014353862963616848, 0.8063872456550598, 0.0
FCB187, 21, 0.06165337935090065, 0.021055487915873528, 0.7839125990867615, 0.0
FCB187, 22, 0.05778837576508522, 0.01851976476609707, 0.7856084704399109, 0.0
FCB187, 23, 0.06037730351090431, 0.020364951342344284, 0.788578987121582, 0.0
FCB187, 24, 0.05841899290680885, 0.020050570368766785, 0.7766750454902649, 0.0
FCB187, 25, 0.05130923539400101, 0.015815572813153267, 0.7835414409637451, 0.0
FCB187, 26, 0.05058656632900238, 0.015422896482050419, 0.7841276526451111, 0.0
FCB187, 27, 0.046626199036836624, 0.013183978386223316, 0.7929741144180298, 0.0
FCB187, 28, 0.043023135513067245, 0.011077315546572208, 0.8059784770011902, 0.0
FCB187, 29, 0.04578428715467453, 0.013260181061923504, 0.8010475635528564, 0.0
FCB187, 30, 0.04737211763858795, 0.014667407609522343, 0.8002942204475403, 0.0
1034065, 1, 0.04851018637418747, 0.011985520832240582, 0.8097864985466003, 0.0
1034065, 2, 0.051042065024375916, 0.012872439809143543, 0.8013241291046143, 0.0
1034065, 3, 0.05343804508447647, 0.014178954996168613, 0.7994027733802795, 0.0
1034065, 4, 0.0598859041929245, 0.017197133973240852, 0.791653573513031, 0.0
1034065, 5, 0.06398691236972809, 0.019297214224934578, 0.7827182412147522, 0.0
1034065, 6, 0.06374166905879974, 0.019587406888604164, 0.7684347629547119, 0.0
1034065, 7, 0.0612170472741127, 0.018743673339486122, 0.7585058808326721, 0.0
1034065, 8, 0.06264116615056992, 0.01960800588130951, 0.7544712424278259, 0.0
1034065, 9, 0.06617258489131927, 0.02197609841823578, 0.7543929815292358, 0.0
1034065, 10, 0.06892579793930054, 0.02417917363345623, 0.7473065257072449, 0.0
1034065, 11, 0.0676250085234642, 0.023052385076880455, 0.7484400272369385, 0.0
1034065, 12, 0.06590961664915085, 0.022199682891368866, 0.7419591546058655, 0.0
1034065, 13, 0.058662667870521545, 0.018402675166726112, 0.7337779402732849, 0.0
1034065, 14, 0.05773118883371353, 0.0176736731082201, 0.752623438835144, 0.0
1034065, 15, 0.058195531368255615, 0.018839925527572632, 0.7558714151382446, 0.0
1034065, 16, 0.057973042130470276, 0.01842493563890457, 0.7516314387321472, 0.0
1034065, 17, 0.06693782657384872, 0.02381165698170662, 0.7378278970718384, 0.0
1034065, 18, 0.07006347179412842, 0.026453955098986626, 0.7309212684631348, 0.0
1034065, 19, 0.08311067521572113, 0.03475359454751015, 0.7134453654289246, 0.0
1034065, 20, 0.08834415674209595, 0.03813396021723747, 0.6853845119476318, 0.0
1034065, 21, 0.08209691941738129, 0.03297527879476547, 0.7029610276222229, 0.0
1034065, 22, 0.06296414136886597, 0.02114735171198845, 0.7387126088142395, 0.0
1034065, 23, 0.05449690297245979, 0.016904886811971664, 0.74875408411026, 0.0
1034065, 24, 0.05543733388185501, 0.017033487558364868, 0.7479363083839417, 0.0
1034065, 25, 0.06386298686265945, 0.021884959191083908, 0.7304497361183167, 0.0
1034065, 26, 0.06152009218931198, 0.02039743773639202, 0.7489076256752014, 0.0
1034065, 27, 0.06220293790102005, 0.020360736176371574, 0.7628847360610962, 0.0
1034065, 28, 0.05838291347026825, 0.01705481857061386, 0.7701147794723511, 0.0
1034065, 29, 0.05924789607524872, 0.016953881829977036, 0.7692587971687317, 0.0
1034065, 30, 0.05618235841393471, 0.015143041498959064, 0.7853183150291443, 0.0
5285133, 1, 0.031273264437913895, 0.006668173708021641, 0.8140314221382141, 0.0
5285133, 2, 0.031876515597105026, 0.00700397277250886, 0.8134243488311768, 0.0
5285133, 3, 0.03254039213061333, 0.0071790944784879684, 0.812472939491272, 0.0
5285133, 4, 0.03590402007102966, 0.008452494628727436, 0.8072478771209717, 0.0
5285133, 5, 0.0352410189807415, 0.008070850744843483, 0.8095322847366333, 0.0
5285133, 6, 0.033850595355033875, 0.007540752645581961, 0.8046478629112244, 0.0
5285133, 7, 0.03417281433939934, 0.007606390863656998, 0.8057488203048706, 0.0
5285133, 8, 0.035580553114414215, 0.008169280365109444, 0.8047115802764893, 0.0
5285133, 9, 0.035792283713817596, 0.00794207863509655, 0.8060543537139893, 0.0
5285133, 10, 0.036879152059555054, 0.008148173801600933, 0.8102990984916687, 0.0
5285133, 11, 0.037935636937618256, 0.008467430248856544, 0.8159538507461548, 0.0
5285133, 12, 0.03970729932188988, 0.009078530594706535, 0.8157258629798889, 0.0
5285133, 13, 0.04111948609352112, 0.009598713368177414, 0.8097485899925232, 0.0
5285133, 14, 0.04153744876384735, 0.010602234862744808, 0.8060227036476135, 0.0
5285133, 15, 0.04705573990941048, 0.013810343109071255, 0.787291407585144, 0.0
5285133, 16, 0.05194006860256195, 0.01646488346159458, 0.7680625319480896, 0.0
5285133, 17, 0.05453738942742348, 0.017591051757335663, 0.7741824388504028, 0.0
5285133, 18, 0.0462130606174469, 0.012316076084971428, 0.7936237454414368, 0.0
5285133, 19, 0.04290374368429184, 0.01107021328061819, 0.7907273769378662, 0.0
5285133, 20, 0.04134553298354149, 0.010507190600037575, 0.7952236533164978, 0.0
5285133, 21, 0.04686654359102249, 0.013093515299260616, 0.7911329865455627, 0.0
5285133, 22, 0.046257905662059784, 0.013209817931056023, 0.7893216609954834, 0.0
5285133, 23, 0.04716257378458977, 0.013326537795364857, 0.779315173625946, 0.0
5285133, 24, 0.04635049030184746, 0.01293160766363144, 0.7834745645523071, 0.0
5285133, 25, 0.04417216777801514, 0.012069405056536198, 0.7992034554481506, 0.0
5285133, 26, 0.044226180762052536, 0.01128025446087122, 0.8062952160835266, 0.0
5285133, 27, 0.042801838368177414, 0.009995019994676113, 0.8093413710594177, 0.0
5285133, 28, 0.043851885944604874, 0.01056782528758049, 0.8097339868545532, 0.0
5285133, 29, 0.04229095205664635, 0.010271009989082813, 0.8088852763175964, 0.0
5285133, 30, 0.03727629408240318, 0.008028946816921234, 0.8078450560569763, 0.0
