Case_ID, Slide_ID, mae, mse, ssim
image_99, 1, 0.07366827130317688, 0.016217177733778954, 0.9986329674720764
image_99, 2, 0.14381061494350433, 0.03053162433207035, 1.9973273277282715
image_99, 3, 0.21368545293807983, 0.044634029269218445, 2.9959678649902344
image_99, 4, 0.2721861004829407, 0.05459316447377205, 3.995162010192871
image_99, 5, 0.32654982805252075, 0.06322101503610611, 4.994539737701416
image_99, 6, 0.376876562833786, 0.07061120122671127, 5.99410343170166
image_99, 7, 0.40826812386512756, 0.07349864393472672, 6.993930339813232
image_99, 8, 0.4407632052898407, 0.0765330046415329, 7.993722438812256
image_99, 9, 0.47194841504096985, 0.07947342097759247, 8.993558883666992
image_99, 10, 0.5050646066665649, 0.08290986716747284, 9.993365287780762
image_99, 11, 0.5382964611053467, 0.08634907752275467, 10.99317741394043
image_99, 12, 0.5698398351669312, 0.08940141648054123, 11.993021965026855
image_99, 13, 0.6010697484016418, 0.09230367839336395, 12.992881774902344
image_99, 14, 0.632625937461853, 0.09525599330663681, 13.992733001708984
image_99, 15, 0.6655162572860718, 0.09847190231084824, 14.992549896240234
image_99, 16, 0.6972384452819824, 0.10142490267753601, 15.992393493652344
image_99, 17, 0.7318781018257141, 0.10494919121265411, 16.99217414855957
image_99, 18, 0.7632235884666443, 0.10776401311159134, 17.99202537536621
image_99, 19, 0.7952800393104553, 0.11058744788169861, 18.991865158081055
image_99, 20, 0.871139645576477, 0.12691640853881836, 19.9902400970459
image_99, 21, 0.9373975992202759, 0.13929952681064606, 20.98906898498535
image_99, 22, 0.9989340901374817, 0.15000376105308533, 21.98810577392578
image_99, 23, 1.0633752346038818, 0.16149470210075378, 22.986982345581055
image_99, 24, 1.1416497230529785, 0.1787509322166443, 23.985111236572266
image_99, 25, 1.212323546409607, 0.19308245182037354, 24.983707427978516
image_99, 26, 1.276511549949646, 0.20483288168907166, 25.98270034790039
image_99, 27, 1.3524137735366821, 0.22120973467826843, 26.981048583984375
image_99, 28, 1.4270308017730713, 0.23732635378837585, 27.979496002197266
image_99, 29, 1.495597243309021, 0.25112804770469666, 28.97829246520996
image_99, 30, 1.5698567628860474, 0.2672942280769348, 29.976959228515625
image_77, 1, 0.06506213545799255, 0.014934798702597618, 0.9985882043838501
image_77, 2, 0.1516551673412323, 0.036637596786022186, 1.9961129426956177
image_77, 3, 0.24754789471626282, 0.06182384490966797, 2.992947578430176
image_77, 4, 0.3091893494129181, 0.07628164440393448, 3.9915268421173096
image_77, 5, 0.3709053099155426, 0.0906093567609787, 4.990106105804443
image_77, 6, 0.43661269545555115, 0.1057933047413826, 5.988521099090576
image_77, 7, 0.4979613721370697, 0.12028476595878601, 6.98708963394165
image_77, 8, 0.5597666501998901, 0.13516248762607574, 7.985649108886719
image_77, 9, 0.6229745745658875, 0.15039585530757904, 8.984175682067871
image_77, 10, 0.6895731687545776, 0.16606883704662323, 9.982600212097168
image_77, 11, 0.7556958198547363, 0.1813523769378662, 10.98105239868164
image_77, 12, 0.8015825152397156, 0.19070662558078766, 11.980020523071289
image_77, 13, 0.8463736176490784, 0.19979718327522278, 12.979010581970215
image_77, 14, 0.890688419342041, 0.20809006690979004, 13.97807502746582
image_77, 15, 0.9488545656204224, 0.218048095703125, 14.97679328918457
image_77, 16, 1.0380501747131348, 0.2363223433494568, 15.974056243896484
image_77, 17, 1.0897529125213623, 0.2450987547636032, 16.972970962524414
image_77, 18, 1.1364744901657104, 0.2530233860015869, 17.97203254699707
image_77, 19, 1.1823571920394897, 0.2608969807624817, 18.97112464904785
image_77, 20, 1.2471293210983276, 0.27376285195350647, 19.969642639160156
image_77, 21, 1.3130236864089966, 0.28836849331855774, 20.96811294555664
image_77, 22, 1.3853679895401, 0.3044467866420746, 21.966279983520508
image_77, 23, 1.4560922384262085, 0.3196093440055847, 22.96453285217285
image_77, 24, 1.5191255807876587, 0.3324923813343048, 23.96321678161621
image_77, 25, 1.6089885234832764, 0.35612136125564575, 24.960542678833008
image_77, 26, 1.7074790000915527, 0.3841001093387604, 25.957231521606445
image_77, 27, 1.795316219329834, 0.4063824415206909, 26.95460319519043
image_77, 28, 1.892469882965088, 0.4333327114582062, 27.951080322265625
image_77, 29, 1.9474332332611084, 0.44245466589927673, 28.950292587280273
image_77, 30, 2.006667375564575, 0.4533810019493103, 29.949445724487305
image_150, 1, 0.0895041972398758, 0.022658616304397583, 0.9984621405601501
image_150, 2, 0.17702603340148926, 0.04422692209482193, 1.9970972537994385
image_150, 3, 0.25718221068382263, 0.06297686696052551, 2.99591326713562
image_150, 4, 0.3224668800830841, 0.07644105702638626, 3.994884967803955
image_150, 5, 0.39412662386894226, 0.0915696769952774, 4.993587017059326
image_150, 6, 0.46093207597732544, 0.1047128438949585, 5.992501735687256
image_150, 7, 0.5394695997238159, 0.12282223999500275, 6.991306304931641
image_150, 8, 0.6188393831253052, 0.1417941302061081, 7.990038871765137
image_150, 9, 0.6970389485359192, 0.15978415310382843, 8.988909721374512
image_150, 10, 0.7751632332801819, 0.177777960896492, 9.98772144317627
image_150, 11, 0.8554720282554626, 0.19593778252601624, 10.98637580871582
image_150, 12, 0.9173099994659424, 0.2080601006746292, 11.985452651977539
image_150, 13, 0.9797800779342651, 0.22064560651779175, 12.984472274780273
image_150, 14, 1.0617947578430176, 0.23954623937606812, 13.983024597167969
image_150, 15, 1.1457273960113525, 0.25906503200531006, 14.981559753417969
image_150, 16, 1.2273054122924805, 0.27840501070022583, 15.980328559875488
image_150, 17, 1.2991269826889038, 0.2930772602558136, 16.978975296020508
image_150, 18, 1.3629190921783447, 0.30527982115745544, 17.977928161621094
image_150, 19, 1.4531182050704956, 0.3278595805168152, 18.976186752319336
image_150, 20, 1.537992000579834, 0.34816843271255493, 19.97479248046875
image_150, 21, 1.5934468507766724, 0.357319176197052, 20.97403907775879
image_150, 22, 1.6529302597045898, 0.3682398498058319, 21.973358154296875
image_150, 23, 1.7364593744277954, 0.3884313404560089, 22.97201919555664
image_150, 24, 1.8186883926391602, 0.40827232599258423, 23.970703125
image_150, 25, 1.9009816646575928, 0.42811164259910583, 24.969385147094727
image_150, 26, 1.9831093549728394, 0.4479314684867859, 25.968080520629883
image_150, 27, 2.0716187953948975, 0.47067826986312866, 26.96634864807129
image_150, 28, 2.1724390983581543, 0.4994943141937256, 27.963729858398438
image_150, 29, 2.2642197608947754, 0.5232193470001221, 28.96164321899414
image_150, 30, 2.3579251766204834, 0.5474869608879089, 29.959257125854492
image_26, 1, 0.05955820530653, 0.009952563792467117, 0.999040961265564
image_26, 2, 0.10861501842737198, 0.016875863075256348, 1.9985511302947998
image_26, 3, 0.14653708040714264, 0.021224185824394226, 2.9983181953430176
image_26, 4, 0.1907544881105423, 0.026924163103103638, 3.998019218444824
image_26, 5, 0.23477351665496826, 0.0326860286295414, 4.997726917266846
image_26, 6, 0.2787778377532959, 0.038381438702344894, 5.997439384460449
image_26, 7, 0.32184043526649475, 0.04322974383831024, 6.996955394744873
image_26, 8, 0.3573688268661499, 0.04667338728904724, 7.996683120727539
image_26, 9, 0.38855186104774475, 0.04941469430923462, 8.99650764465332
image_26, 10, 0.4260086119174957, 0.05314420908689499, 9.996194839477539
image_26, 11, 0.46454373002052307, 0.05712788552045822, 10.995857238769531
image_26, 12, 0.4996214807033539, 0.06092708930373192, 11.995634078979492
image_26, 13, 0.5377004742622375, 0.065059594810009, 12.995292663574219
image_26, 14, 0.5658667087554932, 0.06740406900644302, 13.995171546936035
image_26, 15, 0.5937833189964294, 0.06963180005550385, 14.99504280090332
image_26, 16, 0.62812739610672, 0.07287591695785522, 15.994812965393066
image_26, 17, 0.6563100814819336, 0.07520699501037598, 16.994688034057617
image_26, 18, 0.6863127946853638, 0.07780124247074127, 17.99452018737793
image_26, 19, 0.7245522737503052, 0.08167200535535812, 18.994155883789062
image_26, 20, 0.7591418027877808, 0.08516047149896622, 19.993953704833984
image_26, 21, 0.805888295173645, 0.09134244173765182, 20.99351692199707
image_26, 22, 0.8476802110671997, 0.09626931697130203, 21.99317169189453
image_26, 23, 0.8879071474075317, 0.10091547667980194, 22.99287986755371
image_26, 24, 0.9320328831672668, 0.10659102350473404, 23.99250602722168
image_26, 25, 0.973926305770874, 0.11181917786598206, 24.992206573486328
image_26, 26, 1.0159357786178589, 0.11699485033750534, 25.991897583007812
image_26, 27, 1.0592758655548096, 0.12254016101360321, 26.991539001464844
image_26, 28, 1.1034791469573975, 0.12822677195072174, 27.991132736206055
image_26, 29, 1.1416633129119873, 0.13247977197170258, 28.990856170654297
image_26, 30, 1.174195408821106, 0.1355680227279663, 29.990676879882812
image_51, 1, 0.04475562646985054, 0.006378115154802799, 0.9996669292449951
image_51, 2, 0.12092149257659912, 0.023284796625375748, 1.9982956647872925
image_51, 3, 0.2031908929347992, 0.04292120784521103, 2.996427059173584
image_51, 4, 0.2755504250526428, 0.05816042423248291, 3.995089054107666
image_51, 5, 0.3120687007904053, 0.0623696967959404, 4.994875907897949
image_51, 6, 0.3479916453361511, 0.06607946008443832, 5.994676113128662
image_51, 7, 0.3847675323486328, 0.06991840898990631, 6.99445915222168
image_51, 8, 0.42401403188705444, 0.0739816352725029, 7.994154930114746
image_51, 9, 0.46417054533958435, 0.07826156169176102, 8.99383544921875
image_51, 10, 0.5016621351242065, 0.08258705586194992, 9.993607521057129
image_51, 11, 0.539682149887085, 0.08701838552951813, 10.993371963500977
image_51, 12, 0.5774677991867065, 0.09151428192853928, 11.993144989013672
image_51, 13, 0.6165037751197815, 0.09639175981283188, 12.992889404296875
image_51, 14, 0.6556531190872192, 0.10112711042165756, 13.992644309997559
image_51, 15, 0.6950357556343079, 0.10580384731292725, 14.992383003234863
image_51, 16, 0.7360426187515259, 0.11056302487850189, 15.992064476013184
image_51, 17, 0.7761685848236084, 0.11542151123285294, 16.991775512695312
image_51, 18, 0.8152819871902466, 0.12011944502592087, 17.991512298583984
image_51, 19, 0.8545342087745667, 0.12443697452545166, 18.99125862121582
image_51, 20, 0.8964223265647888, 0.12973430752754211, 19.99097442626953
image_51, 21, 0.9636180400848389, 0.1431788057088852, 20.98986053466797
image_51, 22, 1.0395506620407104, 0.15997932851314545, 21.988243103027344
image_51, 23, 1.1117751598358154, 0.1753620207309723, 22.986888885498047
image_51, 24, 1.1955775022506714, 0.1960550993680954, 23.984760284423828
image_51, 25, 1.2755517959594727, 0.21500913798809052, 24.982839584350586
image_51, 26, 1.332096815109253, 0.22507892549037933, 25.982200622558594
image_51, 27, 1.402846097946167, 0.24006710946559906, 26.98093032836914
image_51, 28, 1.4366530179977417, 0.24347473680973053, 27.980756759643555
image_51, 29, 1.4721152782440186, 0.24703101813793182, 28.980562210083008
image_51, 30, 1.5094586610794067, 0.2509230077266693, 29.980342864990234
image_82, 1, 0.053322792053222656, 0.009095802903175354, 0.9994672536849976
image_82, 2, 0.10616828501224518, 0.01804673671722412, 1.9988834857940674
image_82, 3, 0.16682182252407074, 0.02930326573550701, 2.9979703426361084
image_82, 4, 0.23115743696689606, 0.03971979767084122, 3.9967708587646484
image_82, 5, 0.29299628734588623, 0.04967080056667328, 4.995659351348877
image_82, 6, 0.3452746868133545, 0.057688213884830475, 5.994955539703369
image_82, 7, 0.4146696627140045, 0.06977687031030655, 6.993533134460449
image_82, 8, 0.47821465134620667, 0.08036963641643524, 7.992356300354004
image_82, 9, 0.5248733162879944, 0.08665512502193451, 8.99178409576416
image_82, 10, 0.5733273029327393, 0.09331132471561432, 9.991166114807129
image_82, 11, 0.6325884461402893, 0.10262658447027206, 10.990147590637207
image_82, 12, 0.694231390953064, 0.11263172328472137, 11.98901081085205
image_82, 13, 0.754004180431366, 0.12199043482542038, 12.987959861755371
image_82, 14, 0.8221944570541382, 0.13394340872764587, 13.986517906188965
image_82, 15, 0.8834161758422852, 0.1439286470413208, 14.985363006591797
image_82, 16, 0.9503780603408813, 0.1556529402732849, 15.983966827392578
image_82, 17, 1.002084732055664, 0.16308100521564484, 16.983198165893555
image_82, 18, 1.0556374788284302, 0.17106910049915314, 17.98235321044922
image_82, 19, 1.1029285192489624, 0.1780301034450531, 18.981929779052734
image_82, 20, 1.151882529258728, 0.1853751391172409, 19.981510162353516
image_82, 21, 1.2015119791030884, 0.19279752671718597, 20.98105812072754
image_82, 22, 1.2503821849822998, 0.2000030279159546, 21.980594635009766
image_82, 23, 1.2949892282485962, 0.2062574177980423, 22.9802303314209
image_82, 24, 1.3431800603866577, 0.2135557234287262, 23.97969627380371
image_82, 25, 1.4189609289169312, 0.22794944047927856, 24.977794647216797
image_82, 26, 1.460047960281372, 0.23257595300674438, 25.97735023498535
image_82, 27, 1.5057809352874756, 0.2390124797821045, 26.97695541381836
image_82, 28, 1.5540794134140015, 0.24647819995880127, 27.97649574279785
image_82, 29, 1.6026676893234253, 0.2529217004776001, 28.975830078125
image_82, 30, 1.6623084545135498, 0.2640492618083954, 29.9752140045166
image_80, 1, 0.06140764802694321, 0.011433104984462261, 0.9993358850479126
image_80, 2, 0.12256026268005371, 0.022771649062633514, 1.9986000061035156
image_80, 3, 0.19500134885311127, 0.03860023617744446, 2.99725341796875
image_80, 4, 0.2560073137283325, 0.04960552603006363, 3.996469259262085
image_80, 5, 0.3289368450641632, 0.06524132937192917, 4.99516487121582
image_80, 6, 0.40438249707221985, 0.08195343613624573, 5.993689060211182
image_80, 7, 0.4817177653312683, 0.09945561736822128, 6.992103576660156
image_80, 8, 0.5505219101905823, 0.11332955211400986, 7.990914821624756
image_80, 9, 0.6111207604408264, 0.12408708781003952, 8.989989280700684
image_80, 10, 0.6671963930130005, 0.1333974003791809, 9.989221572875977
image_80, 11, 0.7250800132751465, 0.14332276582717896, 10.988385200500488
image_80, 12, 0.7815824747085571, 0.15279603004455566, 11.987630844116211
image_80, 13, 0.8327553868293762, 0.1607603281736374, 12.987103462219238
image_80, 14, 0.886414110660553, 0.16935783624649048, 13.986458778381348
image_80, 15, 0.9187581539154053, 0.1722719967365265, 14.986270904541016
image_80, 16, 0.952745258808136, 0.17544591426849365, 15.986044883728027
image_80, 17, 0.9836416244506836, 0.17812687158584595, 16.98587417602539
image_80, 18, 1.0118753910064697, 0.18039564788341522, 17.98573875427246
image_80, 19, 1.0412031412124634, 0.18274492025375366, 18.985578536987305
image_80, 20, 1.0700833797454834, 0.18510973453521729, 19.985437393188477
image_80, 21, 1.109154224395752, 0.18934457004070282, 20.985055923461914
image_80, 22, 1.1430587768554688, 0.192668616771698, 21.98481559753418
image_80, 23, 1.1730328798294067, 0.1953682005405426, 22.984664916992188
image_80, 24, 1.2389171123504639, 0.2083868384361267, 23.983747482299805
image_80, 25, 1.3010894060134888, 0.2200773060321808, 24.983020782470703
image_80, 26, 1.3618190288543701, 0.2311745136976242, 25.982318878173828
image_80, 27, 1.422770619392395, 0.2424095869064331, 26.98161506652832
image_80, 28, 1.489232063293457, 0.25560081005096436, 27.98067855834961
image_80, 29, 1.5574175119400024, 0.2695263922214508, 28.97968292236328
image_80, 30, 1.6279743909835815, 0.2842065095901489, 29.978574752807617
image_1, 1, 0.04706127941608429, 0.006712540052831173, 0.9995928406715393
image_1, 2, 0.09242112934589386, 0.012944284826517105, 1.9992389678955078
image_1, 3, 0.13921870291233063, 0.019373010843992233, 2.9987871646881104
image_1, 4, 0.18546941876411438, 0.025638319551944733, 3.998340606689453
image_1, 5, 0.2343634068965912, 0.032381873577833176, 4.997802257537842
image_1, 6, 0.27924731373786926, 0.03810799494385719, 5.997439861297607
image_1, 7, 0.32565563917160034, 0.044232308864593506, 6.997014999389648
image_1, 8, 0.369901567697525, 0.04995017498731613, 7.996674537658691
image_1, 9, 0.4083095192909241, 0.05384421348571777, 8.996304512023926
image_1, 10, 0.4417230784893036, 0.05699632689356804, 9.996048927307129
image_1, 11, 0.5094300508499146, 0.067916139960289, 10.994644165039062
image_1, 12, 0.5738406181335449, 0.07778146117925644, 11.993392944335938
image_1, 13, 0.6377620100975037, 0.08749299496412277, 12.992156982421875
image_1, 14, 0.6996058821678162, 0.0965903028845787, 13.991002082824707
image_1, 15, 0.7643226981163025, 0.10653161257505417, 14.989724159240723
image_1, 16, 0.8289680480957031, 0.11667215824127197, 15.988420486450195
image_1, 17, 0.8986904621124268, 0.12831006944179535, 16.986875534057617
image_1, 18, 0.9625716805458069, 0.13799358904361725, 17.98562240600586
image_1, 19, 1.0138487815856934, 0.1444728821516037, 18.98484992980957
image_1, 20, 1.054940938949585, 0.14888738095760345, 19.98439598083496
image_1, 21, 1.0940791368484497, 0.15361110866069794, 20.984098434448242
image_1, 22, 1.1384005546569824, 0.15958558022975922, 21.98362922668457
image_1, 23, 1.1830506324768066, 0.16564732789993286, 22.983169555664062
image_1, 24, 1.221921443939209, 0.1703418493270874, 23.982906341552734
image_1, 25, 1.2613368034362793, 0.1749987155199051, 24.982643127441406
image_1, 26, 1.2991260290145874, 0.17928875982761383, 25.982410430908203
image_1, 27, 1.337350845336914, 0.1837344914674759, 26.982128143310547
image_1, 28, 1.374975323677063, 0.18808211386203766, 27.981876373291016
image_1, 29, 1.4127140045166016, 0.19254833459854126, 28.981639862060547
image_1, 30, 1.4501893520355225, 0.19695618748664856, 29.981412887573242
image_124, 1, 0.04802089184522629, 0.009309818036854267, 0.9992020130157471
image_124, 2, 0.09829370677471161, 0.019507257267832756, 1.9982991218566895
image_124, 3, 0.14306356012821198, 0.027367647737264633, 2.997645616531372
image_124, 4, 0.19822393357753754, 0.038327962160110474, 3.9966397285461426
image_124, 5, 0.278597891330719, 0.05641987547278404, 4.995121002197266
image_124, 6, 0.3648652732372284, 0.07661910355091095, 5.993407249450684
image_124, 7, 0.4410853981971741, 0.093050517141819, 6.992039680480957
image_124, 8, 0.526654839515686, 0.11294969916343689, 7.990350723266602
image_124, 9, 0.6202574372291565, 0.13623477518558502, 8.988248825073242
image_124, 10, 0.7139381766319275, 0.15978725254535675, 9.985947608947754
image_124, 11, 0.7936601042747498, 0.17855416238307953, 10.98421573638916
image_124, 12, 0.849714457988739, 0.19038622081279755, 11.983177185058594
image_124, 13, 0.9039468765258789, 0.20127809047698975, 12.982242584228516
image_124, 14, 0.9542481303215027, 0.21048924326896667, 13.9815034866333
image_124, 15, 1.0020718574523926, 0.21857602894306183, 14.980889320373535
image_124, 16, 1.0497466325759888, 0.22677932679653168, 15.980263710021973
image_124, 17, 1.096395492553711, 0.23428824543952942, 16.97971534729004
image_124, 18, 1.1424540281295776, 0.24142125248908997, 17.979204177856445
image_124, 19, 1.2174005508422852, 0.25769221782684326, 18.977941513061523
image_124, 20, 1.2903691530227661, 0.27293649315834045, 19.976741790771484
image_124, 21, 1.3379061222076416, 0.2805839478969574, 20.9761905670166
image_124, 22, 1.3821271657943726, 0.2871113419532776, 21.97573471069336
image_124, 23, 1.4292724132537842, 0.2942809462547302, 22.975196838378906
image_124, 24, 1.4731378555297852, 0.3005313575267792, 23.974763870239258
image_124, 25, 1.5123740434646606, 0.3055141866207123, 24.974456787109375
image_124, 26, 1.5521684885025024, 0.3105679750442505, 25.97412109375
image_124, 27, 1.5950934886932373, 0.31664836406707764, 26.97372055053711
image_124, 28, 1.6785110235214233, 0.3360358476638794, 27.972013473510742
image_124, 29, 1.7465908527374268, 0.34971997141838074, 28.971027374267578
image_124, 30, 1.789171814918518, 0.35506993532180786, 29.970664978027344
image_65, 1, 0.039419617503881454, 0.004630349576473236, 0.9996930360794067
image_65, 2, 0.07843177020549774, 0.009408870711922646, 1.9994523525238037
image_65, 3, 0.11594142019748688, 0.013809089548885822, 2.9992237091064453
image_65, 4, 0.15318500995635986, 0.018160199746489525, 3.998983860015869
image_65, 5, 0.24921444058418274, 0.04436714947223663, 4.996245861053467
image_65, 6, 0.33787575364112854, 0.0667816624045372, 5.993954658508301
image_65, 7, 0.4284082353115082, 0.09005387127399445, 6.99159049987793
image_65, 8, 0.511021614074707, 0.10952676832675934, 7.989652156829834
image_65, 9, 0.6017395853996277, 0.13246726989746094, 8.987103462219238
image_65, 10, 0.6837172508239746, 0.15177570283412933, 9.985146522521973
image_65, 11, 0.7298449277877808, 0.1580008566379547, 10.984560012817383
image_65, 12, 0.7782098650932312, 0.16460125148296356, 11.983888626098633
image_65, 13, 0.8229726552963257, 0.17042410373687744, 12.983368873596191
image_65, 14, 0.8656122088432312, 0.17571106553077698, 13.982902526855469
image_65, 15, 0.908223032951355, 0.18082982301712036, 14.982434272766113
image_65, 16, 0.9444347023963928, 0.1847836971282959, 15.982181549072266
image_65, 17, 0.9796167612075806, 0.18845178186893463, 16.981956481933594
image_65, 18, 1.0157784223556519, 0.1923101544380188, 17.981714248657227
image_65, 19, 1.1087106466293335, 0.2170427292585373, 18.979305267333984
image_65, 20, 1.1958317756652832, 0.23872756958007812, 19.97708511352539
image_65, 21, 1.2901076078414917, 0.2637499272823334, 20.97416877746582
image_65, 22, 1.3820067644119263, 0.287789911031723, 21.971567153930664
image_65, 23, 1.4742358922958374, 0.3127305507659912, 22.969079971313477
image_65, 24, 1.512534499168396, 0.3168468773365021, 23.9687557220459
image_65, 25, 1.6020702123641968, 0.340827614068985, 24.96644401550293
image_65, 26, 1.696249008178711, 0.36722150444984436, 25.963584899902344
image_65, 27, 1.7797831296920776, 0.3884781002998352, 26.96147918701172
image_65, 28, 1.8640460968017578, 0.4104100167751312, 27.959484100341797
image_65, 29, 1.9467089176177979, 0.43126198649406433, 28.957843780517578
image_65, 30, 1.9888323545455933, 0.43635815382003784, 29.957542419433594
image_137, 1, 0.04076256603002548, 0.004348641261458397, 0.9995793104171753
image_137, 2, 0.08205695450305939, 0.008746154606342316, 1.999133586883545
image_137, 3, 0.1346684694290161, 0.015504742041230202, 2.998316764831543
image_137, 4, 0.18099726736545563, 0.0218647588044405, 3.9978599548339844
image_137, 5, 0.2330411821603775, 0.0287010557949543, 4.99710750579834
image_137, 6, 0.2963158190250397, 0.038046758621931076, 5.995879173278809
image_137, 7, 0.3504578173160553, 0.0450669564306736, 6.995018482208252
image_137, 8, 0.40937089920043945, 0.053392067551612854, 7.993961334228516
image_137, 9, 0.45966604351997375, 0.059728238731622696, 8.993218421936035
image_137, 10, 0.5103890299797058, 0.06615041196346283, 9.992460250854492
image_137, 11, 0.5683971047401428, 0.07433860003948212, 10.991421699523926
image_137, 12, 0.625343382358551, 0.08218994736671448, 11.99043083190918
image_137, 13, 0.6775970458984375, 0.08888251334428787, 12.989620208740234
image_137, 14, 0.7348361015319824, 0.09685515612363815, 13.98861026763916
image_137, 15, 0.7979038953781128, 0.1065492108464241, 14.987345695495605
image_137, 16, 0.8626396059989929, 0.11672280728816986, 15.986002922058105
image_137, 17, 0.9317264556884766, 0.12818656861782074, 16.98446273803711
image_137, 18, 0.9886153936386108, 0.13629698753356934, 17.983440399169922
image_137, 19, 1.0277515649795532, 0.14050230383872986, 18.983022689819336
image_137, 20, 1.062699317932129, 0.1439598649740219, 19.982715606689453
image_137, 21, 1.095717430114746, 0.14702753722667694, 20.982463836669922
image_137, 22, 1.1504626274108887, 0.15606656670570374, 21.981830596923828
image_137, 23, 1.2022250890731812, 0.16427665948867798, 22.981304168701172
image_137, 24, 1.2514140605926514, 0.17175863683223724, 23.9808406829834
image_137, 25, 1.2984304428100586, 0.1787293702363968, 24.980405807495117
image_137, 26, 1.3436859846115112, 0.18517151474952698, 25.98002052307129
image_137, 27, 1.3877838850021362, 0.19119690358638763, 26.979673385620117
image_137, 28, 1.4315409660339355, 0.19712691009044647, 27.979324340820312
image_137, 29, 1.477734088897705, 0.2038102149963379, 28.978906631469727
image_137, 30, 1.5298579931259155, 0.2123204469680786, 29.978368759155273
image_14, 1, 0.07189761847257614, 0.015478141605854034, 0.9986943602561951
image_14, 2, 0.13189077377319336, 0.0265438724309206, 1.9978958368301392
image_14, 3, 0.18910956382751465, 0.03690424561500549, 2.997175693511963
image_14, 4, 0.24888572096824646, 0.04809274524450302, 3.9963951110839844
image_14, 5, 0.2828983664512634, 0.051769912242889404, 4.996212482452393
image_14, 6, 0.31696057319641113, 0.05539162456989288, 5.996020793914795
image_14, 7, 0.3526070713996887, 0.059223517775535583, 6.9957594871521
image_14, 8, 0.3881192207336426, 0.06310385465621948, 7.995516300201416
image_14, 9, 0.423371821641922, 0.06695370376110077, 8.995315551757812
image_14, 10, 0.45987755060195923, 0.07089133560657501, 9.995075225830078
image_14, 11, 0.49501511454582214, 0.07483011484146118, 10.994903564453125
image_14, 12, 0.5296590328216553, 0.0786263570189476, 11.994735717773438
image_14, 13, 0.5669894814491272, 0.08287473767995834, 12.99451732635498
image_14, 14, 0.6062864065170288, 0.08743783831596375, 13.994251251220703
image_14, 15, 0.6431132555007935, 0.09161586314439774, 14.994032859802246
image_14, 16, 0.6819713711738586, 0.0961107388138771, 15.993769645690918
image_14, 17, 0.7157096862792969, 0.09956514835357666, 16.993593215942383
image_14, 18, 0.7515347599983215, 0.10344528406858444, 17.993385314941406
image_14, 19, 0.7856415510177612, 0.1070098876953125, 18.993196487426758
image_14, 20, 0.8606760501861572, 0.12378301471471786, 19.991718292236328
image_14, 21, 0.9342246055603027, 0.13979102671146393, 20.990489959716797
image_14, 22, 1.0044509172439575, 0.15458765625953674, 21.989465713500977
image_14, 23, 1.0792512893676758, 0.17156337201595306, 22.988197326660156
image_14, 24, 1.1548956632614136, 0.18907704949378967, 23.98681640625
image_14, 25, 1.2340480089187622, 0.20815008878707886, 24.98509979248047
image_14, 26, 1.31871497631073, 0.22979700565338135, 25.98307228088379
image_14, 27, 1.387757658958435, 0.24393346905708313, 26.981821060180664
image_14, 28, 1.430727243423462, 0.24891318380832672, 27.9813289642334
image_14, 29, 1.5345463752746582, 0.28079497814178467, 28.978090286254883
image_14, 30, 1.6264128684997559, 0.306114137172699, 29.975770950317383
image_68, 1, 0.049867480993270874, 0.007528699468821287, 0.9995489120483398
image_68, 2, 0.09508916735649109, 0.013783834874629974, 1.9992027282714844
image_68, 3, 0.13926109671592712, 0.019768856465816498, 2.9988718032836914
image_68, 4, 0.18373429775238037, 0.025810962542891502, 3.9985313415527344
image_68, 5, 0.22912850975990295, 0.03206067159771919, 4.998167037963867
image_68, 6, 0.27801746129989624, 0.03915223479270935, 5.997663497924805
image_68, 7, 0.32307031750679016, 0.045204319059848785, 6.997278690338135
image_68, 8, 0.37042975425720215, 0.05181886628270149, 7.996793746948242
image_68, 9, 0.42644885182380676, 0.060991592705249786, 8.99598503112793
image_68, 10, 0.4788145422935486, 0.0691572055220604, 9.995298385620117
image_68, 11, 0.5104235410690308, 0.07194365561008453, 10.99512004852295
image_68, 12, 0.5413513779640198, 0.07462560385465622, 11.994953155517578
image_68, 13, 0.5703158974647522, 0.07708419859409332, 12.994805335998535
image_68, 14, 0.6006690859794617, 0.0797218382358551, 13.99464225769043
image_68, 15, 0.636216402053833, 0.08321859687566757, 14.994367599487305
image_68, 16, 0.6669949889183044, 0.08589436113834381, 15.994189262390137
image_68, 17, 0.697511613368988, 0.08845210075378418, 16.994014739990234
image_68, 18, 0.7451938390731812, 0.09546767175197601, 17.99357032775879
image_68, 19, 0.7929435968399048, 0.10230446606874466, 18.993106842041016
image_68, 20, 0.8362780809402466, 0.10787654668092728, 19.992727279663086
image_68, 21, 0.8760513067245483, 0.112759530544281, 20.99245262145996
image_68, 22, 0.9164456725120544, 0.11785739660263062, 21.992162704467773
image_68, 23, 0.9588119387626648, 0.12335221469402313, 22.991806030273438
image_68, 24, 0.9986256957054138, 0.12828576564788818, 23.991544723510742
image_68, 25, 1.047448992729187, 0.13520868122577667, 24.990978240966797
image_68, 26, 1.0880273580551147, 0.1402214616537094, 25.990686416625977
image_68, 27, 1.12907075881958, 0.14531266689300537, 26.990388870239258
image_68, 28, 1.171721339225769, 0.15073297917842865, 27.990055084228516
image_68, 29, 1.2235288619995117, 0.15833504498004913, 28.98936653137207
image_68, 30, 1.2737300395965576, 0.16560272872447968, 29.988750457763672
image_96, 1, 0.02584576979279518, 0.0018711293814703822, 0.9998975396156311
image_96, 2, 0.052319157868623734, 0.003815645817667246, 1.9997880458831787
image_96, 3, 0.0974816232919693, 0.009695407003164291, 2.999452590942383
image_96, 4, 0.14081120491027832, 0.01523339468985796, 3.999145746231079
image_96, 5, 0.18450960516929626, 0.02082619071006775, 4.998806953430176
image_96, 6, 0.2287093997001648, 0.02649502642452717, 5.998475551605225
image_96, 7, 0.2660079002380371, 0.030515072867274284, 6.9982428550720215
image_96, 8, 0.29404962062835693, 0.03259206563234329, 7.998112201690674
image_96, 9, 0.3237815201282501, 0.03486347198486328, 8.997940063476562
image_96, 10, 0.35150548815727234, 0.03690846636891365, 9.99781322479248
image_96, 11, 0.38662660121917725, 0.04033095762133598, 10.997523307800293
image_96, 12, 0.4282347559928894, 0.04496373236179352, 11.997069358825684
image_96, 13, 0.4593419134616852, 0.04767971485853195, 12.996881484985352
image_96, 14, 0.4942812919616699, 0.05114006996154785, 13.996586799621582
image_96, 15, 0.5335569381713867, 0.05542207136750221, 14.996175765991211
image_96, 16, 0.5749785304069519, 0.060107890516519547, 15.995698928833008
image_96, 17, 0.611255407333374, 0.0638975277543068, 16.99535369873047
image_96, 18, 0.6452305912971497, 0.06736184656620026, 17.99505615234375
image_96, 19, 0.6758326292037964, 0.07014897465705872, 18.994861602783203
image_96, 20, 0.7093814015388489, 0.07359685748815536, 19.994577407836914
image_96, 21, 0.7446945309638977, 0.07749836891889572, 20.994237899780273
image_96, 22, 0.7990515828132629, 0.08614035695791245, 21.99363899230957
image_96, 23, 0.8540122509002686, 0.09489676356315613, 22.99297332763672
image_96, 24, 0.9110023975372314, 0.10422424226999283, 23.99222183227539
image_96, 25, 0.9692339301109314, 0.11393050104379654, 24.991436004638672
image_96, 26, 1.0229305028915405, 0.1224285215139389, 25.990877151489258
image_96, 27, 1.072563886642456, 0.13005056977272034, 26.9904842376709
image_96, 28, 1.1212351322174072, 0.13774526119232178, 27.99010467529297
image_96, 29, 1.1724610328674316, 0.14612318575382233, 28.989681243896484
image_96, 30, 1.2267587184906006, 0.15542252361774445, 29.98920440673828
image_27, 1, 0.0911974236369133, 0.024986807256937027, 0.9978384375572205
image_27, 2, 0.17690420150756836, 0.04733037203550339, 1.995877742767334
image_27, 3, 0.26316654682159424, 0.0697365552186966, 2.9938364028930664
image_27, 4, 0.30522269010543823, 0.07506122440099716, 3.9935052394866943
image_27, 5, 0.3468151092529297, 0.0800219476222992, 4.993124961853027
image_27, 6, 0.4243125021457672, 0.09813255071640015, 5.9915852546691895
image_27, 7, 0.5057169198989868, 0.11781586706638336, 6.989993572235107
image_27, 8, 0.546656608581543, 0.12349656969308853, 7.989734172821045
image_27, 9, 0.6394233107566833, 0.14933110773563385, 8.98745059967041
image_27, 10, 0.7058385610580444, 0.1628858745098114, 9.986572265625
image_27, 11, 0.7994366884231567, 0.1887129694223404, 10.98420524597168
image_27, 12, 0.8827840685844421, 0.20987428724765778, 11.982545852661133
image_27, 13, 0.9227779507637024, 0.2150687277317047, 12.982300758361816
image_27, 14, 0.9613626599311829, 0.2198486179113388, 13.982085227966309
image_27, 15, 1.0007565021514893, 0.2246120125055313, 14.981793403625488
image_27, 16, 1.0394097566604614, 0.22962498664855957, 15.981541633605957
image_27, 17, 1.0778285264968872, 0.23443511128425598, 16.981321334838867
image_27, 18, 1.1167036294937134, 0.23911842703819275, 17.9810848236084
image_27, 19, 1.219488263130188, 0.27068179845809937, 18.97800636291504
image_27, 20, 1.307361364364624, 0.2944334149360657, 19.97599220275879
image_27, 21, 1.397020697593689, 0.3193497359752655, 20.973968505859375
image_27, 22, 1.4963194131851196, 0.34966540336608887, 21.97104263305664
image_27, 23, 1.5898345708847046, 0.37638556957244873, 22.968366622924805
image_27, 24, 1.6810171604156494, 0.40162602066993713, 23.965898513793945
image_27, 25, 1.7727447748184204, 0.42721596360206604, 24.96335792541504
image_27, 26, 1.8804372549057007, 0.46238505840301514, 25.959354400634766
image_27, 27, 1.9747751951217651, 0.4900863468647003, 26.956649780273438
image_27, 28, 2.076968193054199, 0.5218244791030884, 27.953529357910156
image_27, 29, 2.170504570007324, 0.54847252368927, 28.95111083984375
image_27, 30, 2.265578031539917, 0.5761833786964417, 29.948442459106445
image_79, 1, 0.09761407226324081, 0.028465574607253075, 0.9975233674049377
image_79, 2, 0.18692417442798615, 0.052225399762392044, 1.9955400228500366
image_79, 3, 0.26653847098350525, 0.07114864885807037, 2.994011878967285
image_79, 4, 0.3574918210506439, 0.09573996067047119, 3.9917938709259033
image_79, 5, 0.4489152729511261, 0.12088897824287415, 4.989493370056152
image_79, 6, 0.4901261627674103, 0.1258021593093872, 5.989119529724121
image_79, 7, 0.5896862149238586, 0.1548282355070114, 6.986416816711426
image_79, 8, 0.6319127082824707, 0.1601199358701706, 7.986047744750977
image_79, 9, 0.6754410266876221, 0.1655762940645218, 8.985626220703125
image_79, 10, 0.7194070816040039, 0.1710888147354126, 9.985157012939453
image_79, 11, 0.7620511054992676, 0.17648079991340637, 10.984747886657715
image_79, 12, 0.8045468926429749, 0.1816963404417038, 11.98437213897705
image_79, 13, 0.846310019493103, 0.18687228858470917, 12.984038352966309
image_79, 14, 0.8884338140487671, 0.1922696977853775, 13.983716011047363
image_79, 15, 0.9285993576049805, 0.19717520475387573, 14.983431816101074
image_79, 16, 0.9686388969421387, 0.2018558830022812, 15.983111381530762
image_79, 17, 1.010562539100647, 0.20692454278469086, 16.982738494873047
image_79, 18, 1.0871844291687012, 0.22429953515529633, 17.981220245361328
image_79, 19, 1.1921597719192505, 0.25670623779296875, 18.97795867919922
image_79, 20, 1.2405494451522827, 0.26294460892677307, 19.977323532104492
image_79, 21, 1.3430317640304565, 0.29400670528411865, 20.974245071411133
image_79, 22, 1.4406375885009766, 0.3224058151245117, 21.971277236938477
image_79, 23, 1.542443037033081, 0.35316431522369385, 22.96807289123535
image_79, 24, 1.6511379480361938, 0.38847750425338745, 23.964248657226562
image_79, 25, 1.7567578554153442, 0.42237722873687744, 24.960601806640625
image_79, 26, 1.853531002998352, 0.4512315094470978, 25.95782470703125
image_79, 27, 1.9515559673309326, 0.4809231162071228, 26.955097198486328
image_79, 28, 2.0628278255462646, 0.5182856917381287, 27.951074600219727
image_79, 29, 2.180008888244629, 0.5596804022789001, 28.946453094482422
image_79, 30, 2.3002636432647705, 0.6028399467468262, 29.941452026367188
image_50, 1, 0.03140455111861229, 0.0028752663638442755, 0.999825119972229
image_50, 2, 0.06561224162578583, 0.006331983022391796, 1.999576210975647
image_50, 3, 0.09748876094818115, 0.009380626492202282, 2.9993906021118164
image_50, 4, 0.1344171017408371, 0.013572270050644875, 3.999185085296631
image_50, 5, 0.17816604673862457, 0.01919042505323887, 4.998906135559082
image_50, 6, 0.22302111983299255, 0.024982549250125885, 5.998569965362549
image_50, 7, 0.270424485206604, 0.03132440149784088, 6.998142242431641
image_50, 8, 0.3210484981536865, 0.03839212656021118, 7.99761962890625
image_50, 9, 0.3553771674633026, 0.042031727731227875, 8.997367858886719
image_50, 10, 0.3942528963088989, 0.04667961597442627, 9.997004508972168
image_50, 11, 0.43337482213974, 0.051488906145095825, 10.9966459274292
image_50, 12, 0.4692944884300232, 0.05551651492714882, 11.996386528015137
image_50, 13, 0.5072195529937744, 0.06013760715723038, 12.996072769165039
image_50, 14, 0.5473674535751343, 0.06536378711462021, 13.995695114135742
image_50, 15, 0.5894104242324829, 0.07096222788095474, 14.995261192321777
image_50, 16, 0.6303006410598755, 0.07621674239635468, 15.994850158691406
image_50, 17, 0.6698482632637024, 0.08116444200277328, 16.994461059570312
image_50, 18, 0.7077603936195374, 0.08560708165168762, 17.994110107421875
image_50, 19, 0.7675321102142334, 0.09563019871711731, 18.993274688720703
image_50, 20, 0.8197329640388489, 0.10347532480955124, 19.99273681640625
image_50, 21, 0.8683761358261108, 0.11060912907123566, 20.992319107055664
image_50, 22, 0.9177928566932678, 0.11779787391424179, 21.991859436035156
image_50, 23, 0.9693708419799805, 0.12540923058986664, 22.991308212280273
image_50, 24, 1.0295974016189575, 0.13545091450214386, 23.990371704101562
image_50, 25, 1.072390079498291, 0.14110040664672852, 24.990034103393555
image_50, 26, 1.1151857376098633, 0.14737798273563385, 25.9896240234375
image_50, 27, 1.1590362787246704, 0.15344394743442535, 26.989261627197266
image_50, 28, 1.2088165283203125, 0.16107578575611115, 27.988800048828125
image_50, 29, 1.26317298412323, 0.17014458775520325, 28.98825454711914
image_50, 30, 1.3096885681152344, 0.17647677659988403, 29.98787498474121
image_128, 1, 0.06255214661359787, 0.011520344763994217, 0.9991467595100403
image_128, 2, 0.128131702542305, 0.024036765098571777, 1.9981346130371094
image_128, 3, 0.18523424863815308, 0.03364803269505501, 2.9975132942199707
image_128, 4, 0.23974721133708954, 0.042606454342603683, 3.9969637393951416
image_128, 5, 0.29108935594558716, 0.050496991723775864, 4.996510982513428
image_128, 6, 0.3406014144420624, 0.05785868316888809, 5.996088981628418
image_128, 7, 0.3886537551879883, 0.06480106711387634, 6.9956841468811035
image_128, 8, 0.43741539120674133, 0.07185342907905579, 7.995294094085693
image_128, 9, 0.4865119755268097, 0.07893206179141998, 8.99489974975586
image_128, 10, 0.5254481434822083, 0.08300849050283432, 9.99449634552002
image_128, 11, 0.5685209035873413, 0.08775539696216583, 10.993966102600098
image_128, 12, 0.6035018563270569, 0.09108483791351318, 11.99368667602539
image_128, 13, 0.6339308023452759, 0.0937383696436882, 12.993535041809082
image_128, 14, 0.6644935011863708, 0.0964055210351944, 13.993391036987305
image_128, 15, 0.7027576565742493, 0.10042871534824371, 14.993063926696777
image_128, 16, 0.7387454509735107, 0.10420315712690353, 15.992789268493652
image_128, 17, 0.7717321515083313, 0.10741355270147324, 16.99259376525879
image_128, 18, 0.8182809352874756, 0.11328788846731186, 17.992019653320312
image_128, 19, 0.8668139576911926, 0.11971450597047806, 18.991363525390625
image_128, 20, 0.9150635004043579, 0.126312255859375, 19.99070930480957
image_128, 21, 0.9648154973983765, 0.13404566049575806, 20.990276336669922
image_128, 22, 1.0159285068511963, 0.14180198311805725, 21.98976707458496
image_128, 23, 1.074731469154358, 0.1516864001750946, 22.988876342773438
image_128, 24, 1.1256427764892578, 0.15931175649166107, 23.988319396972656
image_128, 25, 1.1756678819656372, 0.16675342619419098, 24.987815856933594
image_128, 26, 1.2290980815887451, 0.17511744797229767, 25.98717498779297
image_128, 27, 1.280915379524231, 0.18304109573364258, 26.98658561706543
image_128, 28, 1.3314720392227173, 0.19061557948589325, 27.986007690429688
image_128, 29, 1.3802533149719238, 0.1976630687713623, 28.98552131652832
image_128, 30, 1.4347286224365234, 0.2065216451883316, 29.98491859436035
image_119, 1, 0.05182252079248428, 0.008194711990654469, 0.9995546936988831
image_119, 2, 0.10145030170679092, 0.01570950821042061, 1.9991642236709595
image_119, 3, 0.1536460816860199, 0.023841196671128273, 2.998690128326416
image_119, 4, 0.204482764005661, 0.03156481683254242, 3.998286247253418
image_119, 5, 0.2554987668991089, 0.03931979089975357, 4.997867107391357
image_119, 6, 0.30845797061920166, 0.0476699098944664, 5.997332572937012
image_119, 7, 0.36184266209602356, 0.056347984820604324, 6.996785640716553
image_119, 8, 0.4153544008731842, 0.06520536541938782, 7.9962544441223145
image_119, 9, 0.47004392743110657, 0.07404026389122009, 8.995715141296387
image_119, 10, 0.5098628401756287, 0.07864884287118912, 9.995396614074707
image_119, 11, 0.5462207794189453, 0.08250635862350464, 10.995166778564453
image_119, 12, 0.5819214582443237, 0.0862150490283966, 11.994951248168945
image_119, 13, 0.6159212589263916, 0.08961711823940277, 12.994768142700195
image_119, 14, 0.6489240527153015, 0.09297209233045578, 13.994583129882812
image_119, 15, 0.6875783801078796, 0.09722793102264404, 14.994291305541992
image_119, 16, 0.7403187155723572, 0.10529246181249619, 15.993738174438477
image_119, 17, 0.8020715117454529, 0.11653649806976318, 16.992881774902344
image_119, 18, 0.8674613237380981, 0.1290060132741928, 17.99197006225586
image_119, 19, 0.9254207015037537, 0.13904571533203125, 18.991348266601562
image_119, 20, 0.9897218346595764, 0.15126821398735046, 19.990528106689453
image_119, 21, 1.055362582206726, 0.16404016315937042, 20.98969268798828
image_119, 22, 1.1302088499069214, 0.18046173453330994, 21.988418579101562
image_119, 23, 1.204606533050537, 0.19680751860141754, 22.98703384399414
image_119, 24, 1.2618322372436523, 0.20681151747703552, 23.986398696899414
image_119, 25, 1.322441577911377, 0.2179211527109146, 24.985546112060547
image_119, 26, 1.3897758722305298, 0.23155179619789124, 25.984357833862305
image_119, 27, 1.4525867700576782, 0.24344861507415771, 26.983476638793945
image_119, 28, 1.4928885698318481, 0.2483656406402588, 27.983169555664062
image_119, 29, 1.548277497291565, 0.25798869132995605, 28.98265266418457
image_119, 30, 1.6302599906921387, 0.2781468629837036, 29.980915069580078
image_103, 1, 0.03120569884777069, 0.002778066089376807, 0.9997889399528503
image_103, 2, 0.09362898766994476, 0.014349515549838543, 1.9987900257110596
image_103, 3, 0.14194826781749725, 0.021610550582408905, 2.9983439445495605
image_103, 4, 0.19143962860107422, 0.029077036306262016, 3.9978744983673096
image_103, 5, 0.24524301290512085, 0.03767423704266548, 4.997236728668213
image_103, 6, 0.2996741235256195, 0.04636634513735771, 5.996551513671875
image_103, 7, 0.35231953859329224, 0.054562047123909, 6.995967864990234
image_103, 8, 0.38698598742485046, 0.05793113261461258, 7.995722770690918
image_103, 9, 0.4226095974445343, 0.061449408531188965, 8.99545669555664
image_103, 10, 0.46997886896133423, 0.0670616626739502, 9.99487018585205
image_103, 11, 0.5132163166999817, 0.07192505896091461, 10.99439811706543
image_103, 12, 0.5505589842796326, 0.07580447196960449, 11.994088172912598
image_103, 13, 0.5896450877189636, 0.07996927946805954, 12.993746757507324
image_103, 14, 0.624989926815033, 0.0835457444190979, 13.993515968322754
image_103, 15, 0.6591757535934448, 0.08703005313873291, 14.993301391601562
image_103, 16, 0.6910097599029541, 0.08991164714097977, 15.993117332458496
image_103, 17, 0.720007598400116, 0.09225046634674072, 16.99298667907715
image_103, 18, 0.7521266341209412, 0.09517217427492142, 17.992820739746094
image_103, 19, 0.8036113977432251, 0.10309134423732758, 18.992292404174805
image_103, 20, 0.8510745167732239, 0.10981306433677673, 19.99193000793457
image_103, 21, 0.9046999216079712, 0.11816499382257462, 20.991321563720703
image_103, 22, 0.9609586596488953, 0.1272590309381485, 21.990562438964844
image_103, 23, 1.0209468603134155, 0.13756904006004333, 22.98961639404297
image_103, 24, 1.0689400434494019, 0.1444164514541626, 23.989227294921875
image_103, 25, 1.1152725219726562, 0.15076108276844025, 24.988861083984375
image_103, 26, 1.1606773138046265, 0.15712110698223114, 25.988521575927734
image_103, 27, 1.2120518684387207, 0.16526183485984802, 26.988004684448242
image_103, 28, 1.2757225036621094, 0.17705418169498444, 27.98700714111328
image_103, 29, 1.3341107368469238, 0.18716426193714142, 28.986263275146484
image_103, 30, 1.4013981819152832, 0.20070257782936096, 29.98513412475586
image_24, 1, 0.10002338886260986, 0.02981281466782093, 0.9971802234649658
image_24, 2, 0.19223004579544067, 0.055554524064064026, 1.9950108528137207
image_24, 3, 0.28530558943748474, 0.08191516250371933, 2.9926223754882812
image_24, 4, 0.37330931425094604, 0.1054852306842804, 3.990755558013916
image_24, 5, 0.4668109714984894, 0.13188526034355164, 4.988341808319092
image_24, 6, 0.5543267726898193, 0.15533599257469177, 5.986339092254639
image_24, 7, 0.638326108455658, 0.17672570049762726, 6.984619617462158
image_24, 8, 0.7064134478569031, 0.19100996851921082, 7.983606338500977
image_24, 9, 0.7829981446266174, 0.20930661261081696, 8.98223876953125
image_24, 10, 0.8591694235801697, 0.22719287872314453, 9.981045722961426
image_24, 11, 0.9402878284454346, 0.24735935032367706, 10.979549407958984
image_24, 12, 1.0195527076721191, 0.2667939364910126, 11.978014945983887
image_24, 13, 1.057945728302002, 0.27141597867012024, 12.977751731872559
image_24, 14, 1.0964746475219727, 0.27619579434394836, 13.97748851776123
image_24, 15, 1.1339370012283325, 0.2805927097797394, 14.977252960205078
image_24, 16, 1.223305583000183, 0.30492711067199707, 15.975090980529785
image_24, 17, 1.3121694326400757, 0.32935309410095215, 16.973011016845703
image_24, 18, 1.40724515914917, 0.3569478988647461, 17.97036361694336
image_24, 19, 1.49311363697052, 0.37956497073173523, 18.96844482421875
image_24, 20, 1.574017882347107, 0.39958441257476807, 19.9666748046875
image_24, 21, 1.6491440534591675, 0.4168630838394165, 20.965065002441406
image_24, 22, 1.735814094543457, 0.4393913149833679, 21.9627628326416
image_24, 23, 1.8337030410766602, 0.4679742455482483, 22.959640502929688
image_24, 24, 1.9257501363754272, 0.4932696223258972, 23.957040786743164
image_24, 25, 2.0237786769866943, 0.5223552584648132, 24.95425033569336
image_24, 26, 2.1199138164520264, 0.5507168769836426, 25.951297760009766
image_24, 27, 2.2175917625427246, 0.5802022814750671, 26.948190689086914
image_24, 28, 2.321807384490967, 0.6136252880096436, 27.94482421875
image_24, 29, 2.425556182861328, 0.6469765901565552, 28.941490173339844
image_24, 30, 2.521512508392334, 0.6755496263504028, 29.938642501831055
image_143, 1, 0.06217607110738754, 0.011452136561274529, 0.9992454648017883
image_143, 2, 0.12250421941280365, 0.022394556552171707, 1.9984228610992432
image_143, 3, 0.20843616127967834, 0.04337013512849808, 2.9961671829223633
image_143, 4, 0.27636390924453735, 0.05699997395277023, 3.9949920177459717
image_143, 5, 0.3347555696964264, 0.06745312362909317, 4.9942169189453125
image_143, 6, 0.3933461904525757, 0.07797223329544067, 5.993462562561035
image_143, 7, 0.45189887285232544, 0.08834618330001831, 6.992739200592041
image_143, 8, 0.5238163471221924, 0.10296500474214554, 7.991477012634277
image_143, 9, 0.5589807033538818, 0.10659760981798172, 8.991239547729492
image_143, 10, 0.5939906239509583, 0.11025591194629669, 9.991013526916504
image_143, 11, 0.6368184685707092, 0.11613231152296066, 10.99063491821289
image_143, 12, 0.689746618270874, 0.12477099150419235, 11.990135192871094
image_143, 13, 0.7438628077507019, 0.1338759809732437, 12.989578247070312
image_143, 14, 0.7862026691436768, 0.1396002173423767, 13.98919677734375
image_143, 15, 0.8316513895988464, 0.1459897756576538, 14.988739013671875
image_143, 16, 0.8670868277549744, 0.15005137026309967, 15.988519668579102
image_143, 17, 0.9040045738220215, 0.1542937010526657, 16.988229751586914
image_143, 18, 0.9400886297225952, 0.15837925672531128, 17.988019943237305
image_143, 19, 0.9774407148361206, 0.162795752286911, 18.987794876098633
image_143, 20, 1.0455893278121948, 0.17625930905342102, 19.986831665039062
image_143, 21, 1.109050989151001, 0.18796032667160034, 20.986156463623047
image_143, 22, 1.174301266670227, 0.20039360225200653, 21.98543930053711
image_143, 23, 1.243438720703125, 0.21416473388671875, 22.984468460083008
image_143, 24, 1.31257164478302, 0.22815795242786407, 23.9835262298584
image_143, 25, 1.3779116868972778, 0.2408389300107956, 24.98270606994629
image_143, 26, 1.4535874128341675, 0.257680207490921, 25.98130226135254
image_143, 27, 1.523524284362793, 0.2723798155784607, 26.98013687133789
image_143, 28, 1.5914921760559082, 0.2862541675567627, 27.979074478149414
image_143, 29, 1.6711260080337524, 0.3050483167171478, 28.977418899536133
image_143, 30, 1.7095346450805664, 0.3091893494129181, 29.97708511352539
image_12, 1, 0.07786162942647934, 0.011793997138738632, 0.9993062615394592
image_12, 2, 0.13665682077407837, 0.018018072471022606, 1.9988834857940674
image_12, 3, 0.19419261813163757, 0.0240999273955822, 2.998476982116699
image_12, 4, 0.2499040961265564, 0.030181754380464554, 3.998101234436035
image_12, 5, 0.2994028329849243, 0.035918038338422775, 4.997762203216553
image_12, 6, 0.351721853017807, 0.042072758078575134, 5.997393608093262
image_12, 7, 0.4001173973083496, 0.047656212002038956, 6.997013092041016
image_12, 8, 0.4496912360191345, 0.052762605249881744, 7.9966864585876465
image_12, 9, 0.5074726343154907, 0.05881999805569649, 8.996302604675293
image_12, 10, 0.5595918297767639, 0.06463464349508286, 9.995954513549805
image_12, 11, 0.6127477884292603, 0.0706547200679779, 10.995609283447266
image_12, 12, 0.6704158782958984, 0.07808864116668701, 11.995152473449707
image_12, 13, 0.7415747046470642, 0.08641369640827179, 12.994505882263184
image_12, 14, 0.7959262728691101, 0.09192951768636703, 13.994159698486328
image_12, 15, 0.845157265663147, 0.0979536846280098, 14.993833541870117
image_12, 16, 0.9012354612350464, 0.10430793464183807, 15.993456840515137
image_12, 17, 0.9521889686584473, 0.11089154332876205, 16.99311637878418
image_12, 18, 1.0070229768753052, 0.11755652725696564, 17.992734909057617
image_12, 19, 1.0628429651260376, 0.1232270896434784, 18.992366790771484
image_12, 20, 1.1194953918457031, 0.1290162205696106, 19.992008209228516
image_12, 21, 1.1740666627883911, 0.1344534307718277, 20.991653442382812
image_12, 22, 1.2687653303146362, 0.15082994103431702, 21.99030303955078
image_12, 23, 1.3315539360046387, 0.15699326992034912, 22.989837646484375
image_12, 24, 1.3765089511871338, 0.1616717129945755, 23.989553451538086
image_12, 25, 1.4787858724594116, 0.1837017834186554, 24.987686157226562
image_12, 26, 1.5870343446731567, 0.21109789609909058, 25.985088348388672
image_12, 27, 1.697083830833435, 0.2379392385482788, 26.98259162902832
image_12, 28, 1.8066022396087646, 0.2654159665107727, 27.979982376098633
image_12, 29, 1.9267640113830566, 0.2958691716194153, 28.977073669433594
image_12, 30, 2.0380918979644775, 0.3237493336200714, 29.97456932067871
image_113, 1, 0.03494863957166672, 0.003625813638791442, 0.9997855424880981
image_113, 2, 0.06911003589630127, 0.007080595940351486, 1.9995791912078857
image_113, 3, 0.10526902973651886, 0.010863468050956726, 2.999335765838623
image_113, 4, 0.1447257101535797, 0.015341243706643581, 3.9990346431732178
image_113, 5, 0.18585212528705597, 0.0202524084597826, 4.9987287521362305
image_113, 6, 0.24242138862609863, 0.030001122504472733, 5.998141288757324
image_113, 7, 0.29763415455818176, 0.03935099020600319, 6.997611999511719
image_113, 8, 0.3522842526435852, 0.04846585541963577, 7.9971208572387695
image_113, 9, 0.40843966603279114, 0.05803019553422928, 8.996587753295898
image_113, 10, 0.4633561968803406, 0.06721198558807373, 9.996114730834961
image_113, 11, 0.5227321982383728, 0.07756225764751434, 10.99544906616211
image_113, 12, 0.5809664726257324, 0.08767838776111603, 11.994842529296875
image_113, 13, 0.6266181468963623, 0.09322421252727509, 12.994369506835938
image_113, 14, 0.6774427890777588, 0.09981641918420792, 13.993734359741211
image_113, 15, 0.7270564436912537, 0.10610561817884445, 14.993127822875977
image_113, 16, 0.7699441313743591, 0.11107385903596878, 15.992731094360352
image_113, 17, 0.8140493035316467, 0.11632536351680756, 16.992286682128906
image_113, 18, 0.8537096381187439, 0.12071873247623444, 17.991952896118164
image_113, 19, 0.8944203853607178, 0.1251840889453888, 18.991579055786133
image_113, 20, 0.9327943921089172, 0.12911474704742432, 19.99127769470215
image_113, 21, 0.9835890531539917, 0.136935293674469, 20.990802764892578
image_113, 22, 1.0356744527816772, 0.14499004185199738, 21.990238189697266
image_113, 23, 1.0945485830307007, 0.1554465889930725, 22.989469528198242
image_113, 24, 1.1584680080413818, 0.1677679419517517, 23.988571166992188
image_113, 25, 1.2197951078414917, 0.17926521599292755, 24.987834930419922
image_113, 26, 1.2789702415466309, 0.1902715265750885, 25.987211227416992
image_113, 27, 1.3396166563034058, 0.20191004872322083, 26.98649787902832
image_113, 28, 1.407116413116455, 0.2159833312034607, 27.985454559326172
image_113, 29, 1.4692775011062622, 0.22811517119407654, 28.984716415405273
image_113, 30, 1.537444829940796, 0.24237197637557983, 29.983684539794922
image_112, 1, 0.056679725646972656, 0.009770002216100693, 0.9993207454681396
image_112, 2, 0.11663339287042618, 0.020617645233869553, 1.9985705614089966
image_112, 3, 0.18441727757453918, 0.0342581644654274, 2.9974350929260254
image_112, 4, 0.2431471198797226, 0.044674765318632126, 3.9966540336608887
image_112, 5, 0.31900402903556824, 0.0612911731004715, 4.995128631591797
image_112, 6, 0.37870994210243225, 0.07172337919473648, 5.994200706481934
image_112, 7, 0.4115268588066101, 0.07488004118204117, 6.993983268737793
image_112, 8, 0.44517239928245544, 0.0782560408115387, 7.993771076202393
image_112, 9, 0.48077407479286194, 0.08182800561189651, 8.993510246276855
image_112, 10, 0.5174606442451477, 0.0855838730931282, 9.993223190307617
image_112, 11, 0.5503979921340942, 0.08898305147886276, 10.993040084838867
image_112, 12, 0.5867709517478943, 0.09261367470026016, 11.99272632598877
image_112, 13, 0.6189650297164917, 0.095791757106781, 12.99252700805664
image_112, 14, 0.6750834584236145, 0.10524545609951019, 13.991843223571777
image_112, 15, 0.7068678140640259, 0.10836240649223328, 14.991662979125977
image_112, 16, 0.741605281829834, 0.11202118545770645, 15.99142837524414
image_112, 17, 0.777528703212738, 0.11594744026660919, 16.991182327270508
image_112, 18, 0.8102641105651855, 0.11928018927574158, 17.99100112915039
image_112, 19, 0.8413830995559692, 0.12218013405799866, 18.990840911865234
image_112, 20, 0.8731720447540283, 0.1252208948135376, 19.990657806396484
image_112, 21, 0.9325582385063171, 0.13548612594604492, 20.98981475830078
image_112, 22, 1.0057271718978882, 0.15054219961166382, 21.988229751586914
image_112, 23, 1.076336145401001, 0.16476096212863922, 22.98674964904785
image_112, 24, 1.1416696310043335, 0.17723511159420013, 23.98560905456543
image_112, 25, 1.2019779682159424, 0.18823319673538208, 24.98482322692871
image_112, 26, 1.2523502111434937, 0.19625112414360046, 25.984359741210938
image_112, 27, 1.2842247486114502, 0.1994154453277588, 26.98417854309082
image_112, 28, 1.3167020082473755, 0.2026999443769455, 27.983976364135742
image_112, 29, 1.3519151210784912, 0.20621007680892944, 28.983707427978516
image_112, 30, 1.3877369165420532, 0.2100452333688736, 29.983440399169922
image_62, 1, 0.08469140529632568, 0.021273236721754074, 0.9979807734489441
image_62, 2, 0.18136583268642426, 0.04888857528567314, 1.9951817989349365
image_62, 3, 0.26212233304977417, 0.06800485402345657, 2.9936039447784424
image_62, 4, 0.34965482354164124, 0.09034718573093414, 3.9915213584899902
image_62, 5, 0.44556495547294617, 0.11719618737697601, 4.988777160644531
image_62, 6, 0.5395057201385498, 0.1427784562110901, 5.986417293548584
image_62, 7, 0.5772748589515686, 0.14694266021251678, 6.986213207244873
image_62, 8, 0.6157628893852234, 0.1514946073293686, 7.985926628112793
image_62, 9, 0.7006856203079224, 0.17303068935871124, 8.984103202819824
image_62, 10, 0.7388498783111572, 0.17743948101997375, 9.983868598937988
image_62, 11, 0.7759281396865845, 0.18141654133796692, 10.983663558959961
image_62, 12, 0.8141120076179504, 0.1854357123374939, 11.983391761779785
image_62, 13, 0.8522366285324097, 0.1896277368068695, 12.983150482177734
image_62, 14, 0.8960326313972473, 0.19504228234291077, 13.982690811157227
image_62, 15, 0.9343553781509399, 0.19936415553092957, 14.982464790344238
image_62, 16, 0.975017786026001, 0.20423394441604614, 15.982233047485352
image_62, 17, 1.0125925540924072, 0.20843230187892914, 16.982038497924805
image_62, 18, 1.0511986017227173, 0.21279317140579224, 17.981794357299805
image_62, 19, 1.0896576642990112, 0.2171357423067093, 18.981552124023438
image_62, 20, 1.1277737617492676, 0.22149908542633057, 19.9813289642334
image_62, 21, 1.1971622705459595, 0.23627294600009918, 20.980117797851562
image_62, 22, 1.2829965353012085, 0.2579280138015747, 21.977970123291016
image_62, 23, 1.3779712915420532, 0.28446653485298157, 22.97503662109375
image_62, 24, 1.4709874391555786, 0.3102652430534363, 23.972278594970703
image_62, 25, 1.5664173364639282, 0.3376094698905945, 24.969472885131836
image_62, 26, 1.6731727123260498, 0.37141531705856323, 25.965728759765625
image_62, 27, 1.7702902555465698, 0.4001064598560333, 26.962785720825195
image_62, 28, 1.862877607345581, 0.425964891910553, 27.960094451904297
image_62, 29, 1.9438660144805908, 0.4457407295703888, 28.958328247070312
image_62, 30, 2.029481887817383, 0.4679577648639679, 29.956363677978516
image_10, 1, 0.05666514113545418, 0.009311641566455364, 0.9992724061012268
image_10, 2, 0.10702885687351227, 0.0167364701628685, 1.9987188577651978
image_10, 3, 0.1538713127374649, 0.023197371512651443, 2.998311996459961
image_10, 4, 0.20009523630142212, 0.029446469619870186, 3.9979050159454346
image_10, 5, 0.2522335946559906, 0.03720104694366455, 4.997221946716309
image_10, 6, 0.3093501329421997, 0.04639331251382828, 5.9963226318359375
image_10, 7, 0.36195996403694153, 0.05424259230494499, 6.995672702789307
image_10, 8, 0.41077834367752075, 0.061153020709753036, 7.995208263397217
image_10, 9, 0.4652038514614105, 0.06947233527898788, 8.994499206542969
image_10, 10, 0.5224199891090393, 0.07861928641796112, 9.993639945983887
image_10, 11, 0.5624775290489197, 0.08327308297157288, 10.99339485168457
image_10, 12, 0.6032666563987732, 0.08804164081811905, 11.993109703063965
image_10, 13, 0.6368750929832458, 0.09111974388360977, 12.99290657043457
image_10, 14, 0.6705984473228455, 0.09426428377628326, 13.992691040039062
image_10, 15, 0.703541100025177, 0.09725156426429749, 14.992500305175781
image_10, 16, 0.7473605871200562, 0.10243332386016846, 15.991988182067871
image_10, 17, 0.7812002301216125, 0.10561773926019669, 16.99174690246582
image_10, 18, 0.8183363676071167, 0.10937748104333878, 17.99142837524414
image_10, 19, 0.8616412281990051, 0.11452159285545349, 18.99090576171875
image_10, 20, 0.910504937171936, 0.12128172069787979, 19.99042510986328
image_10, 21, 0.959886908531189, 0.12810973823070526, 20.989910125732422
image_10, 22, 1.014102578163147, 0.1361868977546692, 21.98919677734375
image_10, 23, 1.0706313848495483, 0.14486193656921387, 22.98838233947754
image_10, 24, 1.1346033811569214, 0.1558741182088852, 23.987226486206055
image_10, 25, 1.2151159048080444, 0.17382895946502686, 24.985116958618164
image_10, 26, 1.28815495967865, 0.18836922943592072, 25.98345375061035
image_10, 27, 1.3562344312667847, 0.20090381801128387, 26.9820499420166
image_10, 28, 1.4150643348693848, 0.21059945225715637, 27.981121063232422
image_10, 29, 1.4771983623504639, 0.22154104709625244, 28.980045318603516
image_10, 30, 1.5509876012802124, 0.23690520226955414, 29.9783878326416
image_40, 1, 0.10730241239070892, 0.03367317095398903, 0.9962152242660522
image_40, 2, 0.2080509066581726, 0.06342858076095581, 1.9931144714355469
image_40, 3, 0.3073502480983734, 0.09239602833986282, 2.9902729988098145
image_40, 4, 0.4055555760860443, 0.12079398334026337, 3.9874258041381836
image_40, 5, 0.5071082711219788, 0.15136493742465973, 4.98451566696167
image_40, 6, 0.6187226176261902, 0.18764495849609375, 5.980811595916748
image_40, 7, 0.7215830683708191, 0.21883510053157806, 6.977818012237549
image_40, 8, 0.8140755891799927, 0.24448946118354797, 7.975467681884766
image_40, 9, 0.9112268686294556, 0.27247390151023865, 8.972885131835938
image_40, 10, 0.949743926525116, 0.2774820029735565, 9.972561836242676
image_40, 11, 0.9919046759605408, 0.28298962116241455, 10.972134590148926
image_40, 12, 1.0317736864089966, 0.2880588173866272, 11.971786499023438
image_40, 13, 1.1308653354644775, 0.3171505928039551, 12.968771934509277
image_40, 14, 1.2303954362869263, 0.3461363911628723, 13.965911865234375
image_40, 15, 1.3115020990371704, 0.3661932349205017, 14.964089393615723
image_40, 16, 1.3490921258926392, 0.37081143260002136, 15.963794708251953
image_40, 17, 1.386601209640503, 0.37510737776756287, 16.9635066986084
image_40, 18, 1.4233746528625488, 0.3790014386177063, 17.963218688964844
image_40, 19, 1.4575445652008057, 0.3824789822101593, 18.963010787963867
image_40, 20, 1.4913225173950195, 0.3858717083930969, 19.962825775146484
image_40, 21, 1.5609195232391357, 0.4001559615135193, 20.961519241333008
image_40, 22, 1.6451716423034668, 0.42080289125442505, 21.959360122680664
image_40, 23, 1.7426656484603882, 0.4482184052467346, 22.956130981445312
image_40, 24, 1.8391510248184204, 0.475676566362381, 23.95311737060547
image_40, 25, 1.9393423795700073, 0.505361020565033, 24.949953079223633
image_40, 26, 2.033971071243286, 0.5320924520492554, 25.94730567932129
image_40, 27, 2.1299855709075928, 0.5597243905067444, 26.944517135620117
image_40, 28, 2.2157700061798096, 0.5813877582550049, 27.94258689880371
image_40, 29, 2.3100314140319824, 0.6067773103713989, 28.9404354095459
image_40, 30, 2.4197371006011963, 0.6419671177864075, 29.936830520629883
image_132, 1, 0.05246284604072571, 0.008385908789932728, 0.9993786811828613
image_132, 2, 0.09916336834430695, 0.015235359780490398, 1.9988937377929688
image_132, 3, 0.1487489640712738, 0.02316921576857567, 2.998342752456665
image_132, 4, 0.19705453515052795, 0.03076542168855667, 3.9978158473968506
image_132, 5, 0.242855042219162, 0.037661775946617126, 4.997361183166504
image_132, 6, 0.28861090540885925, 0.04423036053776741, 5.996915340423584
image_132, 7, 0.37428778409957886, 0.0635843425989151, 6.995268821716309
image_132, 8, 0.42235004901885986, 0.07039638608694077, 7.994740962982178
image_132, 9, 0.47219347953796387, 0.07792495936155319, 8.994156837463379
image_132, 10, 0.5250179171562195, 0.08690861612558365, 9.993536949157715
image_132, 11, 0.5752740502357483, 0.09482302516698837, 10.992996215820312
image_132, 12, 0.6262688636779785, 0.10292478650808334, 11.992449760437012
image_132, 13, 0.6805208325386047, 0.11182371526956558, 12.991828918457031
image_132, 14, 0.7327701449394226, 0.1200670450925827, 13.991250038146973
image_132, 15, 0.813279390335083, 0.1380557268857956, 14.989906311035156
image_132, 16, 0.878106951713562, 0.1506763994693756, 15.989066123962402
image_132, 17, 0.9403232336044312, 0.16206569969654083, 16.988178253173828
image_132, 18, 1.0278089046478271, 0.18240951001644135, 17.986318588256836
image_132, 19, 1.0710934400558472, 0.1883416324853897, 18.985960006713867
image_132, 20, 1.1150718927383423, 0.1945619136095047, 19.9855899810791
image_132, 21, 1.1579198837280273, 0.20042191445827484, 20.985244750976562
image_132, 22, 1.2004073858261108, 0.20613552629947662, 21.98493003845215
image_132, 23, 1.242871642112732, 0.21175362169742584, 22.984622955322266
image_132, 24, 1.3125759363174438, 0.22572675347328186, 23.98349380493164
image_132, 25, 1.356645941734314, 0.2320297658443451, 24.983177185058594
image_132, 26, 1.3977879285812378, 0.23744623363018036, 25.982894897460938
image_132, 27, 1.4788686037063599, 0.2561986744403839, 26.981515884399414
image_132, 28, 1.5599870681762695, 0.2753034234046936, 27.980106353759766
image_132, 29, 1.6503428220748901, 0.2988917827606201, 28.97834587097168
image_132, 30, 1.7316701412200928, 0.3183788061141968, 29.976879119873047
image_134, 1, 0.1094115823507309, 0.03307749330997467, 0.9968805909156799
image_134, 2, 0.1541341245174408, 0.03934760019183159, 1.9964442253112793
image_134, 3, 0.19466756284236908, 0.04503192380070686, 2.9961533546447754
image_134, 4, 0.24253253638744354, 0.05311393365263939, 3.9957079887390137
image_134, 5, 0.2907286286354065, 0.06119590997695923, 4.995242118835449
image_134, 6, 0.36942970752716064, 0.07863949239253998, 5.993967056274414
image_134, 7, 0.4601016342639923, 0.10126186907291412, 6.991859436035156
image_134, 8, 0.5018569231033325, 0.10736529529094696, 7.991499900817871
image_134, 9, 0.5432776212692261, 0.11343028396368027, 8.9911527633667
image_134, 10, 0.6178821325302124, 0.12940411269664764, 9.98996353149414
image_134, 11, 0.6860119700431824, 0.1433270275592804, 10.989058494567871
image_134, 12, 0.7374788522720337, 0.15230929851531982, 11.988475799560547
image_134, 13, 0.7882494330406189, 0.16079527139663696, 12.987946510314941
image_134, 14, 0.8617043495178223, 0.17616257071495056, 13.986913681030273
image_134, 15, 0.9387612342834473, 0.19290563464164734, 14.985819816589355
image_134, 16, 1.0173799991607666, 0.2104688286781311, 15.984718322753906
image_134, 17, 1.1042702198028564, 0.23137490451335907, 16.98309326171875
image_134, 18, 1.198791742324829, 0.2556212246417999, 17.980918884277344
image_134, 19, 1.2881685495376587, 0.27754706144332886, 18.979124069213867
image_134, 20, 1.390515685081482, 0.3058469593524933, 19.976404190063477
image_134, 21, 1.4577151536941528, 0.3187215328216553, 20.97557258605957
image_134, 22, 1.5310239791870117, 0.3335137367248535, 21.974428176879883
image_134, 23, 1.6069531440734863, 0.34962141513824463, 22.973247528076172
image_134, 24, 1.6783205270767212, 0.3640577793121338, 23.97237205505371
image_134, 25, 1.7533586025238037, 0.3799019753932953, 24.971357345581055
image_134, 26, 1.8270106315612793, 0.39539557695388794, 25.97041130065918
image_134, 27, 1.910999059677124, 0.41523677110671997, 26.969045639038086
image_134, 28, 1.9922833442687988, 0.4338799715042114, 27.967748641967773
image_134, 29, 2.072504758834839, 0.4521886706352234, 28.966293334960938
image_134, 30, 2.1517527103424072, 0.4706740379333496, 29.964706420898438
