Case_ID, Slide_ID, mae, mse, ssim, anomaly
FCB159, 1, 0.15101179480552673, 0.10163512080907822, 0.5096726417541504, 0.05183464188431341
FCB159, 2, 0.1397077739238739, 0.09075608104467392, 0.5257490873336792, 0.04618650857234417
FCB159, 3, 0.15355630218982697, 0.10699466615915298, 0.4832984209060669, 0.04506489344656305
FCB159, 4, 0.15589994192123413, 0.1106085553765297, 0.4993971586227417, 0.04814933504246115
FCB159, 5, 0.14163923263549805, 0.08958787471055984, 0.5135698914527893, 0.0424611440474283
FCB159, 6, 0.14965389668941498, 0.10114811360836029, 0.5393090844154358, 0.048710142605351704
FCB159, 7, 0.13057726621627808, 0.078090138733387, 0.547663688659668, 0.03881589488863964
FCB159, 8, 0.15012367069721222, 0.0974806621670723, 0.5217627286911011, 0.052195161031885914
FCB159, 9, 0.14466066658496857, 0.09692546725273132, 0.5358814001083374, 0.04686748918442557
FCB159, 10, 0.11895272880792618, 0.06809616088867188, 0.5939514636993408, 0.04374298990546387
FCB159, 11, 0.1333102583885193, 0.0818689614534378, 0.5772362351417542, 0.04702771991668002
FCB159, 12, 0.1487915962934494, 0.10024867206811905, 0.5436457395553589, 0.053957699086684824
FCB159, 13, 0.1507548689842224, 0.10598437488079071, 0.48816466331481934, 0.05291619932703093
FCB159, 14, 0.12769198417663574, 0.0780920684337616, 0.5668321251869202, 0.04838968114084281
FCB159, 15, 0.13903462886810303, 0.0940033346414566, 0.5453354716300964, 0.050472680660150614
FCB159, 16, 0.1496838629245758, 0.10535426437854767, 0.5291764140129089, 0.050112161512578114
FCB159, 17, 0.12399929761886597, 0.07575495541095734, 0.5715412497520447, 0.04370293222240026
FCB159, 18, 0.11706466972827911, 0.06776237487792969, 0.598689615726471, 0.04478448966511777
FCB159, 19, 0.13763414323329926, 0.09144564718008041, 0.510613203048706, 0.053477006889921484
FCB159, 20, 0.112649105489254, 0.06450040638446808, 0.6002731323242188, 0.0431821823425733
FCB159, 21, 0.1461896151304245, 0.10510824620723724, 0.4872184991836548, 0.05287614164396731
FCB159, 22, 0.13469870388507843, 0.08949081599712372, 0.5436784625053406, 0.05556000640922929
FCB159, 23, 0.14187781512737274, 0.09614969789981842, 0.5428199768066406, 0.058644448005127386
FCB159, 24, 0.11981257051229477, 0.07494426518678665, 0.5783669352531433, 0.04907066175292421
FCB159, 25, 0.12658163905143738, 0.0846099853515625, 0.5520026683807373, 0.04794904662714308
FCB159, 26, 0.11298133432865143, 0.068403460085392, 0.6139782071113586, 0.04802916199327031
FCB159, 27, 0.12952838838100433, 0.08987881988286972, 0.5418835878372192, 0.05131389200448646
FCB159, 28, 0.11205822974443436, 0.06907960027456284, 0.6176131963729858, 0.05383752603749399
FCB159, 29, 0.10135180503129959, 0.05929163098335266, 0.6306987404823303, 0.051714468835122575
FCB159, 30, 0.0970180481672287, 0.05529991537332535, 0.6256507039070129, 0.05127383432142285
FCB038, 1, 0.1347416490316391, 0.09157123416662216, 0.5770546793937683, 0.04658708540298029
FCB038, 2, 0.12861031293869019, 0.08431809395551682, 0.6069849729537964, 0.047388239064252526
FCB038, 3, 0.13788554072380066, 0.09492209553718567, 0.6032372117042542, 0.04891043102066976
FCB038, 4, 0.1630098521709442, 0.12721677124500275, 0.5228468179702759, 0.05363723762217593
FCB038, 5, 0.13634653389453888, 0.09403666108846664, 0.5699378848075867, 0.044063451369972764
FCB038, 6, 0.1600680947303772, 0.12174690514802933, 0.5564566254615784, 0.052675853228649254
FCB038, 7, 0.13731783628463745, 0.09188062697649002, 0.5878030061721802, 0.04650697003685307
FCB038, 8, 0.14922581613063812, 0.10863778740167618, 0.5571621060371399, 0.04842973882390642
FCB038, 9, 0.12918081879615784, 0.08322644978761673, 0.6060055494308472, 0.04858996955616087
FCB038, 10, 0.12517240643501282, 0.08005256950855255, 0.6112615466117859, 0.04538535491107194
FCB038, 11, 0.14334158599376678, 0.09720395505428314, 0.5950853228569031, 0.050392565294023396
FCB038, 12, 0.11886679381132126, 0.07376653701066971, 0.6262094974517822, 0.045625701009453616
FCB038, 13, 0.11546779423952103, 0.07182318717241287, 0.6185381412506104, 0.04558564332639
FCB038, 14, 0.13195908069610596, 0.08880199491977692, 0.6065576672554016, 0.043102066976446085
FCB038, 15, 0.12912622094154358, 0.08600889891386032, 0.5705743432044983, 0.043582759173209425
FCB038, 16, 0.11350070685148239, 0.06934325397014618, 0.6395604610443115, 0.048830315654542544
FCB038, 17, 0.13758967816829681, 0.09367173165082932, 0.5878282785415649, 0.049190834802115044
FCB038, 18, 0.1483624428510666, 0.10545755177736282, 0.5844901204109192, 0.05143406505367729
FCB038, 19, 0.14805015921592712, 0.10672784596681595, 0.5830907225608826, 0.048189392725524756
FCB038, 20, 0.14315806329250336, 0.10182591527700424, 0.5618586540222168, 0.049190834802115044
FCB038, 21, 0.14147469401359558, 0.10087122768163681, 0.5622739195823669, 0.045185066495753885
FCB038, 22, 0.13337019085884094, 0.09200873225927353, 0.5933676958084106, 0.050112161512578114
FCB038, 23, 0.09965097904205322, 0.05925239250063896, 0.662072479724884, 0.05067296907546868
FCB038, 24, 0.11385130137205124, 0.07077968865633011, 0.6299796104431152, 0.04875020028841532
FCB038, 25, 0.09776771813631058, 0.05844384804368019, 0.6572619080543518, 0.0511136035891684
FCB038, 26, 0.1090862825512886, 0.06833627820014954, 0.6329284310340881, 0.04927095016824227
FCB038, 27, 0.09646617621183395, 0.05539047345519066, 0.6588618159294128, 0.050592853709341454
FCB038, 28, 0.10941120237112045, 0.067617267370224, 0.6183328628540039, 0.04602627784008973
FCB038, 29, 0.09542794525623322, 0.055579569190740585, 0.6402496099472046, 0.049190834802115044
FCB038, 30, 0.11376170814037323, 0.07450278848409653, 0.620429277420044, 0.04754846979650697
5108968, 1, 0.13133887946605682, 0.08578141778707504, 0.5801681876182556, 0.05479891043102067
5108968, 2, 0.14770552515983582, 0.10829392075538635, 0.5005834102630615, 0.05151418041980452
5108968, 3, 0.12693123519420624, 0.08068297803401947, 0.6061170101165771, 0.05131389200448646
5108968, 4, 0.11658298969268799, 0.07011028379201889, 0.6293232440948486, 0.04830956577471559
5108968, 5, 0.11620991677045822, 0.0693822130560875, 0.6209874153137207, 0.04778881589488864
5108968, 6, 0.12324117869138718, 0.07523877173662186, 0.5922552347183228, 0.04858996955616087
5108968, 7, 0.12478656321763992, 0.07807492464780807, 0.5879366397857666, 0.0490306040698606
5108968, 8, 0.09616997092962265, 0.05069596692919731, 0.6488366723060608, 0.04858996955616087
5108968, 9, 0.12752145528793335, 0.07653884589672089, 0.6007509827613831, 0.049951930780323665
5108968, 10, 0.12128902971744537, 0.07347074151039124, 0.5959146618843079, 0.04858996955616087
5108968, 11, 0.1176457554101944, 0.06953167915344238, 0.6035193204879761, 0.04382310527159109
5108968, 12, 0.09718278795480728, 0.05192406848073006, 0.6556262373924255, 0.049190834802115044
5108968, 13, 0.11444613337516785, 0.06808628886938095, 0.6484931707382202, 0.049711584681942
5108968, 14, 0.11241719871759415, 0.06498750299215317, 0.6452258229255676, 0.05071302675853229
5108968, 15, 0.11553338170051575, 0.06854140758514404, 0.620937705039978, 0.04506489344656305
5108968, 16, 0.12710590660572052, 0.07934971898794174, 0.5944376587867737, 0.05155423810286813
5108968, 17, 0.11263491958379745, 0.06526660919189453, 0.6359221339225769, 0.04578593174170806
5108968, 18, 0.11664353311061859, 0.06930000334978104, 0.6213944554328918, 0.05083319980772312
5108968, 19, 0.0968490019440651, 0.0532187819480896, 0.6530554294586182, 0.042501201730491905
5108968, 20, 0.08366614580154419, 0.0415378212928772, 0.6700972318649292, 0.04850985419003365
5108968, 21, 0.11055599898099899, 0.06505367159843445, 0.642993152141571, 0.04959141163275116
5108968, 22, 0.10167483240365982, 0.05713522434234619, 0.6507911682128906, 0.05291619932703093
5108968, 23, 0.10387757420539856, 0.05843193084001541, 0.6233760118484497, 0.04482454734818138
5108968, 24, 0.11404373496770859, 0.06795640289783478, 0.6369386315345764, 0.04911071943598782
5108968, 25, 0.08129523694515228, 0.03985980153083801, 0.6829466819763184, 0.05151418041980452
5108968, 26, 0.0888185054063797, 0.046037327498197556, 0.6717572212219238, 0.04510495112962666
5108968, 27, 0.09156940877437592, 0.04875386878848076, 0.666887104511261, 0.04951129626662394
5108968, 28, 0.10953417420387268, 0.06954479217529297, 0.5945740342140198, 0.04907066175292421
5108968, 29, 0.11478838324546814, 0.07411684840917587, 0.5834184885025024, 0.05067296907546868
5108968, 30, 0.10063295066356659, 0.05993564799427986, 0.6313839554786682, 0.04766864284569781
5367467, 1, 0.12943656742572784, 0.0812196284532547, 0.5572748780250549, 0.04794904662714308
5367467, 2, 0.10898063331842422, 0.05992494896054268, 0.6024078130722046, 0.045505527960262776
5367467, 3, 0.13310983777046204, 0.08647307753562927, 0.5451400279998779, 0.045024835763499436
5367467, 4, 0.13530072569847107, 0.08742841333150864, 0.5522506833076477, 0.04678737381829835
5367467, 5, 0.13398897647857666, 0.08404508978128433, 0.540267288684845, 0.05031244992789617
5367467, 6, 0.12490773946046829, 0.07497645169496536, 0.5645766258239746, 0.04326229770870053
5367467, 7, 0.12622210383415222, 0.07703320682048798, 0.5651512145996094, 0.04670725845217113
5367467, 8, 0.12276125699281693, 0.0723898857831955, 0.5971956253051758, 0.04398333600384554
5367467, 9, 0.14178255200386047, 0.09382974356412888, 0.5060629844665527, 0.045225124178817494
5367467, 10, 0.12426728755235672, 0.07543715089559555, 0.5779094099998474, 0.04161993270309245
5367467, 11, 0.12630710005760193, 0.07527638226747513, 0.5592624545097351, 0.04097900977407467
5367467, 12, 0.12617893517017365, 0.0733732357621193, 0.5643676519393921, 0.044383912834481655
5367467, 13, 0.14091229438781738, 0.08966365456581116, 0.5541660785675049, 0.04879025797147893
5367467, 14, 0.1570710986852646, 0.10796461254358292, 0.49158596992492676, 0.05199487261656786
5367467, 15, 0.13200779259204865, 0.07945054024457932, 0.5666821599006653, 0.045625701009453616
5367467, 16, 0.12854230403900146, 0.07784957438707352, 0.5788328647613525, 0.0445441435667361
5367467, 17, 0.15961386263370514, 0.1139926090836525, 0.4849814772605896, 0.05307643005928537
5367467, 18, 0.14342883229255676, 0.09060073643922806, 0.5230292677879333, 0.046466912353789455
5367467, 19, 0.13187474012374878, 0.08317531645298004, 0.565789520740509, 0.049471238583560326
5367467, 20, 0.1324521154165268, 0.08143656700849533, 0.5517023801803589, 0.04410350905303637
5367467, 21, 0.1375923752784729, 0.08771456778049469, 0.549079179763794, 0.04850985419003365
5367467, 22, 0.14043618738651276, 0.0961761474609375, 0.5483923554420471, 0.049311007851305884
5367467, 23, 0.12437500804662704, 0.07642553001642227, 0.5843024253845215, 0.04702771991668002
5367467, 24, 0.1246195062994957, 0.0778978243470192, 0.5926331877708435, 0.047748758211825025
5367467, 25, 0.10141931474208832, 0.05503243952989578, 0.59568852186203, 0.04366287453933664
5367467, 26, 0.10311843454837799, 0.05776398628950119, 0.6298956871032715, 0.0445441435667361
5367467, 27, 0.1279773861169815, 0.08170805126428604, 0.5899757146835327, 0.05095337285691395
5367467, 28, 0.11638738214969635, 0.0692422017455101, 0.6010093092918396, 0.04682743150136196
5367467, 29, 0.08817245811223984, 0.04597417637705803, 0.65684974193573, 0.051674411152058966
5367467, 30, 0.09162353724241257, 0.05007786303758621, 0.6461982727050781, 0.046146450889280564
5431938, 1, 0.1402967870235443, 0.08889603614807129, 0.5392670035362244, 0.04402339368690915
5431938, 2, 0.15821433067321777, 0.10944045335054398, 0.4941922426223755, 0.045185066495753885
5431938, 3, 0.16450612246990204, 0.11917655169963837, 0.48379606008529663, 0.051874699567377024
5431938, 4, 0.1636984646320343, 0.11377226561307907, 0.5052365660667419, 0.048349623457779205
5431938, 5, 0.15565067529678345, 0.1091623306274414, 0.4931657314300537, 0.04935106553436949
5431938, 6, 0.1468581110239029, 0.09468229115009308, 0.5354857444763184, 0.04698766223361641
5431938, 7, 0.1686430424451828, 0.12571841478347778, 0.46927130222320557, 0.053957699086684824
5431938, 8, 0.16033755242824554, 0.11038077622652054, 0.46487414836883545, 0.05071302675853229
5431938, 9, 0.14138156175613403, 0.09019263833761215, 0.5345292687416077, 0.044423970517545264
5431938, 10, 0.14511702954769135, 0.0936659500002861, 0.5321723818778992, 0.0462666239384714
5431938, 11, 0.1684056669473648, 0.11824071407318115, 0.4312707781791687, 0.053917641403621215
5431938, 12, 0.1654912680387497, 0.1179489865899086, 0.47711145877838135, 0.05223521871494953
5431938, 13, 0.16245898604393005, 0.11070486158132553, 0.5069496035575867, 0.04959141163275116
5431938, 14, 0.14997997879981995, 0.09730652719736099, 0.5456324815750122, 0.04698766223361641
5431938, 15, 0.16612188518047333, 0.12403561919927597, 0.48961687088012695, 0.049711584681942
5431938, 16, 0.1773233860731125, 0.1308925449848175, 0.47738945484161377, 0.05399775676974844
5431938, 17, 0.12657450139522552, 0.07204044610261917, 0.5767879486083984, 0.040738663675692996
5431938, 18, 0.15996362268924713, 0.11325895041227341, 0.48727577924728394, 0.051874699567377024
5431938, 19, 0.15089291334152222, 0.09941832721233368, 0.5301567316055298, 0.04830956577471559
5431938, 20, 0.146340474486351, 0.09571699053049088, 0.5438812971115112, 0.04951129626662394
5431938, 21, 0.14290310442447662, 0.09181588888168335, 0.5671731233596802, 0.05131389200448646
5431938, 22, 0.14698848128318787, 0.09803693741559982, 0.5454966425895691, 0.04706777759974363
5431938, 23, 0.14354465901851654, 0.09528226405382156, 0.5255899429321289, 0.04762858516263419
5431938, 24, 0.13600608706474304, 0.09022519737482071, 0.5582395195960999, 0.05155423810286813
5431938, 25, 0.1595410704612732, 0.10909111052751541, 0.4655928611755371, 0.05764300592853709
5431938, 26, 0.11372275650501251, 0.06325419247150421, 0.6072795987129211, 0.04242108636436469
5431938, 27, 0.14997880160808563, 0.10298630595207214, 0.5358195304870605, 0.047708700528761416
5431938, 28, 0.1411358118057251, 0.09446174651384354, 0.5216928124427795, 0.042140682582919406
5431938, 29, 0.139505535364151, 0.0917658731341362, 0.5222823619842529, 0.04895048870373338
5431938, 30, 0.15197013318538666, 0.11157120019197464, 0.46777498722076416, 0.05632110238743791
FCB130, 1, 0.13082297146320343, 0.08284278213977814, 0.5761386752128601, 0.045986220157026116
FCB130, 2, 0.12682349979877472, 0.07688208669424057, 0.5795804262161255, 0.04666720076910751
FCB130, 3, 0.13807986676692963, 0.09048081189393997, 0.5431563258171082, 0.047708700528761416
FCB130, 4, 0.1203843280673027, 0.07260367274284363, 0.6053034663200378, 0.04959141163275116
FCB130, 5, 0.09908217191696167, 0.052768222987651825, 0.6437278985977173, 0.044704374298990546
FCB130, 6, 0.1340579092502594, 0.08618637174367905, 0.5352281332015991, 0.04782887357795225
FCB130, 7, 0.13845285773277283, 0.09072083234786987, 0.5396991968154907, 0.049711584681942
FCB130, 8, 0.12048623710870743, 0.07075902074575424, 0.6034520864486694, 0.045705816375580834
FCB130, 9, 0.1653560847043991, 0.1187531054019928, 0.43656134605407715, 0.05527960262778401
FCB130, 10, 0.1317278891801834, 0.08408598601818085, 0.581270158290863, 0.04826950809165198
FCB130, 11, 0.13059888780117035, 0.08001834899187088, 0.583636999130249, 0.04758852747957058
FCB130, 12, 0.09936204552650452, 0.05181824043393135, 0.630604088306427, 0.047107835282807244
FCB130, 13, 0.13019879162311554, 0.08235925436019897, 0.5811143517494202, 0.047107835282807244
FCB130, 14, 0.11988944560289383, 0.07170560210943222, 0.5991188287734985, 0.04967152699887838
FCB130, 15, 0.1302715390920639, 0.08145833760499954, 0.599199652671814, 0.046146450889280564
FCB130, 16, 0.11911501735448837, 0.07099201530218124, 0.6019402146339417, 0.048710142605351704
FCB130, 17, 0.12591469287872314, 0.07965223491191864, 0.6059826016426086, 0.04875020028841532
FCB130, 18, 0.11818111687898636, 0.06877429038286209, 0.5945104360580444, 0.04330235539176414
FCB130, 19, 0.12768907845020294, 0.07911888509988785, 0.5516653060913086, 0.048189392725524756
FCB130, 20, 0.1130756139755249, 0.064948171377182, 0.6075941920280457, 0.04718795064893447
FCB130, 21, 0.10041684657335281, 0.05365093797445297, 0.6133617162704468, 0.046907546867489186
FCB130, 22, 0.13426801562309265, 0.08939050137996674, 0.557135820388794, 0.053436949206857876
FCB130, 23, 0.10822219401597977, 0.059879008680582047, 0.631987988948822, 0.0441836244191636
FCB130, 24, 0.0855376347899437, 0.04159451648592949, 0.6478331685066223, 0.046466912353789455
FCB130, 25, 0.0856466293334961, 0.04280950129032135, 0.6497496366500854, 0.0441836244191636
FCB130, 26, 0.11033713817596436, 0.0639762282371521, 0.6104743480682373, 0.050753084441595896
FCB130, 27, 0.09478945285081863, 0.04958851635456085, 0.6350350379943848, 0.049631469315814775
FCB130, 28, 0.11190111935138702, 0.06752842664718628, 0.6283524632453918, 0.049190834802115044
FCB130, 29, 0.1319648027420044, 0.09322283416986465, 0.5677745938301086, 0.05183464188431341
FCB130, 30, 0.10317443311214447, 0.059734053909778595, 0.6129556894302368, 0.04514500881269028
5160521, 1, 0.10602591931819916, 0.06208008900284767, 0.6128331422805786, 0.047908988944079474
5160521, 2, 0.09633954614400864, 0.05306294187903404, 0.6460289359092712, 0.0449046627143086
5160521, 3, 0.10238824039697647, 0.05710558220744133, 0.6215307712554932, 0.05019227687870534
5160521, 4, 0.09221837669610977, 0.04865469038486481, 0.6088215708732605, 0.051193718955295626
5160521, 5, 0.10111231356859207, 0.056321095675230026, 0.6394985914230347, 0.04674731613523474
5160521, 6, 0.11937238276004791, 0.07616592198610306, 0.583041250705719, 0.051874699567377024
5160521, 7, 0.08392031490802765, 0.04187246039509773, 0.6744551658630371, 0.04858996955616087
5160521, 8, 0.10191898792982101, 0.0556117407977581, 0.6476393342018127, 0.04975164236500561
5160521, 9, 0.09528015553951263, 0.05080790817737579, 0.642406702041626, 0.046627143086043904
5160521, 10, 0.11339962482452393, 0.06687547266483307, 0.6427584290504456, 0.05063291139240506
5160521, 11, 0.09299036860466003, 0.048538293689489365, 0.6718344688415527, 0.050112161512578114
5160521, 12, 0.10887531191110611, 0.06250248104333878, 0.6179195046424866, 0.047908988944079474
5160521, 13, 0.1077352911233902, 0.06121388077735901, 0.6400004625320435, 0.04810927735939753
5160521, 14, 0.11849488317966461, 0.07153714448213577, 0.6007733941078186, 0.04618650857234417
5160521, 15, 0.11915374547243118, 0.0736001506447792, 0.6097376346588135, 0.04734818138118891
5160521, 16, 0.14167357981204987, 0.10027248412370682, 0.5545610785484314, 0.05451850664957539
5160521, 17, 0.09527938812971115, 0.05216706171631813, 0.6389963030815125, 0.04923089248517866
5160521, 18, 0.11183220893144608, 0.06713312119245529, 0.5816358327865601, 0.04782887357795225
5160521, 19, 0.10971685498952866, 0.06417306512594223, 0.631260871887207, 0.053116487742348985
5160521, 20, 0.08662384748458862, 0.04418562725186348, 0.6678316593170166, 0.05023233456176895
5160521, 21, 0.1005936712026596, 0.055276188999414444, 0.6316019892692566, 0.049150777119051435
5160521, 22, 0.10127024352550507, 0.05527297034859657, 0.6436797976493835, 0.05243550713026759
5160521, 23, 0.084949791431427, 0.042984455823898315, 0.6626186966896057, 0.04754846979650697
5160521, 24, 0.09425897151231766, 0.0524819977581501, 0.6291851997375488, 0.04911071943598782
5160521, 25, 0.08904385566711426, 0.04621027410030365, 0.6613427996635437, 0.05467873738182984
5160521, 26, 0.1015716940164566, 0.059795085340738297, 0.6496134400367737, 0.05495914116327512
5160521, 27, 0.09318611770868301, 0.05226871743798256, 0.6744513511657715, 0.050753084441595896
5160521, 28, 0.09789735078811646, 0.05664181336760521, 0.6679053902626038, 0.04943118090049672
5160521, 29, 0.08293410390615463, 0.043991874903440475, 0.6663521528244019, 0.050272392244832556
5160521, 30, 0.07802458852529526, 0.03936617821455002, 0.6843004822731018, 0.05355712225604871
FCB089, 1, 0.13824233412742615, 0.09684468805789948, 0.526706337928772, 0.04999198846338728
FCB089, 2, 0.14534181356430054, 0.10648966580629349, 0.5145046710968018, 0.048830315654542544
FCB089, 3, 0.15052084624767303, 0.1109648272395134, 0.5091545581817627, 0.04987181541419644
FCB089, 4, 0.15149427950382233, 0.11650409549474716, 0.4978100061416626, 0.04706777759974363
FCB089, 5, 0.13137251138687134, 0.09019552916288376, 0.5434535145759583, 0.0445441435667361
FCB089, 6, 0.13351888954639435, 0.09072927385568619, 0.5760958194732666, 0.051674411152058966
FCB089, 7, 0.13199618458747864, 0.08677344769239426, 0.5510115027427673, 0.051193718955295626
FCB089, 8, 0.13304154574871063, 0.08801420032978058, 0.5661090612411499, 0.046466912353789455
FCB089, 9, 0.13957665860652924, 0.09476519376039505, 0.5393015742301941, 0.05339689152379427
FCB089, 10, 0.11812030524015427, 0.07080935686826706, 0.5906567573547363, 0.04278160551193719
FCB089, 11, 0.12087009847164154, 0.07187551259994507, 0.6055086851119995, 0.04838968114084281
FCB089, 12, 0.10992363840341568, 0.062164388597011566, 0.6152454614639282, 0.04149975965390162
FCB089, 13, 0.11816304177045822, 0.07137863337993622, 0.614890456199646, 0.045705816375580834
FCB089, 14, 0.15630730986595154, 0.11791016161441803, 0.5047119855880737, 0.0517945842012498
FCB089, 15, 0.13195574283599854, 0.08530385047197342, 0.5649873614311218, 0.04482454734818138
FCB089, 16, 0.12574473023414612, 0.07836365699768066, 0.5802647471427917, 0.04602627784008973
FCB089, 17, 0.14218926429748535, 0.10153713077306747, 0.5192030072212219, 0.05031244992789617
FCB089, 18, 0.14079517126083374, 0.0968775525689125, 0.5356788635253906, 0.046426854670725846
FCB089, 19, 0.12440705299377441, 0.08059283345937729, 0.5922418832778931, 0.04290177856112803
FCB089, 20, 0.10183654725551605, 0.05652816593647003, 0.6242576837539673, 0.04290177856112803
FCB089, 21, 0.1309961974620819, 0.0891704186797142, 0.5753892660140991, 0.05063291139240506
FCB089, 22, 0.12219654768705368, 0.07710954546928406, 0.597628653049469, 0.053597179939112324
FCB089, 23, 0.12240095436573029, 0.07989608496427536, 0.5655236840248108, 0.04666720076910751
FCB089, 24, 0.11586891859769821, 0.07367456704378128, 0.6032204031944275, 0.04802916199327031
FCB089, 25, 0.10758031159639359, 0.0648348480463028, 0.6216718554496765, 0.04879025797147893
FCB089, 26, 0.12233848869800568, 0.08638042211532593, 0.6014299988746643, 0.04678737381829835
FCB089, 27, 0.10020506381988525, 0.058034688234329224, 0.6434935927391052, 0.04935106553436949
FCB089, 28, 0.0963030606508255, 0.055729225277900696, 0.647036612033844, 0.04706777759974363
FCB089, 29, 0.08902314305305481, 0.04863392934203148, 0.6627170443534851, 0.05115366127223201
FCB089, 30, 0.091328464448452, 0.050704460591077805, 0.65711510181427, 0.05055279602627784
4359424, 1, 0.14043450355529785, 0.09167033433914185, 0.5572347640991211, 0.048710142605351704
4359424, 2, 0.14874698221683502, 0.10012975335121155, 0.5492576956748962, 0.04826950809165198
4359424, 3, 0.14125119149684906, 0.09244532138109207, 0.533608078956604, 0.04498477808043583
4359424, 4, 0.15088970959186554, 0.09986791014671326, 0.5144281983375549, 0.04734818138118891
4359424, 5, 0.12956689298152924, 0.08004909753799438, 0.5796892642974854, 0.04402339368690915
4359424, 6, 0.14950500428676605, 0.10117076337337494, 0.507950484752655, 0.04682743150136196
4359424, 7, 0.14803454279899597, 0.10659463703632355, 0.5094401240348816, 0.04935106553436949
4359424, 8, 0.14035187661647797, 0.09234607964754105, 0.5479187965393066, 0.04863002723922449
4359424, 9, 0.1413828432559967, 0.09022641181945801, 0.5437148213386536, 0.047748758211825025
4359424, 10, 0.15190526843070984, 0.10604600608348846, 0.5316796898841858, 0.052515622496394805
4359424, 11, 0.1525932103395462, 0.1022518128156662, 0.5027844309806824, 0.05023233456176895
4359424, 12, 0.11319173872470856, 0.06110144406557083, 0.6217902302742004, 0.04145970197083801
4359424, 13, 0.14841650426387787, 0.0982341319322586, 0.5397664904594421, 0.05035250761095978
4359424, 14, 0.10801174491643906, 0.05754445865750313, 0.6145747303962708, 0.04378304758852748
4359424, 15, 0.14013533294200897, 0.08950856328010559, 0.5573202967643738, 0.05035250761095978
4359424, 16, 0.13418562710285187, 0.08282621204853058, 0.5645032525062561, 0.04714789296587085
4359424, 17, 0.14855505526065826, 0.09703076630830765, 0.523034393787384, 0.05255568017945842
4359424, 18, 0.12852776050567627, 0.08105824142694473, 0.5556573867797852, 0.04718795064893447
4359424, 19, 0.09535443782806396, 0.04818844050168991, 0.6435679793357849, 0.0473081236981253
4359424, 20, 0.125374898314476, 0.07864335179328918, 0.553865909576416, 0.04943118090049672
4359424, 21, 0.09741335362195969, 0.05099194869399071, 0.6511269807815552, 0.046426854670725846
4359424, 22, 0.12451185286045074, 0.07442620396614075, 0.6207508444786072, 0.05211504566575869
4359424, 23, 0.09247288852930069, 0.046353328973054886, 0.647182285785675, 0.04638679698766223
4359424, 24, 0.11052128672599792, 0.0652603879570961, 0.6256635189056396, 0.05127383432142285
4359424, 25, 0.10459516942501068, 0.059898462146520615, 0.6326121091842651, 0.05275596859477648
4359424, 26, 0.09779946506023407, 0.053360648453235626, 0.6602306962013245, 0.04814933504246115
4359424, 27, 0.10420863330364227, 0.05934590846300125, 0.6264733672142029, 0.05063291139240506
4359424, 28, 0.1115444153547287, 0.06589487940073013, 0.6046408414840698, 0.04863002723922449
4359424, 29, 0.0976005345582962, 0.057315532118082047, 0.6367324590682983, 0.050472680660150614
4359424, 30, 0.07263042777776718, 0.035206303000450134, 0.6914344429969788, 0.053156545425412594
FCB067, 1, 0.16280007362365723, 0.11963463574647903, 0.48857057094573975, 0.04875020028841532
FCB067, 2, 0.1469944566488266, 0.09806294739246368, 0.5384324789047241, 0.04546547027719917
FCB067, 3, 0.12383786588907242, 0.07268912345170975, 0.5748310685157776, 0.042180740265983015
FCB067, 4, 0.14681686460971832, 0.09715189039707184, 0.5413195490837097, 0.04362281685627303
FCB067, 5, 0.15961121022701263, 0.11667681485414505, 0.5028402805328369, 0.04574587405864445
FCB067, 6, 0.1467036008834839, 0.09788002073764801, 0.5415751934051514, 0.04746835443037975
FCB067, 7, 0.15731193125247955, 0.11003482341766357, 0.5314371585845947, 0.05051273834321423
FCB067, 8, 0.15654611587524414, 0.10766316205263138, 0.5116504430770874, 0.05191475725044063
FCB067, 9, 0.14250548183918, 0.09074436128139496, 0.5726791024208069, 0.04838968114084281
FCB067, 10, 0.14845359325408936, 0.10122816264629364, 0.5222976207733154, 0.049791700048069217
FCB067, 11, 0.15707461535930634, 0.11542320996522903, 0.499843955039978, 0.05431821823425733
FCB067, 12, 0.13818562030792236, 0.0872865542769432, 0.5533002614974976, 0.05071302675853229
FCB067, 13, 0.14901337027549744, 0.10157182812690735, 0.5189841389656067, 0.0500721038295145
FCB067, 14, 0.1191844567656517, 0.06805432587862015, 0.6061475872993469, 0.04097900977407467
FCB067, 15, 0.13368351757526398, 0.0845632255077362, 0.5863693356513977, 0.05099343053997757
FCB067, 16, 0.11099375784397125, 0.060777850449085236, 0.6230157613754272, 0.04590610479089889
FCB067, 17, 0.15657053887844086, 0.11543881148099899, 0.492637038230896, 0.05291619932703093
FCB067, 18, 0.11039157956838608, 0.059789132326841354, 0.6175406575202942, 0.044864605031244995
FCB067, 19, 0.12265003472566605, 0.07572067528963089, 0.5424817204475403, 0.04506489344656305
FCB067, 20, 0.12796707451343536, 0.0792364627122879, 0.5786054134368896, 0.04606633552315334
FCB067, 21, 0.13244014978408813, 0.0889953076839447, 0.5741453170776367, 0.05163435346899535
FCB067, 22, 0.10022717714309692, 0.05299336090683937, 0.6448473930358887, 0.048670084922288095
FCB067, 23, 0.11124935746192932, 0.06345321983098984, 0.6170167922973633, 0.04907066175292421
FCB067, 24, 0.1163051426410675, 0.06935189664363861, 0.5972931981086731, 0.04758852747957058
FCB067, 25, 0.09283021092414856, 0.04844344034790993, 0.6423359513282776, 0.04714789296587085
FCB067, 26, 0.10027656704187393, 0.055982206016778946, 0.6354753971099854, 0.04750841211344336
FCB067, 27, 0.117079958319664, 0.07450485229492188, 0.5769490003585815, 0.053597179939112324
FCB067, 28, 0.10974086076021194, 0.06519373506307602, 0.6177656650543213, 0.05163435346899535
FCB067, 29, 0.10363205522298813, 0.061084162443876266, 0.6167281270027161, 0.0535170645729851
FCB067, 30, 0.09561696648597717, 0.05286570265889168, 0.6530753970146179, 0.05079314212465951
FCB151, 1, 0.11168001592159271, 0.06464153528213501, 0.5839293003082275, 0.04838968114084281
FCB151, 2, 0.14322584867477417, 0.09590219706296921, 0.528443455696106, 0.04482454734818138
FCB151, 3, 0.12527284026145935, 0.07682566344738007, 0.5750546455383301, 0.04382310527159109
FCB151, 4, 0.13167332112789154, 0.08242647349834442, 0.5655321478843689, 0.04754846979650697
FCB151, 5, 0.1284884661436081, 0.08041974157094955, 0.5724813342094421, 0.04746835443037975
FCB151, 6, 0.13245518505573273, 0.08295346796512604, 0.5733116269111633, 0.049711584681942
FCB151, 7, 0.12953656911849976, 0.07876955717802048, 0.5811048746109009, 0.045986220157026116
FCB151, 8, 0.13913770020008087, 0.08924737572669983, 0.5538792014122009, 0.056962025316455694
FCB151, 9, 0.1303226202726364, 0.08156502991914749, 0.5526751279830933, 0.04838968114084281
FCB151, 10, 0.1345716267824173, 0.08807126432657242, 0.5626164674758911, 0.05427816055119372
FCB151, 11, 0.09564906358718872, 0.04966714605689049, 0.6312569975852966, 0.049150777119051435
FCB151, 12, 0.1256588250398636, 0.07668688148260117, 0.5771344304084778, 0.05051273834321423
FCB151, 13, 0.12865953147411346, 0.08071614056825638, 0.5876889824867249, 0.048710142605351704
FCB151, 14, 0.14309149980545044, 0.09797144681215286, 0.5493124723434448, 0.054238102868130106
FCB151, 15, 0.1290002316236496, 0.07787840068340302, 0.5858115553855896, 0.05051273834321423
FCB151, 16, 0.10851047188043594, 0.060339756309986115, 0.634344220161438, 0.045825989424771674
FCB151, 17, 0.1421714872121811, 0.09742160141468048, 0.494356632232666, 0.05055279602627784
FCB151, 18, 0.14320221543312073, 0.10004819184541702, 0.5236702561378479, 0.05023233456176895
FCB151, 19, 0.10940177738666534, 0.06074065342545509, 0.5786375403404236, 0.046947604550552795
FCB151, 20, 0.09310204535722733, 0.04797041416168213, 0.6673150062561035, 0.05143406505367729
FCB151, 21, 0.11190947890281677, 0.06536174565553665, 0.6038091778755188, 0.048670084922288095
FCB151, 22, 0.11063957214355469, 0.06341353803873062, 0.6101189255714417, 0.050592853709341454
FCB151, 23, 0.0953591912984848, 0.05100846290588379, 0.6430325508117676, 0.04670725845217113
FCB151, 24, 0.08321662992238998, 0.041141804307699203, 0.6422123908996582, 0.04854991187309726
FCB151, 25, 0.09312920272350311, 0.04836718365550041, 0.6491236686706543, 0.04991187309726006
FCB151, 26, 0.09358756989240646, 0.04944347217679024, 0.6584704518318176, 0.0511136035891684
FCB151, 27, 0.10356859117746353, 0.05867096036672592, 0.6272361278533936, 0.045345297228008334
FCB151, 28, 0.09271415323019028, 0.048787787556648254, 0.6651578545570374, 0.05143406505367729
FCB151, 29, 0.10182864218950272, 0.05976133793592453, 0.6350469589233398, 0.04698766223361641
FCB151, 30, 0.08595715463161469, 0.04501281678676605, 0.6479185223579407, 0.047428296747316134
5234571, 1, 0.10247494280338287, 0.05862705036997795, 0.6072127223014832, 0.047268066015061685
5234571, 2, 0.12063341587781906, 0.07675603777170181, 0.59553062915802, 0.04875020028841532
5234571, 3, 0.08497188985347748, 0.04298224672675133, 0.6667406558990479, 0.047868931261015865
5234571, 4, 0.08311577141284943, 0.04107324779033661, 0.6935656070709229, 0.04838968114084281
5234571, 5, 0.08398553729057312, 0.04178791865706444, 0.6825066208839417, 0.05383752603749399
5234571, 6, 0.1074184700846672, 0.06265047937631607, 0.6314619183540344, 0.051193718955295626
5234571, 7, 0.10483388602733612, 0.05884476378560066, 0.631519079208374, 0.04975164236500561
5234571, 8, 0.10085504502058029, 0.054683685302734375, 0.640243411064148, 0.051394007370613684
5234571, 9, 0.10973203927278519, 0.06221361085772514, 0.6236669421195984, 0.052956257010094536
5234571, 10, 0.10330136865377426, 0.05817018076777458, 0.6482101082801819, 0.048670084922288095
5234571, 11, 0.10818896442651749, 0.06462391465902328, 0.6209592819213867, 0.047428296747316134
5234571, 12, 0.12285943329334259, 0.077862948179245, 0.587767481803894, 0.048670084922288095
5234571, 13, 0.08819695562124252, 0.0456470288336277, 0.6852590441703796, 0.05003204614645089
5234571, 14, 0.09650067985057831, 0.052651241421699524, 0.6418243050575256, 0.0490306040698606
5234571, 15, 0.13290397822856903, 0.09273017942905426, 0.5474057197570801, 0.05099343053997757
5234571, 16, 0.1025172621011734, 0.05875091999769211, 0.6454343795776367, 0.04506489344656305
5234571, 17, 0.09998860210180283, 0.05653637275099754, 0.628827691078186, 0.04814933504246115
5234571, 18, 0.08959339559078217, 0.046899765729904175, 0.6761422157287598, 0.049311007851305884
5234571, 19, 0.09327150136232376, 0.05235430598258972, 0.6717869639396667, 0.052475564813331196
5234571, 20, 0.10888196527957916, 0.06448602676391602, 0.6327191591262817, 0.04578593174170806
5234571, 21, 0.10793368518352509, 0.06460302323102951, 0.6725237965583801, 0.05235539176414036
5234571, 22, 0.07516077905893326, 0.036424484103918076, 0.7026803493499756, 0.05327671847460343
5234571, 23, 0.10539820790290833, 0.06221020594239235, 0.6291733980178833, 0.04674731613523474
5234571, 24, 0.0853133574128151, 0.044747259467840195, 0.679899275302887, 0.04987181541419644
5234571, 25, 0.09045667946338654, 0.04977404698729515, 0.6493045091629028, 0.05223521871494953
5234571, 26, 0.12229280173778534, 0.07817243784666061, 0.6099374294281006, 0.049190834802115044
5234571, 27, 0.1055239886045456, 0.06301387399435043, 0.6505590677261353, 0.05403781445281205
5234571, 28, 0.10077451169490814, 0.060262564569711685, 0.6427938342094421, 0.04959141163275116
5234571, 29, 0.09050443023443222, 0.050244927406311035, 0.6697819828987122, 0.053597179939112324
5234571, 30, 0.10822046548128128, 0.06776578724384308, 0.6333070397377014, 0.049711584681942
5427859, 1, 0.12368205934762955, 0.0808972641825676, 0.583595335483551, 0.04838968114084281
5427859, 2, 0.1492415815591812, 0.11687368154525757, 0.513938307762146, 0.053116487742348985
5427859, 3, 0.11596062779426575, 0.07248147577047348, 0.6292756795883179, 0.04991187309726006
5427859, 4, 0.11393486708402634, 0.0686289444565773, 0.618394672870636, 0.049190834802115044
5427859, 5, 0.11720117181539536, 0.07134537398815155, 0.5853474736213684, 0.04806921967633392
5427859, 6, 0.10287059098482132, 0.05714178457856178, 0.622321367263794, 0.04426373978529082
5427859, 7, 0.09707409143447876, 0.0527520626783371, 0.6475402116775513, 0.043943278320781924
5427859, 8, 0.11880307644605637, 0.07478456944227219, 0.5932162404060364, 0.04951129626662394
5427859, 9, 0.10529950261116028, 0.060174111276865005, 0.6243909001350403, 0.04654702771991668
5427859, 10, 0.0890788584947586, 0.04501164332032204, 0.6719030141830444, 0.0493911232174331
5427859, 11, 0.1086491197347641, 0.06210575997829437, 0.6385403275489807, 0.049631469315814775
5427859, 12, 0.11493439972400665, 0.0674309954047203, 0.6485305428504944, 0.05371735298830316
5427859, 13, 0.09134798496961594, 0.04763339087367058, 0.6683289408683777, 0.053917641403621215
5427859, 14, 0.10187400877475739, 0.056164439767599106, 0.628473162651062, 0.048990546386796986
5427859, 15, 0.10746408253908157, 0.06283286213874817, 0.628117024898529, 0.05131389200448646
5427859, 16, 0.12354160845279694, 0.07978630810976028, 0.6096838116645813, 0.050753084441595896
5427859, 17, 0.10905037820339203, 0.06301287561655045, 0.6144727468490601, 0.045986220157026116
5427859, 18, 0.10968330502510071, 0.06427048146724701, 0.6376415491104126, 0.04846979650697004
5427859, 19, 0.10688892006874084, 0.0633830651640892, 0.610783040523529, 0.049190834802115044
5427859, 20, 0.09121308475732803, 0.04874930530786514, 0.653307318687439, 0.05035250761095978
5427859, 21, 0.11077746748924255, 0.06463690847158432, 0.6108418107032776, 0.04446402820060888
5427859, 22, 0.09726313501596451, 0.05364307388663292, 0.6430321931838989, 0.04943118090049672
5427859, 23, 0.11244558542966843, 0.07019847631454468, 0.6005192399024963, 0.052675853228649254
5427859, 24, 0.1070350781083107, 0.06446990370750427, 0.6277000308036804, 0.05163435346899535
5427859, 25, 0.08959272503852844, 0.04834525287151337, 0.6709805130958557, 0.04891043102066976
5427859, 26, 0.11123187839984894, 0.06983941793441772, 0.6003561019897461, 0.04927095016824227
5427859, 27, 0.11730319261550903, 0.07657735049724579, 0.5810974836349487, 0.051353949687550075
5427859, 28, 0.09652886539697647, 0.05669016391038895, 0.6361322999000549, 0.04806921967633392
5427859, 29, 0.11012936383485794, 0.06772489845752716, 0.5824646949768066, 0.04967152699887838
5427859, 30, 0.09916502982378006, 0.059423789381980896, 0.631538987159729, 0.05331677615766704
FCB072, 1, 0.1345990151166916, 0.08887951076030731, 0.5952660441398621, 0.05115366127223201
FCB072, 2, 0.16372527182102203, 0.12280327081680298, 0.5056366324424744, 0.048229450408588365
FCB072, 3, 0.15432365238666534, 0.10904322564601898, 0.5307602882385254, 0.04558564332639
FCB072, 4, 0.11665380001068115, 0.07023760676383972, 0.6001745462417603, 0.044423970517545264
FCB072, 5, 0.15139755606651306, 0.10747379809617996, 0.5211024880409241, 0.047748758211825025
FCB072, 6, 0.1420493721961975, 0.0980970486998558, 0.5502513647079468, 0.046146450889280564
FCB072, 7, 0.15098720788955688, 0.10947038978338242, 0.5318854451179504, 0.05303637237622176
FCB072, 8, 0.15533655881881714, 0.11207534372806549, 0.5224531292915344, 0.04402339368690915
FCB072, 9, 0.12154614925384521, 0.0752764567732811, 0.5843873620033264, 0.04590610479089889
FCB072, 10, 0.1260983943939209, 0.07990214973688126, 0.5858798027038574, 0.04606633552315334
FCB072, 11, 0.1458413451910019, 0.09833687543869019, 0.5477424263954163, 0.044704374298990546
FCB072, 12, 0.1590951383113861, 0.1202104464173317, 0.5266727805137634, 0.05147412273674091
FCB072, 13, 0.1581697314977646, 0.1172928586602211, 0.531322181224823, 0.0528360839609037
FCB072, 14, 0.15499521791934967, 0.12090961635112762, 0.5239083170890808, 0.04887037333760615
FCB072, 15, 0.14968158304691315, 0.1040613055229187, 0.5172053575515747, 0.04830956577471559
FCB072, 16, 0.13242606818675995, 0.08743571490049362, 0.5585876107215881, 0.049311007851305884
FCB072, 17, 0.13798345625400543, 0.09503372013568878, 0.5236654281616211, 0.04943118090049672
FCB072, 18, 0.1388513445854187, 0.09648405015468597, 0.5652457475662231, 0.05071302675853229
FCB072, 19, 0.13134828209877014, 0.08927881717681885, 0.556549608707428, 0.04722800833199808
FCB072, 20, 0.11932317912578583, 0.07752051204442978, 0.5994598269462585, 0.05159429578593174
FCB072, 21, 0.15552479028701782, 0.11419696360826492, 0.5058208703994751, 0.0462666239384714
FCB072, 22, 0.11930596828460693, 0.07736945897340775, 0.5822969079017639, 0.050112161512578114
FCB072, 23, 0.15751570463180542, 0.11802815645933151, 0.5148187875747681, 0.04846979650697004
FCB072, 24, 0.13591192662715912, 0.09370946884155273, 0.545242428779602, 0.04782887357795225
FCB072, 25, 0.13462500274181366, 0.09309013932943344, 0.5360931754112244, 0.045665758692517225
FCB072, 26, 0.11782726645469666, 0.07638175040483475, 0.5840393900871277, 0.045185066495753885
FCB072, 27, 0.10996586829423904, 0.06942376494407654, 0.5925873517990112, 0.04802916199327031
FCB072, 28, 0.11685819923877716, 0.07602252066135406, 0.5752980709075928, 0.04782887357795225
FCB072, 29, 0.14929763972759247, 0.11445734649896622, 0.508018434047699, 0.04586604710783528
FCB072, 30, 0.12110550701618195, 0.0842963457107544, 0.5699552297592163, 0.05175452651818619
FCB018, 1, 0.146924689412117, 0.10134048014879227, 0.5396339893341064, 0.04943118090049672
FCB018, 2, 0.12794268131256104, 0.08006013929843903, 0.5699676871299744, 0.04530523954494472
FCB018, 3, 0.1104121282696724, 0.06302483379840851, 0.620012104511261, 0.04362281685627303
FCB018, 4, 0.12986953556537628, 0.08234664797782898, 0.5591319799423218, 0.04466431661592694
FCB018, 5, 0.1423344910144806, 0.09463783353567123, 0.5534759163856506, 0.04766864284569781
FCB018, 6, 0.1514653116464615, 0.10489753633737564, 0.5493608117103577, 0.05103348822304118
FCB018, 7, 0.12149333208799362, 0.07161736488342285, 0.6222091317176819, 0.04750841211344336
FCB018, 8, 0.1447666883468628, 0.09839915484189987, 0.5502652525901794, 0.05019227687870534
FCB018, 9, 0.11659543216228485, 0.06670636683702469, 0.6331344842910767, 0.049711584681942
FCB018, 10, 0.12110558897256851, 0.07187776267528534, 0.6069006323814392, 0.047428296747316134
FCB018, 11, 0.13848987221717834, 0.09039779007434845, 0.5691871643066406, 0.04983175773113283
FCB018, 12, 0.1481996327638626, 0.10599209368228912, 0.5351859927177429, 0.04858996955616087
FCB018, 13, 0.11163681000471115, 0.06381861120462418, 0.623318076133728, 0.04326229770870053
FCB018, 14, 0.14463432133197784, 0.09633953869342804, 0.5570628643035889, 0.049190834802115044
FCB018, 15, 0.1368301659822464, 0.09067034721374512, 0.5658422708511353, 0.045665758692517225
FCB018, 16, 0.12891481816768646, 0.08007741719484329, 0.5781134963035583, 0.045225124178817494
FCB018, 17, 0.1237151026725769, 0.07399400323629379, 0.5843986868858337, 0.0479891043102067
FCB018, 18, 0.11703241616487503, 0.06953775882720947, 0.6047111749649048, 0.050112161512578114
FCB018, 19, 0.12424103170633316, 0.07631409913301468, 0.5896682739257812, 0.04382310527159109
FCB018, 20, 0.14358113706111908, 0.09659618139266968, 0.5263779759407043, 0.04586604710783528
FCB018, 21, 0.10115724802017212, 0.05562705546617508, 0.6249313950538635, 0.04863002723922449
FCB018, 22, 0.11215126514434814, 0.06556830555200577, 0.6252335906028748, 0.04578593174170806
FCB018, 23, 0.1224658340215683, 0.07530248910188675, 0.5815858840942383, 0.04991187309726006
FCB018, 24, 0.11744220554828644, 0.06957343965768814, 0.6192857027053833, 0.047748758211825025
FCB018, 25, 0.11753816157579422, 0.06947684288024902, 0.6139984726905823, 0.05063291139240506
FCB018, 26, 0.11643348634243011, 0.0699429139494896, 0.6099127531051636, 0.04634673930459862
FCB018, 27, 0.1322469413280487, 0.08604717254638672, 0.5625539422035217, 0.05632110238743791
FCB018, 28, 0.10998576879501343, 0.06636389344930649, 0.6407957673072815, 0.051394007370613684
FCB018, 29, 0.08767309784889221, 0.045020077377557755, 0.6760119795799255, 0.051874699567377024
FCB018, 30, 0.09693533182144165, 0.05308375135064125, 0.6434938907623291, 0.05584041019067457
FCB144, 1, 0.15418893098831177, 0.11387743800878525, 0.5088846683502197, 0.055159429578593176
FCB144, 2, 0.13809992372989655, 0.0941944271326065, 0.5619252324104309, 0.04538535491107194
FCB144, 3, 0.12260706722736359, 0.07749782502651215, 0.5984182357788086, 0.047268066015061685
FCB144, 4, 0.15485616028308868, 0.11324858665466309, 0.5259602665901184, 0.05608075628905624
FCB144, 5, 0.12693145871162415, 0.08075160533189774, 0.5679656267166138, 0.045665758692517225
FCB144, 6, 0.12506239116191864, 0.08006168156862259, 0.603100061416626, 0.044704374298990546
FCB144, 7, 0.12886057794094086, 0.08192012459039688, 0.5949181914329529, 0.048349623457779205
FCB144, 8, 0.1512051373720169, 0.10968925803899765, 0.535611629486084, 0.052475564813331196
FCB144, 9, 0.1341484636068344, 0.08806800842285156, 0.5733550786972046, 0.045024835763499436
FCB144, 10, 0.12180328369140625, 0.0755273699760437, 0.6157722473144531, 0.0449046627143086
FCB144, 11, 0.13525891304016113, 0.08834352344274521, 0.5854736566543579, 0.04762858516263419
FCB144, 12, 0.1397717148065567, 0.093342624604702, 0.5909968614578247, 0.048830315654542544
FCB144, 13, 0.1407259851694107, 0.09290174394845963, 0.5743821263313293, 0.04718795064893447
FCB144, 14, 0.14943698048591614, 0.10519704222679138, 0.5433695912361145, 0.04846979650697004
FCB144, 15, 0.13593094050884247, 0.0897788479924202, 0.60037761926651, 0.04967152699887838
FCB144, 16, 0.1417020559310913, 0.09735085815191269, 0.5579249262809753, 0.04750841211344336
FCB144, 17, 0.12566739320755005, 0.079348124563694, 0.6182724833488464, 0.04514500881269028
FCB144, 18, 0.12702576816082, 0.0797690749168396, 0.6212289333343506, 0.04907066175292421
FCB144, 19, 0.10940588265657425, 0.06324869394302368, 0.6297338604927063, 0.04654702771991668
FCB144, 20, 0.14563703536987305, 0.10006539523601532, 0.5772175788879395, 0.05363723762217593
FCB144, 21, 0.11883923411369324, 0.07371482998132706, 0.6340716481208801, 0.0435026438070822
FCB144, 22, 0.1276831179857254, 0.08319219946861267, 0.6029322147369385, 0.04895048870373338
FCB144, 23, 0.12529225647449493, 0.07904699444770813, 0.6004154086112976, 0.047908988944079474
FCB144, 24, 0.1337619572877884, 0.08895904570817947, 0.6063748002052307, 0.04702771991668002
FCB144, 25, 0.12032116949558258, 0.07796963304281235, 0.6136831641197205, 0.044223682102227206
FCB144, 26, 0.11388196796178818, 0.07145237922668457, 0.6106292605400085, 0.04538535491107194
FCB144, 27, 0.1525326669216156, 0.11524005979299545, 0.5368877053260803, 0.05371735298830316
FCB144, 28, 0.13130991160869598, 0.08958429098129272, 0.6018388867378235, 0.04506489344656305
FCB144, 29, 0.10986711084842682, 0.06788694858551025, 0.6501055955886841, 0.0473081236981253
FCB144, 30, 0.1243894100189209, 0.08386430889368057, 0.6196879744529724, 0.04810927735939753
FCB070, 1, 0.0688793808221817, 0.03008987382054329, 0.7143142223358154, 0.052956257010094536
FCB070, 2, 0.07745836675167084, 0.036637064069509506, 0.6833736896514893, 0.048189392725524756
FCB070, 3, 0.07348078489303589, 0.03232158347964287, 0.6930492520332336, 0.05279602627784009
FCB070, 4, 0.08230394870042801, 0.03972376137971878, 0.6820160150527954, 0.05335683384073065
FCB070, 5, 0.06836425513029099, 0.02888673171401024, 0.7096473574638367, 0.051233776638359235
FCB070, 6, 0.0777057558298111, 0.035965219140052795, 0.6780346035957336, 0.050112161512578114
FCB070, 7, 0.10627175867557526, 0.0626547560095787, 0.6568260192871094, 0.04766864284569781
FCB070, 8, 0.09582044184207916, 0.05080059543251991, 0.6524577140808105, 0.05143406505367729
FCB070, 9, 0.0743904784321785, 0.03433806076645851, 0.6832486987113953, 0.05411792981893927
FCB070, 10, 0.08766376227140427, 0.04237718507647514, 0.6638961434364319, 0.04959141163275116
FCB070, 11, 0.08460883051156998, 0.041120681911706924, 0.6782485246658325, 0.05067296907546868
FCB070, 12, 0.10772248357534409, 0.062117721885442734, 0.6516833305358887, 0.05127383432142285
FCB070, 13, 0.10149718821048737, 0.05518035590648651, 0.6331666707992554, 0.05095337285691395
FCB070, 14, 0.12734119594097137, 0.08091238886117935, 0.6248786449432373, 0.05636116007050152
FCB070, 15, 0.09881173819303513, 0.05313003808259964, 0.6587235331535339, 0.04794904662714308
FCB070, 16, 0.11776120960712433, 0.0739465281367302, 0.6290535926818848, 0.05035250761095978
FCB070, 17, 0.11827979236841202, 0.07239261269569397, 0.6055150628089905, 0.0517945842012498
FCB070, 18, 0.14412668347358704, 0.09696873277425766, 0.5541358590126038, 0.05339689152379427
FCB070, 19, 0.12782874703407288, 0.08134254068136215, 0.604335367679596, 0.053917641403621215
FCB070, 20, 0.08423010259866714, 0.04072734713554382, 0.6634125113487244, 0.04935106553436949
FCB070, 21, 0.0908360481262207, 0.047624390572309494, 0.664211630821228, 0.04778881589488864
FCB070, 22, 0.11135459691286087, 0.06607171148061752, 0.6402098536491394, 0.050112161512578114
FCB070, 23, 0.08815561234951019, 0.04514269158244133, 0.6693955659866333, 0.05399775676974844
FCB070, 24, 0.08919241279363632, 0.04530402645468712, 0.6797788143157959, 0.055159429578593176
FCB070, 25, 0.07469397783279419, 0.035382382571697235, 0.714041531085968, 0.050592853709341454
FCB070, 26, 0.06584542244672775, 0.02880127914249897, 0.7366178035736084, 0.05507931421246595
FCB070, 27, 0.0868622362613678, 0.04549171030521393, 0.6758608222007751, 0.052675853228649254
FCB070, 28, 0.07278531044721603, 0.0347747839987278, 0.7110657095909119, 0.05435827591732094
FCB070, 29, 0.08370356261730194, 0.04484180361032486, 0.6858994960784912, 0.05147412273674091
FCB070, 30, 0.097063347697258, 0.058719437569379807, 0.6467533111572266, 0.052635795545585645
FCB184, 1, 0.16389521956443787, 0.12192101776599884, 0.46206343173980713, 0.052996314693158145
FCB184, 2, 0.13852643966674805, 0.09528175741434097, 0.5688697099685669, 0.049791700048069217
FCB184, 3, 0.10908309370279312, 0.06365484744310379, 0.6407580971717834, 0.04398333600384554
FCB184, 4, 0.1266574263572693, 0.07958004623651505, 0.6191652417182922, 0.04510495112962666
FCB184, 5, 0.13852056860923767, 0.09215635806322098, 0.5725598335266113, 0.043582759173209425
FCB184, 6, 0.1276562511920929, 0.08088327944278717, 0.5999350547790527, 0.04826950809165198
FCB184, 7, 0.14312396943569183, 0.098668672144413, 0.5497981905937195, 0.048189392725524756
FCB184, 8, 0.10856521874666214, 0.0631863996386528, 0.6476904153823853, 0.048229450408588365
FCB184, 9, 0.1329565942287445, 0.0833517462015152, 0.5678732395172119, 0.04850985419003365
FCB184, 10, 0.1453961282968521, 0.10280010104179382, 0.5525702238082886, 0.051233776638359235
FCB184, 11, 0.1190640851855278, 0.07059145718812943, 0.608476996421814, 0.04354270149014581
FCB184, 12, 0.1365077644586563, 0.09146855026483536, 0.5826711654663086, 0.05063291139240506
FCB184, 13, 0.11533477157354355, 0.067915178835392, 0.6406823396682739, 0.04734818138118891
FCB184, 14, 0.12983089685440063, 0.08305946737527847, 0.6155489087104797, 0.04514500881269028
FCB184, 15, 0.12404573708772659, 0.07662662863731384, 0.6103589534759521, 0.04238102868130107
FCB184, 16, 0.15503442287445068, 0.11269690841436386, 0.5181026458740234, 0.049190834802115044
FCB184, 17, 0.12920068204402924, 0.0821295753121376, 0.5908509492874146, 0.04967152699887838
FCB184, 18, 0.14677825570106506, 0.10129089653491974, 0.5750386118888855, 0.05103348822304118
FCB184, 19, 0.12025202065706253, 0.07283557951450348, 0.621941328048706, 0.04117929818939273
FCB184, 20, 0.12995554506778717, 0.08262751996517181, 0.601950466632843, 0.04842973882390642
FCB184, 21, 0.13786958158016205, 0.09187717735767365, 0.5793821215629578, 0.04887037333760615
FCB184, 22, 0.1422368288040161, 0.09984029084444046, 0.5565594434738159, 0.04554558564332639
FCB184, 23, 0.13099591434001923, 0.08553572744131088, 0.568876326084137, 0.05099343053997757
FCB184, 24, 0.10472672432661057, 0.06094690039753914, 0.6511368155479431, 0.047708700528761416
FCB184, 25, 0.16755610704421997, 0.13120827078819275, 0.4478526711463928, 0.05107354590610479
FCB184, 26, 0.12629027664661407, 0.08240325003862381, 0.6116600632667542, 0.04927095016824227
FCB184, 27, 0.13036461174488068, 0.0890573039650917, 0.579168975353241, 0.05035250761095978
FCB184, 28, 0.1117224246263504, 0.06835678219795227, 0.6163725256919861, 0.04590610479089889
FCB184, 29, 0.13582365214824677, 0.09367936849594116, 0.5620952248573303, 0.053957699086684824
FCB184, 30, 0.0927271619439125, 0.05181076005101204, 0.6550096869468689, 0.04682743150136196
FCB114, 1, 0.1741536557674408, 0.12595735490322113, 0.45651865005493164, 0.05067296907546868
FCB114, 2, 0.17289718985557556, 0.1256716549396515, 0.48282742500305176, 0.05103348822304118
FCB114, 3, 0.1603134721517563, 0.11024235188961029, 0.5080162286758423, 0.04758852747957058
FCB114, 4, 0.16270138323307037, 0.11794280260801315, 0.5151858925819397, 0.05015221919564172
FCB114, 5, 0.16641518473625183, 0.12242157757282257, 0.48124706745147705, 0.05163435346899535
FCB114, 6, 0.14008867740631104, 0.0867682695388794, 0.5385042428970337, 0.0462666239384714
FCB114, 7, 0.15688571333885193, 0.11466842144727707, 0.4899190664291382, 0.049311007851305884
FCB114, 8, 0.16083203256130219, 0.11782681941986084, 0.49495941400527954, 0.0556000640922929
FCB114, 9, 0.16314029693603516, 0.11452031135559082, 0.44642913341522217, 0.054558564332639004
FCB114, 10, 0.1643165498971939, 0.1248842105269432, 0.48913294076919556, 0.05255568017945842
FCB114, 11, 0.1604088842868805, 0.11126348376274109, 0.4404405355453491, 0.05752283287934626
FCB114, 12, 0.1488530933856964, 0.09525593370199203, 0.4885304570198059, 0.05684185226726486
FCB114, 13, 0.15461614727973938, 0.11088930070400238, 0.487160325050354, 0.05151418041980452
FCB114, 14, 0.145622119307518, 0.09648137539625168, 0.5321155786514282, 0.048830315654542544
FCB114, 15, 0.15532739460468292, 0.1081346869468689, 0.4897674322128296, 0.05435827591732094
FCB114, 16, 0.16634730994701385, 0.1294131726026535, 0.4646051526069641, 0.05199487261656786
FCB114, 17, 0.14688259363174438, 0.10204640030860901, 0.532393217086792, 0.047868931261015865
FCB114, 18, 0.14738422632217407, 0.1009109690785408, 0.5387951731681824, 0.0511136035891684
FCB114, 19, 0.1356632262468338, 0.0869697779417038, 0.5362329483032227, 0.04951129626662394
FCB114, 20, 0.13489903509616852, 0.0862937718629837, 0.555220901966095, 0.047388239064252526
FCB114, 21, 0.125461146235466, 0.0770222470164299, 0.5880275368690491, 0.05163435346899535
FCB114, 22, 0.11512875556945801, 0.06731859594583511, 0.5814374089241028, 0.04622656625540779
FCB114, 23, 0.11617117375135422, 0.06734643131494522, 0.6141610741615295, 0.0479891043102067
FCB114, 24, 0.12244987487792969, 0.07470699399709702, 0.5840702056884766, 0.05115366127223201
FCB114, 25, 0.1071707010269165, 0.060210004448890686, 0.6309742331504822, 0.049311007851305884
FCB114, 26, 0.12332174181938171, 0.07896576821804047, 0.5756903290748596, 0.05147412273674091
FCB114, 27, 0.1244133934378624, 0.08393121510744095, 0.5964016318321228, 0.0517945842012498
FCB114, 28, 0.12038266658782959, 0.07917170971632004, 0.5828339457511902, 0.049311007851305884
FCB114, 29, 0.12905029952526093, 0.08924487978219986, 0.5411409139633179, 0.04987181541419644
FCB114, 30, 0.08942817151546478, 0.04807154834270477, 0.6518306732177734, 0.04975164236500561
5399671, 1, 0.1324964165687561, 0.082735076546669, 0.5685331225395203, 0.0449046627143086
5399671, 2, 0.1416606456041336, 0.092261403799057, 0.5534367561340332, 0.044704374298990546
5399671, 3, 0.13478291034698486, 0.08603363484144211, 0.5725194811820984, 0.0479891043102067
5399671, 4, 0.11607722193002701, 0.067911796271801, 0.608298122882843, 0.04430379746835443
5399671, 5, 0.12342148274183273, 0.07443427294492722, 0.5873757004737854, 0.042941836244191636
5399671, 6, 0.13196782767772675, 0.08279474824666977, 0.6064895391464233, 0.046426854670725846
5399671, 7, 0.15013433992862701, 0.1027354970574379, 0.5417218804359436, 0.04482454734818138
5399671, 8, 0.15857958793640137, 0.1112762838602066, 0.5445502996444702, 0.04895048870373338
5399671, 9, 0.1712976098060608, 0.12890085577964783, 0.48333054780960083, 0.0511136035891684
5399671, 10, 0.1112992912530899, 0.06286557018756866, 0.5988938212394714, 0.04141964428777439
5399671, 11, 0.14508387446403503, 0.09347426146268845, 0.5584564805030823, 0.044063451369972764
5399671, 12, 0.12917202711105347, 0.07974399626255035, 0.5981147289276123, 0.04157987502002884
5399671, 13, 0.12652084231376648, 0.07779215276241302, 0.5912191271781921, 0.045024835763499436
5399671, 14, 0.12611079216003418, 0.07816710323095322, 0.5989657640457153, 0.04674731613523474
5399671, 15, 0.10723128914833069, 0.060524314641952515, 0.6198817491531372, 0.042661432462746354
5399671, 16, 0.14491982758045197, 0.09434158354997635, 0.585132896900177, 0.05275596859477648
5399671, 17, 0.15841159224510193, 0.10932853817939758, 0.5117640495300293, 0.044383912834481655
5399671, 18, 0.11755284667015076, 0.06902153044939041, 0.6323631405830383, 0.040898894407947445
5399671, 19, 0.14706765115261078, 0.1012653112411499, 0.5626739263534546, 0.0473081236981253
5399671, 20, 0.15220852196216583, 0.10734139382839203, 0.5455065965652466, 0.048229450408588365
5399671, 21, 0.12507697939872742, 0.07672755420207977, 0.6044473648071289, 0.04430379746835443
5399671, 22, 0.1607837975025177, 0.11713087558746338, 0.5188548564910889, 0.05083319980772312
5399671, 23, 0.13755539059638977, 0.09117996692657471, 0.5907866954803467, 0.04758852747957058
5399671, 24, 0.13687142729759216, 0.09023226052522659, 0.5653978586196899, 0.048830315654542544
5399671, 25, 0.13794903457164764, 0.091621033847332, 0.5646703839302063, 0.04354270149014581
5399671, 26, 0.15664789080619812, 0.11723605543375015, 0.4951421022415161, 0.04983175773113283
5399671, 27, 0.1340201497077942, 0.09124486893415451, 0.561830461025238, 0.0449046627143086
5399671, 28, 0.12284920364618301, 0.07685334980487823, 0.6005967259407043, 0.044704374298990546
5399671, 29, 0.10163930803537369, 0.06048394367098808, 0.6226500272750854, 0.04338247075789136
5399671, 30, 0.1477670669555664, 0.10949568450450897, 0.5264982581138611, 0.047268066015061685
FCB187, 1, 0.10875695943832397, 0.06208992004394531, 0.613530158996582, 0.04850985419003365
FCB187, 2, 0.09102219343185425, 0.046548690646886826, 0.6659749150276184, 0.048229450408588365
FCB187, 3, 0.07602526992559433, 0.03527604788541794, 0.7006458044052124, 0.04943118090049672
FCB187, 4, 0.08118157833814621, 0.036449678242206573, 0.7040469646453857, 0.05527960262778401
FCB187, 5, 0.08313503861427307, 0.038665253669023514, 0.6993216276168823, 0.052515622496394805
FCB187, 6, 0.08766582608222961, 0.04262053966522217, 0.6651453375816345, 0.046426854670725846
FCB187, 7, 0.08772759884595871, 0.04297183081507683, 0.6870542168617249, 0.04842973882390642
FCB187, 8, 0.08083222806453705, 0.0372556671500206, 0.7011190056800842, 0.0511136035891684
FCB187, 9, 0.0960555300116539, 0.04864327237010002, 0.6677387356758118, 0.04846979650697004
FCB187, 10, 0.09874513000249863, 0.052721161395311356, 0.6524651050567627, 0.04838968114084281
FCB187, 11, 0.0974549949169159, 0.05036579817533493, 0.6440846920013428, 0.04959141163275116
FCB187, 12, 0.1252327561378479, 0.084465891122818, 0.5542854070663452, 0.05055279602627784
FCB187, 13, 0.11927355080842972, 0.07406787574291229, 0.6146345138549805, 0.05287614164396731
FCB187, 14, 0.11172156035900116, 0.06590012460947037, 0.6205253601074219, 0.0490306040698606
FCB187, 15, 0.1024831235408783, 0.05508171021938324, 0.6567041873931885, 0.04951129626662394
FCB187, 16, 0.10339146852493286, 0.056475427001714706, 0.654043972492218, 0.04682743150136196
FCB187, 17, 0.12773284316062927, 0.0830037072300911, 0.559836208820343, 0.05335683384073065
FCB187, 18, 0.12114204466342926, 0.0747235119342804, 0.5731033086776733, 0.04806921967633392
FCB187, 19, 0.10867123305797577, 0.06346100568771362, 0.6427893042564392, 0.05095337285691395
FCB187, 20, 0.10876170545816422, 0.06300495564937592, 0.6241424083709717, 0.047268066015061685
FCB187, 21, 0.11117804795503616, 0.06570596247911453, 0.6173546314239502, 0.05303637237622176
FCB187, 22, 0.10635862499475479, 0.06014237925410271, 0.6230464577674866, 0.04722800833199808
FCB187, 23, 0.09318920969963074, 0.04752131178975105, 0.6400578618049622, 0.04494472039737222
FCB187, 24, 0.08271624892950058, 0.03835068270564079, 0.685345470905304, 0.048189392725524756
FCB187, 25, 0.10799919068813324, 0.06300512701272964, 0.6327552199363708, 0.051193718955295626
FCB187, 26, 0.11270399391651154, 0.06899991631507874, 0.6191754937171936, 0.050592853709341454
FCB187, 27, 0.09419938921928406, 0.05146965757012367, 0.6520212292671204, 0.05271591091171287
FCB187, 28, 0.11292551457881927, 0.06778103113174438, 0.6052818298339844, 0.050753084441595896
FCB187, 29, 0.0969356894493103, 0.05332834646105766, 0.6415121555328369, 0.0462666239384714
FCB187, 30, 0.08114038407802582, 0.039628904312849045, 0.6969137191772461, 0.05323666079153982
1034065, 1, 0.14694130420684814, 0.10244724154472351, 0.5216216444969177, 0.048710142605351704
1034065, 2, 0.10427836328744888, 0.05403078347444534, 0.6277989745140076, 0.04558564332639
1034065, 3, 0.11446788161993027, 0.0636395812034607, 0.6057375073432922, 0.04466431661592694
1034065, 4, 0.11865410953760147, 0.06766808778047562, 0.59065842628479, 0.04842973882390642
1034065, 5, 0.1366555094718933, 0.0879276692867279, 0.5556214451789856, 0.04670725845217113
1034065, 6, 0.15080314874649048, 0.09939077496528625, 0.5310007333755493, 0.049711584681942
1034065, 7, 0.16232074797153473, 0.12088963389396667, 0.504200279712677, 0.055640121775356516
1034065, 8, 0.14381949603557587, 0.09524856507778168, 0.5472418665885925, 0.04983175773113283
1034065, 9, 0.1248171478509903, 0.07460352033376694, 0.5861501693725586, 0.048670084922288095
1034065, 10, 0.11863350868225098, 0.0703178122639656, 0.5932255387306213, 0.04081877904182022
1034065, 11, 0.12431506812572479, 0.07236820459365845, 0.6087519526481628, 0.04650697003685307
1034065, 12, 0.12070322781801224, 0.07120677828788757, 0.6083269119262695, 0.04983175773113283
1034065, 13, 0.1400172859430313, 0.09282583743333817, 0.559120774269104, 0.052675853228649254
1034065, 14, 0.13097164034843445, 0.08343084901571274, 0.590065598487854, 0.053116487742348985
1034065, 15, 0.12382002174854279, 0.07266800850629807, 0.604212760925293, 0.04987181541419644
1034065, 16, 0.11869373172521591, 0.07092254608869553, 0.6060525178909302, 0.04542541259413556
1034065, 17, 0.11312323063611984, 0.06328249722719193, 0.6146982312202454, 0.047708700528761416
1034065, 18, 0.11975181847810745, 0.07056643068790436, 0.597716212272644, 0.052996314693158145
1034065, 19, 0.11781179904937744, 0.07109744846820831, 0.612818717956543, 0.052155103348822306
1034065, 20, 0.12528963387012482, 0.07935589551925659, 0.5636264681816101, 0.0528360839609037
1034065, 21, 0.10804681479930878, 0.06281068176031113, 0.614478349685669, 0.047268066015061685
1034065, 22, 0.09658461064100266, 0.05188022553920746, 0.647101104259491, 0.04858996955616087
1034065, 23, 0.09239781647920609, 0.04711725190281868, 0.6508024334907532, 0.049951930780323665
1034065, 24, 0.0989142507314682, 0.05443507432937622, 0.6289395093917847, 0.05175452651818619
1034065, 25, 0.09821116179227829, 0.05470823869109154, 0.6287208795547485, 0.048349623457779205
1034065, 26, 0.10643302649259567, 0.061656344681978226, 0.6170805096626282, 0.050392565294023396
1034065, 27, 0.09582806378602982, 0.052784088999032974, 0.6499824523925781, 0.04782887357795225
1034065, 28, 0.11534714698791504, 0.0741364136338234, 0.5664641261100769, 0.04718795064893447
1034065, 29, 0.08396544307470322, 0.04323628917336464, 0.6589815616607666, 0.05327671847460343
1034065, 30, 0.11112872511148453, 0.06851086020469666, 0.595687210559845, 0.05147412273674091
5285133, 1, 0.10639119148254395, 0.06403200328350067, 0.5879881978034973, 0.04806921967633392
5285133, 2, 0.13486866652965546, 0.08936412632465363, 0.5754698514938354, 0.0500721038295145
5285133, 3, 0.13601632416248322, 0.09285339713096619, 0.5784431099891663, 0.054398333600384555
5285133, 4, 0.1094639003276825, 0.06621196866035461, 0.6319365501403809, 0.053156545425412594
5285133, 5, 0.10649164021015167, 0.06167663633823395, 0.6155000925064087, 0.04722800833199808
5285133, 6, 0.12140656262636185, 0.07934670150279999, 0.5721983313560486, 0.046627143086043904
5285133, 7, 0.11458326131105423, 0.07073099166154861, 0.6140708327293396, 0.04542541259413556
5285133, 8, 0.09576290100812912, 0.05238207057118416, 0.605450451374054, 0.04746835443037975
5285133, 9, 0.09888377040624619, 0.05548779293894768, 0.6429149508476257, 0.04718795064893447
5285133, 10, 0.10739118605852127, 0.06239384040236473, 0.6016045212745667, 0.04927095016824227
5285133, 11, 0.09116503596305847, 0.04753143712878227, 0.6331628561019897, 0.050112161512578114
5285133, 12, 0.07542520016431808, 0.03532098978757858, 0.6707023978233337, 0.05307643005928537
5285133, 13, 0.10679307579994202, 0.06251390278339386, 0.6210103034973145, 0.05023233456176895
5285133, 14, 0.13072776794433594, 0.08589430898427963, 0.5899105668067932, 0.05435827591732094
5285133, 15, 0.1259993314743042, 0.0801219642162323, 0.5715615749359131, 0.05175452651818619
5285133, 16, 0.13354766368865967, 0.08758939057588577, 0.5807629227638245, 0.054718795064893445
5285133, 17, 0.12929505109786987, 0.0854400172829628, 0.5838421583175659, 0.059205255568017943
5285133, 18, 0.1122705340385437, 0.06642305850982666, 0.626708984375, 0.05383752603749399
5285133, 19, 0.1242150142788887, 0.08179791271686554, 0.5693140029907227, 0.049471238583560326
5285133, 20, 0.12418439239263535, 0.08170934021472931, 0.5883150100708008, 0.05672167921807403
5285133, 21, 0.10898660123348236, 0.06436815112829208, 0.6016231775283813, 0.047908988944079474
5285133, 22, 0.10815735906362534, 0.06369137018918991, 0.6076251268386841, 0.05103348822304118
5285133, 23, 0.12187663465738297, 0.07858657836914062, 0.5808044075965881, 0.04606633552315334
5285133, 24, 0.11981718242168427, 0.07705655694007874, 0.5970926284790039, 0.049150777119051435
5285133, 25, 0.09997321665287018, 0.057657018303871155, 0.6581771373748779, 0.05163435346899535
5285133, 26, 0.09117089211940765, 0.04916137829422951, 0.6383501887321472, 0.048189392725524756
5285133, 27, 0.11715012043714523, 0.07808943837881088, 0.570921003818512, 0.048990546386796986
5285133, 28, 0.11657357960939407, 0.07428200542926788, 0.5751731991767883, 0.05019227687870534
5285133, 29, 0.07252586632966995, 0.03473149240016937, 0.6818723082542419, 0.05415798750200288
5285133, 30, 0.08897949755191803, 0.04967130348086357, 0.6588427424430847, 0.05736260214709181
