Epoch, Train_loss, Val_loss, SSIM, MSE, MAE
1, 0.45380188551816075, 0.3959568738937378, 0.007286909967660904, 0.3959568738937378, 0.437993586063385
2, 0.2568024069070816, 0.24430809915065765, 0.011651063337922096, 0.24430809915065765, 0.3811686933040619
3, 0.1880409126931971, 0.15349902212619781, 0.016720997169613838, 0.15349902212619781, 0.3100377917289734
4, 0.11768171719529412, 0.08006108552217484, 0.02548724040389061, 0.08006108552217484, 0.21898090839385986
5, 0.04523452218960632, 0.026852697134017944, 0.04615984112024307, 0.026852697134017944, 0.11371337622404099
6, 0.01903684985908595, 0.015579798258841038, 0.11056726425886154, 0.015579798258841038, 0.07192351669073105
7, 0.01402234330096028, 0.013560489751398563, 0.25813889503479004, 0.013560489751398563, 0.06081463024020195
8, 0.01241910501637242, 0.012400954961776733, 0.3453632593154907, 0.012400954961776733, 0.05530214309692383
9, 0.011479843001474034, 0.01166954543441534, 0.4606134295463562, 0.01166954543441534, 0.051787298172712326
10, 0.010706304386258126, 0.010930018499493599, 0.49767592549324036, 0.010930018499493599, 0.04936637356877327
11, 0.010012018054046414, 0.01019358728080988, 0.5423955321311951, 0.01019358728080988, 0.04697722941637039
12, 0.009470905753021891, 0.009457389824092388, 0.5697837471961975, 0.009457389824092388, 0.04530010744929314
13, 0.00884300045330416, 0.009177071042358875, 0.5695600509643555, 0.009177071042358875, 0.04488852247595787
14, 0.008288028014993126, 0.008946237154304981, 0.5708702206611633, 0.008946237154304981, 0.044519804418087006
15, 0.007944255533882163, 0.008126355707645416, 0.6067327857017517, 0.008126355707645416, 0.041482243686914444
16, 0.007512909300963987, 0.007708526216447353, 0.6236670613288879, 0.007708526216447353, 0.040273770689964294
17, 0.007269100040536035, 0.007601706311106682, 0.6259185075759888, 0.007601706311106682, 0.039840325713157654
18, 0.007064394983039661, 0.007382517214864492, 0.629866361618042, 0.007382517214864492, 0.039457909762859344
19, 0.0068155829032713715, 0.007689299527555704, 0.6168248653411865, 0.007689299527555704, 0.04078676924109459
20, 0.00667427091605284, 0.007212855387479067, 0.6499747037887573, 0.007212855387479067, 0.03931389003992081
21, 0.006517099851573055, 0.0069008031859993935, 0.6519526243209839, 0.0069008031859993935, 0.03782608360052109
22, 0.0063733457164330915, 0.006832091137766838, 0.6506223678588867, 0.006832091137766838, 0.03743166849017143
23, 0.006244036936285821, 0.006771991495043039, 0.654695987701416, 0.006771991495043039, 0.037521857768297195
24, 0.006086465733295137, 0.006495090201497078, 0.6664998531341553, 0.006495090201497078, 0.036449164152145386
25, 0.0059252676300027155, 0.006516983266919851, 0.6709032654762268, 0.006516983266919851, 0.036772724241018295
26, 0.005825900261036374, 0.006345951929688454, 0.6731415390968323, 0.006345951929688454, 0.036209601908922195
27, 0.005761160709979859, 0.0062257349491119385, 0.6731054782867432, 0.0062257349491119385, 0.0357380248606205
28, 0.005607954810627482, 0.006051907781511545, 0.680213451385498, 0.006051907781511545, 0.034989506006240845
29, 0.005520895809273828, 0.006141672842204571, 0.6778797507286072, 0.006141672842204571, 0.0355243980884552
30, 0.005442508835006844, 0.0059402878396213055, 0.6833226084709167, 0.0059402878396213055, 0.03480467200279236
31, 0.00531287474388426, 0.00595862278714776, 0.6873458027839661, 0.00595862278714776, 0.03491407632827759
32, 0.0052511964670636435, 0.006260098423808813, 0.6721398830413818, 0.006260098423808813, 0.036637309938669205
33, 0.0052132344974035565, 0.005798122379928827, 0.6847355961799622, 0.005798122379928827, 0.03457389771938324
34, 0.005108874934640797, 0.005604614038020372, 0.6946247220039368, 0.005604614038020372, 0.03356960415840149
35, 0.005040985913100568, 0.005765479523688555, 0.6937113404273987, 0.005765479523688555, 0.03411172702908516
36, 0.004991566660729321, 0.005560846999287605, 0.7035353183746338, 0.005560846999287605, 0.03349943831562996
37, 0.004875441259619864, 0.005479780025780201, 0.703083336353302, 0.005479780025780201, 0.033000536262989044
38, 0.0048289023170417006, 0.0054641468450427055, 0.7052062153816223, 0.0054641468450427055, 0.03295918554067612
39, 0.0047911118292673065, 0.005442088004201651, 0.7020704746246338, 0.005442088004201651, 0.033026520162820816
40, 0.004696165126833049, 0.005345652811229229, 0.706551730632782, 0.005345652811229229, 0.03281368315219879
41, 0.004650693776255304, 0.005483814049512148, 0.7058059573173523, 0.005483814049512148, 0.033365584909915924
42, 0.004556463142348962, 0.005272295325994492, 0.7115809917449951, 0.005272295325994492, 0.032541316002607346
43, 0.004554815268652005, 0.0053748940117657185, 0.7092892527580261, 0.0053748940117657185, 0.032910559326410294
44, 0.004513492511416023, 0.0052107349038124084, 0.7133547067642212, 0.0052107349038124084, 0.03234563022851944
45, 0.00437458727339452, 0.005084695294499397, 0.7178913950920105, 0.005084695294499397, 0.03192823752760887
46, 0.0043463593602857805, 0.005163970869034529, 0.7161720395088196, 0.005163970869034529, 0.03233419358730316
47, 0.004296640128913251, 0.0052205347456038, 0.7086941003799438, 0.0052205347456038, 0.032916996628046036
48, 0.00429483459923755, 0.005079880356788635, 0.718673825263977, 0.005079880356788635, 0.03186037018895149
49, 0.004212191235274077, 0.005024142097681761, 0.7215854525566101, 0.005024142097681761, 0.03158959001302719
50, 0.0041832070543684746, 0.005170838907361031, 0.7190381288528442, 0.005170838907361031, 0.03233523666858673
51, 0.00414801675572314, 0.0049928585067391396, 0.7259618639945984, 0.0049928585067391396, 0.03141087293624878
52, 0.004150474317033182, 0.004808835219591856, 0.7282968163490295, 0.004808835219591856, 0.03084845282137394
53, 0.0040463442617858, 0.004847236443310976, 0.7274153828620911, 0.004847236443310976, 0.030925747007131577
54, 0.004030690308321606, 0.004881199449300766, 0.7255592942237854, 0.004881199449300766, 0.031238015741109848
55, 0.0039892110042274, 0.004866091534495354, 0.7294082045555115, 0.004866091534495354, 0.031068937852978706
56, 0.003990193629976023, 0.004925146233290434, 0.7284448742866516, 0.004925146233290434, 0.03144364431500435
57, 0.003954647794704546, 0.004916479345411062, 0.7311392426490784, 0.004916479345411062, 0.03136119246482849
58, 0.003916870794174346, 0.0047562806867063046, 0.7331356406211853, 0.0047562806867063046, 0.03068823553621769
59, 0.003869699873030186, 0.004777736496180296, 0.7347987294197083, 0.004777736496180296, 0.030766595155000687
60, 0.003852030901576985, 0.004705464467406273, 0.7354177832603455, 0.004705464467406273, 0.030367659404873848
61, 0.003829450092532418, 0.0047029368579387665, 0.7366943359375, 0.0047029368579387665, 0.03036048263311386
62, 0.003831708926538175, 0.005035715643316507, 0.7232404351234436, 0.005035715643316507, 0.03244856745004654
63, 0.0037846719338135285, 0.004740597680211067, 0.736772894859314, 0.004740597680211067, 0.03066869080066681
64, 0.0037314286751841956, 0.004605695139616728, 0.742057740688324, 0.004605695139616728, 0.030051786452531815
65, 0.003681026445701718, 0.00468321843072772, 0.739306628704071, 0.00468321843072772, 0.030487271025776863
66, 0.003692734156819907, 0.004628034308552742, 0.7394409775733948, 0.004628034308552742, 0.030389051884412766
67, 0.0036214846186339855, 0.004501559771597385, 0.7412958145141602, 0.004501559771597385, 0.02994108758866787
68, 0.003600071874362501, 0.004584067035466433, 0.7439377903938293, 0.004584067035466433, 0.029959755018353462
69, 0.003592547325586731, 0.004646698944270611, 0.7407603859901428, 0.004646698944270611, 0.030377283692359924
70, 0.0035396689718419855, 0.004566000774502754, 0.7422752976417542, 0.004566000774502754, 0.030053045600652695
71, 0.0035267769697714937, 0.00450134789571166, 0.7452258467674255, 0.00450134789571166, 0.029863372445106506
72, 0.0034947101958096027, 0.004452371504157782, 0.7452689409255981, 0.004452371504157782, 0.02966967597603798
73, 0.003448114891282537, 0.004609923344105482, 0.74216228723526, 0.004609923344105482, 0.030370302498340607
74, 0.0034645037894899195, 0.004432401619851589, 0.7468814849853516, 0.004432401619851589, 0.02969449758529663
75, 0.0034076035827059637, 0.004598258528858423, 0.7439109683036804, 0.004598258528858423, 0.030484996736049652
76, 0.0033889063633978367, 0.004621595609933138, 0.7460628747940063, 0.004621595609933138, 0.030366184189915657
77, 0.0033705347556282172, 0.0044532958418130875, 0.7461423277854919, 0.0044532958418130875, 0.029757540673017502
78, 0.0033393566835333, 0.004396895412355661, 0.7507669925689697, 0.004396895412355661, 0.02942512556910515
79, 0.0033456681211563675, 0.004402834456413984, 0.7469492554664612, 0.004402834456413984, 0.02957790158689022
80, 0.0033363665411756797, 0.0043844315223395824, 0.7527447938919067, 0.0043844315223395824, 0.029378216713666916
81, 0.003288572480563413, 0.004501722287386656, 0.749061644077301, 0.004501722287386656, 0.029800022020936012
82, 0.0032842378767037935, 0.004344066139310598, 0.752688467502594, 0.004344066139310598, 0.029223386198282242
83, 0.0032596675848419014, 0.004365671891719103, 0.7495380640029907, 0.004365671891719103, 0.029307251796126366
84, 0.003237418792295185, 0.004346858244389296, 0.7533620595932007, 0.004346858244389296, 0.0292388703674078
85, 0.003213373241438107, 0.00434358324855566, 0.7535495162010193, 0.00434358324855566, 0.029349615797400475
86, 0.003254176629707217, 0.004313184414058924, 0.7541330456733704, 0.004313184414058924, 0.029125703498721123
87, 0.0031868327324363318, 0.0042958492413163185, 0.7523581385612488, 0.0042958492413163185, 0.029200758785009384
88, 0.0031733406368981707, 0.004460758529603481, 0.7520058751106262, 0.004460758529603481, 0.029778603464365005
89, 0.003173580596392805, 0.004429248161613941, 0.7525497078895569, 0.004429248161613941, 0.029519887641072273
90, 0.0031383758622475647, 0.004458589479327202, 0.7455479502677917, 0.004458589479327202, 0.030087674036622047
91, 0.003130012238398194, 0.004679866600781679, 0.7421851754188538, 0.004679866600781679, 0.03091629035770893
92, 0.003117320453748107, 0.004406443331390619, 0.7546944618225098, 0.004406443331390619, 0.02925698831677437
93, 0.003099324041977525, 0.004281492903828621, 0.7498962879180908, 0.004281492903828621, 0.02936413884162903
94, 0.0030590577008710665, 0.00449116388335824, 0.7524015307426453, 0.00449116388335824, 0.02980530448257923
95, 0.0030479355080222544, 0.004276934079825878, 0.7578557729721069, 0.004276934079825878, 0.02887536957859993
96, 0.003007335372438485, 0.004225133918225765, 0.7608506083488464, 0.004225133918225765, 0.028743542730808258
97, 0.0029926321088251744, 0.004168316721916199, 0.7614203691482544, 0.004168316721916199, 0.028467008844017982
98, 0.0029933864208446306, 0.004385669715702534, 0.7591657638549805, 0.004385669715702534, 0.029469478875398636
99, 0.0029850792478431356, 0.004259970970451832, 0.7607412338256836, 0.004259970970451832, 0.028742648661136627
100, 0.002986990829760378, 0.0043481141328811646, 0.7579700946807861, 0.0043481141328811646, 0.02936457470059395
101, 0.0029646825468675657, 0.004222344607114792, 0.7596989870071411, 0.004222344607114792, 0.02876349911093712
102, 0.0029362818818878043, 0.0043360511772334576, 0.7582769393920898, 0.0043360511772334576, 0.029063530266284943
103, 0.0029225531372834334, 0.004258080385625362, 0.7534153461456299, 0.004258080385625362, 0.029183289036154747
104, 0.002895000818270174, 0.004125822335481644, 0.7659551501274109, 0.004125822335481644, 0.02818486839532852
105, 0.002902408071200956, 0.004257436376065016, 0.7593792080879211, 0.004257436376065016, 0.028788423165678978
106, 0.002886449465189468, 0.004201272502541542, 0.7627751231193542, 0.004201272502541542, 0.02853473834693432
107, 0.002868431789631193, 0.004286668729037046, 0.7600436210632324, 0.004286668729037046, 0.02901126630604267
108, 0.0028488668655468658, 0.004253515973687172, 0.7636996507644653, 0.004253515973687172, 0.028918754309415817
109, 0.0028459216849031775, 0.00427352637052536, 0.761429488658905, 0.00427352637052536, 0.02888335846364498
110, 0.0028796673498370433, 0.0043275379575788975, 0.7628710269927979, 0.0043275379575788975, 0.029160350561141968
111, 0.002818218335001306, 0.0042380341328680515, 0.7641231417655945, 0.0042380341328680515, 0.028666676953434944
112, 0.002792606557804075, 0.00418630987405777, 0.7645455002784729, 0.00418630987405777, 0.02849489264190197
113, 0.002808079711923545, 0.004276170860975981, 0.7643152475357056, 0.004276170860975981, 0.028892342001199722
114, 0.0027683143969625236, 0.004165906924754381, 0.7678924798965454, 0.004165906924754381, 0.028254754841327667
115, 0.0027667037084360014, 0.004397396929562092, 0.7610512375831604, 0.004397396929562092, 0.029293127357959747
116, 0.0027729101690717717, 0.004204913508147001, 0.7649495005607605, 0.004204913508147001, 0.02847360074520111
117, 0.0027357872702520004, 0.004375595599412918, 0.7634122371673584, 0.004375595599412918, 0.029327034950256348
118, 0.002727994822304357, 0.0042250389233231544, 0.7641682028770447, 0.0042250389233231544, 0.02871096320450306
119, 0.002723394812677394, 0.004222075920552015, 0.7676076292991638, 0.004222075920552015, 0.028723284602165222
120, 0.0026948865799402647, 0.00428602984175086, 0.7643861770629883, 0.00428602984175086, 0.02867978997528553
121, 0.0027010557284070686, 0.004205856006592512, 0.7655898928642273, 0.004205856006592512, 0.028359318152070045
122, 0.002656857474622401, 0.004237322602421045, 0.7672316431999207, 0.004237322602421045, 0.028556184843182564
123, 0.002676068204031749, 0.004258406814187765, 0.7669464349746704, 0.004258406814187765, 0.028568880632519722
124, 0.002679369683292779, 0.004196230322122574, 0.7673041820526123, 0.004196230322122574, 0.028346490114927292
125, 0.002665113158185374, 0.004256696440279484, 0.7672794461250305, 0.004256696440279484, 0.02878909930586815
126, 0.0026426564605737273, 0.004363450687378645, 0.7580922245979309, 0.004363450687378645, 0.029124027118086815
127, 0.002614663520150564, 0.004115405026823282, 0.7696332335472107, 0.004115405026823282, 0.02804277464747429
128, 0.0025941126175563446, 0.0042990222573280334, 0.7587894797325134, 0.0042990222573280334, 0.029058219864964485
129, 0.0026037491011348638, 0.004217100795358419, 0.7681578993797302, 0.004217100795358419, 0.02834043838083744
130, 0.0026024721732193774, 0.004179125651717186, 0.7703761458396912, 0.004179125651717186, 0.028148947283625603
131, 0.0025830879849805073, 0.004126508720219135, 0.772301197052002, 0.004126508720219135, 0.027928665280342102
132, 0.0025615550789304755, 0.004214491229504347, 0.7689812183380127, 0.004214491229504347, 0.028407305479049683
133, 0.0025599913248284295, 0.004166983067989349, 0.7707560658454895, 0.004166983067989349, 0.02818956784904003
134, 0.002555195496163585, 0.004205380566418171, 0.7711231112480164, 0.004205380566418171, 0.028271695598959923
135, 0.002510562843897126, 0.004413057584315538, 0.7639846205711365, 0.004413057584315538, 0.028552070260047913
136, 0.0025193660223687235, 0.004191230051219463, 0.7720096111297607, 0.004191230051219463, 0.028199849650263786
137, 0.0025215651204978876, 0.004293298348784447, 0.7691367268562317, 0.004293298348784447, 0.028663156554102898
138, 0.002522569052367048, 0.0041916584596037865, 0.7724472284317017, 0.0041916584596037865, 0.02808818221092224
139, 0.002520706978711215, 0.0042597162537276745, 0.7721132040023804, 0.0042597162537276745, 0.028381604701280594
140, 0.002508223336189985, 0.004165084566920996, 0.771568775177002, 0.004165084566920996, 0.028087938204407692
141, 0.0024821158329194244, 0.0042310371063649654, 0.7668218016624451, 0.0042310371063649654, 0.028553057461977005
142, 0.0024543858979913322, 0.004166234750300646, 0.773233950138092, 0.004166234750300646, 0.02800644189119339
143, 0.0024685993494296616, 0.004326199181377888, 0.7645530700683594, 0.004326199181377888, 0.02927691675722599
144, 0.002438117123462937, 0.004142691381275654, 0.7746370434761047, 0.004142691381275654, 0.027965307235717773
145, 0.002436952872879126, 0.00417627627030015, 0.7747146487236023, 0.00417627627030015, 0.027970947325229645
146, 0.002419090855189345, 0.004130800720304251, 0.7744131088256836, 0.004130800720304251, 0.02787093073129654
147, 0.0024377423846586184, 0.0041603464633226395, 0.7753707766532898, 0.0041603464633226395, 0.02793324552476406
148, 0.0024124182887714017, 0.004361834842711687, 0.7647943496704102, 0.004361834842711687, 0.028897589072585106
149, 0.0023901754736223003, 0.004252544604241848, 0.7728878259658813, 0.004252544604241848, 0.028255123645067215
150, 0.002404593341899189, 0.004354384727776051, 0.7721930742263794, 0.004354384727776051, 0.02867046184837818
151, 0.002372817775573243, 0.004168039653450251, 0.7771241664886475, 0.004168039653450251, 0.02792334370315075
152, 0.0023847506804899735, 0.00427668122574687, 0.7741308808326721, 0.00427668122574687, 0.02847433276474476
153, 0.002352995734492486, 0.004228881094604731, 0.7746957540512085, 0.004228881094604731, 0.028060106560587883
154, 0.002396754945882342, 0.004316877573728561, 0.7733209133148193, 0.004316877573728561, 0.028524944558739662
155, 0.002359681474891576, 0.004168765153735876, 0.7771482467651367, 0.004168765153735876, 0.027821576222777367
156, 0.0023371283007277686, 0.004582504741847515, 0.7655459642410278, 0.004582504741847515, 0.02969985269010067
157, 0.0023180135398764502, 0.00429229810833931, 0.7730168700218201, 0.00429229810833931, 0.028409169986844063
158, 0.00233785252679478, 0.004290496930480003, 0.7750283479690552, 0.004290496930480003, 0.028299016878008842
159, 0.0023197649978101255, 0.0042073605582118034, 0.775485634803772, 0.0042073605582118034, 0.02804008685052395
160, 0.0023255978753282266, 0.004056201316416264, 0.7780581116676331, 0.004056201316416264, 0.027562042698264122
161, 0.002286988247016614, 0.00413109315559268, 0.7775787115097046, 0.00413109315559268, 0.027798371389508247
162, 0.0022906278090720827, 0.0042035747319459915, 0.7752048969268799, 0.0042035747319459915, 0.02806549333035946
163, 0.0022981533738361164, 0.00407820101827383, 0.7773094177246094, 0.00407820101827383, 0.02760348469018936
164, 0.002269867934625257, 0.0042502121068537235, 0.7746608257293701, 0.0042502121068537235, 0.028145775198936462
165, 0.0022660815791988916, 0.00419920077547431, 0.7764577269554138, 0.00419920077547431, 0.027801213786005974
166, 0.0022640573368831116, 0.004151752684265375, 0.7784805297851562, 0.004151752684265375, 0.027731215581297874
167, 0.0022697519637982955, 0.004312189761549234, 0.7757381796836853, 0.004312189761549234, 0.028375744819641113
168, 0.002222612915052609, 0.004305202979594469, 0.7677929401397705, 0.004305202979594469, 0.028781244531273842
169, 0.0022126352753151545, 0.004188428167253733, 0.7768197059631348, 0.004188428167253733, 0.02799537405371666
170, 0.002218951907178218, 0.004235509783029556, 0.7765577435493469, 0.004235509783029556, 0.02822096087038517
171, 0.0022251882844350553, 0.004251445643603802, 0.7744329571723938, 0.004251445643603802, 0.02835940197110176
172, 0.0022033692337572576, 0.0043915510177612305, 0.7696463465690613, 0.0043915510177612305, 0.02898811176419258
173, 0.0021925624417649075, 0.004320824984461069, 0.7709943652153015, 0.004320824984461069, 0.028735455125570297
174, 0.0021911475722762672, 0.004177052062004805, 0.778598427772522, 0.004177052062004805, 0.027864908799529076
175, 0.002194242905402048, 0.00409028772264719, 0.7800250053405762, 0.00409028772264719, 0.027545487508177757
176, 0.002161931153386831, 0.0045045106671750546, 0.7625170350074768, 0.0045045106671750546, 0.02971792407333851
177, 0.002155203306624158, 0.0041507878340780735, 0.7784866094589233, 0.0041507878340780735, 0.027609357610344887
178, 0.0021460706495087254, 0.004221770446747541, 0.7791638970375061, 0.004221770446747541, 0.027973594143986702
179, 0.0021341285625980657, 0.0041567361913621426, 0.7798628807067871, 0.0041567361913621426, 0.02766350843012333
180, 0.0021308340682563457, 0.004181085620075464, 0.7793362140655518, 0.004181085620075464, 0.027907973155379295
181, 0.0021553469821810724, 0.004148833453655243, 0.7791996002197266, 0.004148833453655243, 0.02775612659752369
182, 0.002110617432150651, 0.004220988601446152, 0.7777783274650574, 0.004220988601446152, 0.027886487543582916
183, 0.002131060189144178, 0.004211665131151676, 0.7781069874763489, 0.004211665131151676, 0.02767416462302208
184, 0.0021197500342333858, 0.00422049593180418, 0.7802634835243225, 0.00422049593180418, 0.02762511931359768
185, 0.0020852870794690467, 0.004167030565440655, 0.7806556224822998, 0.004167030565440655, 0.027553437277674675
186, 0.0021037851883606478, 0.00415382906794548, 0.7817102670669556, 0.00415382906794548, 0.02756374143064022
187, 0.00209131436210803, 0.004145342390984297, 0.7796781063079834, 0.004145342390984297, 0.027662931010127068
188, 0.002092515450732952, 0.0041123260743916035, 0.781764805316925, 0.0041123260743916035, 0.027518730610609055
189, 0.0020707964346828784, 0.004287493880838156, 0.7765783667564392, 0.004287493880838156, 0.028101183474063873
190, 0.0020691900090737776, 0.0045700217597186565, 0.7706083059310913, 0.0045700217597186565, 0.02934849075973034
191, 0.002093009318394417, 0.004161563701927662, 0.7793996334075928, 0.004161563701927662, 0.027581429108977318
192, 0.002046105011620305, 0.0043287998996675014, 0.7750523090362549, 0.0043287998996675014, 0.028473755344748497
193, 0.0020633034958419476, 0.004322572145611048, 0.7787097692489624, 0.004322572145611048, 0.028159793466329575
194, 0.0020350888244469057, 0.0041155568324029446, 0.7819362878799438, 0.0041155568324029446, 0.027349410578608513
195, 0.0020306972448121416, 0.004514752887189388, 0.7740252017974854, 0.004514752887189388, 0.028111180290579796
196, 0.0020406462738967756, 0.004404118750244379, 0.7741021513938904, 0.004404118750244379, 0.02798152156174183
197, 0.002030056513930586, 0.0041352370753884315, 0.7817374467849731, 0.0041352370753884315, 0.027532046660780907
198, 0.0020259748001328925, 0.004235367756336927, 0.7735477089881897, 0.004235367756336927, 0.02828637696802616
199, 0.001992383262735199, 0.00413359934464097, 0.7811509370803833, 0.00413359934464097, 0.02755163051187992
200, 0.002036179487847469, 0.004247981123626232, 0.777161717414856, 0.004247981123626232, 0.0280520711094141
201, 0.0020066248274154285, 0.004127023741602898, 0.7824693322181702, 0.004127023741602898, 0.027490509673953056
202, 0.001978324228813025, 0.004082443192601204, 0.7810895442962646, 0.004082443192601204, 0.02746880240738392
203, 0.001976181634447791, 0.00463159428909421, 0.7704727649688721, 0.00463159428909421, 0.02889258787035942
204, 0.001974867684343322, 0.004102161154150963, 0.7826434373855591, 0.004102161154150963, 0.027429124340415
205, 0.001955255736935545, 0.004080969374626875, 0.7834028005599976, 0.004080969374626875, 0.027334880083799362
206, 0.0019462630279700865, 0.004150819033384323, 0.7818713784217834, 0.004150819033384323, 0.027694717049598694
207, 0.0019569605123251677, 0.004157547373324633, 0.7793848514556885, 0.004157547373324633, 0.027798566967248917
208, 0.0019336866384202784, 0.004188656806945801, 0.7785138487815857, 0.004188656806945801, 0.027837151661515236
209, 0.0019310572057623756, 0.00413539120927453, 0.7797146439552307, 0.00413539120927453, 0.027724025771021843
210, 0.001909081358462572, 0.004443923477083445, 0.7733107805252075, 0.004443923477083445, 0.029322821646928787
211, 0.0019502595575018363, 0.004212780389934778, 0.7814696431159973, 0.004212780389934778, 0.02787863090634346
212, 0.0019084107977422801, 0.004177848808467388, 0.7812488675117493, 0.004177848808467388, 0.02776162698864937
213, 0.001897514528933574, 0.00455917464569211, 0.7735137343406677, 0.00455917464569211, 0.029346931725740433
214, 0.0018980181606655772, 0.004104388877749443, 0.7823907732963562, 0.004104388877749443, 0.02755030058324337
215, 0.0019128363579511642, 0.004315577447414398, 0.773589551448822, 0.004315577447414398, 0.028212573379278183
216, 0.0018826228693466294, 0.004113951697945595, 0.7813470363616943, 0.004113951697945595, 0.02752767875790596
217, 0.0018698259193280881, 0.004237784072756767, 0.7749424576759338, 0.004237784072756767, 0.028047382831573486
218, 0.0018691894513639536, 0.004083004780113697, 0.7830233573913574, 0.004083004780113697, 0.027424385771155357
219, 0.0019126283026046373, 0.004117316100746393, 0.7821959853172302, 0.004117316100746393, 0.027434034273028374
220, 0.0018730598501861095, 0.004225567914545536, 0.7784051895141602, 0.004225567914545536, 0.027899863198399544
221, 0.001897719299251383, 0.004157253075391054, 0.7803226113319397, 0.004157253075391054, 0.027839120477437973
222, 0.0018935842016203836, 0.004137844312936068, 0.7801406979560852, 0.004137844312936068, 0.027737081050872803
223, 0.001860890207304196, 0.004101558122783899, 0.7818910479545593, 0.004101558122783899, 0.02745426632463932
224, 0.0018886670576069842, 0.004185941070318222, 0.7803722023963928, 0.004185941070318222, 0.02791646495461464
225, 0.0018578301903537729, 0.004122832324355841, 0.7816614508628845, 0.004122832324355841, 0.027641475200653076
226, 0.0018406057222322984, 0.004196809604763985, 0.7757939696311951, 0.004196809604763985, 0.02793901227414608
227, 0.0018359635215760633, 0.004222854971885681, 0.780884861946106, 0.004222854971885681, 0.02777809649705887
228, 0.0018317064185711471, 0.004092545248568058, 0.7807630300521851, 0.004092545248568058, 0.027513276785612106
229, 0.0018002577464688908, 0.004125411622226238, 0.782008945941925, 0.004125411622226238, 0.02768782712519169
230, 0.0017874795922332189, 0.0040192995220422745, 0.7853796482086182, 0.0040192995220422745, 0.027200452983379364
231, 0.0018172129586508329, 0.00428071990609169, 0.7821344137191772, 0.00428071990609169, 0.028488796204328537
232, 0.0018272481625899672, 0.0041231377981603146, 0.7751579880714417, 0.0041231377981603146, 0.027925599366426468
233, 0.0017610164528543298, 0.00423263106495142, 0.7740547060966492, 0.00423263106495142, 0.028126168996095657
234, 0.0017571481495079668, 0.0041259583085775375, 0.7747060656547546, 0.0041259583085775375, 0.0275924913585186
235, 0.0017397683558308264, 0.004130240064114332, 0.7821516394615173, 0.004130240064114332, 0.02762615866959095
236, 0.0017697398698973384, 0.004052749834954739, 0.7826142907142639, 0.004052749834954739, 0.027428044006228447
237, 0.0017496127508242023, 0.004241318441927433, 0.7785598039627075, 0.004241318441927433, 0.02795494720339775
238, 0.001738952946933833, 0.004237367771565914, 0.7798780798912048, 0.004237367771565914, 0.028036901727318764
239, 0.0017675807487896897, 0.00429874612018466, 0.7797443270683289, 0.00429874612018466, 0.028551366180181503
240, 0.0017461620609868656, 0.004171045962721109, 0.7823072671890259, 0.004171045962721109, 0.027623511850833893
241, 0.001721350444396111, 0.004102551378309727, 0.7827637791633606, 0.004102551378309727, 0.027560746297240257
242, 0.001732330210506916, 0.004140040371567011, 0.7821182012557983, 0.004140040371567011, 0.027537604793906212
243, 0.001736621397801421, 0.004178186878561974, 0.7808691263198853, 0.004178186878561974, 0.027789222076535225
244, 0.00173427054700865, 0.004268783610314131, 0.7767603397369385, 0.004268783610314131, 0.028275465592741966
245, 0.0017205114518715576, 0.004116999916732311, 0.7824947237968445, 0.004116999916732311, 0.02771562710404396
246, 0.0017232157586311752, 0.004319127183407545, 0.7731418609619141, 0.004319127183407545, 0.02877229079604149
247, 0.001705268266695467, 0.004142072983086109, 0.7822006344795227, 0.004142072983086109, 0.02757413499057293
248, 0.001688425977375697, 0.0041282083839178085, 0.782112717628479, 0.0041282083839178085, 0.027602536603808403
249, 0.0016773012657226487, 0.004172195214778185, 0.7814611196517944, 0.004172195214778185, 0.027631070464849472
250, 0.0016851899108256806, 0.004099353216588497, 0.7815188765525818, 0.004099353216588497, 0.02759195864200592
251, 0.0017026664075356992, 0.004127788823097944, 0.7832474112510681, 0.004127788823097944, 0.02752535603940487
252, 0.0016887073129923506, 0.004163355100899935, 0.7812081575393677, 0.004163355100899935, 0.027712954208254814
253, 0.0016787197716026144, 0.004178019240498543, 0.7792682647705078, 0.004178019240498543, 0.027952712029218674
254, 0.0016714105932888659, 0.00415688706561923, 0.7819359302520752, 0.00415688706561923, 0.027708625420928
255, 0.001681911477565088, 0.00440191850066185, 0.7725977301597595, 0.00440191850066185, 0.0289128590375185
256, 0.001686838203617795, 0.0041087656281888485, 0.7825588583946228, 0.0041087656281888485, 0.027517685666680336
257, 0.0016502474328841676, 0.004199771676212549, 0.7799076437950134, 0.004199771676212549, 0.027930380776524544
258, 0.0016437135467475112, 0.00415088189765811, 0.7802535891532898, 0.00415088189765811, 0.02774735726416111
259, 0.0016696196303448894, 0.0041375672444701195, 0.7807803153991699, 0.0041375672444701195, 0.0276494100689888
260, 0.001648937519216402, 0.004157593008130789, 0.7833754420280457, 0.004157593008130789, 0.027709294110536575
261, 0.0016612182731147516, 0.004173798020929098, 0.7810621857643127, 0.004173798020929098, 0.027768200263381004
262, 0.001694949917410585, 0.004668526817113161, 0.7710182070732117, 0.004668526817113161, 0.029659036546945572
263, 0.0016420599475333636, 0.004145581275224686, 0.7808141708374023, 0.004145581275224686, 0.02776058204472065
264, 0.0016109731408174741, 0.004143281374126673, 0.781395673751831, 0.004143281374126673, 0.027757585048675537
265, 0.0016094808466732501, 0.00425233319401741, 0.7779734134674072, 0.00425233319401741, 0.02811431884765625
266, 0.001648281309330328, 0.004105900879949331, 0.7818364500999451, 0.004105900879949331, 0.027612563222646713
267, 0.0016314561753957109, 0.004191906191408634, 0.779485285282135, 0.004191906191408634, 0.027893899008631706
268, 0.0016105219361964953, 0.004188193939626217, 0.7794336676597595, 0.004188193939626217, 0.02793431654572487
269, 0.0016031333118338477, 0.0041141570545732975, 0.7816706895828247, 0.0041141570545732975, 0.02768866904079914
270, 0.0016075216826390137, 0.004306206479668617, 0.7717438340187073, 0.004306206479668617, 0.02854943461716175
271, 0.0016314797865396196, 0.004233702085912228, 0.7791985869407654, 0.004233702085912228, 0.028056463226675987
272, 0.0016207018422640183, 0.00434125168249011, 0.7795702219009399, 0.00434125168249011, 0.0283669400960207
273, 0.0016048857921057127, 0.004208679310977459, 0.7798671126365662, 0.004208679310977459, 0.02792864851653576
274, 0.0015990321164612066, 0.0042765503749251366, 0.7790948152542114, 0.0042765503749251366, 0.028162851929664612
275, 0.0015548008938573979, 0.004179857205599546, 0.7806665897369385, 0.004179857205599546, 0.02780112624168396
276, 0.0015639775750142606, 0.004392165690660477, 0.7804234027862549, 0.004392165690660477, 0.028615770861506462
277, 0.0015879118180071765, 0.004697028081864119, 0.7735621929168701, 0.004697028081864119, 0.028545279055833817
278, 0.0016004428161646832, 0.004192363936454058, 0.7807105183601379, 0.004192363936454058, 0.02791466936469078
279, 0.0015654400731860236, 0.004301409237086773, 0.7739720940589905, 0.004301409237086773, 0.028385711833834648
280, 0.0015475239964540708, 0.004170813597738743, 0.7821216583251953, 0.004170813597738743, 0.02771846204996109
281, 0.0015556878325614061, 0.004198776092380285, 0.778830349445343, 0.004198776092380285, 0.027979012578725815
282, 0.0015404567863284188, 0.004349499475210905, 0.7711872458457947, 0.004349499475210905, 0.028760625049471855
283, 0.0015392454954880205, 0.0042711347341537476, 0.7814471125602722, 0.0042711347341537476, 0.028205785900354385
284, 0.001578417991880666, 0.004266106523573399, 0.7805039286613464, 0.004266106523573399, 0.027989692986011505
285, 0.0015692071523517371, 0.0043759713880717754, 0.7816104888916016, 0.0043759713880717754, 0.028369490057229996
286, 0.0015652353049848567, 0.004321247339248657, 0.7779083847999573, 0.004321247339248657, 0.028459414839744568
287, 0.0015722648812119256, 0.004264060873538256, 0.7762769460678101, 0.004264060873538256, 0.028286008164286613
288, 0.0015610955740240488, 0.004562070593237877, 0.767193615436554, 0.004562070593237877, 0.029705684632062912
289, 0.0015314392110502178, 0.00440963264554739, 0.7690491676330566, 0.00440963264554739, 0.029125040397047997
290, 0.0015520679785616018, 0.0042557623237371445, 0.7793514728546143, 0.0042557623237371445, 0.028128810226917267
291, 0.0015187271722507747, 0.004307263996452093, 0.7784349322319031, 0.004307263996452093, 0.028205061331391335
292, 0.0015109156343069943, 0.004299377091228962, 0.7775028347969055, 0.004299377091228962, 0.02821202576160431
293, 0.0015239318790422245, 0.0042939744889736176, 0.777962327003479, 0.0042939744889736176, 0.028145549818873405
294, 0.0015212505399672823, 0.004174190107733011, 0.7807376384735107, 0.004174190107733011, 0.027776090428233147
295, 0.001523012485863133, 0.004461662378162146, 0.7702362537384033, 0.004461662378162146, 0.029303554445505142
296, 0.001573583111166954, 0.004443946294486523, 0.7749344706535339, 0.004443946294486523, 0.02881878986954689
297, 0.0015478813576258043, 0.004630273673683405, 0.7654687166213989, 0.004630273673683405, 0.029963115230202675
298, 0.001524948051453314, 0.004205259494483471, 0.7819597721099854, 0.004205259494483471, 0.02789556421339512
299, 0.0015137169404294004, 0.004265638533979654, 0.7803694605827332, 0.004265638533979654, 0.02798045612871647
300, 0.0015001386594535274, 0.004207557067275047, 0.7777869701385498, 0.004207557067275047, 0.028105681762099266
301, 0.0015088941393928094, 0.004216304514557123, 0.7801411747932434, 0.004216304514557123, 0.027951408177614212
302, 0.0014816776658831672, 0.004379537887871265, 0.7790835499763489, 0.004379537887871265, 0.028560500591993332
303, 0.0014784857567230409, 0.004357644822448492, 0.7787644267082214, 0.004357644822448492, 0.028388218954205513
304, 0.0014996611830693754, 0.004264907445758581, 0.7764860987663269, 0.004264907445758581, 0.028207318857312202
305, 0.001470823486504907, 0.00424991687759757, 0.780282735824585, 0.00424991687759757, 0.028017550706863403
306, 0.0014819513371383602, 0.0043859523721039295, 0.7751421928405762, 0.0043859523721039295, 0.0286501944065094
307, 0.0014776229477402839, 0.004341573920100927, 0.7748199701309204, 0.004341573920100927, 0.02852167747914791
308, 0.0014949173433706163, 0.00436223903670907, 0.7775077223777771, 0.00436223903670907, 0.02847222425043583
309, 0.0014761612729423425, 0.004366754554212093, 0.7720574736595154, 0.004366754554212093, 0.028793156147003174
310, 0.0014782178004018286, 0.004584052599966526, 0.7686012387275696, 0.004584052599966526, 0.02963254787027836
311, 0.0014802330385216258, 0.004341339226812124, 0.7756137847900391, 0.004341339226812124, 0.02848723717033863
312, 0.0015045792308890007, 0.004263186361640692, 0.7800244688987732, 0.004263186361640692, 0.02807813324034214
313, 0.0014780356188897382, 0.00431761983782053, 0.7798622250556946, 0.00431761983782053, 0.02827717363834381
314, 0.0014603469224477356, 0.004743268247693777, 0.7672809958457947, 0.004743268247693777, 0.029220635071396828
315, 0.0014347527535970915, 0.004354006145149469, 0.7762105464935303, 0.004354006145149469, 0.02853647619485855
316, 0.0014404882655733012, 0.004768589977174997, 0.7658019661903381, 0.004768589977174997, 0.030160171911120415
317, 0.001449197029102255, 0.004422198981046677, 0.7747946381568909, 0.004422198981046677, 0.028710929676890373
318, 0.0014748659514060075, 0.004313404206186533, 0.7770115733146667, 0.004313404206186533, 0.028400080278515816
319, 0.001472474983893335, 0.004641095642000437, 0.7711499929428101, 0.004641095642000437, 0.028965849429368973
320, 0.0014425565107640894, 0.0043661221861839294, 0.778276264667511, 0.0043661221861839294, 0.028489315882325172
321, 0.001450021715242077, 0.004434460308402777, 0.776702344417572, 0.004434460308402777, 0.028653806075453758
322, 0.0014368235451084647, 0.004319844301789999, 0.7779995203018188, 0.004319844301789999, 0.028262924402952194
323, 0.001433835239996287, 0.004324097186326981, 0.7791286110877991, 0.004324097186326981, 0.028260601684451103
324, 0.0014498303856023333, 0.00447120564058423, 0.7763189077377319, 0.00447120564058423, 0.028857607394456863
325, 0.001426109282130545, 0.004771165084093809, 0.7712857127189636, 0.004771165084093809, 0.02897089160978794
326, 0.0014997291294011202, 0.004399200901389122, 0.7764341235160828, 0.004399200901389122, 0.02876698039472103
327, 0.0015209584729745985, 0.00444413349032402, 0.7737135291099548, 0.00444413349032402, 0.028665948659181595
328, 0.0014391974080353975, 0.004391002468764782, 0.7760834693908691, 0.004391002468764782, 0.02864542044699192
329, 0.0014203076356683266, 0.0044022211804986, 0.7739255428314209, 0.0044022211804986, 0.028704093769192696
330, 0.0014157704479823058, 0.0044305152259767056, 0.775536298751831, 0.0044305152259767056, 0.02886311709880829
331, 0.0014113723533228039, 0.004319554194808006, 0.7774726748466492, 0.004319554194808006, 0.028437180444598198
332, 0.0014102913312275301, 0.004365865141153336, 0.7774774432182312, 0.004365865141153336, 0.028394509106874466
333, 0.0014161361296745863, 0.0042923749424517155, 0.7789880633354187, 0.0042923749424517155, 0.028227832168340683
334, 0.0014061497228050773, 0.004539201967418194, 0.7723562717437744, 0.004539201967418194, 0.02923174574971199
335, 0.0014046519084579565, 0.004452582914382219, 0.7794370055198669, 0.004452582914382219, 0.02873067557811737
336, 0.0014186763670295476, 0.004451608285307884, 0.7754388451576233, 0.004451608285307884, 0.02873336710035801
337, 0.0014330471442504363, 0.00446525402367115, 0.7741171717643738, 0.00446525402367115, 0.028865905478596687
338, 0.0014074655059217052, 0.004290018230676651, 0.7797205448150635, 0.004290018230676651, 0.028178730979561806
339, 0.0014174309516833588, 0.0047183954156935215, 0.7667792439460754, 0.0047183954156935215, 0.029717808589339256
340, 0.001417242879555984, 0.00440817279741168, 0.7755078673362732, 0.00440817279741168, 0.028725290670990944
341, 0.0014237376268614423, 0.004416861571371555, 0.7741901278495789, 0.004416861571371555, 0.02864227443933487
342, 0.001412766657515683, 0.005170495714992285, 0.7539135813713074, 0.005170495714992285, 0.03104662336409092
343, 0.0013874311740933495, 0.00431479886174202, 0.7774037718772888, 0.00431479886174202, 0.028354069218039513
344, 0.0013893537815998901, 0.0044191936030983925, 0.7770265936851501, 0.0044191936030983925, 0.028534267097711563
345, 0.0013862717663869263, 0.004585880786180496, 0.7674243450164795, 0.004585880786180496, 0.029629629105329514
346, 0.001384844978085973, 0.004523714073002338, 0.7669571042060852, 0.004523714073002338, 0.029392395168542862
347, 0.0013713279950686476, 0.004565531387925148, 0.7672301530838013, 0.004565531387925148, 0.02957017719745636
348, 0.0013522917510602962, 0.004412862006574869, 0.7766259908676147, 0.004412862006574869, 0.028508730232715607
349, 0.001368193588727577, 0.005084917414933443, 0.7506405711174011, 0.005084917414933443, 0.031190024688839912
350, 0.0014002640858631241, 0.004606000147759914, 0.7675164937973022, 0.004606000147759914, 0.029610343277454376
351, 0.00139623878904703, 0.004405703395605087, 0.7750383615493774, 0.004405703395605087, 0.02860766276717186
352, 0.00136245677924969, 0.004542912822216749, 0.771756649017334, 0.004542912822216749, 0.029127832502126694
353, 0.0013821887275712057, 0.004409699700772762, 0.7713356018066406, 0.004409699700772762, 0.0286545529961586
354, 0.0013919469032605942, 0.004428521730005741, 0.7766266465187073, 0.004428521730005741, 0.028700100257992744
355, 0.001360440531491556, 0.004571090452373028, 0.7722495198249817, 0.004571090452373028, 0.02929294854402542
356, 0.0013681544435464523, 0.004669589921832085, 0.7640944719314575, 0.004669589921832085, 0.029925519600510597
357, 0.001382985539649698, 0.00464607821777463, 0.7679333686828613, 0.00464607821777463, 0.029666531831026077
358, 0.0013744883429767055, 0.004476628731936216, 0.7744513154029846, 0.004476628731936216, 0.028823161497712135
359, 0.00137111851522191, 0.004463172052055597, 0.776157557964325, 0.004463172052055597, 0.028738532215356827
360, 0.0013743521539833058, 0.004867838695645332, 0.7627100348472595, 0.004867838695645332, 0.03049417957663536
361, 0.0013869386335665528, 0.004518226254731417, 0.7751474380493164, 0.004518226254731417, 0.029099484905600548
362, 0.0013621226842091842, 0.004767246078699827, 0.7660384178161621, 0.004767246078699827, 0.029976138845086098
363, 0.0013270949775522406, 0.004562804475426674, 0.774175763130188, 0.004562804475426674, 0.029135549440979958
364, 0.0013250593350014903, 0.004535100422799587, 0.776326596736908, 0.004535100422799587, 0.029021218419075012
365, 0.0013516384367407723, 0.004599103704094887, 0.7737060785293579, 0.004599103704094887, 0.029163535684347153
366, 0.001355507307347249, 0.004607812501490116, 0.7748215198516846, 0.004607812501490116, 0.029009830206632614
367, 0.0013840832176025618, 0.004507643636316061, 0.7778298258781433, 0.004507643636316061, 0.028791140764951706
368, 0.0013755569890649482, 0.004431899171322584, 0.7748355865478516, 0.004431899171322584, 0.02866959013044834
369, 0.0013453147924420508, 0.004553737118840218, 0.7761561274528503, 0.004553737118840218, 0.0289341788738966
370, 0.001349447220987217, 0.004488763865083456, 0.7763640284538269, 0.004488763865083456, 0.028812605887651443
371, 0.0013340629573742096, 0.004443446174263954, 0.7777436971664429, 0.004443446174263954, 0.02868175506591797
372, 0.0013237392212348906, 0.004572099540382624, 0.7735407948493958, 0.004572099540382624, 0.029161682352423668
373, 0.0013811100591820749, 0.004553512204438448, 0.7711920738220215, 0.004553512204438448, 0.02921074442565441
374, 0.0013800211949273945, 0.00451543228700757, 0.774745762348175, 0.00451543228700757, 0.02889959327876568
375, 0.0013452420243993402, 0.0044906712137162685, 0.7768175601959229, 0.0044906712137162685, 0.028783364221453667
376, 0.0013193354328078302, 0.004345530178397894, 0.7775783538818359, 0.004345530178397894, 0.028316056355834007
377, 0.0013172143477607858, 0.004436443094164133, 0.7772712111473083, 0.004436443094164133, 0.028578486293554306
378, 0.001321457660841671, 0.00452823331579566, 0.7748709917068481, 0.00452823331579566, 0.028921807184815407
379, 0.001334256410006095, 0.004606315400451422, 0.7750948071479797, 0.004606315400451422, 0.029061533510684967
380, 0.0013073871335522694, 0.004665818531066179, 0.7721090912818909, 0.004665818531066179, 0.029432015493512154
381, 0.0013107814635573464, 0.0045943050645291805, 0.773815929889679, 0.0045943050645291805, 0.029258286580443382
382, 0.0013350548201494596, 0.004404549486935139, 0.7751017808914185, 0.004404549486935139, 0.028642481192946434
383, 0.0013440831500867551, 0.004616391379386187, 0.7735143303871155, 0.004616391379386187, 0.029251253232359886
384, 0.0013144894947551868, 0.0043941279873251915, 0.7737264633178711, 0.0043941279873251915, 0.028577154502272606
385, 0.0013507580913772637, 0.004493080545216799, 0.7747520804405212, 0.004493080545216799, 0.028916457667946815
386, 0.0013461780967190863, 0.004648070316761732, 0.7734182476997375, 0.004648070316761732, 0.0294491034001112
387, 0.0013427732152525675, 0.004494779277592897, 0.7745267748832703, 0.004494779277592897, 0.02883407101035118
388, 0.001348138465122743, 0.0044984170235693455, 0.7740848064422607, 0.0044984170235693455, 0.028928888961672783
389, 0.001303666887212206, 0.004502554424107075, 0.7757701873779297, 0.004502554424107075, 0.02899053879082203
390, 0.0012961555970832706, 0.004422298166900873, 0.7755852341651917, 0.004422298166900873, 0.028604727238416672
391, 0.001291278523223644, 0.004507438279688358, 0.7756074666976929, 0.004507438279688358, 0.028702078387141228
392, 0.0012925942449576475, 0.004466647747904062, 0.7759858965873718, 0.004466647747904062, 0.028592359274625778
393, 0.0012873223813419992, 0.004426401108503342, 0.7772062420845032, 0.004426401108503342, 0.02856968529522419
394, 0.0012891979443586685, 0.0046655964106321335, 0.7708691954612732, 0.0046655964106321335, 0.029479606077075005
395, 0.001288418846458874, 0.004520316142588854, 0.7747833132743835, 0.004520316142588854, 0.028858020901679993
396, 0.0013228696855631741, 0.004689250607043505, 0.7693969011306763, 0.004689250607043505, 0.029616134241223335
397, 0.0013262910387394104, 0.004545197356492281, 0.7755116820335388, 0.004545197356492281, 0.028912486508488655
398, 0.0013139580164782025, 0.0045396508648991585, 0.7757572531700134, 0.0045396508648991585, 0.02892725169658661
399, 0.001317096408456564, 0.004707637242972851, 0.7662321329116821, 0.004707637242972851, 0.029781337827444077
400, 0.001299086424776099, 0.004608755931258202, 0.7744274139404297, 0.004608755931258202, 0.029187913984060287
401, 0.001293634688905017, 0.004985803738236427, 0.7657018303871155, 0.004985803738236427, 0.02953961119055748
402, 0.0012895288009365851, 0.004542675334960222, 0.7751708626747131, 0.004542675334960222, 0.028745263814926147
403, 0.0013004501900550993, 0.004595575854182243, 0.7737817764282227, 0.004595575854182243, 0.029209014028310776
404, 0.0013205368749120018, 0.004515279550105333, 0.7738039493560791, 0.004515279550105333, 0.028937462717294693
405, 0.001298773498274386, 0.00466197682544589, 0.7727446556091309, 0.00466197682544589, 0.029489556327462196
406, 0.001350321074609052, 0.004690868314355612, 0.7713111639022827, 0.004690868314355612, 0.029460128396749496
407, 0.0013008352792398495, 0.004647593013942242, 0.7714353203773499, 0.004647593013942242, 0.02938726730644703
408, 0.001280394020829011, 0.0045983144082129, 0.7726694941520691, 0.0045983144082129, 0.029232606291770935
409, 0.0012654107445004312, 0.004545963369309902, 0.7718386054039001, 0.004545963369309902, 0.029152972623705864
410, 0.0012623604746874082, 0.004523321054875851, 0.7753975987434387, 0.004523321054875851, 0.0287881288677454
411, 0.0012723427604545247, 0.0045298621989786625, 0.7740653157234192, 0.0045298621989786625, 0.02903452143073082
412, 0.001279435042207214, 0.004740872886031866, 0.7714735269546509, 0.004740872886031866, 0.029570085927844048
413, 0.0013211898294023493, 0.004637775477021933, 0.7724982500076294, 0.004637775477021933, 0.029388057067990303
414, 0.0013023566772145303, 0.004532914608716965, 0.7735171318054199, 0.004532914608716965, 0.02889472246170044
415, 0.001298764709975909, 0.004515713546425104, 0.7744709849357605, 0.004515713546425104, 0.028876377269625664
416, 0.0013045414456758987, 0.004464088007807732, 0.7737563252449036, 0.004464088007807732, 0.028784433379769325
417, 0.0013071311341429298, 0.004462669603526592, 0.7762105464935303, 0.004462669603526592, 0.02876092866063118
418, 0.0012731988067654046, 0.0044572604820132256, 0.7748188972473145, 0.0044572604820132256, 0.028682615607976913
419, 0.0012482638174498622, 0.004502468276768923, 0.7737146019935608, 0.004502468276768923, 0.028812874108552933
420, 0.0012505309084769, 0.004649813286960125, 0.7735576629638672, 0.004649813286960125, 0.029113244265317917
421, 0.0012822335183789784, 0.004799538291990757, 0.7649309039115906, 0.004799538291990757, 0.02939898706972599
422, 0.0012941515052013776, 0.004800368566066027, 0.7667317390441895, 0.004800368566066027, 0.030102316290140152
423, 0.0012715538540347055, 0.00458363676443696, 0.7732861042022705, 0.00458363676443696, 0.02903665043413639
424, 0.0012711732097986069, 0.004492704290896654, 0.7778133749961853, 0.004492704290896654, 0.028664227575063705
425, 0.0012653651181608438, 0.004526669159531593, 0.7732991576194763, 0.004526669159531593, 0.028900692239403725
426, 0.0012784099756655367, 0.004488310310989618, 0.7744618058204651, 0.004488310310989618, 0.028736859560012817
427, 0.0012571756071834402, 0.004568242467939854, 0.7735746502876282, 0.004568242467939854, 0.02905249409377575
428, 0.0012769368561831387, 0.004487078636884689, 0.7746922373771667, 0.004487078636884689, 0.028816290199756622
429, 0.0012702025621282784, 0.004540186375379562, 0.774871826171875, 0.004540186375379562, 0.02899455465376377
430, 0.0012574697484854947, 0.004619920626282692, 0.7731893062591553, 0.004619920626282692, 0.029155883938074112
431, 0.0012672939062626524, 0.0048394170589745045, 0.7643271088600159, 0.0048394170589745045, 0.03020116500556469
432, 0.0012766242789273912, 0.004755762871354818, 0.7710096836090088, 0.004755762871354818, 0.029646161943674088
433, 0.001283254768614742, 0.004638536833226681, 0.7673667073249817, 0.004638536833226681, 0.02957025356590748
434, 0.001248089854859493, 0.004604208283126354, 0.7728537917137146, 0.004604208283126354, 0.029091544449329376
435, 0.0012553218328817323, 0.004535230807960033, 0.7735235095024109, 0.004535230807960033, 0.02909623645246029
436, 0.0012538038215345957, 0.004533227067440748, 0.7744646668434143, 0.004533227067440748, 0.028926808387041092
437, 0.0012387768873436884, 0.004432800691574812, 0.7778612375259399, 0.004432800691574812, 0.028548134490847588
438, 0.0012499158863316883, 0.005027912091463804, 0.7627330422401428, 0.005027912091463804, 0.031129390001296997
439, 0.0012862315126271411, 0.0047017657198011875, 0.7724989056587219, 0.0047017657198011875, 0.029620567336678505
440, 0.001256875200620429, 0.004584142006933689, 0.7749077677726746, 0.004584142006933689, 0.02914874069392681
441, 0.001269331775521013, 0.004543317947536707, 0.775292158126831, 0.004543317947536707, 0.02887686714529991
442, 0.0012594056442718615, 0.004578830674290657, 0.7743732333183289, 0.004578830674290657, 0.028896626085042953
443, 0.001226707154207609, 0.0045854137279093266, 0.7756105661392212, 0.0045854137279093266, 0.029040297493338585
444, 0.0012477727585726163, 0.0045774104073643684, 0.7736935615539551, 0.0045774104073643684, 0.029093759134411812
445, 0.0012245030629194596, 0.004550876561552286, 0.773978590965271, 0.004550876561552286, 0.02896849252283573
446, 0.0012347231851890684, 0.00454153586179018, 0.773628294467926, 0.00454153586179018, 0.0289157647639513
447, 0.00123842004686594, 0.004632764030247927, 0.7737569212913513, 0.004632764030247927, 0.029152043163776398
448, 0.0012491096276789904, 0.004598942585289478, 0.774745523929596, 0.004598942585289478, 0.02888949029147625
449, 0.0012196637033908204, 0.004656750243157148, 0.772495687007904, 0.004656750243157148, 0.029165957123041153
450, 0.001222156616859138, 0.0045561171136796474, 0.7740904688835144, 0.0045561171136796474, 0.02887006103992462
451, 0.001272490411065519, 0.004603484645485878, 0.7741674184799194, 0.004603484645485878, 0.029111642390489578
452, 0.001239198911935091, 0.004634064622223377, 0.7712473273277283, 0.004634064622223377, 0.029267705976963043
453, 0.0012650153430348093, 0.004606441128998995, 0.7706193923950195, 0.004606441128998995, 0.02935667522251606
454, 0.001254122361371463, 0.004826713353395462, 0.7681633234024048, 0.004826713353395462, 0.03003203682601452
455, 0.0012449480042877523, 0.004542320501059294, 0.7751380801200867, 0.004542320501059294, 0.028840327635407448
456, 0.0012162173505533825, 0.004935223609209061, 0.7658851146697998, 0.004935223609209061, 0.029488125815987587
457, 0.0012403406816619365, 0.004952677525579929, 0.7655060887336731, 0.004952677525579929, 0.029445061460137367
458, 0.0012247009012340145, 0.004643235821276903, 0.7737390995025635, 0.004643235821276903, 0.02913866564631462
459, 0.0012329643105410716, 0.0044867065735161304, 0.7762464284896851, 0.0044867065735161304, 0.028683584183454514
460, 0.0012294242666526275, 0.004560422617942095, 0.7745469808578491, 0.004560422617942095, 0.028918828815221786
461, 0.0012339675799012185, 0.004632861353456974, 0.7732932567596436, 0.004632861353456974, 0.029252784326672554
462, 0.00121914653361521, 0.004596773535013199, 0.7742275595664978, 0.004596773535013199, 0.029191594570875168
463, 0.0012096120743080973, 0.004510167520493269, 0.7751802802085876, 0.004510167520493269, 0.028847524896264076
464, 0.0011991032568568533, 0.004550064913928509, 0.7738980650901794, 0.004550064913928509, 0.029048195108771324
465, 0.0012378922621296212, 0.004548130556941032, 0.7715816497802734, 0.004548130556941032, 0.02898317202925682
466, 0.0012524460124867885, 0.0045748520642519, 0.7740176916122437, 0.0045748520642519, 0.029024625197052956
467, 0.0012332707495343956, 0.004720340482890606, 0.7700995802879333, 0.004720340482890606, 0.029559720307588577
468, 0.001223172526806593, 0.004710630979388952, 0.7725582718849182, 0.004710630979388952, 0.02915801666676998
469, 0.001217740056612952, 0.00486678397282958, 0.7545007467269897, 0.00486678397282958, 0.030655749142169952
470, 0.001194067345932126, 0.004533113446086645, 0.7760233879089355, 0.004533113446086645, 0.02878846786916256
471, 0.001197610478001562, 0.004765302408486605, 0.7648665904998779, 0.004765302408486605, 0.02980566956102848
472, 0.0012204992944713344, 0.004628798924386501, 0.773107647895813, 0.004628798924386501, 0.029191089794039726
473, 0.0012115323873744769, 0.004657624289393425, 0.7748852372169495, 0.004657624289393425, 0.029267387464642525
474, 0.0012164758454838937, 0.0049799662083387375, 0.7640238404273987, 0.0049799662083387375, 0.030502798035740852
475, 0.0012086130953817204, 0.004656913690268993, 0.7741587162017822, 0.004656913690268993, 0.029335597530007362
476, 0.0012051683067428795, 0.004647338762879372, 0.7702803611755371, 0.004647338762879372, 0.029359837993979454
477, 0.0012251879723573272, 0.004644844215363264, 0.7726802825927734, 0.004644844215363264, 0.029320301488041878
478, 0.0011868918081745505, 0.004647677298635244, 0.7721757888793945, 0.004647677298635244, 0.029121289029717445
479, 0.0011795210652053357, 0.00465220445767045, 0.7742636799812317, 0.00465220445767045, 0.029208213090896606
480, 0.0012221173383295536, 0.004952036309987307, 0.7635910511016846, 0.004952036309987307, 0.03048723191022873
481, 0.0012406046756289221, 0.004575069528073072, 0.7738404870033264, 0.004575069528073072, 0.02891395427286625
482, 0.0012158058668402109, 0.004500418435782194, 0.7738155722618103, 0.004500418435782194, 0.028890743851661682
483, 0.0012044642882590945, 0.004919420927762985, 0.7633394598960876, 0.004919420927762985, 0.030283713713288307
484, 0.0012071047380397266, 0.004655671305954456, 0.7704452872276306, 0.004655671305954456, 0.029287565499544144
485, 0.0012154826513406905, 0.00452458718791604, 0.7748472094535828, 0.00452458718791604, 0.028735507279634476
486, 0.0012035253605890003, 0.004624778870493174, 0.7737167477607727, 0.004624778870493174, 0.02924838289618492
487, 0.0012126058297739788, 0.0045736185275018215, 0.770700216293335, 0.0045736185275018215, 0.029097378253936768
488, 0.0012032147115943106, 0.0046495841816067696, 0.7726964354515076, 0.0046495841816067696, 0.02917645312845707
489, 0.001215690674937584, 0.004687478765845299, 0.7739901542663574, 0.004687478765845299, 0.02927039936184883
490, 0.001189396079544994, 0.004753692075610161, 0.7715535163879395, 0.004753692075610161, 0.029502693563699722
491, 0.0011856837155805394, 0.004664027132093906, 0.7728411555290222, 0.004664027132093906, 0.029185693711042404
492, 0.0011891671308231625, 0.004607636481523514, 0.7729961276054382, 0.004607636481523514, 0.029131438583135605
493, 0.001180372105657377, 0.004491145256906748, 0.7757137417793274, 0.004491145256906748, 0.02869478054344654
494, 0.0011771331033246083, 0.004591336473822594, 0.7721452116966248, 0.004591336473822594, 0.029021337628364563
495, 0.0011784311616793274, 0.004589249845594168, 0.775803804397583, 0.004589249845594168, 0.028932219371199608
496, 0.0011779343116689813, 0.004643721040338278, 0.773917019367218, 0.004643721040338278, 0.029013538733124733
497, 0.0011866529916667126, 0.004631878808140755, 0.7714269757270813, 0.004631878808140755, 0.029153073206543922
498, 0.00121757573321123, 0.00458905752748251, 0.7730196118354797, 0.00458905752748251, 0.029027018696069717
499, 0.0011900380401956765, 0.004568928387016058, 0.772972583770752, 0.004568928387016058, 0.028889065608382225
500, 0.0011746365026655521, 0.004526561591774225, 0.772652804851532, 0.004526561591774225, 0.02890515886247158
