Epoch, Train_loss, Val_loss, SSIM, MSE, MAE
1, 13.79268523346294, 4.39663553237915, 0.014539096504449844, 0.1508598029613495, 0.35690879821777344
2, 1.1033126766031438, 1.7323246002197266, 0.025799516588449478, 0.14993298053741455, 0.3627451956272125
3, 0.6456668116829613, 0.9468612670898438, 0.03218253329396248, 0.14024077355861664, 0.3545933663845062
4, 0.5023359650915319, 0.8173524141311646, 0.03662428632378578, 0.13894377648830414, 0.3534281551837921
5, 0.41160011291503906, 0.6571810841560364, 0.03725622594356537, 0.13779129087924957, 0.35225343704223633
6, 0.36427812305363744, 0.6099813580513, 0.037607721984386444, 0.13498179614543915, 0.3485623598098755
7, 0.3293560499494726, 0.5373311638832092, 0.0387982539832592, 0.13281802833080292, 0.34567990899086
8, 0.3002305415543643, 0.5012705326080322, 0.03912923485040665, 0.13213442265987396, 0.34501710534095764
9, 0.2874036182056774, 0.4908657968044281, 0.03962254151701927, 0.13042756915092468, 0.3428545892238617
10, 0.275620926510204, 0.48947036266326904, 0.04286632314324379, 0.1301565319299698, 0.3423866629600525
11, 0.2587157796729695, 0.4182150363922119, 0.039804503321647644, 0.129832461476326, 0.34210625290870667
12, 0.2551908953623338, 0.4304388463497162, 0.04031195864081383, 0.1265670508146286, 0.3375976085662842
13, 0.24574238657951356, 0.4030592441558838, 0.040904898196458817, 0.12644845247268677, 0.33737340569496155
14, 0.2319146820090034, 0.37682536244392395, 0.04122662544250488, 0.12503302097320557, 0.3355422019958496
15, 0.22433080673217773, 0.36262941360473633, 0.04249580577015877, 0.12266277521848679, 0.3321872353553772
16, 0.22541043568741193, 0.37486618757247925, 0.04462263733148575, 0.12198091298341751, 0.33109626173973083
17, 0.21961193951693447, 0.34471994638442993, 0.04384027421474457, 0.12136660516262054, 0.33059367537498474
18, 0.2236960232257843, 0.3567321002483368, 0.04458383470773697, 0.12041906267404556, 0.3291373550891876
19, 0.21689714979041708, 0.36007848381996155, 0.04780597984790802, 0.11888153851032257, 0.32708024978637695
20, 0.2083437594500455, 0.3305400013923645, 0.04786628112196922, 0.11743178963661194, 0.3250707685947418
21, 0.20192489434372296, 0.3068791329860687, 0.04893010854721069, 0.11653116345405579, 0.3237612545490265
22, 0.19621836163780906, 0.3213891088962555, 0.049858298152685165, 0.11678562313318253, 0.3241221308708191
23, 0.19778199304233898, 0.3027583658695221, 0.051863137632608414, 0.11570613086223602, 0.32258468866348267
24, 0.19257226830179042, 0.3036808371543884, 0.053048327565193176, 0.11410628259181976, 0.3204401135444641
25, 0.19426076818596233, 0.3373216390609741, 0.054651889950037, 0.11501313000917435, 0.32117733359336853
26, 0.20144602927294644, 0.3289532959461212, 0.05619177967309952, 0.1126585304737091, 0.31829217076301575
27, 0.19993384399197317, 0.31087738275527954, 0.057851310819387436, 0.11107204854488373, 0.31589797139167786
28, 0.19206870442087, 0.34407031536102295, 0.06079758703708649, 0.10994846373796463, 0.31442001461982727
29, 0.20236317163163967, 0.2787986993789673, 0.05946984514594078, 0.11042851209640503, 0.3151554763317108
30, 0.18397496180100875, 0.28530383110046387, 0.061540111899375916, 0.10862354189157486, 0.3124636113643646
31, 0.18047972944649784, 0.2706414461135864, 0.061765145510435104, 0.10844294726848602, 0.31207260489463806
32, 0.18154551088809967, 0.29858848452568054, 0.06655846536159515, 0.10642009973526001, 0.30902907252311707
33, 0.18148252936926754, 0.26446181535720825, 0.06421184539794922, 0.10568583011627197, 0.3077395558357239
34, 0.17957295856692573, 0.3019219636917114, 0.06562507152557373, 0.10514060407876968, 0.30694764852523804
35, 0.17136753282763742, 0.25182998180389404, 0.06651486456394196, 0.10385505855083466, 0.305106520652771
36, 0.17036520188505, 0.24776913225650787, 0.06688788533210754, 0.10407894104719162, 0.3056189715862274
37, 0.17448414889248934, 0.2555989921092987, 0.06713660061359406, 0.1028975248336792, 0.30346882343292236
38, 0.17814332273873415, 0.27112653851509094, 0.06969475746154785, 0.1012563705444336, 0.30094262957572937
39, 0.16707052073695444, 0.2267448753118515, 0.06916279345750809, 0.10106028616428375, 0.30069857835769653
40, 0.16229108544913204, 0.2502117156982422, 0.07024965435266495, 0.10034764558076859, 0.29966819286346436
41, 0.1709464585239237, 0.24287289381027222, 0.07077309489250183, 0.09974969923496246, 0.29876822233200073
42, 0.17111169452017003, 0.23604080080986023, 0.07093917578458786, 0.09907983988523483, 0.2975916564464569
43, 0.15636249563910745, 0.2191483974456787, 0.07288945466279984, 0.09726735204458237, 0.2945825159549713
44, 0.1583289853551171, 0.2451281100511551, 0.07263363152742386, 0.09667554497718811, 0.29363638162612915
45, 0.16127171976999802, 0.2590697407722473, 0.07268302142620087, 0.09608528763055801, 0.2926194667816162
46, 0.16463287337259813, 0.22747816145420074, 0.07386919111013412, 0.09440359473228455, 0.2896748185157776
47, 0.15800834000110625, 0.2249019891023636, 0.07420031726360321, 0.09442715346813202, 0.28978368639945984
48, 0.15929627987471492, 0.2773436903953552, 0.07394891232252121, 0.0943329706788063, 0.289806604385376
49, 0.16885980340567502, 0.21731485426425934, 0.07453843206167221, 0.09295673668384552, 0.28748011589050293
50, 0.15092360377311706, 0.2449314147233963, 0.07550887018442154, 0.09258371591567993, 0.28689488768577576
51, 0.15367288264361295, 0.25773248076438904, 0.07564601302146912, 0.0918399766087532, 0.28542500734329224
52, 0.16667424657128074, 0.2205217480659485, 0.07633589953184128, 0.0914452001452446, 0.2848670780658722
53, 0.15833861502734098, 0.20616300404071808, 0.07751535624265671, 0.08996732532978058, 0.28223687410354614
54, 0.1560826312411915, 0.23721382021903992, 0.07675905525684357, 0.09006059914827347, 0.28246229887008667
55, 0.15154656253077767, 0.2487219274044037, 0.08376627415418625, 0.08881064504384995, 0.28028517961502075
56, 0.15543732128360055, 0.23957262933254242, 0.07769173383712769, 0.08829805254936218, 0.27927297353744507
57, 0.14417028535496104, 0.20733536779880524, 0.07861770689487457, 0.08736388385295868, 0.27788448333740234
58, 0.14790905957872216, 0.1997876912355423, 0.07944794744253159, 0.08677329123020172, 0.27675360441207886
59, 0.14390526413917543, 0.21006925404071808, 0.07926974445581436, 0.08641509711742401, 0.2761375308036804
60, 0.14700181023641065, 0.20297396183013916, 0.07985430955886841, 0.08572998642921448, 0.2748986780643463
61, 0.14320080090652812, 0.20105911791324615, 0.08075402677059174, 0.08519624173641205, 0.27402788400650024
62, 0.14588432610034943, 0.21829275786876678, 0.08107635378837585, 0.08443966507911682, 0.2725559175014496
63, 0.14288760342381218, 0.21383340656757355, 0.08181018382310867, 0.0835120752453804, 0.2709907293319702
64, 0.14320211884650316, 0.21959605813026428, 0.08187425136566162, 0.08305581659078598, 0.2701031565666199
65, 0.15340809713710438, 0.22388345003128052, 0.08251741528511047, 0.08238468319177628, 0.2689528167247772
66, 0.13984395536509428, 0.2108008712530136, 0.08178916573524475, 0.08206828683614731, 0.26823344826698303
67, 0.14016806401989676, 0.19920459389686584, 0.08387915790081024, 0.081051766872406, 0.26635926961898804
68, 0.13187968676740472, 0.20446982979774475, 0.08382871747016907, 0.08039306849241257, 0.2653055787086487
69, 0.13441902900283986, 0.1877627670764923, 0.08440449088811874, 0.07964249700307846, 0.26381462812423706
70, 0.1369389138438485, 0.19554615020751953, 0.08417366445064545, 0.07895448803901672, 0.2625792622566223
71, 0.14413435513323003, 0.20294640958309174, 0.08498743176460266, 0.07890552282333374, 0.2625977098941803
72, 0.13546083176677878, 0.18909919261932373, 0.08443597704172134, 0.07795341312885284, 0.26074010133743286
73, 0.1358031615614891, 0.20781779289245605, 0.087264783680439, 0.07792147994041443, 0.2607412338256836
74, 0.1305810100652955, 0.1884707808494568, 0.08488301932811737, 0.07736615836620331, 0.25965067744255066
75, 0.13396802382035689, 0.19874194264411926, 0.08625658601522446, 0.07626978307962418, 0.25758233666419983
76, 0.13463156643238935, 0.22724640369415283, 0.08422597497701645, 0.07719296962022781, 0.25824233889579773
77, 0.1307940571145578, 0.1922096312046051, 0.08560159057378769, 0.07506963610649109, 0.2551756203174591
78, 0.1276706663045016, 0.22552384436130524, 0.08988368511199951, 0.07442846894264221, 0.25392618775367737
79, 0.13444002650000833, 0.19154208898544312, 0.08738037198781967, 0.07409514486789703, 0.25333037972450256
80, 0.1259571074084802, 0.18803368508815765, 0.08735960721969604, 0.07345021516084671, 0.25203511118888855
81, 0.13045771772211248, 0.20498020946979523, 0.08614306896924973, 0.0732441172003746, 0.25154104828834534
82, 0.13484459099444476, 0.18421560525894165, 0.0870562419295311, 0.07276113331317902, 0.25078272819519043
83, 0.126276418837634, 0.22541280090808868, 0.08674872666597366, 0.07261788100004196, 0.25046682357788086
84, 0.15076561922376805, 0.18461830914020538, 0.08695407211780548, 0.07155989110469818, 0.24837635457515717
85, 0.12588361718437888, 0.17355100810527802, 0.08794630318880081, 0.0711895003914833, 0.2475752830505371
86, 0.1230181402780793, 0.16275791823863983, 0.08866587281227112, 0.07021066546440125, 0.24578051269054413
87, 0.11735910353335467, 0.1795468032360077, 0.08769436180591583, 0.07048778980970383, 0.2462312877178192
88, 0.11816852444952185, 0.17764830589294434, 0.08903611451387405, 0.06922319531440735, 0.24375030398368835
89, 0.1353593116456812, 0.22045154869556427, 0.08695846050977707, 0.06907542794942856, 0.24322155117988586
90, 0.12897279411554335, 0.16929742693901062, 0.08932692557573318, 0.06846954673528671, 0.24214878678321838
91, 0.11670515997843309, 0.18353122472763062, 0.0887238085269928, 0.06810016930103302, 0.24135830998420715
92, 0.11487388800490986, 0.16984239220619202, 0.08867388963699341, 0.06760405004024506, 0.24039804935455322
93, 0.12082211808724837, 0.17857055366039276, 0.08917952328920364, 0.06674793362617493, 0.23848731815814972
94, 0.11935363032601097, 0.16605563461780548, 0.08964503556489944, 0.06629636138677597, 0.2376421093940735
95, 0.12831989404830066, 0.2075989693403244, 0.08941168338060379, 0.06605211645364761, 0.23706483840942383
96, 0.12381255369294773, 0.1793292909860611, 0.09244102239608765, 0.06598552316427231, 0.2370837926864624
97, 0.10859659720550884, 0.16371968388557434, 0.08979932218790054, 0.06480883061885834, 0.23455213010311127
98, 0.1182383506135507, 0.17209555208683014, 0.08956649899482727, 0.06467457860708237, 0.2344154566526413
99, 0.1115725269371813, 0.17248976230621338, 0.08904392272233963, 0.06445024907588959, 0.2337673008441925
100, 0.11720105125145479, 0.15928439795970917, 0.089879609644413, 0.06383083015680313, 0.23262818157672882
101, 0.11202395964752544, 0.19560223817825317, 0.09296711534261703, 0.06325259059667587, 0.23132812976837158
102, 0.11666315279223702, 0.1667816936969757, 0.0906953513622284, 0.0629153773188591, 0.23066747188568115
103, 0.11743516800078478, 0.1822020560503006, 0.09374216943979263, 0.06215864047408104, 0.22890940308570862
104, 0.11328011520884254, 0.15440554916858673, 0.09137553721666336, 0.06155707687139511, 0.22762614488601685
105, 0.10639181231910533, 0.19138455390930176, 0.09019235521554947, 0.06157085672020912, 0.2274715006351471
106, 0.11657080379399386, 0.15878912806510925, 0.08984428644180298, 0.06124897301197052, 0.22687354683876038
107, 0.1047977471893484, 0.16113856434822083, 0.09051430225372314, 0.06041138246655464, 0.22501447796821594
108, 0.11737311279231852, 0.1579626500606537, 0.09194504469633102, 0.06016818434000015, 0.22457383573055267
109, 0.1132213215936314, 0.191081702709198, 0.09034308046102524, 0.05974522605538368, 0.22359488904476166
110, 0.11191335401751779, 0.17123115062713623, 0.09119520336389542, 0.05887392535805702, 0.22151045501232147
111, 0.1099518977782943, 0.1519254595041275, 0.09125026315450668, 0.05902779847383499, 0.22216740250587463
112, 0.10880964046174829, 0.17021431028842926, 0.09162987023591995, 0.05857851356267929, 0.22091226279735565
113, 0.10256623950871555, 0.15513500571250916, 0.09139012545347214, 0.05822502449154854, 0.22026167809963226
114, 0.10915690430186012, 0.16615517437458038, 0.09145588427782059, 0.0579817034304142, 0.21977759897708893
115, 0.1120950697497888, 0.16351068019866943, 0.09128081798553467, 0.05753396824002266, 0.21848422288894653
116, 0.11155662279237401, 0.18598318099975586, 0.09588492661714554, 0.05695532634854317, 0.21729408204555511
117, 0.10673741115765138, 0.14804469048976898, 0.09251341968774796, 0.0568447969853878, 0.2171570211648941
118, 0.10148007395592602, 0.18981918692588806, 0.09707149118185043, 0.056131742894649506, 0.21537281572818756
119, 0.10427663692019203, 0.19762900471687317, 0.09201125055551529, 0.05600627511739731, 0.21512243151664734
120, 0.1045848700133237, 0.1532822549343109, 0.09253887832164764, 0.05501633882522583, 0.21288177371025085
121, 0.10276085029948842, 0.1514175534248352, 0.09358858317136765, 0.05498703196644783, 0.21287648379802704
122, 0.10413999259471893, 0.16830670833587646, 0.09693125635385513, 0.0542999692261219, 0.21124543249607086
123, 0.10624198182062669, 0.13853517174720764, 0.09315470606088638, 0.054168786853551865, 0.2109060287475586
124, 0.10339224460450086, 0.16129527986049652, 0.09695315361022949, 0.053631484508514404, 0.20958741009235382
125, 0.10843204083767805, 0.1465718001127243, 0.09326210618019104, 0.05372265726327896, 0.2097664326429367
126, 0.09916919334368272, 0.1644340604543686, 0.09512963145971298, 0.05308673158288002, 0.20816534757614136
127, 0.09784994531761516, 0.16346831619739532, 0.09427470713853836, 0.05282682552933693, 0.207707941532135
128, 0.10866959542036056, 0.15767088532447815, 0.09309876710176468, 0.05251314491033554, 0.20692189037799835
129, 0.10248018923130903, 0.13622631132602692, 0.093529611825943, 0.05189149081707001, 0.20556379854679108
130, 0.09426841857758435, 0.1398175209760666, 0.09360978752374649, 0.051682569086551666, 0.20497778058052063
131, 0.09606126235290006, 0.1418149769306183, 0.0928305834531784, 0.051992952823638916, 0.20552800595760345
132, 0.09552661857821725, 0.14605475962162018, 0.09391682595014572, 0.05100402981042862, 0.20323722064495087
133, 0.10362216708335009, 0.16710495948791504, 0.09821030497550964, 0.05056346580386162, 0.20197521150112152
134, 0.0929468963633884, 0.1522122323513031, 0.09290945529937744, 0.05049179494380951, 0.2019198089838028
135, 0.10434690172022039, 0.17355433106422424, 0.09317144006490707, 0.051186658442020416, 0.2024453729391098
136, 0.10351612811738795, 0.12994740903377533, 0.09557784348726273, 0.04971323162317276, 0.20011091232299805
137, 0.08998206447471271, 0.1456499695777893, 0.0974707305431366, 0.049354951828718185, 0.19911454617977142
138, 0.09550720805471594, 0.14632172882556915, 0.09425836056470871, 0.049111880362033844, 0.1984969526529312
139, 0.09733117425983602, 0.13965517282485962, 0.09564469009637833, 0.048719897866249084, 0.19772367179393768
140, 0.10238913595676422, 0.158394917845726, 0.09372708201408386, 0.04859862104058266, 0.19716157019138336
141, 0.09713109677488153, 0.1384388506412506, 0.09457530081272125, 0.04839405417442322, 0.1967075765132904
142, 0.08895325620066036, 0.15881483256816864, 0.09453373402357101, 0.04826172813773155, 0.1962287575006485
143, 0.09073290730064565, 0.1379455327987671, 0.09380027651786804, 0.048183802515268326, 0.1958882063627243
144, 0.10399420843882994, 0.14588096737861633, 0.09551926702260971, 0.04698123037815094, 0.1931656002998352
145, 0.09712210744619369, 0.13504521548748016, 0.09574991464614868, 0.046945907175540924, 0.1929369568824768
146, 0.08938181156461888, 0.13899214565753937, 0.09418626129627228, 0.04691419005393982, 0.192855104804039
147, 0.10323012376373464, 0.13981914520263672, 0.09853020310401917, 0.046513888984918594, 0.1917223036289215
148, 0.0882204296914014, 0.14685393869876862, 0.09544385224580765, 0.04615215212106705, 0.19085635244846344
149, 0.08983990292657505, 0.14007467031478882, 0.09565837681293488, 0.045801855623722076, 0.18985559046268463
150, 0.09673504612662576, 0.14389650523662567, 0.09479623287916183, 0.04563687741756439, 0.18944917619228363
151, 0.09634407961910421, 0.11980588734149933, 0.09515337646007538, 0.045431945472955704, 0.18879465758800507
152, 0.09392224008386785, 0.15515604615211487, 0.09621553122997284, 0.045002877712249756, 0.18791107833385468
153, 0.08992365856062282, 0.14057530462741852, 0.09700369089841843, 0.04446731507778168, 0.18640096485614777
154, 0.09409840377894314, 0.11913830786943436, 0.09648819267749786, 0.04469934478402138, 0.18704065680503845
155, 0.0855720343914899, 0.13575957715511322, 0.09720782935619354, 0.04387800022959709, 0.18466925621032715
156, 0.08872429945252158, 0.12312672287225723, 0.09628074616193771, 0.04371614754199982, 0.18435578048229218
157, 0.08764926019040022, 0.142324760556221, 0.09543438255786896, 0.04381752014160156, 0.18465572595596313
158, 0.08762634233994918, 0.13343870639801025, 0.1006091982126236, 0.043312910944223404, 0.1831011176109314
159, 0.08741046677936207, 0.14942719042301178, 0.10225755721330643, 0.04285353794693947, 0.18174725770950317
160, 0.08555602390657771, 0.11898752301931381, 0.09689048677682877, 0.042708102613687515, 0.18160682916641235
161, 0.08592395836656744, 0.13980630040168762, 0.0964859277009964, 0.04231596365571022, 0.18032506108283997
162, 0.08918483609502965, 0.15310269594192505, 0.10172741115093231, 0.041992735117673874, 0.1795690953731537
163, 0.08362090614708988, 0.16240745782852173, 0.09775347262620926, 0.04198427125811577, 0.1794397234916687
164, 0.08524274365468458, 0.14263713359832764, 0.10090380907058716, 0.0418081134557724, 0.17890077829360962
165, 0.08745103153315457, 0.12901008129119873, 0.09804976731538773, 0.04132095351815224, 0.1774870902299881
166, 0.08083807257088747, 0.11944502592086792, 0.09812331944704056, 0.04125969111919403, 0.1775117665529251
167, 0.08093643676150929, 0.12223809957504272, 0.09731936454772949, 0.04093025624752045, 0.1765449345111847
168, 0.08116630600257353, 0.14203034341335297, 0.09749799966812134, 0.04106411710381508, 0.17660345137119293
169, 0.09255093268372795, 0.13804374635219574, 0.09822376072406769, 0.04039989411830902, 0.1750803291797638
170, 0.08851949599656192, 0.1266005039215088, 0.09804844111204147, 0.040403712540864944, 0.1747293770313263
171, 0.08969140188260512, 0.18734440207481384, 0.10435818135738373, 0.040006715804338455, 0.17340436577796936
172, 0.08989955620332198, 0.13679340481758118, 0.099310964345932, 0.0396607331931591, 0.17269261181354523
173, 0.08492484837770461, 0.1305452287197113, 0.09828460216522217, 0.03952799737453461, 0.17244060337543488
174, 0.07809838246215474, 0.1541810929775238, 0.09763499349355698, 0.04062057286500931, 0.1741400510072708
175, 0.07900326604192907, 0.12516114115715027, 0.09921087324619293, 0.03906863182783127, 0.17097191512584686
176, 0.08023998385125941, 0.14669294655323029, 0.09878068417310715, 0.03880542144179344, 0.17015418410301208
177, 0.07703933336518028, 0.12445980310440063, 0.09937109053134918, 0.03881487622857094, 0.1700410395860672
178, 0.08555746200409803, 0.1268795132637024, 0.09936363995075226, 0.03858969733119011, 0.16928157210350037
179, 0.08020613803104922, 0.1481248289346695, 0.1039150282740593, 0.03816406428813934, 0.1679840087890625
180, 0.07937119074843146, 0.14793661236763, 0.10585696995258331, 0.038395460695028305, 0.1685817390680313
181, 0.08476059653542259, 0.13739514350891113, 0.10307937860488892, 0.03803985193371773, 0.16768068075180054
182, 0.08635763471776789, 0.1476106494665146, 0.09909973293542862, 0.03778954967856407, 0.16689826548099518
183, 0.08463028262961994, 0.12094561010599136, 0.0994945541024208, 0.0374571718275547, 0.16586093604564667
184, 0.08058246252211658, 0.1329619139432907, 0.10473161935806274, 0.03724973276257515, 0.16508324444293976
185, 0.08721479123288935, 0.12701889872550964, 0.09983803331851959, 0.03695576265454292, 0.1643553227186203
186, 0.0806650616905906, 0.12276244908571243, 0.10015079379081726, 0.037136487662792206, 0.16477371752262115
187, 0.08228897140784697, 0.12796640396118164, 0.10006525367498398, 0.03682088479399681, 0.1638287454843521
188, 0.07713509337468581, 0.13330601155757904, 0.10099698603153229, 0.03623470291495323, 0.16211096942424774
189, 0.07508593052625656, 0.13486723601818085, 0.1012335866689682, 0.03628598526120186, 0.1622365415096283
190, 0.07989966544238004, 0.15320608019828796, 0.10189642012119293, 0.0358341746032238, 0.16091978549957275
191, 0.07469203201207247, 0.11246519535779953, 0.10089806467294693, 0.03621094673871994, 0.1621233969926834
192, 0.07866822562434457, 0.13074049353599548, 0.10217739641666412, 0.035651106387376785, 0.1602715402841568
193, 0.07429755980318242, 0.11454044282436371, 0.10101476311683655, 0.03559994697570801, 0.15997537970542908
194, 0.08103251673958518, 0.13343854248523712, 0.10385741293430328, 0.035452257841825485, 0.15908746421337128
195, 0.07971837134523825, 0.11914926022291183, 0.1027906984090805, 0.03486798703670502, 0.1577172726392746
196, 0.08167727819897912, 0.12834163010120392, 0.10217606276273727, 0.03484253212809563, 0.15744534134864807
197, 0.07451925657012246, 0.116054967045784, 0.10116895288228989, 0.03495340421795845, 0.1575615555047989
198, 0.07536176185716283, 0.13084504008293152, 0.10258197039365768, 0.034309547394514084, 0.15587118268013
199, 0.07119825367223133, 0.12197244167327881, 0.10154424607753754, 0.03443119302392006, 0.15613669157028198
200, 0.07540631199424917, 0.13537167012691498, 0.10220307111740112, 0.03435675799846649, 0.15564168989658356
201, 0.0816035228019411, 0.13869959115982056, 0.10301113873720169, 0.03399541601538658, 0.15459302067756653
202, 0.07306229959834706, 0.11071242392063141, 0.10223203152418137, 0.03402501344680786, 0.15464073419570923
203, 0.06940100640058518, 0.12723103165626526, 0.10129696875810623, 0.033826787024736404, 0.15368108451366425
204, 0.07778076136654073, 0.13599880039691925, 0.10654734075069427, 0.03349454328417778, 0.15269172191619873
205, 0.08254931054332039, 0.11604633182287216, 0.1025189608335495, 0.03367237001657486, 0.15318994224071503
206, 0.07635510028763251, 0.13117533922195435, 0.10131200402975082, 0.03353027254343033, 0.15262667834758759
207, 0.07454652156342159, 0.11160337179899216, 0.10246285796165466, 0.03319577872753143, 0.15160253643989563
208, 0.07012263529679992, 0.13057880103588104, 0.1025526225566864, 0.03298221156001091, 0.1509011685848236
209, 0.07929927842183547, 0.12206671386957169, 0.10855197161436081, 0.032734353095293045, 0.1499105840921402
210, 0.07224014570767229, 0.12490016967058182, 0.10382498055696487, 0.03279099985957146, 0.1502322405576706
211, 0.07163090970028531, 0.12358294427394867, 0.1029403805732727, 0.032617125660181046, 0.1494835466146469
212, 0.0832153856754303, 0.1411437690258026, 0.10355379432439804, 0.03260950744152069, 0.14928503334522247
213, 0.06982568976554003, 0.1165144219994545, 0.10364394634962082, 0.03219285234808922, 0.14796842634677887
214, 0.07179029861634428, 0.11326656490564346, 0.10331141948699951, 0.032350387424230576, 0.14835447072982788
215, 0.07744530419057066, 0.12174686789512634, 0.10427481681108475, 0.03201000764966011, 0.14737601578235626
216, 0.06828965111212297, 0.1163746640086174, 0.10433831810951233, 0.03189995884895325, 0.14670483767986298
217, 0.06799804365093058, 0.12051580846309662, 0.10427477955818176, 0.0316893570125103, 0.14591069519519806
218, 0.0754278300838037, 0.1259520798921585, 0.10893217474222183, 0.03141000121831894, 0.14505234360694885
219, 0.0734907781535929, 0.12173634767532349, 0.10511800646781921, 0.03140151500701904, 0.14500336349010468
220, 0.07046964148228818, 0.12525752186775208, 0.10431521385908127, 0.031221644952893257, 0.14438496530056
221, 0.07532153210856697, 0.12080135941505432, 0.10456158220767975, 0.03102913871407509, 0.1437324583530426
222, 0.08251311900940808, 0.13081984221935272, 0.10483960062265396, 0.031088996678590775, 0.1436247080564499
223, 0.07452938421206041, 0.11827171593904495, 0.10556202381849289, 0.030729521065950394, 0.1426229029893875
224, 0.06587334742600268, 0.11726599931716919, 0.10606806725263596, 0.03069004788994789, 0.14231561124324799
225, 0.06798072802749547, 0.11104585230350494, 0.10437236726284027, 0.03067631833255291, 0.1421332210302353
226, 0.07333003810860894, 0.11446435749530792, 0.1060539186000824, 0.03059561178088188, 0.14186282455921173
227, 0.06946758533065969, 0.1272030919790268, 0.10574334859848022, 0.030425339937210083, 0.14102859795093536
228, 0.07417443780736489, 0.11899502575397491, 0.10660023242235184, 0.030223963782191277, 0.14047203958034515
229, 0.07227465835484591, 0.1277536004781723, 0.10713356733322144, 0.02993997558951378, 0.13977470993995667
230, 0.06708058112046936, 0.11623506247997284, 0.10633308440446854, 0.029882052913308144, 0.13912613689899445
231, 0.06632188734683124, 0.12295334041118622, 0.10696449875831604, 0.02981533855199814, 0.13884176313877106
232, 0.07284746759317139, 0.14707781374454498, 0.11299987882375717, 0.029561471194028854, 0.13770008087158203
233, 0.07460638183084402, 0.11784815788269043, 0.10707719624042511, 0.029598833993077278, 0.13803718984127045
234, 0.07052149088545279, 0.14966213703155518, 0.10745655000209808, 0.02931419387459755, 0.13700656592845917
235, 0.07499578060074286, 0.1206691712141037, 0.11092892289161682, 0.029399069026112556, 0.1368284970521927
236, 0.07005858197808265, 0.11101339757442474, 0.10696091502904892, 0.02930537238717079, 0.13654977083206177
237, 0.06834746477278796, 0.14018653333187103, 0.11400151252746582, 0.028841890394687653, 0.13482968509197235
238, 0.06963677562095902, 0.12497905641794205, 0.10570685565471649, 0.02916596457362175, 0.13581052422523499
239, 0.07108187817714431, 0.12041334807872772, 0.10717429220676422, 0.028919095173478127, 0.1351977288722992
240, 0.07171512429009784, 0.12361986190080643, 0.10782923549413681, 0.02901984006166458, 0.13520734012126923
241, 0.0676705379377712, 0.14403966069221497, 0.11524762213230133, 0.02874610386788845, 0.13380606472492218
242, 0.06326133290475065, 0.12784013152122498, 0.1124056801199913, 0.028494693338871002, 0.1333886831998825
243, 0.07275615314191038, 0.11694205552339554, 0.10739612579345703, 0.02864665724337101, 0.13357394933700562
244, 0.06261615170673891, 0.11527345329523087, 0.10788527131080627, 0.028334736824035645, 0.13268956542015076
245, 0.06736523380333727, 0.12598136067390442, 0.1089317798614502, 0.028257761150598526, 0.13241398334503174
246, 0.06943797401406548, 0.12850923836231232, 0.10795935243368149, 0.02813717909157276, 0.13163252174854279
247, 0.07162710699168119, 0.12406300753355026, 0.10761642456054688, 0.028094004839658737, 0.13119089603424072
248, 0.073406782746315, 0.12873350083827972, 0.10770423710346222, 0.028177082538604736, 0.13141821324825287
249, 0.059606085920875726, 0.12825024127960205, 0.10747548192739487, 0.028069868683815002, 0.13084016740322113
250, 0.06881292895837264, 0.10387259721755981, 0.10906197130680084, 0.027818437665700912, 0.13019222021102905
251, 0.05943326970393008, 0.1355731189250946, 0.10712280124425888, 0.02865525521337986, 0.13119274377822876
252, 0.06842195588079365, 0.12727949023246765, 0.10836072266101837, 0.027702976018190384, 0.1296234130859375
253, 0.06891458576375788, 0.11923696845769882, 0.10972129553556442, 0.027491984888911247, 0.1287977695465088
254, 0.0647784569046714, 0.17664675414562225, 0.10780772566795349, 0.02840200439095497, 0.1299649327993393
255, 0.06608418084003709, 0.13467197120189667, 0.10990775376558304, 0.02739080600440502, 0.12799616158008575
256, 0.06578164188699288, 0.10607468336820602, 0.10938828438520432, 0.02711511217057705, 0.1271643489599228
257, 0.07012228667736053, 0.11250317096710205, 0.10950116068124771, 0.027210716158151627, 0.1271148920059204
258, 0.06301454027945345, 0.10765083879232407, 0.10978865623474121, 0.02724291756749153, 0.1268552988767624
259, 0.0642419967461716, 0.11556084454059601, 0.11109130084514618, 0.02699980139732361, 0.1263304054737091
260, 0.06609700552441856, 0.11543053388595581, 0.1161193773150444, 0.026859037578105927, 0.12546226382255554
261, 0.07631036002527583, 0.13806848227977753, 0.1111224889755249, 0.026803554967045784, 0.12515932321548462
262, 0.06490264284339818, 0.11766427755355835, 0.11206680536270142, 0.0265647079795599, 0.12444698065519333
263, 0.0657376804812388, 0.12034549564123154, 0.11131548136472702, 0.02656809613108635, 0.12435278296470642
264, 0.06470319506796923, 0.11596755683422089, 0.11118372529745102, 0.026569973677396774, 0.12414869666099548
265, 0.06599694510752505, 0.11250396817922592, 0.11088533699512482, 0.026470929384231567, 0.12390176951885223
266, 0.0612982420081442, 0.11047054082155228, 0.1112319827079773, 0.02651417814195156, 0.1235274076461792
267, 0.06138662953268398, 0.1175888255238533, 0.11870081722736359, 0.026333210989832878, 0.1224592924118042
268, 0.06364822353829037, 0.11754284054040909, 0.11200006306171417, 0.026308994740247726, 0.1228422150015831
269, 0.06303936839103699, 0.10897978395223618, 0.11238585412502289, 0.026108218356966972, 0.12219575047492981
270, 0.0619596005840735, 0.11096184700727463, 0.11165613681077957, 0.026124954223632812, 0.12177091836929321
271, 0.06608313884247433, 0.11552133411169052, 0.1119813323020935, 0.026050452142953873, 0.12141672521829605
272, 0.06786079196767374, 0.14756624400615692, 0.11236065626144409, 0.026036832481622696, 0.1210668757557869
273, 0.06654423847794533, 0.11159813404083252, 0.11250895261764526, 0.02604050189256668, 0.12084454298019409
274, 0.06672518233006651, 0.11178687959909439, 0.11239532381296158, 0.02577546238899231, 0.12038824707269669
275, 0.05969963466579264, 0.10277870297431946, 0.1128738522529602, 0.025675510987639427, 0.11980416625738144
276, 0.06354248896241188, 0.10825905203819275, 0.11372505128383636, 0.025571435689926147, 0.11901738494634628
277, 0.06163875745101408, 0.10022696852684021, 0.11304700374603271, 0.025787444785237312, 0.1195160448551178
278, 0.06359267871488225, 0.1251862496137619, 0.11370862275362015, 0.025440488010644913, 0.11853978782892227
279, 0.07032341726801612, 0.11089249700307846, 0.11368130892515182, 0.025475531816482544, 0.1184072270989418
280, 0.0631174667992375, 0.10202795267105103, 0.11385457217693329, 0.02550743892788887, 0.11818047612905502
281, 0.06007773612033237, 0.12388749420642853, 0.11453326791524887, 0.025378908962011337, 0.1178671196103096
282, 0.06811496852473779, 0.1185377761721611, 0.1133536696434021, 0.02541046030819416, 0.11760159581899643
283, 0.05870662162249739, 0.10283912718296051, 0.11438368260860443, 0.02530599571764469, 0.11727488785982132
284, 0.06126767464659431, 0.10096977651119232, 0.11427902430295944, 0.025083370506763458, 0.11627816408872604
285, 0.059158041260459204, 0.11322825402021408, 0.11353135854005814, 0.025145085528492928, 0.11673480272293091
286, 0.05671798918734897, 0.10408800095319748, 0.11587140709161758, 0.024981407448649406, 0.11568101495504379
287, 0.06408005011352626, 0.11810661852359772, 0.11566836386919022, 0.024932021275162697, 0.11536359041929245
288, 0.073244143683802, 0.12950104475021362, 0.11527929455041885, 0.024870220571756363, 0.11499660462141037
289, 0.06224398734894666, 0.12283185124397278, 0.1297718584537506, 0.024761946871876717, 0.11372145265340805
290, 0.06723134856332433, 0.1312064230442047, 0.12274393439292908, 0.02458804100751877, 0.11367519199848175
291, 0.06223794066093185, 0.13291791081428528, 0.1246330514550209, 0.02457284927368164, 0.11308252811431885
292, 0.060584071007641876, 0.1027604416012764, 0.11532671749591827, 0.02471868321299553, 0.11386971920728683
293, 0.0585164834829894, 0.10549814254045486, 0.11583535373210907, 0.024581314995884895, 0.1133037731051445
294, 0.07090737772258845, 0.11518775671720505, 0.11718705296516418, 0.024432672187685966, 0.11293674260377884
295, 0.060603481802073395, 0.11366821825504303, 0.12116580456495285, 0.024555375799536705, 0.1124652624130249
296, 0.05741706842725927, 0.11700566858053207, 0.11669821292161942, 0.024326449260115623, 0.112065389752388
297, 0.05865215157920664, 0.1447174847126007, 0.11546089500188828, 0.025161966681480408, 0.11337127536535263
298, 0.06261969804763794, 0.10331016778945923, 0.11741428077220917, 0.024237720295786858, 0.11148113012313843
299, 0.06694858555089343, 0.11590488255023956, 0.11769729107618332, 0.024097563698887825, 0.11088132858276367
300, 0.057120630890130995, 0.1404612511396408, 0.11642429977655411, 0.0251248087733984, 0.11270946264266968
301, 0.05924825133247809, 0.11827285587787628, 0.11817609518766403, 0.0240727998316288, 0.11035936325788498
302, 0.0593667286363515, 0.13585475087165833, 0.1190587505698204, 0.024147892370820045, 0.11046862602233887
303, 0.0594721911305731, 0.12225267291069031, 0.1267671436071396, 0.02388163097202778, 0.1091439351439476
304, 0.057798700779676436, 0.11004620790481567, 0.11779243499040604, 0.024022702127695084, 0.10973267257213593
305, 0.05633799203417518, 0.1316571831703186, 0.12529252469539642, 0.023990975692868233, 0.10909585654735565
306, 0.07172455123879692, 0.1281718760728836, 0.11826078593730927, 0.023800717666745186, 0.10894693434238434
307, 0.06585046818310564, 0.10635059326887131, 0.11915528774261475, 0.023797282949090004, 0.10861067473888397
308, 0.05887573808431625, 0.1109062060713768, 0.11970064043998718, 0.023839907720685005, 0.10864568501710892
309, 0.05386978530070998, 0.12190867215394974, 0.12632860243320465, 0.023626290261745453, 0.10743106156587601
310, 0.05894350219856609, 0.13372580707073212, 0.11923070251941681, 0.02375214174389839, 0.10781623423099518
311, 0.06995225779034875, 0.12978291511535645, 0.12084470689296722, 0.02351454645395279, 0.1072167381644249
312, 0.06311240629716353, 0.12147638946771622, 0.11917862296104431, 0.023640068247914314, 0.10731323063373566
313, 0.052682145143097096, 0.10310439765453339, 0.11968149989843369, 0.02367503196001053, 0.10728725045919418
314, 0.05593172095038674, 0.12317030876874924, 0.11968693882226944, 0.023596322163939476, 0.10675384104251862
315, 0.060967939821156586, 0.11999356746673584, 0.11975310742855072, 0.023542344570159912, 0.10670366883277893
316, 0.06099001243710518, 0.11731923371553421, 0.1202612891793251, 0.023498032242059708, 0.10591836273670197
317, 0.06099224090576172, 0.1061144545674324, 0.12213685363531113, 0.023343408480286598, 0.10532983392477036
318, 0.061724750291217455, 0.1149015724658966, 0.12065639346837997, 0.0234372615814209, 0.10573036968708038
319, 0.06203094991770658, 0.11625496298074722, 0.12142935395240784, 0.023357722908258438, 0.10517197102308273
320, 0.056266885724934664, 0.1050071120262146, 0.1218232810497284, 0.02336546964943409, 0.10514384508132935
321, 0.05896610211242329, 0.11583804339170456, 0.12111181020736694, 0.023361340165138245, 0.10474476218223572
322, 0.05497243763370947, 0.1425439566373825, 0.12850996851921082, 0.023168930783867836, 0.10362077504396439
323, 0.06073542711409655, 0.11283707618713379, 0.12231907248497009, 0.023130573332309723, 0.10390259325504303
324, 0.05916119089180773, 0.11711981147527695, 0.12273764610290527, 0.02299264445900917, 0.10362938046455383
325, 0.05868899476799098, 0.12541714310646057, 0.13042347133159637, 0.02307245321571827, 0.10298243165016174
326, 0.059789937260476024, 0.10442756116390228, 0.12367229163646698, 0.02304694429039955, 0.1030927300453186
327, 0.057933054254813626, 0.12734290957450867, 0.12285842001438141, 0.02295401133596897, 0.10269851237535477
328, 0.06148131848736243, 0.10804124921560287, 0.12282796204090118, 0.023030035197734833, 0.10281183570623398
329, 0.05564046393741261, 0.1110057383775711, 0.12410027533769608, 0.022908039391040802, 0.10255660861730576
330, 0.061917079307816245, 0.10915938019752502, 0.12229344993829727, 0.02294773980975151, 0.10216197371482849
331, 0.06177608756856485, 0.11134866625070572, 0.12274330109357834, 0.022933833301067352, 0.10221230983734131
332, 0.0565127775750377, 0.1047702506184578, 0.12433163076639175, 0.022844811901450157, 0.10156790167093277
333, 0.06152458380569111, 0.11826951801776886, 0.1241479143500328, 0.022773737087845802, 0.10148945450782776
334, 0.05386435870419849, 0.10402607172727585, 0.1238829642534256, 0.022713392972946167, 0.1011682003736496
335, 0.051409545269879425, 0.09819025546312332, 0.12509146332740784, 0.022608846426010132, 0.10036498308181763
336, 0.059463788365775885, 0.10742460191249847, 0.12350359559059143, 0.022814050316810608, 0.10113043338060379
337, 0.06261868944222276, 0.12394361943006516, 0.12383104860782623, 0.02272728644311428, 0.10046590864658356
338, 0.06506241221319545, 0.11711370199918747, 0.1333550065755844, 0.02262135036289692, 0.09950815886259079
339, 0.05518818368965929, 0.10484712570905685, 0.1252305507659912, 0.0226823128759861, 0.09980714321136475
340, 0.05350608839230104, 0.1055346429347992, 0.12542393803596497, 0.022598063573241234, 0.09950395673513412
341, 0.057028512927618895, 0.11922232806682587, 0.12681302428245544, 0.022561240941286087, 0.09927159547805786
342, 0.05966223031282425, 0.11010109633207321, 0.12564370036125183, 0.02250777557492256, 0.0991198942065239
343, 0.05459214997562495, 0.11329034715890884, 0.12618795037269592, 0.02248702012002468, 0.09868411719799042
344, 0.05782869248227639, 0.11921382695436478, 0.13355909287929535, 0.022467276081442833, 0.09809567034244537
345, 0.06787187172607942, 0.13591137528419495, 0.12608353793621063, 0.022580061107873917, 0.09872961789369583
346, 0.05193308341232213, 0.10591734945774078, 0.1271544247865677, 0.022361256182193756, 0.09819839149713516
347, 0.057874243774197316, 0.12444327771663666, 0.12511169910430908, 0.02260378748178482, 0.09862625598907471
348, 0.06089642156254162, 0.12113504856824875, 0.12686510384082794, 0.022612210363149643, 0.0981416255235672
349, 0.058220833404497664, 0.1131632924079895, 0.1284128725528717, 0.02231970988214016, 0.0973244309425354
350, 0.06024780585007234, 0.10820549726486206, 0.12821973860263824, 0.022278107702732086, 0.0972837582230568
351, 0.056024687398563734, 0.11255191266536713, 0.1349000185728073, 0.022381315007805824, 0.09684616327285767
352, 0.05410581380128861, 0.11351412534713745, 0.12867699563503265, 0.02211030013859272, 0.09634632617235184
353, 0.055660365183245054, 0.10903003811836243, 0.1291540265083313, 0.022157644852995872, 0.09637590497732162
354, 0.05824059214104305, 0.10994313657283783, 0.12876556813716888, 0.02211412787437439, 0.09620828181505203
355, 0.05520794811573895, 0.11884751915931702, 0.13696354627609253, 0.022177448496222496, 0.09561394900083542
356, 0.05694843408736316, 0.12380654364824295, 0.13003043830394745, 0.022197915241122246, 0.0959918275475502
357, 0.06498591615395112, 0.10894901305437088, 0.12909333407878876, 0.022196460515260696, 0.09564118087291718
358, 0.053986355662345886, 0.11641781777143478, 0.12955011427402496, 0.02214927412569523, 0.09566417336463928
359, 0.0572329656644301, 0.12416888028383255, 0.13862426578998566, 0.022003691643476486, 0.09445096552371979
360, 0.05262075039473447, 0.14123135805130005, 0.14533457159996033, 0.022003449499607086, 0.09371987730264664
361, 0.05678697282617742, 0.11317801475524902, 0.13035725057125092, 0.022019898518919945, 0.09479846060276031
362, 0.05360114513473077, 0.10491395741701126, 0.13035552203655243, 0.022011173889040947, 0.09456977993249893
363, 0.05638060542670163, 0.11049683392047882, 0.13161718845367432, 0.021908167749643326, 0.09398668259382248
364, 0.059330738403580406, 0.16026052832603455, 0.12958362698554993, 0.022903574630618095, 0.09563663601875305
365, 0.05198836089535193, 0.11752264201641083, 0.1323976367712021, 0.021862387657165527, 0.09363603591918945
366, 0.05930492932146246, 0.12183281779289246, 0.13258326053619385, 0.021812403574585915, 0.09320846199989319
367, 0.05386562625115568, 0.1037859246134758, 0.13200001418590546, 0.02191581204533577, 0.09373490512371063
368, 0.05549010173840956, 0.10258013755083084, 0.13291174173355103, 0.02180670015513897, 0.09316448122262955
369, 0.05709334462881088, 0.1302778571844101, 0.13218580186367035, 0.021922601386904716, 0.09313551336526871
370, 0.06123263327912851, 0.10800603032112122, 0.1329498440027237, 0.02198171056807041, 0.09318039566278458
371, 0.05443833863193338, 0.11976295709609985, 0.14096559584140778, 0.021794306114315987, 0.0920153558254242
372, 0.0505675580013882, 0.11173442006111145, 0.1328010857105255, 0.021950386464595795, 0.09286495298147202
373, 0.05661818574775349, 0.11098158359527588, 0.1331242322921753, 0.021937450394034386, 0.09270460158586502
374, 0.058463283221830024, 0.11534024029970169, 0.13390783965587616, 0.021899856626987457, 0.09218063950538635
375, 0.05254156054420905, 0.11285024136304855, 0.13418470323085785, 0.021731266751885414, 0.09185480326414108
376, 0.05495612634853883, 0.11266361176967621, 0.14256568253040314, 0.021754980087280273, 0.09094854444265366
377, 0.05481176775964824, 0.12089454382658005, 0.13561458885669708, 0.021604882553219795, 0.09130898118019104
378, 0.05682894533330744, 0.12178245186805725, 0.13580815494060516, 0.021628282964229584, 0.09089669585227966
379, 0.052943182262507354, 0.11543208360671997, 0.13606470823287964, 0.021646879613399506, 0.09097684919834137
380, 0.05526902066035704, 0.13512590527534485, 0.1353403925895691, 0.02164606750011444, 0.09098124504089355
381, 0.05673668655482206, 0.11794417351484299, 0.13547290861606598, 0.021688062697649002, 0.09078743308782578
382, 0.060198397866704244, 0.10860159993171692, 0.13612455129623413, 0.02154788374900818, 0.09028550237417221
383, 0.05504720583558083, 0.11788257211446762, 0.13676415383815765, 0.021576179191470146, 0.09014862775802612
384, 0.05517890886826949, 0.1155880019068718, 0.13839773833751678, 0.021440766751766205, 0.08968821913003922
385, 0.05998820425434546, 0.11446987092494965, 0.13733720779418945, 0.021648311987519264, 0.08994781970977783
386, 0.053517192873087795, 0.10862701386213303, 0.13617180287837982, 0.021648477762937546, 0.0898156464099884
387, 0.053851027583534064, 0.14422281086444855, 0.13749559223651886, 0.021593548357486725, 0.089976467192173
388, 0.056355382231148804, 0.12880438566207886, 0.13687561452388763, 0.02156864106655121, 0.0895213857293129
389, 0.059726134010336614, 0.11722107976675034, 0.13786427676677704, 0.02154015563428402, 0.08910160511732101
390, 0.05596954666755416, 0.11508210003376007, 0.13933081924915314, 0.021475622430443764, 0.0888603925704956
391, 0.054514945162968204, 0.0990406721830368, 0.13933724164962769, 0.021421276032924652, 0.08868569135665894
392, 0.05308975645086982, 0.18525801599025726, 0.1365375518798828, 0.023153699934482574, 0.0914788469672203
393, 0.05260223217985847, 0.13838335871696472, 0.1530354917049408, 0.02158176526427269, 0.08819106966257095
394, 0.05464361045848239, 0.13138961791992188, 0.14601486921310425, 0.02145049348473549, 0.08809425681829453
395, 0.056757891245863654, 0.11913153529167175, 0.14809294044971466, 0.02135082520544529, 0.08802727609872818
396, 0.05056330541318113, 0.11975691467523575, 0.141048863530159, 0.021402107551693916, 0.08802856504917145
397, 0.054304440184073016, 0.1105545237660408, 0.1404275745153427, 0.02157023549079895, 0.0882660299539566
398, 0.052443459900942714, 0.11290746182203293, 0.1397971212863922, 0.021397078409790993, 0.08799608796834946
399, 0.05361642322757027, 0.10366259515285492, 0.14003947377204895, 0.02141798660159111, 0.08763640373945236
400, 0.051957281611182474, 0.1157553568482399, 0.1427483856678009, 0.021259730681777, 0.08718554675579071
401, 0.05208405161445791, 0.15334437787532806, 0.14172324538230896, 0.02146560698747635, 0.08753661811351776
402, 0.06290313493121755, 0.11321118474006653, 0.1423148661851883, 0.021393831819295883, 0.08720151335000992
403, 0.055255257406018, 0.11338251084089279, 0.14980538189411163, 0.02125544846057892, 0.08661244809627533
404, 0.06089924702590162, 0.12101543694734573, 0.1427638977766037, 0.02128192037343979, 0.08662424236536026
405, 0.05170665715228428, 0.11381679773330688, 0.14508411288261414, 0.02130795083940029, 0.08635103702545166
406, 0.053201883760365574, 0.11665459722280502, 0.14559730887413025, 0.021150261163711548, 0.08602600544691086
407, 0.05074970661239191, 0.11761851608753204, 0.14328819513320923, 0.021417999640107155, 0.08669150620698929
408, 0.05574086213653738, 0.11041349917650223, 0.1455869972705841, 0.021176381036639214, 0.08557634055614471
409, 0.054949844831770116, 0.1041397973895073, 0.14302048087120056, 0.02147163636982441, 0.0865297019481659
410, 0.04809892387552695, 0.11523545533418655, 0.1450558304786682, 0.021227281540632248, 0.08538556098937988
411, 0.05647973336956718, 0.11152935028076172, 0.14633481204509735, 0.021106652915477753, 0.08530507236719131
412, 0.05403135764327916, 0.12896446883678436, 0.14683037996292114, 0.021069403737783432, 0.08488751947879791
413, 0.06275904354724017, 0.11748258769512177, 0.14700672030448914, 0.021268287673592567, 0.08515126258134842
414, 0.05329139598391273, 0.11497396975755692, 0.15340222418308258, 0.021163582801818848, 0.08490849286317825
415, 0.048467700589786875, 0.10644473880529404, 0.14750085771083832, 0.021256830543279648, 0.08497712016105652
416, 0.05562921423803676, 0.11697382479906082, 0.14736224710941315, 0.02114242874085903, 0.08473894000053406
417, 0.054333837262608785, 0.11110015213489532, 0.14904944598674774, 0.021156836301088333, 0.08475165069103241
418, 0.05491491556167603, 0.11359158903360367, 0.14937356114387512, 0.021177301183342934, 0.08463471382856369
419, 0.05412406379526312, 0.12021400779485703, 0.15517866611480713, 0.021063076332211494, 0.08436757326126099
420, 0.0535358034751632, 0.12716661393642426, 0.14901793003082275, 0.021054081618785858, 0.08427610993385315
421, 0.05362311154603958, 0.11458150297403336, 0.14966943860054016, 0.021048052236437798, 0.08399178832769394
422, 0.05342251936143095, 0.10333967208862305, 0.15129394829273224, 0.021060559898614883, 0.08381426334381104
423, 0.05327926935120062, 0.1102873682975769, 0.1512061208486557, 0.021063925698399544, 0.08391815423965454
424, 0.05296364060857079, 0.10721062868833542, 0.1516537070274353, 0.021105878055095673, 0.08371101319789886
425, 0.05740938450802456, 0.1274646371603012, 0.1589408814907074, 0.021036507561802864, 0.08333563804626465
426, 0.053682488406246356, 0.1098170056939125, 0.15343542397022247, 0.020958373323082924, 0.08325082063674927
427, 0.0477588679980148, 0.12003496289253235, 0.15279372036457062, 0.02114754356443882, 0.08361010998487473
428, 0.054015684940598226, 0.11774002760648727, 0.1531469225883484, 0.021170729771256447, 0.08334387838840485
429, 0.05486498149958524, 0.1780543029308319, 0.1514693796634674, 0.021712545305490494, 0.08427774906158447
430, 0.058321733772754666, 0.11612433195114136, 0.15125542879104614, 0.021036045625805855, 0.08326222747564316
431, 0.05257633890617978, 0.11960940808057785, 0.1527426391839981, 0.021066436544060707, 0.08287005126476288
432, 0.0569969310679219, 0.19066175818443298, 0.15303274989128113, 0.021670766174793243, 0.0838269367814064
433, 0.04777764982797883, 0.11685783416032791, 0.15327195823192596, 0.020996809005737305, 0.08289122581481934
434, 0.0498674713075161, 0.11081259697675705, 0.15598566830158234, 0.02102639153599739, 0.08246541768312454
435, 0.049806432696906, 0.12053675949573517, 0.15622307360172272, 0.021077634766697884, 0.08290722966194153
436, 0.053348583592609924, 0.11749042570590973, 0.1551963835954666, 0.020963773131370544, 0.08231997489929199
437, 0.051724894412539225, 0.10252173244953156, 0.15735402703285217, 0.02111983671784401, 0.08218767493963242
438, 0.051172174513339996, 0.11612232029438019, 0.15821193158626556, 0.020892269909381866, 0.08198559284210205
439, 0.0679909694601189, 0.13578449189662933, 0.15857967734336853, 0.020912304520606995, 0.0815739706158638
440, 0.050738713619383896, 0.10671363770961761, 0.1569342017173767, 0.02106236293911934, 0.08190346509218216
441, 0.054654170369560065, 0.19562721252441406, 0.15593837201595306, 0.021669814363121986, 0.08303216099739075
442, 0.04836219027638435, 0.10801596194505692, 0.15862013399600983, 0.0210244283080101, 0.08175940066576004
443, 0.04871197376738895, 0.11965787410736084, 0.15864874422550201, 0.021012015640735626, 0.08164279162883759
444, 0.05241156261075627, 0.10631852596998215, 0.15849408507347107, 0.021039623767137527, 0.08171036094427109
445, 0.05386605140837756, 0.11524132639169693, 0.16492781043052673, 0.02097298949956894, 0.08147501945495605
446, 0.05246801626953212, 0.12815359234809875, 0.16073819994926453, 0.021115664392709732, 0.08155910670757294
447, 0.05688933872363784, 0.1233951598405838, 0.16065163910388947, 0.020927460864186287, 0.08093919605016708
448, 0.05076400861144066, 0.10488332808017731, 0.16132746636867523, 0.02099277637898922, 0.08119308948516846
449, 0.0535749421200969, 0.11276044696569443, 0.1600596308708191, 0.020997634157538414, 0.0809561088681221
450, 0.05555341365662488, 0.12782730162143707, 0.16340909898281097, 0.02087598666548729, 0.08033973723649979
451, 0.054168940132314505, 0.10663019120693207, 0.16346120834350586, 0.02084733173251152, 0.08048316836357117
452, 0.04974099309606986, 0.11628366261720657, 0.1653721034526825, 0.02078554965555668, 0.07999114692211151
453, 0.050189940970052374, 0.12462635338306427, 0.1665472686290741, 0.0208171047270298, 0.08007688075304031
454, 0.05650716891342943, 0.11373592168092728, 0.1641586869955063, 0.0209236778318882, 0.08052196353673935
455, 0.04720500226725231, 0.10607242584228516, 0.16745904088020325, 0.020658962428569794, 0.07947845757007599
456, 0.04627723267132586, 0.12592260539531708, 0.16410231590270996, 0.020951848477125168, 0.08043692260980606
457, 0.05178980156779289, 0.12407710403203964, 0.17288340628147125, 0.02071145549416542, 0.0796508640050888
458, 0.06104442125016993, 0.1856171041727066, 0.16570687294006348, 0.021584611386060715, 0.08085709810256958
459, 0.051624088463458145, 0.11449190229177475, 0.16756609082221985, 0.02085142582654953, 0.07952047139406204
460, 0.048344455659389496, 0.10419707745313644, 0.16673210263252258, 0.020786618813872337, 0.07955110818147659
461, 0.049477208812128415, 0.11664528399705887, 0.16864442825317383, 0.020703941583633423, 0.07928816974163055
462, 0.050991549681533466, 0.18075762689113617, 0.16751490533351898, 0.021560102701187134, 0.08060981333255768
463, 0.0555806349624287, 0.1223180815577507, 0.1686566174030304, 0.02090606279671192, 0.07984168827533722
464, 0.05174856226552616, 0.1196618303656578, 0.169690802693367, 0.020899375900626183, 0.07918993383646011
465, 0.05630325173789805, 0.11889451742172241, 0.16953186690807343, 0.0209363903850317, 0.0797063335776329
466, 0.05007437352429737, 0.12185858935117722, 0.16917960345745087, 0.020886393263936043, 0.07944212853908539
467, 0.049642315913330425, 0.10852570831775665, 0.17204758524894714, 0.020852670073509216, 0.07912304252386093
468, 0.050485621866854756, 0.11776188015937805, 0.1679064780473709, 0.01961076818406582, 0.07798302918672562
469, 0.045099002393809234, 0.10958591103553772, 0.16612446308135986, 0.012526119127869606, 0.07318761199712753
470, 0.04185789755799554, 0.12541627883911133, 0.16833825409412384, 0.012237914837896824, 0.07520749419927597
471, 0.043085578761317515, 0.12858983874320984, 0.17117011547088623, 0.012012649327516556, 0.07543474435806274
472, 0.045864628187634725, 0.10747270286083221, 0.17385424673557281, 0.012063706293702126, 0.0755934938788414
473, 0.04645695063200864, 0.11616754531860352, 0.17041389644145966, 0.01188607420772314, 0.07552832365036011
474, 0.04309761310842904, 0.1552237570285797, 0.1741752326488495, 0.011901945807039738, 0.07540731132030487
475, 0.04800159897316586, 0.11231549829244614, 0.17381079494953156, 0.011826264671981335, 0.07512278109788895
476, 0.043190393461422484, 0.10387592762708664, 0.17401006817817688, 0.011674306355416775, 0.07477113604545593
477, 0.040693560242652894, 0.1255383938550949, 0.17356973886489868, 0.011714481748640537, 0.07509800791740417
478, 0.04217085838317871, 0.10658428072929382, 0.17610813677310944, 0.011643429286777973, 0.074331134557724
479, 0.04057954708960923, 0.11383932083845139, 0.17656368017196655, 0.011649593710899353, 0.07421106845140457
480, 0.044802535257556224, 0.10527606308460236, 0.17688299715518951, 0.01160705741494894, 0.07367588579654694
481, 0.04289687475697561, 0.09970232099294662, 0.1791227012872696, 0.011492765508592129, 0.07322809845209122
482, 0.03897448256611824, 0.1137637123465538, 0.17866183817386627, 0.011567172594368458, 0.07371173053979874
483, 0.042690789293159136, 0.11573908478021622, 0.1786859780550003, 0.011450088582932949, 0.0731191411614418
484, 0.04036761180243709, 0.10705522447824478, 0.17833925783634186, 0.011605490930378437, 0.07346062362194061
485, 0.039817186783660544, 0.1054559201002121, 0.17631974816322327, 0.011708646081387997, 0.07318383455276489
486, 0.04088790867138992, 0.10155823826789856, 0.18040581047534943, 0.011616651900112629, 0.07265821099281311
487, 0.04426998773759062, 0.11417300254106522, 0.18311411142349243, 0.011470875702798367, 0.07216720283031464
488, 0.04328779388557781, 0.1376299262046814, 0.18336829543113708, 0.011324695311486721, 0.07186760753393173
489, 0.044466898251663556, 0.10802973806858063, 0.18261311948299408, 0.01148381270468235, 0.07241390645503998
490, 0.04423144405538386, 0.12194249033927917, 0.19001810252666473, 0.011441376060247421, 0.07155297696590424
491, 0.047455506839535457, 0.11486445367336273, 0.18222825229167938, 0.011540498584508896, 0.07220625132322311
492, 0.04388437514955347, 0.09767799824476242, 0.1844516396522522, 0.011515606194734573, 0.07211578637361526
493, 0.03378708850253712, 0.11372847855091095, 0.18438385426998138, 0.01124316081404686, 0.07110661268234253
494, 0.045448661663315515, 0.11394283920526505, 0.18377059698104858, 0.011385944671928883, 0.07141009718179703
495, 0.03746421709656715, 0.10568137466907501, 0.18569426238536835, 0.011458493769168854, 0.07160471379756927
496, 0.045028108019720424, 0.11942741274833679, 0.1904536634683609, 0.011237626895308495, 0.07092136144638062
497, 0.04646227237853137, 0.11922921240329742, 0.1853327602148056, 0.011243101209402084, 0.07059221714735031
498, 0.03492156463590535, 0.10984981805086136, 0.19320183992385864, 0.011247284710407257, 0.07022018730640411
499, 0.04167081859301437, 0.10866036266088486, 0.18664075434207916, 0.011287609115242958, 0.07055209577083588
500, 0.03654527061364867, 0.11448458582162857, 0.18671630322933197, 0.011133006773889065, 0.07016737759113312
