Epoch, Train_loss, Val_loss, SSIM, MSE, MAE
1, 51.18873270208185, 46.898353576660156, 0.5270187854766846, 0.08102794736623764, 0.13620099425315857
2, 31.04220820340243, 27.360206604003906, 0.519448459148407, 0.7199386358261108, 0.25511497259140015
3, 26.230455814708364, 25.262399673461914, 0.5145232677459717, 0.8100214600563049, 0.25430604815483093
4, 23.398124833540482, 22.929344177246094, 0.5222445726394653, 0.811008632183075, 0.24603775143623352
5, 21.49392003146085, 21.676950454711914, 0.5232341885566711, 0.8133977055549622, 0.2439209371805191
6, 20.16767543445934, 20.61629295349121, 0.5267835855484009, 0.8159732818603516, 0.24183043837547302
7, 19.096450250799005, 19.952791213989258, 0.5279645919799805, 0.8371374011039734, 0.2429807186126709
8, 18.294865902987393, 19.426124572753906, 0.5275585651397705, 0.8013537526130676, 0.23979943990707397
9, 17.603507024591618, 18.519493103027344, 0.5324233770370483, 0.7570673227310181, 0.2339964359998703
10, 17.04654593034224, 18.431324005126953, 0.5340010523796082, 0.8010128736495972, 0.23784895241260529
11, 16.529368088462135, 18.368574142456055, 0.528980016708374, 0.7998709082603455, 0.23999804258346558
12, 16.0975453636863, 17.694040298461914, 0.5339275598526001, 0.7527334690093994, 0.2344309538602829
13, 15.69861063523726, 17.592594146728516, 0.5304549932479858, 0.7335555553436279, 0.23373854160308838
14, 15.289583310213956, 16.967098236083984, 0.5335488319396973, 0.6831572651863098, 0.23115086555480957
15, 14.845408907803622, 16.470998764038086, 0.5366116762161255, 0.5832375288009644, 0.22065171599388123
16, 14.37716867273504, 16.145444869995117, 0.5395485758781433, 0.5716548562049866, 0.21876506507396698
17, 13.976151119578969, 15.792276382446289, 0.5413406491279602, 0.5058099627494812, 0.21276363730430603
18, 13.668064429543236, 15.574897766113281, 0.5326582789421082, 0.4522407054901123, 0.20798729360103607
19, 13.377488309686834, 15.193603515625, 0.5508837699890137, 0.428677499294281, 0.20146265625953674
20, 13.123342045870695, 15.44495964050293, 0.5411134362220764, 0.4173322916030884, 0.20383304357528687
21, 12.913452477888628, 15.012239456176758, 0.5382211208343506, 0.40922385454177856, 0.2021043598651886
22, 12.71062218059193, 14.878939628601074, 0.5458369851112366, 0.3714035749435425, 0.1974840611219406
23, 12.497009381380948, 14.950182914733887, 0.543359637260437, 0.3536049723625183, 0.19618521630764008
24, 12.299863902005283, 14.538869857788086, 0.5453543066978455, 0.36541691422462463, 0.19845986366271973
25, 12.136928020824085, 14.345483779907227, 0.5458022356033325, 0.3610517382621765, 0.19832327961921692
26, 11.968953826210715, 14.396873474121094, 0.5468832850456238, 0.3528013527393341, 0.1961890310049057
27, 11.854390855269, 14.161394119262695, 0.548300564289093, 0.33686718344688416, 0.19415056705474854
28, 11.69435749053955, 14.245260238647461, 0.546045184135437, 0.34048908948898315, 0.195244699716568
29, 11.607891637628729, 14.167724609375, 0.5466968417167664, 0.34377509355545044, 0.1957569420337677
30, 11.49965574091131, 13.959599494934082, 0.5491785407066345, 0.3274528980255127, 0.1925017088651657
31, 11.3588567386974, 13.846638679504395, 0.5486363172531128, 0.33094140887260437, 0.1943075805902481
32, 11.254438972473144, 14.004717826843262, 0.5389875173568726, 0.3222915828227997, 0.19496111571788788
33, 11.17310636693781, 13.671659469604492, 0.5517372488975525, 0.3244166970252991, 0.19270695745944977
34, 11.088041270862925, 13.573451042175293, 0.5510850548744202, 0.3085986077785492, 0.19146305322647095
35, 10.991411555897106, 13.530719757080078, 0.5507581830024719, 0.2983451783657074, 0.1901794672012329
36, 10.924211259321734, 13.489020347595215, 0.5491557717323303, 0.3092316687107086, 0.1932947188615799
37, 10.834896209023215, 13.528160095214844, 0.5519627928733826, 0.30941241979599, 0.1921110600233078
38, 10.764829202131791, 13.423699378967285, 0.5506284236907959, 0.3063826262950897, 0.19192363321781158
39, 10.68324335271662, 13.559646606445312, 0.5514523983001709, 0.29134631156921387, 0.18890435993671417
40, 10.625899817726829, 13.294257164001465, 0.551439642906189, 0.2863123118877411, 0.190156951546669
41, 10.536862321333452, 13.312053680419922, 0.5505358576774597, 0.28057557344436646, 0.18850548565387726
42, 10.46677268635143, 13.196616172790527, 0.5518320798873901, 0.2951672673225403, 0.19127625226974487
43, 10.404536524685946, 13.251348495483398, 0.5527138113975525, 0.2770727872848511, 0.18720781803131104
44, 10.338190512223678, 13.077807426452637, 0.5530923008918762, 0.2801036536693573, 0.18856516480445862
45, 10.284823330965908, 13.129697799682617, 0.5551109313964844, 0.2643049955368042, 0.1847815066576004
46, 10.231266645951704, 13.149932861328125, 0.552848219871521, 0.26314443349838257, 0.18479996919631958
47, 10.164057558233088, 12.98398494720459, 0.554165244102478, 0.26617860794067383, 0.18583403527736664
48, 10.091189419139516, 13.099496841430664, 0.5512659549713135, 0.2640492618083954, 0.18655873835086823
49, 10.029462450200862, 13.00694465637207, 0.5468205809593201, 0.25108861923217773, 0.18361417949199677
50, 9.974391573125667, 13.081149101257324, 0.5530527234077454, 0.24381276965141296, 0.1815720796585083
51, 9.907940396395597, 12.837388038635254, 0.5528535842895508, 0.2708509564399719, 0.18889275193214417
52, 9.866299663890493, 12.796503067016602, 0.5547055006027222, 0.2595688998699188, 0.18566899001598358
53, 9.817660470442338, 12.618371963500977, 0.5565099120140076, 0.2523408830165863, 0.18390388786792755
54, 9.760697555541991, 12.691235542297363, 0.5554625988006592, 0.25265559554100037, 0.18471448123455048
55, 9.695683704723011, 12.745173454284668, 0.5553299188613892, 0.24256598949432373, 0.1827649176120758
56, 9.664469649574974, 12.61551570892334, 0.5463576912879944, 0.24513950943946838, 0.18512405455112457
57, 9.615240547873757, 12.576680183410645, 0.5550550222396851, 0.2308172881603241, 0.18144363164901733
58, 9.563668649846857, 12.721015930175781, 0.5551400184631348, 0.23150205612182617, 0.18090176582336426
59, 9.509969433871182, 12.49466323852539, 0.5542943477630615, 0.24391178786754608, 0.1856847107410431
60, 9.446323828263717, 12.639315605163574, 0.5562343001365662, 0.23077334463596344, 0.18082189559936523
61, 9.412076412547718, 12.537012100219727, 0.5553327798843384, 0.23825512826442719, 0.18443332612514496
62, 9.369732770052822, 12.422402381896973, 0.555408239364624, 0.22842629253864288, 0.18249666690826416
63, 9.33465616052801, 12.486074447631836, 0.553594172000885, 0.23356953263282776, 0.18425419926643372
64, 9.262482036243785, 12.512060165405273, 0.5516989231109619, 0.2338239699602127, 0.1856580376625061
65, 9.220585771040483, 12.398612022399902, 0.5569829344749451, 0.21228961646556854, 0.17900541424751282
66, 9.17419381575151, 12.380459785461426, 0.5544110536575317, 0.2242475301027298, 0.18302495777606964
67, 9.109864581714977, 12.05185604095459, 0.5619446039199829, 0.21744872629642487, 0.17905181646347046
68, 9.057161643288353, 12.204960823059082, 0.5580388903617859, 0.21044579148292542, 0.1802198588848114
69, 9.02463224584406, 12.217873573303223, 0.5487759709358215, 0.21024002134799957, 0.18102385103702545
70, 8.9868483283303, 12.159022331237793, 0.555103600025177, 0.21573427319526672, 0.18285752832889557
71, 8.934235399419611, 12.222018241882324, 0.5470750331878662, 0.20239822566509247, 0.18050146102905273
72, 8.911727766557174, 12.322802543640137, 0.556711733341217, 0.1827312409877777, 0.1735507994890213
73, 8.831548049233177, 12.185464859008789, 0.5555763244628906, 0.20008932054042816, 0.18006186187267303
74, 8.77497685172341, 12.073970794677734, 0.5577678680419922, 0.18282321095466614, 0.1749676913022995
75, 8.710872892899946, 12.068466186523438, 0.5491589903831482, 0.18670715391635895, 0.17744623124599457
76, 8.672686750238592, 11.839159965515137, 0.5585517883300781, 0.18237818777561188, 0.17607904970645905
77, 8.635454368591308, 11.88444709777832, 0.5599101185798645, 0.17394721508026123, 0.17313839495182037
78, 8.552624841169877, 11.905656814575195, 0.5567384362220764, 0.1788516789674759, 0.17583566904067993
79, 8.464098462191496, 11.648589134216309, 0.5596194267272949, 0.17673511803150177, 0.17563118040561676
80, 8.379546616294167, 11.56754207611084, 0.5584471821784973, 0.18285995721817017, 0.17815697193145752
81, 8.328581844676625, 11.487915992736816, 0.5601366758346558, 0.16969914734363556, 0.17463773488998413
82, 8.273849001797762, 11.472532272338867, 0.5608664751052856, 0.16571630537509918, 0.17335382103919983
83, 8.177374943819913, 11.388448715209961, 0.5582493543624878, 0.1708935797214508, 0.177059143781662
84, 8.08107480135831, 11.424487113952637, 0.5568748712539673, 0.15678848326206207, 0.17257735133171082
85, 7.970387892289595, 11.453330993652344, 0.558707594871521, 0.1569555699825287, 0.17273497581481934
86, 7.878088586980646, 11.20565128326416, 0.5595107674598694, 0.15617048740386963, 0.1729869544506073
87, 7.779881945523349, 11.136112213134766, 0.5501449108123779, 0.15777744352817535, 0.1744074821472168
88, 7.735691686110063, 11.125067710876465, 0.5611387491226196, 0.1443236917257309, 0.16933254897594452
89, 7.658892978321422, 11.007566452026367, 0.5591742396354675, 0.1478002667427063, 0.17204730212688446
90, 7.610109589316628, 10.91508674621582, 0.560681164264679, 0.1522073894739151, 0.1729755997657776
91, 7.533638061176647, 10.89863395690918, 0.5608312487602234, 0.1492086946964264, 0.17236758768558502
92, 7.477794101021507, 10.904996871948242, 0.5644100308418274, 0.14404413104057312, 0.169153094291687
93, 7.369225632060658, 10.664982795715332, 0.5599446892738342, 0.14822155237197876, 0.17344075441360474
94, 7.336582487279719, 10.646637916564941, 0.5589902400970459, 0.1521252989768982, 0.17498087882995605
95, 7.25653657913208, 10.658101081848145, 0.5601478815078735, 0.14448612928390503, 0.17196497321128845
96, 7.206838668476451, 10.656906127929688, 0.5611006021499634, 0.1421859711408615, 0.1710418313741684
97, 7.108195903084495, 10.4430513381958, 0.5628757476806641, 0.13438662886619568, 0.1679123044013977
98, 7.019299038973721, 10.565569877624512, 0.5557082295417786, 0.15289098024368286, 0.17678791284561157
99, 6.929881156574596, 10.447991371154785, 0.5529056787490845, 0.14082582294940948, 0.17145001888275146
100, 6.8740852182561705, 10.175443649291992, 0.5682114958763123, 0.136967271566391, 0.1672510802745819
101, 6.838413047790527, 10.248312950134277, 0.5613235831260681, 0.14672528207302094, 0.17291897535324097
102, 6.788192861730402, 10.375475883483887, 0.5581116676330566, 0.14675253629684448, 0.1738441288471222
103, 6.775403438914906, 10.213271141052246, 0.5626837015151978, 0.14237987995147705, 0.17125360667705536
104, 6.743669509887695, 10.33561897277832, 0.5623924136161804, 0.13751710951328278, 0.16884370148181915
105, 6.70956506729126, 10.299617767333984, 0.5610131025314331, 0.13857227563858032, 0.16996267437934875
106, 6.678815390846946, 10.220015525817871, 0.5678026676177979, 0.1286492943763733, 0.16368809342384338
107, 6.656386765566739, 10.081047058105469, 0.5613853335380554, 0.1481001079082489, 0.1736050546169281
108, 6.624927971579812, 10.06117057800293, 0.5622116327285767, 0.14235202968120575, 0.17159955203533173
109, 6.607347176291726, 10.24417495727539, 0.5616009831428528, 0.1413225531578064, 0.17062008380889893
110, 6.602317497946999, 10.271808624267578, 0.562140166759491, 0.13986045122146606, 0.16987216472625732
111, 6.566469868746671, 10.339130401611328, 0.5624397993087769, 0.13186118006706238, 0.1661224067211151
112, 6.545990519090132, 10.175039291381836, 0.5595167875289917, 0.14985628426074982, 0.17545123398303986
113, 6.512652856653387, 10.188070297241211, 0.5610780715942383, 0.13745641708374023, 0.16957920789718628
114, 6.497743467851119, 10.104693412780762, 0.56097811460495, 0.1416410356760025, 0.1716594249010086
115, 6.478782133622603, 10.256604194641113, 0.5608381032943726, 0.14108100533485413, 0.17091761529445648
116, 6.488495081121271, 10.1687593460083, 0.5626704096794128, 0.13473546504974365, 0.16820988059043884
117, 6.464041883295232, 10.172465324401855, 0.5615074634552002, 0.138479545712471, 0.17009729146957397
118, 6.440886454148726, 10.101606369018555, 0.562921941280365, 0.13799171149730682, 0.16924777626991272
119, 6.4191780263727365, 10.06066608428955, 0.5647193789482117, 0.13747790455818176, 0.16899532079696655
120, 6.402553853121671, 10.205475807189941, 0.5609695315361023, 0.1456131637096405, 0.17314685881137848
121, 6.414285798506303, 10.285982131958008, 0.5576479434967041, 0.1281403750181198, 0.1654016077518463
122, 6.366135735945268, 9.950360298156738, 0.5621382594108582, 0.1448018103837967, 0.17252391576766968
123, 6.361068916320801, 9.97927188873291, 0.5627369284629822, 0.1388268917798996, 0.1695711761713028
124, 6.343049578233199, 10.070367813110352, 0.564207911491394, 0.13562604784965515, 0.1681113839149475
125, 6.334971722689542, 9.986478805541992, 0.5638089179992676, 0.1374015212059021, 0.16888344287872314
126, 6.316979052803733, 9.905294418334961, 0.5696355700492859, 0.1398051381111145, 0.1683608591556549
127, 6.3225640123540705, 10.03984260559082, 0.5635511875152588, 0.1349600851535797, 0.16825838387012482
128, 6.297883441231468, 9.972694396972656, 0.5637372732162476, 0.1423466056585312, 0.17147979140281677
129, 6.2848146611993965, 10.239910125732422, 0.5609137415885925, 0.14192359149456024, 0.17082719504833221
130, 6.282328120144931, 9.991095542907715, 0.5648062825202942, 0.13623838126659393, 0.16862189769744873
131, 6.265033817291259, 10.019224166870117, 0.5656017065048218, 0.13227587938308716, 0.16625313460826874
132, 6.219763426347212, 9.978299140930176, 0.5647320747375488, 0.136246919631958, 0.1688879281282425
133, 6.202286390824751, 9.958989143371582, 0.5627883076667786, 0.142238587141037, 0.17136070132255554
134, 6.202848954634233, 9.919172286987305, 0.5652370452880859, 0.13586455583572388, 0.16764453053474426
135, 6.184559379924427, 9.983830451965332, 0.5640565156936646, 0.13392291963100433, 0.1671896129846573
136, 6.163174117695202, 9.974793434143066, 0.5644832253456116, 0.13268978893756866, 0.1665678769350052
137, 6.14938755902377, 10.148077964782715, 0.5630729794502258, 0.13374529778957367, 0.16704195737838745
138, 6.148180961608887, 9.935023307800293, 0.5648876428604126, 0.13841231167316437, 0.16901083290576935
139, 6.143199868635698, 10.03645133972168, 0.5645549893379211, 0.13530628383159637, 0.16736480593681335
140, 6.108393131602894, 10.034693717956543, 0.56373530626297, 0.1338634341955185, 0.16757719218730927
141, 6.060409849340266, 9.95275592803955, 0.5635108351707458, 0.13448695838451385, 0.16784510016441345
142, 6.046773069555109, 9.828722953796387, 0.5656871795654297, 0.13623841106891632, 0.16784867644309998
143, 6.019757106087424, 9.851249694824219, 0.5650861263275146, 0.13852667808532715, 0.16860942542552948
144, 6.0127583677118475, 9.937644004821777, 0.5656923651695251, 0.13243797421455383, 0.16621200740337372
145, 5.9926131508567115, 9.973835945129395, 0.565081775188446, 0.13441099226474762, 0.16744838654994965
146, 5.993374477733266, 9.791526794433594, 0.5653282999992371, 0.14202085137367249, 0.1703244149684906
147, 5.970444765957919, 9.80204963684082, 0.5672341585159302, 0.13280826807022095, 0.16619455814361572
148, 5.962029795213179, 9.828510284423828, 0.5668386816978455, 0.13354356586933136, 0.16641344130039215
149, 5.940794944763184, 9.984066009521484, 0.5614701509475708, 0.1410662680864334, 0.17084012925624847
150, 5.971458929235285, 9.997045516967773, 0.5590479373931885, 0.13237862288951874, 0.16583672165870667
151, 5.923192483728582, 9.904706001281738, 0.5647009611129761, 0.13556303083896637, 0.1677948385477066
152, 5.901449385556307, 9.851975440979004, 0.5634269714355469, 0.14349322021007538, 0.17170289158821106
153, 5.888746027512984, 10.066567420959473, 0.5595734119415283, 0.1261162906885147, 0.16276511549949646
154, 5.87013841975819, 9.802193641662598, 0.5666062235832214, 0.13226273655891418, 0.16637375950813293
155, 5.881460579958829, 9.794770240783691, 0.5580401420593262, 0.13745945692062378, 0.16841699182987213
156, 5.865524482727051, 9.992424011230469, 0.5574113130569458, 0.13132213056087494, 0.16619500517845154
157, 5.853874145854603, 9.76821517944336, 0.5667576193809509, 0.1356826275587082, 0.16746759414672852
158, 5.849214978651567, 9.775163650512695, 0.5676974654197693, 0.13371959328651428, 0.1660594493150711
159, 5.840588075464422, 10.152336120605469, 0.5614992380142212, 0.14117151498794556, 0.16994616389274597
160, 5.847800766338001, 9.81782054901123, 0.5668051242828369, 0.13322333991527557, 0.1663139909505844
161, 5.831320519880815, 9.969903945922852, 0.566214919090271, 0.13201361894607544, 0.16635958850383759
162, 5.82359507300637, 9.831621170043945, 0.5677546262741089, 0.13263040781021118, 0.16610044240951538
163, 5.796974364194003, 9.896014213562012, 0.568443775177002, 0.129537433385849, 0.16399149596691132
164, 5.798572080785578, 9.833233833312988, 0.5665810704231262, 0.13655996322631836, 0.1677965223789215
165, 5.804080937125466, 9.924551963806152, 0.55878084897995, 0.1382463425397873, 0.1687270551919937
166, 5.786672271381725, 9.806771278381348, 0.5665674209594727, 0.13510724902153015, 0.16714760661125183
167, 5.777375611391935, 9.852197647094727, 0.5721966624259949, 0.1298212856054306, 0.1631208211183548
168, 5.760122082450173, 10.01276683807373, 0.5580514073371887, 0.1309739649295807, 0.16568423807621002
169, 5.751628763025457, 10.077877044677734, 0.5640628933906555, 0.13389603793621063, 0.16733911633491516
170, 5.738251417333429, 9.74416446685791, 0.5696071982383728, 0.13208235800266266, 0.1653498113155365
171, 5.736153541911732, 9.819936752319336, 0.5570191740989685, 0.14008145034313202, 0.17027385532855988
172, 5.732875511863015, 9.845203399658203, 0.5675548315048218, 0.13153162598609924, 0.16517485678195953
173, 5.742216006192294, 9.841960906982422, 0.5654805302619934, 0.141712948679924, 0.1711765080690384
174, 5.6849383354187015, 9.686213493347168, 0.5672697424888611, 0.13860319554805756, 0.16896076500415802
175, 5.664611530303955, 9.749153137207031, 0.569094181060791, 0.12956321239471436, 0.1641353964805603
176, 5.657398596676913, 9.671741485595703, 0.5680702328681946, 0.130253866314888, 0.16529035568237305
177, 5.638585862246427, 9.759714126586914, 0.5684900283813477, 0.13131968677043915, 0.16513854265213013
178, 5.590651338750666, 9.720743179321289, 0.566332221031189, 0.1387963891029358, 0.16897262632846832
179, 5.598126775568182, 9.736494064331055, 0.5691714882850647, 0.12591154873371124, 0.16284142434597015
180, 5.608525857058439, 9.805624008178711, 0.5665693283081055, 0.13751214742660522, 0.16778811812400818
181, 5.595676777579568, 9.718182563781738, 0.5674153566360474, 0.1417025327682495, 0.1700097620487213
182, 5.574705722115256, 9.782891273498535, 0.5674402713775635, 0.1313287764787674, 0.16567207872867584
183, 5.578048957477916, 9.712056159973145, 0.5683921575546265, 0.13607630133628845, 0.16760684549808502
184, 5.560040786049583, 9.716344833374023, 0.5684993267059326, 0.1288491189479828, 0.16394883394241333
185, 5.558111242814498, 9.54722785949707, 0.5736575126647949, 0.13367067277431488, 0.16459663212299347
186, 5.5385927547108045, 9.687297821044922, 0.5595873594284058, 0.13799093663692474, 0.1689901053905487
187, 5.525920503789728, 9.800969123840332, 0.5584121942520142, 0.13394507765769958, 0.16727817058563232
188, 5.53438121622259, 9.639355659484863, 0.5697500705718994, 0.12866385281085968, 0.16384485363960266
189, 5.5250163511796435, 9.852680206298828, 0.5674825310707092, 0.1303458958864212, 0.1647353619337082
190, 5.50492427999323, 9.77711296081543, 0.5680877566337585, 0.12924449145793915, 0.16436178982257843
191, 5.470815675908869, 9.663081169128418, 0.5681242942810059, 0.13262838125228882, 0.16596058011054993
192, 5.460071459683505, 9.769468307495117, 0.5670493245124817, 0.1305461823940277, 0.16533534228801727
193, 5.457350878282027, 9.65611743927002, 0.569697380065918, 0.13140426576137543, 0.16488592326641083
194, 5.44153528213501, 9.63425350189209, 0.5687313079833984, 0.13883614540100098, 0.16860094666481018
195, 5.432857166637074, 9.594749450683594, 0.5691563487052917, 0.13188260793685913, 0.16602379083633423
196, 5.438144553791393, 9.59255599975586, 0.5684912800788879, 0.13328516483306885, 0.16623227298259735
197, 5.419837838953192, 9.668560981750488, 0.5683268308639526, 0.13627968728542328, 0.16741050779819489
198, 5.427603062716398, 9.632526397705078, 0.5689710378646851, 0.1371157020330429, 0.16764676570892334
199, 5.419489019567316, 9.694628715515137, 0.5658994317054749, 0.1398901641368866, 0.16939087212085724
200, 5.40485988963734, 9.683368682861328, 0.567554235458374, 0.13498666882514954, 0.16665346920490265
201, 5.392990545793013, 9.533634185791016, 0.5723710656166077, 0.13276450335979462, 0.16461686789989471
202, 5.398966832594438, 9.71061897277832, 0.5683845281600952, 0.1322498470544815, 0.165653795003891
203, 5.385771222548051, 9.649971961975098, 0.5701463222503662, 0.13169899582862854, 0.1650121957063675
204, 5.384542482549494, 9.792306900024414, 0.5658321380615234, 0.13230173289775848, 0.16626885533332825
205, 5.385888229716908, 9.783369064331055, 0.5692296028137207, 0.12953610718250275, 0.1643342524766922
206, 5.370741757479581, 9.639904022216797, 0.5696316957473755, 0.135946586728096, 0.16683557629585266
207, 5.3655047590082345, 9.622879981994629, 0.5701830983161926, 0.13185828924179077, 0.16523078083992004
208, 5.351368843425404, 9.701349258422852, 0.5690771341323853, 0.13344617187976837, 0.16668251156806946
209, 5.347301613200795, 9.501019477844238, 0.570726752281189, 0.12955980002880096, 0.1643606424331665
210, 5.345686652443626, 9.606515884399414, 0.5699538588523865, 0.1344553679227829, 0.16686959564685822
211, 5.340198837627064, 9.640610694885254, 0.5691485404968262, 0.13035839796066284, 0.16501112282276154
212, 5.3243593562733045, 9.67479419708252, 0.5695908665657043, 0.13826021552085876, 0.16808217763900757
213, 5.334939757260409, 9.77677059173584, 0.5698554515838623, 0.12829142808914185, 0.1634625345468521
214, 5.32342492016879, 9.735072135925293, 0.568997323513031, 0.13129419088363647, 0.1648220717906952
215, 5.30892393805764, 9.78102970123291, 0.5690574049949646, 0.1352066993713379, 0.16686108708381653
216, 5.307413543354381, 9.592486381530762, 0.5710510611534119, 0.13071607053279877, 0.16446717083454132
217, 5.31406456340443, 9.639095306396484, 0.5704452395439148, 0.1304398775100708, 0.16439376771450043
218, 5.315450200167569, 9.613883972167969, 0.5729779601097107, 0.1280486136674881, 0.16177324950695038
219, 5.279312801361084, 9.523984909057617, 0.5704103708267212, 0.13965457677841187, 0.1681513786315918
220, 5.265746437419544, 9.575613021850586, 0.5706942677497864, 0.13043782114982605, 0.1643943190574646
221, 5.268149375915527, 9.629069328308105, 0.5698167085647583, 0.13352690637111664, 0.16639412939548492
222, 5.259303725849499, 9.807238578796387, 0.5608422756195068, 0.12834489345550537, 0.16405874490737915
223, 5.243989259546454, 9.995135307312012, 0.561578094959259, 0.1244693398475647, 0.1617538332939148
224, 5.248880603096702, 9.55399227142334, 0.5683634281158447, 0.13958553969860077, 0.16900412738323212
225, 5.241631811315363, 9.622502326965332, 0.5683211088180542, 0.13738656044006348, 0.16795594990253448
226, 5.210619068145752, 9.92013168334961, 0.5679778456687927, 0.1271647810935974, 0.1631355732679367
227, 5.193828530745073, 9.495924949645996, 0.5716788172721863, 0.13125820457935333, 0.16447043418884277
228, 5.189369149641557, 9.588398933410645, 0.5631794929504395, 0.13016286492347717, 0.16490952670574188
229, 5.1858152129433375, 9.490730285644531, 0.5727691054344177, 0.12629199028015137, 0.1625681072473526
230, 5.170617294311524, 9.742669105529785, 0.5702310800552368, 0.12420794367790222, 0.16115987300872803
231, 5.171578806096857, 9.68700885772705, 0.5616001486778259, 0.13360139727592468, 0.1660713255405426
232, 5.158870645002885, 9.549100875854492, 0.572015106678009, 0.1263800710439682, 0.16207078099250793
233, 5.1462711160833186, 9.625545501708984, 0.5721573829650879, 0.1259848028421402, 0.16136617958545685
234, 5.1593058672818275, 9.543657302856445, 0.5705389380455017, 0.13201099634170532, 0.16483470797538757
235, 5.14797156940807, 9.822718620300293, 0.5618175268173218, 0.12553773820400238, 0.16255700588226318
236, 5.150262867320667, 9.497028350830078, 0.5714068412780762, 0.1293146014213562, 0.1642044335603714
237, 5.142948878895153, 9.41169261932373, 0.5727407932281494, 0.1346992701292038, 0.1660977602005005
238, 5.13721327348189, 9.527482032775879, 0.5710827112197876, 0.13237136602401733, 0.165327250957489
239, 5.122739939256148, 9.473540306091309, 0.5711536407470703, 0.13481873273849487, 0.16653697192668915
240, 5.128051359003241, 9.851814270019531, 0.5604644417762756, 0.12681081891059875, 0.16296958923339844
241, 5.102955523404208, 9.569928169250488, 0.5717310905456543, 0.12918871641159058, 0.16397985816001892
242, 5.099652888558127, 9.593960762023926, 0.5707807540893555, 0.13270977139472961, 0.1653548777103424
243, 5.111959205974232, 9.513943672180176, 0.5724208950996399, 0.13216449320316315, 0.16431991755962372
244, 5.089879348061301, 9.49930477142334, 0.5702656507492065, 0.139706090092659, 0.1684769093990326
245, 5.079196903922341, 9.415748596191406, 0.5732672214508057, 0.12983059883117676, 0.16395558416843414
246, 5.074739248102362, 9.713425636291504, 0.5719939470291138, 0.13112035393714905, 0.16378434002399445
247, 5.069012442502109, 9.648502349853516, 0.5651853680610657, 0.1310945302248001, 0.16408509016036987
248, 5.065545628287575, 9.596772193908691, 0.5736891031265259, 0.12531831860542297, 0.16124683618545532
249, 5.0573990301652385, 9.693552017211914, 0.5711106061935425, 0.1315544843673706, 0.1645086109638214
250, 5.053281367908824, 9.590590476989746, 0.5631795525550842, 0.13307131826877594, 0.16563701629638672
251, 5.0507842497392135, 9.504175186157227, 0.5735298991203308, 0.12694582343101501, 0.1620505154132843
252, 5.0429167574102225, 9.76530933380127, 0.5710028409957886, 0.13093061745166779, 0.1632666140794754
253, 5.026130450855602, 9.794885635375977, 0.5627524852752686, 0.13067258894443512, 0.16391853988170624
254, 5.023057235370983, 9.638136863708496, 0.5721674561500549, 0.12653431296348572, 0.16234160959720612
255, 5.04598443291404, 9.537575721740723, 0.5741286277770996, 0.12823674082756042, 0.16251200437545776
256, 5.029422560605136, 9.64433765411377, 0.5732464790344238, 0.1259881556034088, 0.16161547601222992
257, 5.026312845403498, 9.56432056427002, 0.5710818767547607, 0.13342344760894775, 0.1654808670282364
258, 5.075102615356445, 9.638755798339844, 0.5701920986175537, 0.14247578382492065, 0.1682824194431305
259, 5.142487083781849, 9.572392463684082, 0.5707391500473022, 0.129217728972435, 0.16364023089408875
260, 5.021396732330322, 9.43931770324707, 0.573490560054779, 0.12877431511878967, 0.1628376841545105
261, 5.060866511951794, 9.77733039855957, 0.5640910863876343, 0.12762713432312012, 0.16261614859104156
262, 5.002730872414329, 9.558697700500488, 0.5720924735069275, 0.13060249388217926, 0.1638280600309372
263, 4.986418047818271, 9.733391761779785, 0.5637367367744446, 0.12931568920612335, 0.16368478536605835
264, 4.995261426405473, 9.657685279846191, 0.5718682408332825, 0.13382259011268616, 0.16534914076328278
265, 4.983483444560658, 9.756525993347168, 0.5700633525848389, 0.13212326169013977, 0.16462451219558716
266, 4.972126709331166, 9.397639274597168, 0.5775889754295349, 0.13309583067893982, 0.16333192586898804
267, 4.9752723086964, 9.534050941467285, 0.5732045769691467, 0.12614358961582184, 0.1619749218225479
268, 4.969427160783248, 9.51944351196289, 0.5730701684951782, 0.1313132494688034, 0.16434918344020844
269, 4.958417528325861, 9.629098892211914, 0.5716732740402222, 0.1360507607460022, 0.1663554459810257
270, 4.9538899595087225, 9.638195991516113, 0.5646950006484985, 0.13158683478832245, 0.16449227929115295
271, 4.957381196455522, 9.460017204284668, 0.5793769359588623, 0.12577514350414276, 0.15971027314662933
272, 4.952239886197177, 9.718351364135742, 0.5716542601585388, 0.1322173774242401, 0.16442261636257172
273, 4.951339530944824, 9.627938270568848, 0.5711694955825806, 0.13088852167129517, 0.1641402244567871
274, 4.95638502294367, 9.614054679870605, 0.5723713040351868, 0.13154137134552002, 0.16373740136623383
275, 4.939546680450439, 9.897921562194824, 0.5702866911888123, 0.12439975142478943, 0.1609705686569214
276, 4.9355227210304955, 9.67333698272705, 0.5727407932281494, 0.13045141100883484, 0.16266347467899323
277, 5.270610488544811, 9.741890907287598, 0.5704954862594604, 0.13163256645202637, 0.16503235697746277
278, 5.116915165294301, 9.505226135253906, 0.5769182443618774, 0.1269618272781372, 0.1602640450000763
279, 4.954735894636674, 9.393115043640137, 0.574068009853363, 0.1291152685880661, 0.1626916378736496
280, 4.9262117125771265, 9.619244575500488, 0.5734888315200806, 0.124579057097435, 0.16007792949676514
281, 4.912859986045143, 9.424047470092773, 0.5746269822120667, 0.12776699662208557, 0.1623285710811615
282, 4.912295679612593, 9.479074478149414, 0.5744678378105164, 0.1300462782382965, 0.16317768394947052
283, 4.911412221735174, 9.627324104309082, 0.5666070580482483, 0.12375620752573013, 0.1608792096376419
284, 4.894441370530562, 9.588358879089355, 0.5720798969268799, 0.12583217024803162, 0.1617506593465805
285, 4.8905606703324755, 9.470758438110352, 0.5787045955657959, 0.1272711604833603, 0.16034090518951416
286, 4.90586800141768, 9.755452156066895, 0.5701279640197754, 0.12986917793750763, 0.16358110308647156
287, 4.892689228057861, 9.623726844787598, 0.5656243562698364, 0.12575837969779968, 0.1616193950176239
288, 4.886249533566562, 9.567943572998047, 0.5713101625442505, 0.12196475267410278, 0.15832920372486115
289, 4.885956590825861, 9.639073371887207, 0.5722663402557373, 0.13059215247631073, 0.1630525141954422
290, 4.890016217665239, 9.570149421691895, 0.573609471321106, 0.1277686059474945, 0.16213995218276978
291, 4.881089921431108, 9.773371696472168, 0.5766146183013916, 0.1248444989323616, 0.1590128242969513
292, 4.8910969127308235, 9.690089225769043, 0.564026415348053, 0.1320851445198059, 0.1642613410949707
293, 4.881386124004017, 9.574234962463379, 0.5738941431045532, 0.1314903199672699, 0.1636025607585907
294, 4.871460957960649, 9.886478424072266, 0.5704112648963928, 0.12921872735023499, 0.16292504966259003
295, 4.865716249292547, 9.580938339233398, 0.5759580731391907, 0.12359582632780075, 0.15990674495697021
296, 4.862829875946045, 9.935423851013184, 0.5705430507659912, 0.12677012383937836, 0.1619863659143448
297, 4.86820200139826, 9.663546562194824, 0.5653059482574463, 0.1308172643184662, 0.16346880793571472
298, 4.849971779910001, 9.527058601379395, 0.5802044868469238, 0.12315835803747177, 0.15827147662639618
299, 4.846330105174672, 9.935187339782715, 0.5649640560150146, 0.12494050711393356, 0.16084615886211395
300, 4.848587062142112, 9.690932273864746, 0.5657733082771301, 0.12795642018318176, 0.16298818588256836
301, 4.849829457022927, 9.424773216247559, 0.5805376172065735, 0.12759947776794434, 0.16028104722499847
302, 4.846344522996382, 9.518462181091309, 0.5758988857269287, 0.1270589530467987, 0.1615041047334671
303, 4.855183020505038, 9.579830169677734, 0.5749579668045044, 0.12793295085430145, 0.16188444197177887
304, 4.850191853263161, 9.56244945526123, 0.5742834210395813, 0.1309521198272705, 0.1634010672569275
305, 4.845529460906983, 9.618762016296387, 0.5742605924606323, 0.13195571303367615, 0.16320429742336273
306, 4.835705549066717, 9.655879974365234, 0.5670192837715149, 0.1271788477897644, 0.16220876574516296
307, 4.8286188732494, 9.52689266204834, 0.5744509696960449, 0.1306999772787094, 0.16337259113788605
308, 4.822397214716131, 9.819664001464844, 0.5736731886863708, 0.1241912692785263, 0.15963996946811676
309, 4.82655571157282, 9.602388381958008, 0.574211835861206, 0.12921948730945587, 0.163199782371521
310, 4.8155021494085135, 9.651985168457031, 0.5752951502799988, 0.12780824303627014, 0.16202789545059204
311, 4.817586309259588, 9.583186149597168, 0.5731828212738037, 0.13250648975372314, 0.1638595461845398
312, 4.795120083202015, 9.667133331298828, 0.5672972798347473, 0.12723881006240845, 0.16166618466377258
313, 4.767171469601718, 9.706659317016602, 0.5656436085700989, 0.12812185287475586, 0.16238798201084137
314, 4.75902775851163, 9.70443344116211, 0.5739585757255554, 0.12534816563129425, 0.16097258031368256
315, 4.767583188143644, 9.548295974731445, 0.5739901065826416, 0.13345859944820404, 0.16474080085754395
316, 4.767150670831854, 9.653453826904297, 0.5752946734428406, 0.1287134885787964, 0.1620648354291916
317, 4.752916986292059, 9.638836860656738, 0.5753676295280457, 0.12818634510040283, 0.16188183426856995
318, 4.742978581515225, 9.54957103729248, 0.571861207485199, 0.12588544189929962, 0.15983553230762482
319, 4.746133743632924, 9.577383041381836, 0.5756519436836243, 0.12368498742580414, 0.1594771295785904
320, 4.745075936750932, 9.669008255004883, 0.5736432075500488, 0.1316739022731781, 0.1638725996017456
321, 4.734728110920299, 9.64661693572998, 0.5742799639701843, 0.13011401891708374, 0.16288156807422638
322, 4.746647435968573, 9.63136100769043, 0.5658870339393616, 0.13173721730709076, 0.16435956954956055
323, 4.7296033425764605, 9.747702598571777, 0.5739463567733765, 0.12655633687973022, 0.16052228212356567
324, 4.718214165080678, 9.718238830566406, 0.5733113884925842, 0.12861648201942444, 0.1622816026210785
325, 4.716505666212602, 9.891838073730469, 0.5654224753379822, 0.12302957475185394, 0.15981990098953247
326, 4.73337230682373, 9.778759956359863, 0.5742743611335754, 0.12297289073467255, 0.16016829013824463
327, 4.739625583995473, 9.686318397521973, 0.5753577351570129, 0.12368693947792053, 0.16002769768238068
328, 4.721165474978361, 9.56125545501709, 0.5756779909133911, 0.12542162835597992, 0.16094909608364105
329, 4.705396851626309, 9.639070510864258, 0.5810540914535522, 0.12158375978469849, 0.15643449127674103
330, 4.703402501886541, 9.758124351501465, 0.5738851428031921, 0.12428484857082367, 0.1604282110929489
331, 4.699595269289884, 9.797186851501465, 0.5727980732917786, 0.12733414769172668, 0.16195198893547058
332, 4.751095867156982, 9.885883331298828, 0.573410153388977, 0.12460923194885254, 0.16051606833934784
333, 4.7554787549105555, 9.717811584472656, 0.5747803449630737, 0.12345775961875916, 0.15949907898902893
334, 4.718018540469083, 9.489306449890137, 0.5760191679000854, 0.1288195699453354, 0.16184839606285095
335, 4.698448831384832, 9.833283424377441, 0.5752942562103271, 0.12064630538225174, 0.15806525945663452
336, 4.690881009535356, 9.77231216430664, 0.5678356289863586, 0.12096212059259415, 0.1587706208229065
337, 4.71603121324019, 9.841121673583984, 0.5659326314926147, 0.12668846547603607, 0.1615401953458786
338, 4.686612857471813, 9.609228134155273, 0.5752903819084167, 0.1248515397310257, 0.16043396294116974
339, 4.6658537344499065, 9.781835556030273, 0.5733800530433655, 0.12683437764644623, 0.16129115223884583
340, 4.668071374026212, 9.658507347106934, 0.5758926868438721, 0.12672071158885956, 0.16132153570652008
341, 4.657635870846835, 9.757076263427734, 0.5753600001335144, 0.12744496762752533, 0.16080890595912933
342, 4.6749849839644, 9.635111808776855, 0.5770694613456726, 0.12247230857610703, 0.15884342789649963
343, 4.684270069815896, 9.855605125427246, 0.5678565502166748, 0.12025220692157745, 0.1588798463344574
344, 4.68423115123402, 9.6492338180542, 0.5767365097999573, 0.12451563775539398, 0.16022735834121704
345, 4.654624453457919, 9.623634338378906, 0.5768250226974487, 0.12855325639247894, 0.16116800904273987
346, 4.655679329958829, 9.687479972839355, 0.5690503120422363, 0.1263292133808136, 0.16053198277950287
347, 4.655753707885742, 9.712355613708496, 0.576667070388794, 0.12695316970348358, 0.1602652370929718
348, 4.656079127571799, 9.69922161102295, 0.5759578347206116, 0.12959212064743042, 0.16192451119422913
349, 4.6490255269137295, 9.636798858642578, 0.5762636661529541, 0.12498617172241211, 0.16064798831939697
350, 4.640998112071644, 9.910073280334473, 0.5739989876747131, 0.12475894391536713, 0.1597314178943634
351, 4.6423001722856005, 9.636857986450195, 0.576340913772583, 0.1260383576154709, 0.16079507768154144
352, 4.634878956187855, 9.6947660446167, 0.5757924914360046, 0.127240389585495, 0.1608954519033432
353, 4.639212755723433, 9.6549711227417, 0.5760816931724548, 0.12449529767036438, 0.15990044176578522
354, 4.631097334081477, 9.892280578613281, 0.5665534138679504, 0.12428870052099228, 0.15996244549751282
355, 4.626276588439941, 9.763447761535645, 0.5687163472175598, 0.1277601420879364, 0.1611597239971161
356, 4.708250652660023, 9.655678749084473, 0.5751633644104004, 0.13110476732254028, 0.16315588355064392
357, 4.638212932239879, 9.644454002380371, 0.5775177478790283, 0.12259788811206818, 0.15873007476329803
358, 4.618484774502841, 9.654289245605469, 0.5764178037643433, 0.12765784561634064, 0.16082702577114105
359, 4.617811671170322, 9.556136131286621, 0.5773361921310425, 0.12816956639289856, 0.16149252653121948
360, 4.610597541115501, 9.779247283935547, 0.5753838419914246, 0.12672309577465057, 0.16067977249622345
361, 4.613610857183283, 9.794544219970703, 0.5689155459403992, 0.12465278804302216, 0.159892737865448
362, 4.608670260689475, 9.64913558959961, 0.5769911408424377, 0.12699830532073975, 0.1606590300798416
363, 4.602830618078058, 9.717768669128418, 0.5755696892738342, 0.12772144377231598, 0.16127441823482513
364, 4.603336941112172, 9.76874828338623, 0.5765045881271362, 0.12583371996879578, 0.1602681577205658
365, 4.601481385664506, 9.752866744995117, 0.5760278105735779, 0.127970889210701, 0.1613428294658661
366, 4.60343731099909, 9.710087776184082, 0.5783413648605347, 0.12201352417469025, 0.15796998143196106
367, 4.592479792508212, 9.658628463745117, 0.5790587067604065, 0.11916084587574005, 0.15708743035793304
368, 4.5915511391379615, 9.693048477172852, 0.5770046710968018, 0.12684638798236847, 0.16123531758785248
369, 4.593048087033359, 9.727651596069336, 0.575584352016449, 0.1303343027830124, 0.16180607676506042
370, 4.58362790888006, 9.655818939208984, 0.5780133605003357, 0.12237858027219772, 0.15868304669857025
371, 4.59269944971258, 9.557007789611816, 0.5817244648933411, 0.13124977052211761, 0.16110989451408386
372, 4.576402378082276, 9.6506929397583, 0.578386127948761, 0.1267993152141571, 0.16063731908798218
373, 4.581170957738703, 9.658270835876465, 0.5784713625907898, 0.1275305449962616, 0.16050617396831512
374, 4.579983841289174, 9.700480461120605, 0.5782948732376099, 0.12129940837621689, 0.15751883387565613
375, 4.574248253215443, 9.64478874206543, 0.5781457424163818, 0.12579040229320526, 0.15950137376785278
376, 4.5727737166664815, 9.635616302490234, 0.5781952142715454, 0.12381495535373688, 0.15888060629367828
377, 4.575402415882458, 10.05404281616211, 0.5673654675483704, 0.12025589495897293, 0.15731866657733917
378, 4.584078441966664, 9.80284595489502, 0.576703667640686, 0.1263720989227295, 0.16056127846240997
379, 4.566443321921609, 9.685803413391113, 0.5774543285369873, 0.12380553036928177, 0.1590677946805954
380, 4.558608974109997, 9.909982681274414, 0.5674562454223633, 0.12466872483491898, 0.15987323224544525
381, 4.553720491582697, 9.652571678161621, 0.5782883167266846, 0.1225181296467781, 0.158529132604599
382, 4.554583774913441, 9.607794761657715, 0.5786067247390747, 0.12491951882839203, 0.1596733033657074
383, 4.5949567621404475, 9.566252708435059, 0.5770538449287415, 0.1325235664844513, 0.16313110291957855
384, 4.5760960058732465, 9.645766258239746, 0.5775141716003418, 0.12398908287286758, 0.1593097597360611
385, 4.566545183008367, 9.658804893493652, 0.5790095925331116, 0.12480002641677856, 0.15913112461566925
386, 4.539728598161177, 9.743424415588379, 0.5775371789932251, 0.12449871003627777, 0.15906256437301636
387, 4.537505774064497, 9.711687088012695, 0.577408492565155, 0.12311358004808426, 0.159284770488739
388, 4.538123607635498, 9.621611595153809, 0.5755953788757324, 0.12357404083013535, 0.1577170342206955
389, 4.541471342606978, 9.737024307250977, 0.5760188102722168, 0.1299722045660019, 0.16228462755680084
390, 4.532827385989102, 9.707247734069824, 0.5786818265914917, 0.12570153176784515, 0.1595737189054489
391, 4.516900218616833, 9.69711971282959, 0.5779675245285034, 0.12442979216575623, 0.15908092260360718
392, 4.509869046644731, 9.839838027954102, 0.5761744976043701, 0.12307553738355637, 0.158741295337677
393, 4.51703984520652, 9.675863265991211, 0.5781434774398804, 0.12522612512111664, 0.1596670299768448
394, 4.524436751278964, 9.639286994934082, 0.5821502208709717, 0.12325398623943329, 0.15728631615638733
395, 4.5158485585992985, 9.647846221923828, 0.5782593488693237, 0.12734340131282806, 0.16069215536117554
396, 4.529087985645641, 9.731119155883789, 0.5767489671707153, 0.1268993616104126, 0.16074621677398682
397, 4.518460594524036, 9.578510284423828, 0.5790784358978271, 0.12286849319934845, 0.15828736126422882
398, 4.510297992012718, 9.700446128845215, 0.5822559595108032, 0.12334804981946945, 0.15755556523799896
399, 4.5141884370283645, 9.779869079589844, 0.5762034058570862, 0.1250159740447998, 0.15943491458892822
400, 4.505030701377175, 10.133564949035645, 0.5740719437599182, 0.1248781681060791, 0.15964873135089874
401, 4.5067655216563836, 9.728948593139648, 0.5778551697731018, 0.12274852395057678, 0.1579020768404007
402, 4.50927734375, 9.876931190490723, 0.5779498219490051, 0.12204013019800186, 0.1577865183353424
403, 4.496224221316251, 9.60094928741455, 0.5803049802780151, 0.12157828360795975, 0.15801845490932465
404, 4.5019871538335625, 9.832520484924316, 0.5762351155281067, 0.1242792084813118, 0.15939238667488098
405, 4.5072246724909, 9.790546417236328, 0.5785005688667297, 0.1212305799126625, 0.15755382180213928
406, 4.495750019767067, 9.612696647644043, 0.5800366401672363, 0.12078914791345596, 0.15723563730716705
407, 4.534776965054599, 9.678296089172363, 0.5799010992050171, 0.12292693555355072, 0.15785858035087585
408, 4.4940527135675605, 9.877035140991211, 0.5763317346572876, 0.12512724101543427, 0.15960371494293213
409, 4.490884763544256, 9.8153657913208, 0.578009843826294, 0.12767118215560913, 0.16112187504768372
410, 4.4945568691600455, 9.707398414611816, 0.5778473615646362, 0.12316976487636566, 0.15855525434017181
411, 4.484711031480269, 9.773320198059082, 0.5770847201347351, 0.12395806610584259, 0.15902239084243774
412, 4.487468121268533, 9.890508651733398, 0.5755054950714111, 0.13051971793174744, 0.16210846602916718
413, 4.474202398820357, 9.698668479919434, 0.5783981084823608, 0.12448166310787201, 0.15948881208896637
414, 4.469895579598167, 9.723557472229004, 0.5788223147392273, 0.1233656108379364, 0.15857136249542236
415, 4.475588347695091, 9.799256324768066, 0.577734649181366, 0.12691152095794678, 0.16075077652931213
416, 4.463284006985751, 9.725954055786133, 0.5803872346878052, 0.11922303587198257, 0.15657725930213928
417, 4.458449658480558, 9.748380661010742, 0.5719990134239197, 0.12288521230220795, 0.15836220979690552
418, 4.470024429668079, 9.623419761657715, 0.5846025943756104, 0.12247193604707718, 0.15627846121788025
419, 4.4551239013671875, 9.697800636291504, 0.5789533257484436, 0.12914636731147766, 0.1609782874584198
420, 4.456059724634344, 9.705732345581055, 0.5784403681755066, 0.13170720636844635, 0.16209161281585693
421, 4.4637255148454145, 9.713915824890137, 0.5800055265426636, 0.12365974485874176, 0.15828481316566467
422, 4.44318251176314, 9.677793502807617, 0.5788330435752869, 0.12513136863708496, 0.1595529317855835
423, 4.446938428011808, 9.745199203491211, 0.5782002806663513, 0.1264210343360901, 0.15989410877227783
424, 4.4428516214544125, 9.639264106750488, 0.5803139805793762, 0.12458699196577072, 0.15901583433151245
425, 4.443819080699574, 9.69531536102295, 0.5809393525123596, 0.1211123988032341, 0.15704873204231262
426, 4.440587225827303, 9.677271842956543, 0.5796508193016052, 0.12737500667572021, 0.1606639325618744
427, 4.436546672474254, 9.738603591918945, 0.5797297358512878, 0.12594345211982727, 0.1591631919145584
428, 4.446699411218817, 9.916288375854492, 0.5786712765693665, 0.11987683176994324, 0.15690404176712036
429, 4.442993406815963, 9.865124702453613, 0.5706560611724854, 0.12907205522060394, 0.1613951176404953
430, 4.4277764493768865, 9.776315689086914, 0.5785951018333435, 0.12619151175022125, 0.15952451527118683
431, 4.428021040829745, 9.79239559173584, 0.5793297290802002, 0.12181155383586884, 0.15728454291820526
432, 4.429176720705899, 9.868522644042969, 0.5785055756568909, 0.1313936710357666, 0.1616191267967224
433, 5.462489353526722, 9.633862495422363, 0.5786616802215576, 0.12718310952186584, 0.16080409288406372
434, 4.90208135951649, 9.577528953552246, 0.5793549418449402, 0.1161121353507042, 0.15521951019763947
435, 4.596411436254328, 9.289228439331055, 0.5811694264411926, 0.12470513582229614, 0.1588049829006195
436, 4.511204840920188, 9.530810356140137, 0.5799572467803955, 0.12245676666498184, 0.15831048786640167
437, 4.461004118485884, 9.494609832763672, 0.5796640515327454, 0.12214451283216476, 0.15775005519390106
438, 4.4432660969820885, 9.580442428588867, 0.5807753801345825, 0.12166368961334229, 0.1570643037557602
439, 4.4218543399464, 9.634347915649414, 0.5784360766410828, 0.1242813766002655, 0.15875984728336334
440, 4.419459108872847, 9.5526704788208, 0.5797092914581299, 0.12743237614631653, 0.15994003415107727
441, 4.410278354991566, 9.62387752532959, 0.5777285099029541, 0.12927722930908203, 0.16123554110527039
442, 4.396292088248513, 9.582334518432617, 0.5807043313980103, 0.12270674109458923, 0.15762785077095032
443, 4.368517407503995, 9.489076614379883, 0.5817639231681824, 0.1188822016119957, 0.15598824620246887
444, 4.365173582597213, 9.62873363494873, 0.580447256565094, 0.12120456993579865, 0.15699347853660583
445, 4.364607212760232, 9.548543930053711, 0.5801360011100769, 0.12365681678056717, 0.15791504085063934
446, 4.373000327023592, 9.614358901977539, 0.5798220634460449, 0.1235036700963974, 0.15843454003334045
447, 4.357058568434282, 9.536532402038574, 0.5812391042709351, 0.12679918110370636, 0.15967068076133728
448, 4.351019876653498, 9.500025749206543, 0.5810106992721558, 0.12398812919855118, 0.15886861085891724
449, 4.353301204334606, 9.585241317749023, 0.5770735144615173, 0.121048703789711, 0.15613874793052673
450, 4.357397226853804, 9.79712963104248, 0.5780975818634033, 0.12517274916172028, 0.15895864367485046
451, 4.355574954639781, 9.616360664367676, 0.580312192440033, 0.12291787564754486, 0.15831997990608215
452, 4.3464411388744, 9.642839431762695, 0.5809215307235718, 0.12046181410551071, 0.1571667641401291
453, 4.34175970771096, 9.773613929748535, 0.5796912908554077, 0.1182185560464859, 0.15574035048484802
454, 4.357489802620628, 9.598079681396484, 0.5811852812767029, 0.12285362929105759, 0.1577472984790802
455, 4.339796508442272, 9.847847938537598, 0.5719296932220459, 0.11885647475719452, 0.15646891295909882
456, 4.337579094279896, 9.810778617858887, 0.5790720582008362, 0.1243947446346283, 0.15810459852218628
457, 4.3330925334583625, 9.620827674865723, 0.5810434222221375, 0.12559059262275696, 0.15892106294631958
458, 4.339122252030806, 9.633160591125488, 0.5817652344703674, 0.1231498047709465, 0.1579655110836029
459, 4.323511869257147, 9.629018783569336, 0.5808390378952026, 0.1196085512638092, 0.1564144492149353
460, 4.333692767403343, 9.659082412719727, 0.58527010679245, 0.12187063694000244, 0.1554976999759674
461, 4.3359069217335096, 9.636658668518066, 0.5814612507820129, 0.12591710686683655, 0.1587861329317093
462, 4.32319880398837, 9.633666038513184, 0.5808413624763489, 0.1290319859981537, 0.16069339215755463
463, 4.318730822476474, 9.864148139953613, 0.5779567956924438, 0.12929822504520416, 0.16073602437973022
464, 4.332405125011097, 9.601802825927734, 0.5816782712936401, 0.12375717610120773, 0.1582065373659134
465, 4.322879444469105, 9.846942901611328, 0.5726378560066223, 0.11771439760923386, 0.15521806478500366
466, 4.323223382776434, 9.88097858428955, 0.5645176768302917, 0.12172579765319824, 0.15734776854515076
467, 4.325974334370006, 9.587778091430664, 0.5825498104095459, 0.12293946743011475, 0.1574181616306305
468, 4.3123069589788265, 9.633506774902344, 0.5820540189743042, 0.12160640209913254, 0.1571694314479828
469, 4.310766462846236, 9.774008750915527, 0.5811479687690735, 0.12087351083755493, 0.15639497339725494
470, 4.307699203491211, 9.638325691223145, 0.5812772512435913, 0.12364096939563751, 0.1580018699169159
471, 4.315740082480691, 9.745771408081055, 0.579757809638977, 0.12597134709358215, 0.15982671082019806
472, 4.330932634527033, 9.854430198669434, 0.5793383717536926, 0.11927628517150879, 0.15614262223243713
473, 4.307807913693515, 9.801209449768066, 0.5800930857658386, 0.1228049024939537, 0.15754830837249756
474, 4.302694485404275, 10.010599136352539, 0.579020082950592, 0.11753090471029282, 0.1552956998348236
475, 4.5961617209694605, 18.252952575683594, 0.5482051968574524, 0.37817081809043884, 0.2348994016647339
476, 6.11610184582797, 9.959965705871582, 0.5744388699531555, 0.12580285966396332, 0.1603628545999527
477, 4.874933216788552, 9.345189094543457, 0.578956663608551, 0.12271807342767715, 0.15798646211624146
478, 4.611818998510187, 9.244778633117676, 0.5737960338592529, 0.1244468241930008, 0.15851683914661407
479, 4.497751626101407, 9.374289512634277, 0.5799395442008972, 0.12185336649417877, 0.15721635520458221
480, 4.4422399087385696, 9.39050579071045, 0.5715651512145996, 0.1259983479976654, 0.1599818617105484
481, 4.406947855515914, 9.310486793518066, 0.5816723108291626, 0.1251830756664276, 0.1586655080318451
482, 4.375887697393244, 9.553483963012695, 0.5783675312995911, 0.12016455829143524, 0.15630978345870972
483, 4.353744888305664, 9.440451622009277, 0.5722486972808838, 0.122075654566288, 0.15735279023647308
484, 4.344698498465798, 9.430643081665039, 0.5798813104629517, 0.1261647343635559, 0.15919174253940582
485, 4.333572708476673, 9.390302658081055, 0.5818411707878113, 0.11978677660226822, 0.15620365738868713
486, 4.323439598083496, 9.357870101928711, 0.5828073024749756, 0.1172306165099144, 0.15491099655628204
487, 4.310353877327659, 9.681775093078613, 0.5777775049209595, 0.12162267416715622, 0.15777544677257538
488, 4.304690577767112, 9.525911331176758, 0.5791213512420654, 0.12637445330619812, 0.15987683832645416
489, 4.295228932120583, 9.723865509033203, 0.5698643922805786, 0.1217617392539978, 0.15765242278575897
490, 4.290625407479026, 9.474457740783691, 0.581824004650116, 0.12073677778244019, 0.15633425116539001
491, 4.287848663330078, 9.414407730102539, 0.5820248126983643, 0.12372823059558868, 0.1580875813961029
492, 4.287541883642024, 9.654057502746582, 0.5801254510879517, 0.12351596355438232, 0.1571117490530014
493, 4.279665600169789, 9.4685697555542, 0.581622302532196, 0.12309351563453674, 0.15714776515960693
494, 4.265689858523282, 9.434454917907715, 0.5821790099143982, 0.12400869280099869, 0.15826226770877838
495, 4.275080091303045, 9.756599426269531, 0.5776708722114563, 0.12318431586027145, 0.15766754746437073
496, 4.267657236619429, 9.403090476989746, 0.582306444644928, 0.1256534904241562, 0.15896959602832794
497, 4.278394412994385, 9.447402000427246, 0.5817309021949768, 0.12307525426149368, 0.1579483151435852
498, 4.2629691817543724, 9.505653381347656, 0.5816543698310852, 0.12259605526924133, 0.15720537304878235
499, 4.270470879294655, 9.661206245422363, 0.5801959037780762, 0.12486238777637482, 0.1584932655096054
500, 4.253449986197731, 9.505526542663574, 0.5825165510177612, 0.12075386196374893, 0.1561935544013977
