Epoch, Train_loss, Val_loss, SSIM, MSE, MAE
1, 121.34397583007812, 20.526092529296875, 0.013452145271003246, 0.15494294464588165, 0.36042436957359314
2, 8.625240863453259, 12.178330421447754, 0.024846654385328293, 0.1466619074344635, 0.35897502303123474
3, 4.851100778579712, 9.02308177947998, 0.031190145760774612, 0.14257805049419403, 0.3566240966320038
4, 3.4874724301424895, 7.476236343383789, 0.03533893823623657, 0.139794260263443, 0.35427865386009216
5, 2.7363636276938696, 9.295049667358398, 0.03700650855898857, 0.14029201865196228, 0.35462477803230286
6, 2.2787853024222633, 5.654031276702881, 0.037877727299928665, 0.13600273430347443, 0.3502621352672577
7, 1.9724963903427124, 5.371626853942871, 0.03853245824575424, 0.133650541305542, 0.347467303276062
8, 1.7745194846933539, 7.341831684112549, 0.03941602259874344, 0.13348384201526642, 0.3465738296508789
9, 1.6102925820784135, 5.048772811889648, 0.037929192185401917, 0.13089513778686523, 0.3440622091293335
10, 1.567863375490362, 6.124663352966309, 0.03724269941449165, 0.13287529349327087, 0.3455944359302521
11, 1.3835602153431286, 3.9431850910186768, 0.03745371848344803, 0.1276392638683319, 0.33980831503868103
12, 1.307450346513228, 3.7049717903137207, 0.03763537481427193, 0.12664015591144562, 0.3383774161338806
13, 1.2360161737962203, 3.967498302459717, 0.03975974768400192, 0.12408971041440964, 0.3351905941963196
14, 1.1466203657063572, 3.2881362438201904, 0.03848369047045708, 0.12506736814975739, 0.33650556206703186
15, 1.076616347919811, 3.2229018211364746, 0.038993146270513535, 0.12218749523162842, 0.33234888315200806
16, 1.0665227131410078, 3.660076141357422, 0.038902804255485535, 0.12176577001810074, 0.33172130584716797
17, 1.0837399656122382, 3.062546968460083, 0.03868601471185684, 0.12175030261278152, 0.3318077325820923
18, 1.0486471923914822, 2.975146770477295, 0.039540134370326996, 0.12021728605031967, 0.3295554220676422
19, 0.9940746675838124, 3.1065757274627686, 0.03982226178050041, 0.11896263062953949, 0.3278752267360687
20, 0.9866591496901078, 2.82846999168396, 0.039839036762714386, 0.11828028410673141, 0.3267921805381775
21, 0.9556710362434387, 2.9903860092163086, 0.04024897888302803, 0.11704369634389877, 0.3248145282268524
22, 0.9959705157713457, 3.1591031551361084, 0.04327435791492462, 0.1158120334148407, 0.32308027148246765
23, 0.8719782905145125, 2.7371826171875, 0.04045344516634941, 0.11484653502702713, 0.32152748107910156
24, 0.926305867325176, 2.6952524185180664, 0.04102732241153717, 0.11464978009462357, 0.32136207818984985
25, 0.8759993726556952, 3.715008020401001, 0.040659427642822266, 0.11533592641353607, 0.3213650584220886
26, 0.9463050029494545, 2.363903760910034, 0.041168082505464554, 0.1131989136338234, 0.3192156255245209
27, 0.8471218781037764, 2.3516926765441895, 0.041715800762176514, 0.11153081804513931, 0.31651589274406433
28, 0.8742537682706659, 2.4400265216827393, 0.04214024543762207, 0.1104377955198288, 0.31478065252304077
29, 0.8433595917441629, 2.4637386798858643, 0.042945992201566696, 0.1102607473731041, 0.3146491050720215
30, 0.8442330360412598, 2.702735185623169, 0.04507775604724884, 0.10877907276153564, 0.3122924268245697
31, 0.8632188731973821, 2.528855562210083, 0.04264334961771965, 0.10838744789361954, 0.31158146262168884
32, 0.8977070331573487, 2.308732271194458, 0.04403106868267059, 0.10763546079397202, 0.3106096684932709
33, 0.8230175928636031, 2.199594259262085, 0.04308474063873291, 0.10691437870264053, 0.3093929886817932
34, 0.7574954000386325, 2.3277809619903564, 0.04351036623120308, 0.10555434226989746, 0.3071472942829132
35, 0.7212974038991061, 2.1781699657440186, 0.04501877352595329, 0.10479728132486343, 0.3059298098087311
36, 0.8291409687562422, 2.093005657196045, 0.044482722878456116, 0.10391174256801605, 0.3043803870677948
37, 0.7635093320499767, 2.081355571746826, 0.045186616480350494, 0.10248111188411713, 0.30223777890205383
38, 0.7227259765971791, 2.4991226196289062, 0.04519515112042427, 0.10290393233299255, 0.302831768989563
39, 0.7059212793003429, 2.1248204708099365, 0.04591585323214531, 0.1013142392039299, 0.3001633584499359
40, 0.857158024744554, 2.1744961738586426, 0.04534468799829483, 0.10077948868274689, 0.29934388399124146
41, 0.7030793016607111, 1.8614652156829834, 0.04630463197827339, 0.10016019642353058, 0.2985553443431854
42, 0.6975177038799633, 1.905144214630127, 0.04679635539650917, 0.09937713295221329, 0.29715314507484436
43, 0.6850052844394338, 1.942801833152771, 0.047441743314266205, 0.09895006567239761, 0.2964062988758087
44, 0.6855196595191956, 2.3015172481536865, 0.05029343068599701, 0.09740759432315826, 0.29391515254974365
45, 0.7810288039120761, 1.8645578622817993, 0.04789308086037636, 0.09722133725881577, 0.2934935390949249
46, 0.8095262083140287, 2.0314836502075195, 0.04740973934531212, 0.09630901366472244, 0.2920394837856293
47, 0.7605220968073064, 2.106205463409424, 0.050525229424238205, 0.0949985608458519, 0.2895752787590027
48, 0.7290250301361084, 1.9551187753677368, 0.048520781099796295, 0.09493468701839447, 0.28956374526023865
49, 0.7203755227002231, 1.8212116956710815, 0.048544444143772125, 0.09383954107761383, 0.28767403960227966
50, 0.764713885567405, 1.7643061876296997, 0.048566993325948715, 0.09324003756046295, 0.28665801882743835
51, 0.6951898650689559, 1.7012012004852295, 0.0494920052587986, 0.09267445653676987, 0.2858039438724518
52, 0.6666899800300599, 1.7406505346298218, 0.04923587664961815, 0.09146609157323837, 0.28368982672691345
53, 0.6944115335291082, 1.8842813968658447, 0.04848845675587654, 0.09145121276378632, 0.2834669351577759
54, 0.6976615699854765, 1.7682989835739136, 0.04944614693522453, 0.09036807715892792, 0.2816474139690399
55, 0.6872328920797868, 1.829813003540039, 0.04962620884180069, 0.09007945656776428, 0.28133291006088257
56, 0.7268098776990717, 1.8033403158187866, 0.049968838691711426, 0.08947770297527313, 0.28003090620040894
57, 0.7084936727177013, 1.8164527416229248, 0.05109506472945213, 0.08803550899028778, 0.27746686339378357
58, 0.6731766294349324, 1.7473112344741821, 0.050395186990499496, 0.08762145042419434, 0.27687790989875793
59, 0.6375731706619263, 1.688750147819519, 0.04965128004550934, 0.08711621910333633, 0.2758718729019165
60, 0.6664191441102462, 2.1625757217407227, 0.05007869750261307, 0.08803807944059372, 0.27685463428497314
61, 0.6334573724053123, 1.7323659658432007, 0.051015306264162064, 0.08629937469959259, 0.2746317684650421
62, 0.6512168472463434, 1.82903254032135, 0.05064631998538971, 0.08514688909053802, 0.27249541878700256
63, 0.7534506808627736, 1.7846742868423462, 0.05072811618447304, 0.0850088819861412, 0.2722387909889221
64, 0.6678977619517933, 1.7002665996551514, 0.051233530044555664, 0.08395802974700928, 0.27029433846473694
65, 0.6936896031553095, 1.6405999660491943, 0.051207706332206726, 0.08334820717573166, 0.26930007338523865
66, 0.6405207146297801, 1.685434103012085, 0.05181100219488144, 0.0829755961894989, 0.2685651183128357
67, 0.7466138308698481, 2.0381994247436523, 0.05157281458377838, 0.08226253092288971, 0.2671671509742737
68, 0.7187090819532221, 2.2305824756622314, 0.05487852171063423, 0.08137007057666779, 0.2654605507850647
69, 0.6687845858660612, 1.674608588218689, 0.05194227024912834, 0.08089517056941986, 0.26468756794929504
70, 0.6215549160133709, 2.1145637035369873, 0.05129271373152733, 0.08157585561275482, 0.26500174403190613
71, 0.5641024296933954, 1.7639048099517822, 0.05186633765697479, 0.0792524665594101, 0.2614426016807556
72, 0.5959246532483534, 1.641772985458374, 0.05219384655356407, 0.07910142838954926, 0.26144710183143616
73, 0.5806345159357245, 1.5805490016937256, 0.052527979016304016, 0.07902088761329651, 0.2612766921520233
74, 0.5763726402412761, 1.6249306201934814, 0.052034951746463776, 0.0780591294169426, 0.25936752557754517
75, 0.576575549624183, 1.5698373317718506, 0.05231820419430733, 0.07729998975992203, 0.25796258449554443
76, 0.5290175605903972, 1.560240626335144, 0.0519295297563076, 0.07671508938074112, 0.2567187249660492
77, 0.6069333222779361, 1.601874589920044, 0.05251409485936165, 0.07623855024576187, 0.25603923201560974
78, 0.66360459652814, 1.8916658163070679, 0.05243286117911339, 0.0759177953004837, 0.2553921639919281
79, 0.7727139705961401, 1.6016699075698853, 0.05259447917342186, 0.07505381852388382, 0.2533997893333435
80, 0.658065769889138, 1.4494746923446655, 0.052534475922584534, 0.07493513077497482, 0.253329873085022
81, 0.5181217264045369, 1.5869395732879639, 0.05292276293039322, 0.07391950488090515, 0.25132277607917786
82, 0.538601046258753, 1.6059989929199219, 0.052936386317014694, 0.07325349748134613, 0.25009608268737793
83, 0.603776627779007, 1.6098673343658447, 0.0527181401848793, 0.07344210892915726, 0.2502165734767914
84, 0.6216365418650888, 1.6560555696487427, 0.05337999761104584, 0.07286115735769272, 0.24930335581302643
85, 0.798519329591231, 1.4610363245010376, 0.05344676598906517, 0.07208750396966934, 0.2476758509874344
86, 0.5242081685499711, 1.5077208280563354, 0.054253045469522476, 0.07123536616563797, 0.24601450562477112
87, 0.5538284979083321, 1.5992980003356934, 0.05311883985996246, 0.07062741369009018, 0.2445421814918518
88, 0.5196521141312339, 1.4395827054977417, 0.053737424314022064, 0.07037249207496643, 0.24431957304477692
89, 0.4987476869062944, 1.5074697732925415, 0.054412491619586945, 0.06988047063350677, 0.24338100850582123
90, 0.6047649215568196, 1.7592188119888306, 0.057043831795454025, 0.06911735236644745, 0.24182221293449402
91, 0.6724284036593003, 1.5402003526687622, 0.053637292236089706, 0.06874965876340866, 0.24093037843704224
92, 0.4681436674161391, 1.721402645111084, 0.05313782021403313, 0.06846483051776886, 0.24017855525016785
93, 0.6594945224848661, 1.6612697839736938, 0.0567622072994709, 0.0678173080086708, 0.2391129583120346
94, 0.567863655090332, 1.5839022397994995, 0.0542743057012558, 0.06785421073436737, 0.2391720563173294
95, 0.6011807994409041, 1.7774635553359985, 0.05348198860883713, 0.06708414107561111, 0.2371600717306137
96, 0.6604509738358584, 1.854679822921753, 0.05393260344862938, 0.06641113758087158, 0.23598195612430573
97, 0.6248964472250504, 1.4489247798919678, 0.05363062396645546, 0.06548188626766205, 0.23393060266971588
98, 0.6477761875499378, 2.319084405899048, 0.052868183702230453, 0.06709979474544525, 0.2364654541015625
99, 0.5178950282660397, 1.4263381958007812, 0.053727149963378906, 0.06549116969108582, 0.2340308129787445
100, 0.5802730544046922, 1.4202568531036377, 0.05421576648950577, 0.06503193825483322, 0.23318511247634888
101, 0.5046185444701802, 1.5053386688232422, 0.05421094223856926, 0.06444159895181656, 0.23197828233242035
102, 0.5655726703730497, 1.5916361808776855, 0.055556878447532654, 0.0636664628982544, 0.22996041178703308
103, 0.5503204470331019, 1.5754905939102173, 0.05497083440423012, 0.06372899562120438, 0.2304844856262207
104, 0.5296449216929349, 1.6693018674850464, 0.058790575712919235, 0.0627201646566391, 0.2283201962709427
105, 0.4966971549120816, 1.4162755012512207, 0.054976679384708405, 0.062244661152362823, 0.2269987165927887
106, 0.5252222765575756, 1.2625771760940552, 0.054355964064598083, 0.06196736544370651, 0.22652505338191986
107, 0.5361417439850894, 1.5581499338150024, 0.054521508514881134, 0.06179346889257431, 0.22589834034442902
108, 0.5878410783681003, 1.403593897819519, 0.05471106618642807, 0.06096428260207176, 0.22401069104671478
109, 0.5164874862540852, 1.444846272468567, 0.05517708882689476, 0.06103888526558876, 0.22438465058803558
110, 0.5672202023592863, 1.3309071063995361, 0.05419225990772247, 0.06046101823449135, 0.22292707860469818
111, 0.5601197020574049, 1.7957019805908203, 0.057543255388736725, 0.06023149937391281, 0.2224629521369934
112, 0.5608814179897308, 1.720666527748108, 0.060197487473487854, 0.059369053691625595, 0.22064830362796783
113, 0.4990358195521615, 2.05499267578125, 0.054680995643138885, 0.060794927179813385, 0.22272248566150665
114, 0.5647181299599734, 1.4512505531311035, 0.05526844784617424, 0.05863042548298836, 0.21904560923576355
115, 0.5634923062541268, 1.481199026107788, 0.05557398870587349, 0.05831229314208031, 0.2183702439069748
116, 0.5770693968642842, 1.4164780378341675, 0.05467353016138077, 0.058150578290224075, 0.21758978068828583
117, 0.5194493786855178, 1.5092271566390991, 0.05571964755654335, 0.05759144574403763, 0.21649792790412903
118, 0.6484709577126937, 2.0856759548187256, 0.05547122657299042, 0.05850699916481972, 0.21740101277828217
119, 0.5504513247446581, 1.5654643774032593, 0.05515308305621147, 0.0568830780684948, 0.2149786800146103
120, 0.5510143323378129, 1.69223153591156, 0.05622154101729393, 0.05668618902564049, 0.21455831825733185
121, 0.575946846333417, 1.425194263458252, 0.05576818436384201, 0.05622785538434982, 0.21339723467826843
122, 0.4857098617336967, 1.3557087182998657, 0.05649964511394501, 0.05595814436674118, 0.21279698610305786
123, 0.47280622070485895, 1.2429046630859375, 0.05629996210336685, 0.055889274924993515, 0.21258632838726044
124, 0.507319082997062, 1.5105624198913574, 0.05616901442408562, 0.05496186390519142, 0.21047760546207428
125, 0.5847098328850486, 1.4162204265594482, 0.055713098496198654, 0.05491888150572777, 0.21023963391780853
126, 0.6534138273109089, 1.460250735282898, 0.05616726353764534, 0.054370567202568054, 0.20908226072788239
127, 0.502002810348164, 1.3195319175720215, 0.05598737671971321, 0.05424458533525467, 0.2086057811975479
128, 0.47201398285952484, 1.401220679283142, 0.05555219575762749, 0.05358920246362686, 0.20689283311367035
129, 0.4931814101609317, 1.5948657989501953, 0.056311435997486115, 0.053474318236112595, 0.20669585466384888
130, 0.5041197419166565, 1.2254003286361694, 0.05568426102399826, 0.05320260673761368, 0.20598234236240387
131, 0.5222784573381597, 1.4711984395980835, 0.05670737475156784, 0.05261756852269173, 0.20462645590305328
132, 0.4959168553352356, 1.5878791809082031, 0.05855892226099968, 0.052266016602516174, 0.20357365906238556
133, 0.5067241110584952, 1.3473087549209595, 0.056343626230955124, 0.05232878401875496, 0.20382475852966309
134, 0.5540536983446641, 1.6224963665008545, 0.05980728194117546, 0.051570769399404526, 0.20197699964046478
135, 0.5614583351395347, 1.3572757244110107, 0.056810036301612854, 0.051136597990989685, 0.200996533036232
136, 0.5462737544016405, 1.2831774950027466, 0.05711366981267929, 0.05078393965959549, 0.20012228190898895
137, 0.5772865376689217, 1.6204832792282104, 0.05654492601752281, 0.050909366458654404, 0.2001757025718689
138, 0.4987763448195024, 1.279527187347412, 0.05698748677968979, 0.05047270283102989, 0.1992432028055191
139, 0.469831304658543, 1.519364595413208, 0.0574333593249321, 0.05019984394311905, 0.19854925572872162
140, 0.5025012969970704, 1.325318694114685, 0.05735195428133011, 0.049893926829099655, 0.19766844809055328
141, 0.4904752774672075, 1.4637757539749146, 0.06047840416431427, 0.04929058998823166, 0.1960081309080124
142, 0.4643213602629575, 1.788858413696289, 0.061450861394405365, 0.04908387362957001, 0.1956930309534073
143, 0.4987044697458094, 1.2739157676696777, 0.05666857212781906, 0.04905044287443161, 0.19563978910446167
144, 0.5340541146018288, 1.3846638202667236, 0.057603612542152405, 0.04867224767804146, 0.19476334750652313
145, 0.7505864430557597, 1.3852922916412354, 0.05865838751196861, 0.04824630916118622, 0.1937357634305954
146, 0.5328406371853568, 1.3989732265472412, 0.05812288820743561, 0.04821737855672836, 0.1935308426618576
147, 0.4528760584917935, 1.4730198383331299, 0.06206578016281128, 0.047691669315099716, 0.19225426018238068
148, 0.48662189787084403, 2.379770517349243, 0.05707501247525215, 0.04869406297802925, 0.19317898154258728
149, 0.5062041011723605, 1.6671372652053833, 0.06391622126102448, 0.04711867496371269, 0.19027885794639587
150, 0.448601231249896, 1.244815468788147, 0.057944606989622116, 0.047119367867708206, 0.19036079943180084
151, 0.48036346543918956, 1.847493052482605, 0.05749386176466942, 0.04666187986731529, 0.1889384239912033
152, 0.4584141633727334, 1.2902754545211792, 0.05743652209639549, 0.04621760919690132, 0.18786916136741638
153, 0.4915900615128604, 1.3911869525909424, 0.058142565190792084, 0.04601387679576874, 0.18751846253871918
154, 0.3875760950825431, 1.4604686498641968, 0.05837265029549599, 0.045571621507406235, 0.18631702661514282
155, 0.4823973157189109, 1.9836392402648926, 0.05735187232494354, 0.04688083007931709, 0.18837688863277435
156, 0.42976346124302256, 1.803642749786377, 0.05821913108229637, 0.04630137234926224, 0.18687814474105835
157, 0.4949537125500766, 1.3529572486877441, 0.05901855602860451, 0.04495103657245636, 0.18475359678268433
158, 0.5063766663724726, 1.406075119972229, 0.05908634141087532, 0.0446712002158165, 0.18397440016269684
159, 0.5301504037596962, 1.2957583665847778, 0.058535702526569366, 0.04477451741695404, 0.18386521935462952
160, 0.4586319126866081, 1.3742327690124512, 0.05920704826712608, 0.044259484857320786, 0.1826384961605072
161, 0.5345892104235562, 1.392807126045227, 0.058787982910871506, 0.04441090300679207, 0.18299506604671478
162, 0.48415360938418994, 1.374418020248413, 0.05956040322780609, 0.04379330947995186, 0.18131060898303986
163, 0.48631489764560354, 1.5867773294448853, 0.058740582317113876, 0.04348563030362129, 0.18038348853588104
164, 0.4377388986674222, 1.213036298751831, 0.060060128569602966, 0.043055642396211624, 0.17921361327171326
165, 0.43678730726242065, 1.2893844842910767, 0.05923637002706528, 0.042923033237457275, 0.1788330078125
166, 0.46206423206762837, 1.306068778038025, 0.05904495716094971, 0.042704422026872635, 0.17816002666950226
167, 0.4701820075511932, 1.7815032005310059, 0.059904228895902634, 0.042723096907138824, 0.17818774282932281
168, 0.562807723608884, 1.350995659828186, 0.05965626239776611, 0.041901279240846634, 0.1759399026632309
169, 0.49394904754378577, 1.4815819263458252, 0.06002672761678696, 0.042465440928936005, 0.17724861204624176
170, 0.5016396343708038, 1.3287734985351562, 0.05997759848833084, 0.04155759513378143, 0.17490728199481964
171, 0.4661185118285092, 1.2960203886032104, 0.059623319655656815, 0.041623737663030624, 0.17480358481407166
172, 0.4570573302832517, 1.468626856803894, 0.060784030705690384, 0.04129817709326744, 0.1741059124469757
173, 0.43528795350681654, 1.4919402599334717, 0.060918912291526794, 0.041453950107097626, 0.1743992120027542
174, 0.527329274741086, 1.6189109086990356, 0.06077021732926369, 0.040743570774793625, 0.17239077389240265
175, 0.6381300297650424, 1.4204453229904175, 0.06082494929432869, 0.040760915726423264, 0.17225949466228485
176, 0.4181550280614333, 1.5480804443359375, 0.06633096188306808, 0.04037616029381752, 0.17102980613708496
177, 0.5419547904621471, 1.3401050567626953, 0.06073732674121857, 0.040264591574668884, 0.17096257209777832
178, 0.420487706227736, 1.2405493259429932, 0.06133450195193291, 0.04030032455921173, 0.1707858145236969
179, 0.48752609491348264, 1.351824164390564, 0.05961189046502113, 0.04013257101178169, 0.17000900208950043
180, 0.4208941112865101, 1.4497870206832886, 0.06135588884353638, 0.03954195976257324, 0.16849693655967712
181, 0.4818597891113975, 1.4240933656692505, 0.06153002753853798, 0.03964277356863022, 0.1688060462474823
182, 0.4972623472863978, 1.3231775760650635, 0.0616135410964489, 0.03920338302850723, 0.16765524446964264
183, 0.4431828574700789, 1.5230021476745605, 0.06558815389871597, 0.038908377289772034, 0.1663966029882431
184, 0.4362508367408406, 1.3282979726791382, 0.061652522534132004, 0.03889521583914757, 0.16642390191555023
185, 0.3938855480064045, 1.3227170705795288, 0.06214836984872818, 0.038528766483068466, 0.16542179882526398
186, 0.4500386183912104, 1.4132519960403442, 0.06192833185195923, 0.038479916751384735, 0.1652422547340393
187, 0.49054438688538293, 1.4847090244293213, 0.06150388717651367, 0.03876209259033203, 0.16576257348060608
188, 0.5220658215609464, 1.3545116186141968, 0.062418047338724136, 0.03834503889083862, 0.16470502316951752
189, 0.45743549845435405, 1.390421986579895, 0.06256283074617386, 0.03767478093504906, 0.1627649962902069
190, 0.5116792852228338, 1.2940973043441772, 0.062477435916662216, 0.03778998553752899, 0.1629299819469452
191, 0.37239602424881674, 1.3935836553573608, 0.06691242009401321, 0.03768490254878998, 0.16237594187259674
192, 0.40488862124356356, 1.3567957878112793, 0.06214301288127899, 0.03746078908443451, 0.16180162131786346
193, 0.5093770617788488, 1.4586647748947144, 0.06306030601263046, 0.03713060915470123, 0.16072013974189758
194, 0.5123868270353837, 1.5518800020217896, 0.06293770670890808, 0.03698185458779335, 0.16026024520397186
195, 0.4787065067074516, 1.4213237762451172, 0.0623336024582386, 0.03679288923740387, 0.15965023636817932
196, 0.5099189991300757, 1.4035162925720215, 0.0634542778134346, 0.036744002252817154, 0.15945057570934296
197, 0.42887258367104963, 1.547951579093933, 0.06841791421175003, 0.0363246314227581, 0.15784841775894165
198, 0.3758374485102567, 1.352413535118103, 0.06302393972873688, 0.036414336413145065, 0.1582544893026352
199, 0.3768668689511039, 1.5982896089553833, 0.07081432640552521, 0.03588379919528961, 0.15637114644050598
200, 0.45888949686830693, 1.5112649202346802, 0.06967398524284363, 0.03563830628991127, 0.1556047797203064
201, 0.5006078492511402, 1.5939675569534302, 0.0684531107544899, 0.03587658703327179, 0.15614819526672363
202, 0.44307528409090907, 1.4860831499099731, 0.06387311220169067, 0.035736147314310074, 0.15568405389785767
203, 0.5244231662966988, 1.5663714408874512, 0.06401640921831131, 0.03564288839697838, 0.15554223954677582
204, 0.5006231839006597, 1.631001353263855, 0.07052172720432281, 0.03511920943856239, 0.15364600718021393
205, 0.36519984061067756, 1.2904592752456665, 0.06403958052396774, 0.03541800007224083, 0.15451644361019135
206, 0.41882186044346204, 1.5949453115463257, 0.06367824971675873, 0.03492921218276024, 0.15299557149410248
207, 0.403161557154222, 1.4646129608154297, 0.06425853073596954, 0.034774694591760635, 0.15246203541755676
208, 0.38035987751050426, 1.3096890449523926, 0.06412849575281143, 0.03495141491293907, 0.15277403593063354
209, 0.43087144168940456, 1.5491719245910645, 0.06360045820474625, 0.034808121621608734, 0.15212048590183258
210, 0.5212746636434035, 1.623475193977356, 0.06426473706960678, 0.03438059985637665, 0.15097349882125854
211, 0.43901280544020915, 1.520736813545227, 0.06434915214776993, 0.0346231646835804, 0.15136705338954926
212, 0.39352572885426607, 1.5075687170028687, 0.06515954434871674, 0.034031499177217484, 0.1498548835515976
213, 0.4692327770319852, 1.5846493244171143, 0.06428824365139008, 0.03385534510016441, 0.14913702011108398
214, 0.46434343565594066, 1.4834344387054443, 0.06531380116939545, 0.033908214420080185, 0.14923058450222015
215, 0.447312191399661, 1.490437388420105, 0.06556247174739838, 0.033693838864564896, 0.1485033631324768
216, 0.44735448577187276, 1.5206226110458374, 0.06458162516355515, 0.03345130756497383, 0.14749495685100555
217, 0.479576499895616, 1.544751524925232, 0.06486410647630692, 0.033205464482307434, 0.14678283035755157
218, 0.44054167379032483, 1.3825924396514893, 0.06624290347099304, 0.03341441974043846, 0.14727281033992767
219, 0.4227257170460441, 1.377732753753662, 0.06472034752368927, 0.03321908414363861, 0.14661858975887299
220, 0.3874122652140531, 1.3292313814163208, 0.06528929620981216, 0.03310898691415787, 0.14612296223640442
221, 0.4318228564479134, 1.4513306617736816, 0.06549521535634995, 0.03280644863843918, 0.14508210122585297
222, 0.4153404891490936, 1.4639545679092407, 0.06598334014415741, 0.032850876450538635, 0.1451033651828766
223, 0.41936348297379233, 2.4022138118743896, 0.06585852801799774, 0.0335560068488121, 0.1456919014453888
224, 0.4200096596371044, 1.593201756477356, 0.07199343293905258, 0.032496578991413116, 0.14343664050102234
225, 0.4598564765670083, 1.5048832893371582, 0.06566116213798523, 0.03231234848499298, 0.14294148981571198
226, 0.525480053099719, 1.857345700263977, 0.0734504982829094, 0.03220205754041672, 0.14239811897277832
227, 0.41537439877336674, 1.3322361707687378, 0.0661749392747879, 0.032060492783784866, 0.1421428769826889
228, 0.35033110163428566, 1.3105037212371826, 0.0667673870921135, 0.032107606530189514, 0.1419709324836731
229, 0.4367356164888902, 1.4812159538269043, 0.0667169988155365, 0.031902775168418884, 0.14141273498535156
230, 0.44525420936671173, 1.4413838386535645, 0.06616692990064621, 0.03175779804587364, 0.1407856047153473
231, 0.41637560725212097, 1.5212339162826538, 0.06694546341896057, 0.03160346671938896, 0.14011427760124207
232, 0.41844294287941675, 1.396642804145813, 0.06809522956609726, 0.03152097016572952, 0.1399802267551422
233, 0.42473271651701494, 1.3912941217422485, 0.0681530013680458, 0.0313609279692173, 0.13923199474811554
234, 0.41995914795181966, 1.8995022773742676, 0.06710322946310043, 0.031459346413612366, 0.13903643190860748
235, 0.5272053285078568, 1.4490453004837036, 0.06870093196630478, 0.031069176271557808, 0.1381353884935379
236, 0.3834860151464289, 1.3399009704589844, 0.0679779127240181, 0.031025540083646774, 0.13780416548252106
237, 0.4260882155461745, 1.4997951984405518, 0.06700172275304794, 0.030952103435993195, 0.1374451220035553
238, 0.4104988201098009, 2.50164532661438, 0.06755542010068893, 0.03187916427850723, 0.138655886054039
239, 0.4746750983324918, 1.5098518133163452, 0.06847704946994781, 0.030729515478014946, 0.13641303777694702
240, 0.4448001644828103, 1.401427984237671, 0.06824208796024323, 0.03067612461745739, 0.1362566500902176
241, 0.3579188959165053, 1.41670823097229, 0.06889881193637848, 0.03064318746328354, 0.13587675988674164
242, 0.46882376941767606, 2.7211012840270996, 0.06837443262338638, 0.031352829188108444, 0.13647489249706268
243, 0.4290670877153223, 1.314333438873291, 0.06833818554878235, 0.030267473310232162, 0.13453413546085358
244, 0.3520741963928396, 1.4010777473449707, 0.06949019432067871, 0.03010530024766922, 0.1340228021144867
245, 0.4975013147700917, 1.562995433807373, 0.0694352313876152, 0.030174756422638893, 0.1338462084531784
246, 0.3811634340069511, 1.482494592666626, 0.0692669153213501, 0.030027290806174278, 0.13320878148078918
247, 0.381013011932373, 1.4425506591796875, 0.06940536201000214, 0.03005562536418438, 0.13314972817897797
248, 0.5137935947288167, 1.3926239013671875, 0.06992292404174805, 0.029900848865509033, 0.13278613984584808
249, 0.3709926345131614, 1.59766685962677, 0.06881950050592422, 0.029889138415455818, 0.1323038786649704
250, 0.397918287190524, 2.6093854904174805, 0.0691821500658989, 0.030628236010670662, 0.13289977610111237
251, 0.36879236020825124, 1.4388859272003174, 0.06973151117563248, 0.02973846159875393, 0.1314343512058258
252, 0.47907540798187254, 1.7814117670059204, 0.07849902659654617, 0.029491068795323372, 0.1302342563867569
253, 0.47413166002793744, 1.6406549215316772, 0.07058943808078766, 0.029254304245114326, 0.13016240298748016
254, 0.4158907771110535, 1.4807220697402954, 0.07088340818881989, 0.02948208898305893, 0.1301734298467636
255, 0.44836440682411194, 1.4196254014968872, 0.07103248685598373, 0.02910836599767208, 0.12916071712970734
256, 0.4232423039999875, 1.431566834449768, 0.07064686715602875, 0.029046446084976196, 0.12906353175640106
257, 0.3431877986951308, 1.4561015367507935, 0.07122618705034256, 0.028994161635637283, 0.12849834561347961
258, 0.4574997668916529, 1.5220165252685547, 0.0703444555401802, 0.028899962082505226, 0.1280493289232254
259, 0.3643917137926275, 1.3856292963027954, 0.07151203602552414, 0.028729792684316635, 0.1276317536830902
260, 0.36689959385178306, 1.5970380306243896, 0.07143424451351166, 0.028863970190286636, 0.12749312818050385
261, 0.425071936303919, 1.5469034910202026, 0.07830306887626648, 0.028759578242897987, 0.12681478261947632
262, 0.453588421236385, 1.3820405006408691, 0.0722704827785492, 0.02863963134586811, 0.12665140628814697
263, 0.4064205651933497, 1.6128559112548828, 0.07169651240110397, 0.028672313317656517, 0.12648959457874298
264, 0.4250073004852642, 1.4717005491256714, 0.07195790857076645, 0.028491854667663574, 0.12590771913528442
265, 0.405842958797108, 1.5443854331970215, 0.07952241599559784, 0.028285261243581772, 0.12469422817230225
266, 0.4416127687150782, 1.5497020483016968, 0.07219071686267853, 0.0282290056347847, 0.12497435510158539
267, 0.48850839788263495, 1.5008898973464966, 0.0729106217622757, 0.02822158671915531, 0.12466590851545334
268, 0.4011246518655257, 1.4469066858291626, 0.07295916229486465, 0.028162766247987747, 0.12432349473237991
269, 0.39357456456531176, 1.4603134393692017, 0.07279808819293976, 0.028168173506855965, 0.12412811815738678
270, 0.3882974456657063, 1.394066572189331, 0.07320592552423477, 0.02781277894973755, 0.12303351610898972
271, 0.47053476680408823, 1.549850583076477, 0.07269849628210068, 0.027959952130913734, 0.12284322828054428
272, 0.32201159759001297, 1.4993788003921509, 0.07922089844942093, 0.027993548661470413, 0.12282796204090118
273, 0.4709676520390944, 2.813232898712158, 0.07262258231639862, 0.028731120750308037, 0.12359503656625748
274, 0.45971079577099194, 2.1338508129119873, 0.07242283970117569, 0.02856583520770073, 0.12331010401248932
275, 0.36189874329350213, 1.3826425075531006, 0.07474733144044876, 0.027652570977807045, 0.12134207040071487
276, 0.3859860674901442, 1.3494607210159302, 0.07453680038452148, 0.027557719498872757, 0.12111414223909378
277, 0.33255979987708006, 1.4062526226043701, 0.07359609007835388, 0.027532553300261497, 0.12083166092634201
278, 0.3870163202285767, 1.6819862127304077, 0.0744137093424797, 0.027480479329824448, 0.12021572887897491
279, 0.4523085144433108, 1.8565711975097656, 0.08288704603910446, 0.02733325958251953, 0.11957383900880814
280, 0.37357441566207195, 1.4301626682281494, 0.07425185292959213, 0.027398161590099335, 0.11981194466352463
281, 0.3549847174774517, 1.4857498407363892, 0.0741042047739029, 0.027410155162215233, 0.11956601589918137
282, 0.3368831661614505, 1.5268778800964355, 0.07462287694215775, 0.027228567749261856, 0.11898350715637207
283, 0.410319293087179, 1.3179177045822144, 0.07541355490684509, 0.027131622657179832, 0.11868960410356522
284, 0.34662609019062735, 1.568693995475769, 0.08096995949745178, 0.02717318758368492, 0.11818261444568634
285, 0.4949001599441875, 1.8344093561172485, 0.07559950649738312, 0.026893971487879753, 0.1176316887140274
286, 0.4988495723767714, 1.473028540611267, 0.07516346126794815, 0.02703855372965336, 0.11778954416513443
287, 0.38136441924355247, 1.3935351371765137, 0.07619478553533554, 0.026822155341506004, 0.11717555671930313
288, 0.37119193239645526, 1.5643749237060547, 0.07617518305778503, 0.026794521138072014, 0.11685020476579666
289, 0.4730387508869171, 4.024291038513184, 0.07532759010791779, 0.028561512008309364, 0.11936397850513458
290, 0.408037901466543, 1.6832096576690674, 0.07656212896108627, 0.026631249114871025, 0.11594673246145248
291, 0.4081803332675587, 1.5000004768371582, 0.07652080804109573, 0.0266819279640913, 0.11586709320545197
292, 0.34597500671039927, 1.49318528175354, 0.07744171470403671, 0.026651710271835327, 0.11564179509878159
293, 0.3572117057713595, 1.4382461309432983, 0.07757288962602615, 0.026631982997059822, 0.11539091169834137
294, 0.3041938486424359, 1.4734950065612793, 0.07715123146772385, 0.026610784232616425, 0.11493454873561859
295, 0.39719561392610725, 1.5601179599761963, 0.07794968783855438, 0.02644912712275982, 0.11456125229597092
296, 0.4253352929245342, 1.6259651184082031, 0.07816939055919647, 0.026541924104094505, 0.11430056393146515
297, 0.5005789810960943, 1.6433738470077515, 0.07733414322137833, 0.026420677080750465, 0.11400433629751205
298, 0.4270790685306896, 1.4773890972137451, 0.07705263048410416, 0.026338569819927216, 0.1135958805680275
299, 0.4309241137721322, 1.4509838819503784, 0.07722296565771103, 0.02638673409819603, 0.11345244199037552
300, 0.3565284070643512, 1.632861614227295, 0.07814537733793259, 0.026400316506624222, 0.1133413314819336
301, 0.37208259891379963, 1.5256363153457642, 0.07721244543790817, 0.026444703340530396, 0.11320560425519943
302, 0.3546616949818351, 1.5401216745376587, 0.07890299707651138, 0.026111798360943794, 0.11224894970655441
303, 0.36100080555135555, 1.4720532894134521, 0.07944683730602264, 0.025986915454268456, 0.1115499958395958
304, 0.39587230303070764, 1.5013116598129272, 0.07980868965387344, 0.02603086270391941, 0.11166070401668549
305, 0.38801946152340283, 1.5364336967468262, 0.0787215530872345, 0.02604248747229576, 0.11133424937725067
306, 0.3688063388521021, 1.5052111148834229, 0.07837441563606262, 0.02601003646850586, 0.11120616644620895
307, 0.4147196319970218, 1.3635461330413818, 0.07948347926139832, 0.026042422279715538, 0.11115573346614838
308, 0.39862631207162685, 1.6570369005203247, 0.0798037201166153, 0.02586035616695881, 0.11027924716472626
309, 0.39898314313455063, 1.4715758562088013, 0.08000507205724716, 0.025772852823138237, 0.1101476326584816
310, 0.3913342768495733, 1.5264708995819092, 0.07968112081289291, 0.025739256292581558, 0.1099567636847496
311, 0.32677881148728455, 1.5923384428024292, 0.07994057983160019, 0.02563086897134781, 0.10926856100559235
312, 0.43396337303248317, 1.6706886291503906, 0.08050908148288727, 0.02561132423579693, 0.10899734497070312
313, 0.41568427736108954, 1.764497995376587, 0.08158311992883682, 0.02552679367363453, 0.10883438587188721
314, 0.4280522259798917, 1.571075201034546, 0.08126780390739441, 0.02563876286149025, 0.10864143818616867
315, 0.42672071185978977, 1.580138087272644, 0.08214543759822845, 0.025650858879089355, 0.10853833705186844
316, 0.35209137851541694, 1.564354658126831, 0.08134613186120987, 0.02570989727973938, 0.10827679187059402
317, 0.39130130328915336, 1.6580042839050293, 0.08922960609197617, 0.02535885013639927, 0.10697434097528458
318, 0.46442584774710916, 1.6381148099899292, 0.08275957405567169, 0.025366147980093956, 0.10736052691936493
319, 0.43704155358401214, 1.6931365728378296, 0.08164718747138977, 0.02534741908311844, 0.10721314698457718
320, 0.2981018047441136, 1.5321027040481567, 0.0826776772737503, 0.025353090837597847, 0.10689768195152283
321, 0.3975762583992698, 1.597476840019226, 0.09072495996952057, 0.025192350149154663, 0.10580617934465408
322, 0.3461297113787044, 1.4360573291778564, 0.08200018107891083, 0.025290459394454956, 0.1065228059887886
323, 0.3732960684732957, 1.4683321714401245, 0.08284235745668411, 0.025191357359290123, 0.10594838112592697
324, 0.418990342725407, 1.7030055522918701, 0.08262448757886887, 0.025158274918794632, 0.10584307461977005
325, 0.4201192579486153, 1.679609775543213, 0.09075812995433807, 0.02520853281021118, 0.1053580790758133
326, 0.3046409793875434, 1.425309419631958, 0.0837562084197998, 0.02503880485892296, 0.10508088022470474
327, 0.41519242091612385, 1.656870722770691, 0.08428496867418289, 0.024954169988632202, 0.10462959855794907
328, 0.4791131111708554, 1.662613034248352, 0.08392024040222168, 0.02507121115922928, 0.10484197735786438
329, 0.357666983387687, 1.579563856124878, 0.09197095036506653, 0.024944301694631577, 0.10363548249006271
330, 0.3422951936721802, 1.581153154373169, 0.08418641239404678, 0.024838561192154884, 0.10375694930553436
331, 0.3846126301722093, 1.4479877948760986, 0.08446787297725677, 0.02493431232869625, 0.10410907864570618
332, 0.371936108307405, 1.5451666116714478, 0.08476250618696213, 0.02506694197654724, 0.10381361842155457
333, 0.36753571168942883, 3.077721357345581, 0.09260904788970947, 0.025645805522799492, 0.10390065610408783
334, 0.413753016428514, 1.4983679056167603, 0.08471892774105072, 0.024775642901659012, 0.10303211212158203
335, 0.3518907357345928, 1.5744580030441284, 0.08594854921102524, 0.024761492386460304, 0.10301541537046432
336, 0.3357256241820075, 1.5581607818603516, 0.08603683114051819, 0.02480979450047016, 0.10271180421113968
337, 0.41567007249051874, 1.4001219272613525, 0.0863388255238533, 0.024592166766524315, 0.10192416608333588
338, 0.30067760429599066, 1.459546685218811, 0.0863427072763443, 0.024712949991226196, 0.10236068069934845
339, 0.3406338157978925, 1.5395681858062744, 0.08627860993146896, 0.02480238862335682, 0.10191970318555832
340, 0.4339107166637074, 1.5402939319610596, 0.08648093789815903, 0.02485031634569168, 0.10199466347694397
341, 0.4333763734860854, 1.4967749118804932, 0.08782996982336044, 0.024767916649580002, 0.1016327515244484
342, 0.33005231835625387, 1.4844690561294556, 0.08670924603939056, 0.024632656946778297, 0.10093283653259277
343, 0.3213241411881013, 1.5267540216445923, 0.08765199035406113, 0.024542221799492836, 0.10072167962789536
344, 0.5340620691126043, 1.7591569423675537, 0.08728856593370438, 0.024703046306967735, 0.10084238648414612
345, 0.391863337430087, 1.7568411827087402, 0.08796770125627518, 0.02445089817047119, 0.10035845637321472
346, 0.4058629184961319, 1.6205031871795654, 0.08718423545360565, 0.024567028507590294, 0.10022977739572525
347, 0.38527419187805867, 1.6447988748550415, 0.08878570050001144, 0.024455571547150612, 0.09996841847896576
348, 0.35729231482202356, 1.6837092638015747, 0.08903157711029053, 0.024380965158343315, 0.09948714822530746
349, 0.3307675361633301, 1.6173456907272339, 0.08803672343492508, 0.024582406505942345, 0.1000213623046875
350, 0.43923273520036177, 1.5970197916030884, 0.08938075602054596, 0.024424593895673752, 0.0993097722530365
351, 0.36714094118638474, 1.6091980934143066, 0.08901526778936386, 0.024423152208328247, 0.09912410378456116
352, 0.3084021197123961, 1.4753398895263672, 0.08976808935403824, 0.024401593953371048, 0.09893190860748291
353, 0.2796948972073468, 1.6122419834136963, 0.08863310515880585, 0.024344904348254204, 0.0989924967288971
354, 0.401705419475382, 1.744409203529358, 0.08892671018838882, 0.02434590645134449, 0.09844829887151718
355, 0.40278033939274877, 1.5376149415969849, 0.08997856080532074, 0.024232301861047745, 0.09816750884056091
356, 0.35954300300641495, 1.7528748512268066, 0.09014638513326645, 0.024282200261950493, 0.09798137843608856
357, 0.3432932127605785, 1.5992491245269775, 0.09060180932283401, 0.024105574935674667, 0.09739924222230911
358, 0.31189977066083385, 1.4990037679672241, 0.0909714624285698, 0.024043967947363853, 0.0975375846028328
359, 0.36657808368856254, 1.6839842796325684, 0.09199856221675873, 0.024019112810492516, 0.09684707224369049
360, 0.4087105100805109, 1.4863568544387817, 0.09046418964862823, 0.024187946692109108, 0.09694449603557587
361, 0.3132807807488875, 1.661230444908142, 0.0987485870718956, 0.024061022326350212, 0.09627225995063782
362, 0.4075935591350902, 1.6398003101348877, 0.09219253063201904, 0.024070924147963524, 0.09661806374788284
363, 0.5046723219481382, 2.04358172416687, 0.09217966347932816, 0.024101389572024345, 0.09657356142997742
364, 0.45688645460388877, 1.5086663961410522, 0.09243343025445938, 0.024107761681079865, 0.09639356285333633
365, 0.35842559933662416, 1.572058916091919, 0.09298396110534668, 0.02413388341665268, 0.09608933329582214
366, 0.31179661804979497, 1.5351238250732422, 0.09337296336889267, 0.024092387408018112, 0.09585975855588913
367, 0.31035870801318777, 1.7886489629745483, 0.10118268430233002, 0.02408614382147789, 0.09560846537351608
368, 0.3312077863649888, 1.6884430646896362, 0.09402497857809067, 0.024115731939673424, 0.09571007639169693
369, 0.38669712001627143, 1.7567555904388428, 0.09360937029123306, 0.024054506793618202, 0.09527583420276642
370, 0.3538629190488295, 1.4474014043807983, 0.09409550577402115, 0.02386222593486309, 0.09482517838478088
371, 0.3096666086803783, 1.5257294178009033, 0.0947054773569107, 0.023899029940366745, 0.0946136936545372
372, 0.31214145123958587, 1.7117323875427246, 0.09467954188585281, 0.023941338062286377, 0.09481952339410782
373, 0.43654092225161467, 1.5025283098220825, 0.09474967420101166, 0.024029802531003952, 0.09478773921728134
374, 0.42318011034618724, 1.6333870887756348, 0.09527245163917542, 0.023753713816404343, 0.09408984333276749
375, 0.3526491723277352, 1.4390398263931274, 0.09658075869083405, 0.023825107142329216, 0.09372687339782715
376, 0.3034138113260269, 1.5439928770065308, 0.10264409333467484, 0.02390347234904766, 0.09355122596025467
377, 0.3632992216131904, 3.163365364074707, 0.09560227394104004, 0.024573294445872307, 0.09500351548194885
378, 0.42159443606029856, 1.5608023405075073, 0.09692918509244919, 0.023696552962064743, 0.0931297317147255
379, 0.3630596941167658, 1.7177073955535889, 0.10331316292285919, 0.023890282958745956, 0.09294544160366058
380, 0.3335731476545334, 1.677876353263855, 0.09691408276557922, 0.02373168244957924, 0.0928843766450882
381, 0.3453320178118619, 1.6014481782913208, 0.09791705757379532, 0.0235577542334795, 0.09238240122795105
382, 0.3823137044906616, 1.6070095300674438, 0.0978582352399826, 0.023628123104572296, 0.09273577481508255
383, 0.4034035777503794, 1.6485581398010254, 0.09844093024730682, 0.02390735223889351, 0.09296140819787979
384, 0.3439508541063829, 1.6748809814453125, 0.10490275174379349, 0.02368280477821827, 0.09193666279315948
385, 0.37387498183683915, 1.6033684015274048, 0.09970119595527649, 0.02369152382016182, 0.09216427057981491
386, 0.33219801539724525, 1.6483672857284546, 0.09815897047519684, 0.02366955392062664, 0.0920889750123024
387, 0.3694405360655351, 1.8053539991378784, 0.10704829543828964, 0.023658793419599533, 0.0913795754313469
388, 0.3063610748811202, 1.6894252300262451, 0.09916487336158752, 0.02360895462334156, 0.09153082966804504
389, 0.3397729694843292, 1.5146268606185913, 0.09951862692832947, 0.023715050891041756, 0.09167300164699554
390, 0.3720393351533196, 1.8032288551330566, 0.10057075321674347, 0.023624826222658157, 0.09111132472753525
391, 0.37909546467390925, 1.4172742366790771, 0.10052336007356644, 0.023785265162587166, 0.0913219302892685
392, 0.29373777535828677, 1.473989725112915, 0.10083092749118805, 0.02354476787149906, 0.09109703451395035
393, 0.3608846905556592, 1.683109164237976, 0.1007450670003891, 0.023533420637249947, 0.09076929837465286
394, 0.3719148402864283, 1.4642235040664673, 0.10151634365320206, 0.023596499115228653, 0.09056318551301956
395, 0.31592167046937075, 1.6252964735031128, 0.10146447271108627, 0.02337789349257946, 0.09035589545965195
396, 0.36815660948103124, 1.6734435558319092, 0.10204728692770004, 0.023581910878419876, 0.09052536636590958
397, 0.4210621029138565, 1.8838043212890625, 0.10940758138895035, 0.0235019251704216, 0.08962986618280411
398, 0.41024970032952046, 1.802219271659851, 0.10414541512727737, 0.023402711376547813, 0.08980287611484528
399, 0.3363351957364516, 1.44866144657135, 0.1014343723654747, 0.023586468771100044, 0.09010541439056396
400, 0.35796410007910295, 1.9398249387741089, 0.1098194569349289, 0.0234441589564085, 0.08940622210502625
401, 0.30694212344559757, 1.61653733253479, 0.1103229969739914, 0.02329315058887005, 0.08879122138023376
402, 0.32773615555329755, 1.9351680278778076, 0.11087612062692642, 0.02366774156689644, 0.08964076638221741
403, 0.38143338452685965, 1.6190152168273926, 0.10451582074165344, 0.023560453206300735, 0.08930715173482895
404, 0.3645296616987749, 1.5761975049972534, 0.10473726689815521, 0.023316433653235435, 0.08880739659070969
405, 0.3849170251326127, 1.633195161819458, 0.10531113296747208, 0.023527031764388084, 0.08903081715106964
406, 0.37860954132947056, 1.7347753047943115, 0.10542116314172745, 0.023372238501906395, 0.08852292597293854
407, 0.32932573611086063, 1.5677075386047363, 0.10613048821687698, 0.023420680314302444, 0.08863694965839386
408, 0.35871062766421924, 1.5576841831207275, 0.11249060183763504, 0.023330004885792732, 0.08818407356739044
409, 0.3046036411415447, 1.5311311483383179, 0.10690789669752121, 0.023350579664111137, 0.08815978467464447
410, 0.32360305406830525, 1.681252360343933, 0.10663767158985138, 0.023261450231075287, 0.08803369104862213
411, 0.3937506155534224, 1.5510305166244507, 0.10727176070213318, 0.02340453304350376, 0.08826969563961029
412, 0.33219180025837636, 1.4486902952194214, 0.10906696319580078, 0.023216310888528824, 0.0876830443739891
413, 0.34817561480132014, 1.6390248537063599, 0.10818516463041306, 0.023378336802124977, 0.08779282122850418
414, 0.3593743801116943, 1.4994487762451172, 0.10885386168956757, 0.02321305125951767, 0.08746468275785446
415, 0.3397351481697776, 1.717311143875122, 0.11720982939004898, 0.023294584825634956, 0.08716081082820892
416, 0.3916865993629802, 1.6530667543411255, 0.10972325503826141, 0.02320960722863674, 0.08719773590564728
417, 0.32633455097675323, 1.4973539113998413, 0.11080426722764969, 0.023105883970856667, 0.08646652847528458
418, 0.3439117014408112, 1.5028986930847168, 0.11040706187486649, 0.023187687620520592, 0.08686450868844986
419, 0.3344795045527545, 1.573380947113037, 0.11169322580099106, 0.023359257727861404, 0.08686622232198715
420, 0.30115914886648004, 1.6022716760635376, 0.11100809276103973, 0.0232982337474823, 0.08677888661623001
421, 0.34926854236559435, 1.6045758724212646, 0.11149536073207855, 0.023280169814825058, 0.086741141974926
422, 0.2873226650736549, 1.5299118757247925, 0.11222444474697113, 0.023290110751986504, 0.08648504316806793
423, 0.3355650676922365, 1.548137903213501, 0.11217328906059265, 0.023188114166259766, 0.08653787523508072
424, 0.442876031182029, 1.7189061641693115, 0.11327347159385681, 0.02320471778512001, 0.08617109805345535
425, 0.34292542067441073, 1.5768911838531494, 0.1122334823012352, 0.023260589689016342, 0.0861080065369606
426, 0.3853229902007363, 1.7791926860809326, 0.11403462290763855, 0.02345912903547287, 0.08641877770423889
427, 0.3495565636591478, 1.7047721147537231, 0.11478039622306824, 0.02312072366476059, 0.08571529388427734
428, 0.34850971644574946, 1.8278182744979858, 0.12260683625936508, 0.023141495883464813, 0.08539166301488876
429, 0.32351955961097373, 1.5418320894241333, 0.11316816508769989, 0.023271949961781502, 0.0857149139046669
430, 0.353680940378796, 1.577447533607483, 0.11520329117774963, 0.02320731058716774, 0.0855511948466301
431, 0.30551340986381875, 1.5811792612075806, 0.12189491838216782, 0.023083794862031937, 0.08503485471010208
432, 0.3577689533883875, 1.5555922985076904, 0.11628138273954391, 0.023296508938074112, 0.08542409539222717
433, 0.33684817471287465, 1.5217357873916626, 0.1168290451169014, 0.02310933545231819, 0.08499468117952347
434, 0.31327067911624906, 1.5756837129592896, 0.11791630834341049, 0.02307707630097866, 0.0845770314335823
435, 0.3564920566298745, 1.6560136079788208, 0.1173594743013382, 0.023261677473783493, 0.085172638297081
436, 0.36852840835397893, 1.5815664529800415, 0.11711695045232773, 0.023053212091326714, 0.08465814590454102
437, 0.3067408342253078, 1.6492801904678345, 0.11811554431915283, 0.02309870533645153, 0.08457149565219879
438, 0.41723898865959863, 1.6487243175506592, 0.11967352777719498, 0.02303529717028141, 0.08406150341033936
439, 0.3316813680258664, 1.5492697954177856, 0.12018705904483795, 0.023131735622882843, 0.08434777706861496
440, 0.32250591868704015, 1.5787771940231323, 0.12036969512701035, 0.023112012073397636, 0.08412833511829376
441, 0.30060959133234894, 3.5416784286499023, 0.11968918889760971, 0.023808378726243973, 0.08516833186149597
442, 0.4225378778847781, 2.074998378753662, 0.12670521438121796, 0.023254720494151115, 0.0843178778886795
443, 0.37413750399242746, 1.751578450202942, 0.12140943109989166, 0.023160332813858986, 0.08403908461332321
444, 0.4046377339146354, 1.745747685432434, 0.12295065075159073, 0.022927362471818924, 0.08351254463195801
445, 0.31913020177321, 1.569786548614502, 0.12103697657585144, 0.023115485906600952, 0.0838334709405899
446, 0.3083349493416873, 1.8589231967926025, 0.12366893887519836, 0.023196889087557793, 0.08375556766986847
447, 0.3197944570671428, 1.7264037132263184, 0.12884387373924255, 0.023015428334474564, 0.08322331309318542
448, 0.28064630925655365, 1.6960644721984863, 0.12957468628883362, 0.02295667491853237, 0.08289738744497299
449, 0.34979499443010853, 3.411442279815674, 0.12346763163805008, 0.023790130391716957, 0.08425556123256683
450, 0.33282381702553143, 1.5531586408615112, 0.12386491894721985, 0.023098282516002655, 0.08345301449298859
451, 0.43486709594726564, 1.8145672082901, 0.12610067427158356, 0.023019639775156975, 0.08306758105754852
452, 0.2850028246641159, 1.5725873708724976, 0.125128835439682, 0.022844038903713226, 0.08262934535741806
453, 0.2960303336381912, 1.5962523221969604, 0.12535278499126434, 0.022919362410902977, 0.0826573297381401
454, 0.2722196408293464, 1.6589255332946777, 0.12582823634147644, 0.022968584671616554, 0.08291149139404297
455, 0.3679888064211065, 1.7619907855987549, 0.12632116675376892, 0.02305345982313156, 0.0829051211476326
456, 0.43707604354078117, 1.607882022857666, 0.12665198743343353, 0.023076782003045082, 0.0826195552945137
457, 0.3115566592324864, 1.5718061923980713, 0.1264408379793167, 0.023086097091436386, 0.08278530091047287
458, 0.2959816501899199, 1.6455146074295044, 0.13394780457019806, 0.023020541295409203, 0.08225923031568527
459, 0.286388097838922, 1.4497650861740112, 0.12904711067676544, 0.023046663030982018, 0.08227645605802536
460, 0.3273890405893326, 1.6378366947174072, 0.13137148320674896, 0.02286241389811039, 0.08169998973608017
461, 0.379514342546463, 1.6360214948654175, 0.1311967968940735, 0.022941507399082184, 0.08213622123003006
462, 0.4157903221520511, 1.4864628314971924, 0.13126586377620697, 0.023022981360554695, 0.08197391033172607
463, 0.27564857439561324, 1.601387619972229, 0.13155370950698853, 0.022908179089426994, 0.08153381198644638
464, 0.34225930842486296, 1.7848480939865112, 0.1388011872768402, 0.022990714758634567, 0.0815989300608635
465, 0.32376381998712367, 1.7359892129898071, 0.13134941458702087, 0.022898495197296143, 0.08157755434513092
466, 0.3291759496385401, 1.6853835582733154, 0.13969668745994568, 0.022867105901241302, 0.08107488602399826
467, 0.30266598869453776, 1.689010739326477, 0.13414938747882843, 0.022951435297727585, 0.08114023506641388
468, 0.35561027283018287, 1.8503479957580566, 0.13557025790214539, 0.022789765149354935, 0.08115258067846298
469, 0.34006337008693, 1.6344834566116333, 0.1341995894908905, 0.022990094497799873, 0.08116530627012253
470, 0.3244376160881736, 1.5977518558502197, 0.13356293737888336, 0.023098675534129143, 0.08164861798286438
471, 0.2955111108042977, 1.7237708568572998, 0.13967809081077576, 0.02286515384912491, 0.08107569068670273
472, 0.4031039842150428, 1.8053603172302246, 0.1364736706018448, 0.022950662299990654, 0.08107561618089676
473, 0.3255690095099536, 1.5969222784042358, 0.1370312124490738, 0.022939592599868774, 0.0811009630560875
474, 0.26685272346843375, 1.7962734699249268, 0.1374366283416748, 0.023025572299957275, 0.08102943748235703
475, 0.3057876486669887, 1.6578108072280884, 0.13689346611499786, 0.02303764596581459, 0.08107714354991913
476, 0.3264813962307843, 1.5864421129226685, 0.13577868044376373, 0.023055797442793846, 0.08136260509490967
477, 0.34796491102738814, 1.6235816478729248, 0.13890589773654938, 0.022957582026720047, 0.08052908629179001
478, 0.3389918248761784, 1.72744619846344, 0.14069150388240814, 0.022747987881302834, 0.07997055351734161
479, 0.3708830427039753, 1.7126957178115845, 0.1421375572681427, 0.0228065624833107, 0.08011233061552048
480, 0.3669768693772229, 2.006432294845581, 0.14123375713825226, 0.02285121940076351, 0.08027231693267822
481, 0.489137295701287, 1.8867496252059937, 0.1411040723323822, 0.022849174216389656, 0.08016280829906464
482, 0.3020716970617121, 1.639356255531311, 0.1427404135465622, 0.022726349532604218, 0.07984035462141037
483, 0.2924043503674594, 1.7203892469406128, 0.14259828627109528, 0.02280103974044323, 0.07990618050098419
484, 0.30453288853168486, 1.6992969512939453, 0.14317914843559265, 0.02297581546008587, 0.07996334135532379
485, 0.3428636209531264, 1.8000767230987549, 0.14219930768013, 0.022895237430930138, 0.08006437867879868
486, 0.40073075890541077, 2.0235815048217773, 0.15297935903072357, 0.02295544557273388, 0.08015704154968262
487, 0.2880507845770229, 1.658990502357483, 0.14312152564525604, 0.022862231358885765, 0.080096036195755
488, 0.24963553737510336, 1.6616172790527344, 0.14536604285240173, 0.02282562665641308, 0.07992679625749588
489, 0.2960045288909565, 3.7709202766418457, 0.14415864646434784, 0.02378193289041519, 0.08148176223039627
490, 0.30502250763502986, 1.709141492843628, 0.14722199738025665, 0.02291000820696354, 0.07936510443687439
491, 0.3177831153978001, 1.5753809213638306, 0.14775864779949188, 0.02297433651983738, 0.07964793592691422
492, 0.37617313374172556, 1.6190351247787476, 0.14962297677993774, 0.022843748331069946, 0.07922617346048355
493, 0.26728497581048444, 1.6583120822906494, 0.14774225652217865, 0.022775696590542793, 0.07960979640483856
494, 0.2604963400147178, 1.5888333320617676, 0.14707960188388824, 0.02284950204193592, 0.07942105084657669
495, 0.3333067883144725, 1.7508021593093872, 0.15048900246620178, 0.022709233686327934, 0.07888181507587433
496, 0.396150864796205, 1.787781000137329, 0.15671801567077637, 0.02276201732456684, 0.07889086753129959
497, 0.3146312429146333, 1.6510313749313354, 0.14961260557174683, 0.022730475291609764, 0.07898374646902084
498, 0.3176536898721348, 1.9454349279403687, 0.15415796637535095, 0.022911159321665764, 0.0792354866862297
499, 0.3693886163559827, 1.7176506519317627, 0.14991213381290436, 0.022858167067170143, 0.07912923395633698
500, 0.3415475257418372, 1.8470925092697144, 0.15523658692836761, 0.022922450676560402, 0.07903620600700378
