Epoch, Train_loss, Val_loss, SSIM, MSE, MAE
1, 1434.4940773703836, 228.24755859375, 0.012464351020753384, 0.15382319688796997, 0.35963329672813416
2, 104.9195545543324, 108.61434936523438, 0.02137911505997181, 0.14819367229938507, 0.360821396112442
3, 56.13142776489258, 80.53961944580078, 0.029651708900928497, 0.1437876671552658, 0.35858553647994995
4, 39.03967354514382, 54.028907775878906, 0.032636336982250214, 0.13858197629451752, 0.3530583679676056
5, 29.188847489790483, 44.2387580871582, 0.035687584429979324, 0.1358008235692978, 0.34969425201416016
6, 24.477200109308416, 39.27470016479492, 0.03661533445119858, 0.1343822032213211, 0.3478691875934601
7, 20.271521897749466, 30.83538818359375, 0.03705471009016037, 0.13419219851493835, 0.34769919514656067
8, 17.64875418923118, 28.798429489135742, 0.03834623843431473, 0.13253383338451385, 0.345921128988266
9, 15.63694770119407, 26.49596405029297, 0.03775985166430473, 0.1314748227596283, 0.344499796628952
10, 14.392677133733576, 24.950937271118164, 0.03897538036108017, 0.12905684113502502, 0.34123536944389343
11, 12.982125334306197, 21.14402198791504, 0.037801239639520645, 0.1284857541322708, 0.3404920697212219
12, 11.945929163152522, 20.548555374145508, 0.03765826299786568, 0.1266433447599411, 0.3380279541015625
13, 11.691303062438966, 20.867612838745117, 0.03782856836915016, 0.12573324143886566, 0.33667680621147156
14, 11.193523493680088, 18.40436363220215, 0.037899695336818695, 0.12606428563594818, 0.33695507049560547
15, 10.270893148942427, 20.29025650024414, 0.039627231657505035, 0.12315526604652405, 0.3329543471336365
16, 9.912351382862438, 19.649503707885742, 0.039981551468372345, 0.12301424145698547, 0.3324759900569916
17, 9.802070704373447, 19.342853546142578, 0.03836432471871376, 0.12187214940786362, 0.331073135137558
18, 9.689640530672941, 18.978437423706055, 0.04130023717880249, 0.120512455701828, 0.3291124403476715
19, 9.24234099821611, 16.92232894897461, 0.03933525085449219, 0.1192459687590599, 0.32730624079704285
20, 9.071572754599831, 16.61659812927246, 0.04043126478791237, 0.119631327688694, 0.32781168818473816
21, 8.434546938809481, 16.747426986694336, 0.039453234523534775, 0.1177210807800293, 0.3250233829021454
22, 8.304469360004772, 16.60198211669922, 0.04238361492753029, 0.11655998975038528, 0.3231443166732788
23, 7.431666894392534, 16.39156150817871, 0.04070451483130455, 0.11500965803861618, 0.3208884000778198
24, 9.542450627413663, 14.812871932983398, 0.041274603456258774, 0.11494129151105881, 0.3208344280719757
25, 8.861924119429155, 16.148916244506836, 0.041750334203243256, 0.11375197768211365, 0.31904128193855286
26, 8.323819151791659, 12.209238052368164, 0.04257102310657501, 0.11206603795289993, 0.31683769822120667
27, 7.199451897361062, 15.321576118469238, 0.043329618871212006, 0.11182941496372223, 0.31619518995285034
28, 7.960750493136319, 12.823697090148926, 0.04447184130549431, 0.11166997253894806, 0.3162994086742401
29, 7.889963462136008, 16.571475982666016, 0.04555823653936386, 0.10993640869855881, 0.313599169254303
30, 7.610036477175626, 19.463197708129883, 0.0448249913752079, 0.11299444735050201, 0.3168882131576538
31, 8.445734067396684, 13.358871459960938, 0.04678361117839813, 0.10872355103492737, 0.31187576055526733
32, 6.9909894596446644, 14.692521095275879, 0.047456253319978714, 0.10773088037967682, 0.3104524314403534
33, 6.991009469465776, 13.377508163452148, 0.0487070307135582, 0.10669836401939392, 0.3088078200817108
34, 7.734971427917481, 16.14564323425293, 0.049710337072610855, 0.10612831264734268, 0.3081326484680176
35, 7.9771411635658955, 14.441391944885254, 0.05098847672343254, 0.10453499853610992, 0.3055737316608429
36, 7.467713260650635, 12.492241859436035, 0.05129161849617958, 0.10446875542402267, 0.3054291307926178
37, 6.498338569294322, 11.60096549987793, 0.05282282084226608, 0.10382668673992157, 0.30446454882621765
38, 6.729198785261675, 11.46976375579834, 0.05445815250277519, 0.10230311006307602, 0.30219587683677673
39, 6.597098116441207, 11.44357967376709, 0.056145478039979935, 0.10109696537256241, 0.30028119683265686
40, 6.314271198619496, 13.57020092010498, 0.056707963347435, 0.10047320276498795, 0.29916077852249146
41, 8.312400427731601, 12.632843017578125, 0.05724525824189186, 0.10031859576702118, 0.29913341999053955
42, 7.552240007573908, 12.197895050048828, 0.05879708752036095, 0.09954142570495605, 0.29799172282218933
43, 7.147832636399703, 17.331632614135742, 0.05835698917508125, 0.10005608946084976, 0.2980775535106659
44, 6.631941067088734, 10.667240142822266, 0.059862732887268066, 0.09809764474630356, 0.29555079340934753
45, 6.114788289503617, 11.598288536071777, 0.06121767684817314, 0.0971686840057373, 0.29421189427375793
46, 6.00160777352073, 10.745027542114258, 0.06551416218280792, 0.09589245915412903, 0.2920688986778259
47, 6.852745281566273, 10.507976531982422, 0.0625838190317154, 0.09581520408391953, 0.29214251041412354
48, 6.306035111167214, 11.681538581848145, 0.06585435569286346, 0.0942244827747345, 0.28939247131347656
49, 6.733126605640758, 10.968450546264648, 0.06760906428098679, 0.09369397163391113, 0.28849366307258606
50, 6.702170406688343, 10.65647029876709, 0.06799501925706863, 0.09321346133947372, 0.28778180480003357
51, 5.793790773911909, 10.226801872253418, 0.0654529258608818, 0.09229589998722076, 0.2862229347229004
52, 6.13046439777721, 10.03271198272705, 0.0685604065656662, 0.09175264835357666, 0.2853507101535797
53, 6.102398404208096, 11.545327186584473, 0.06931592524051666, 0.09088245779275894, 0.2839876115322113
54, 6.925555593317205, 11.976845741271973, 0.06802050024271011, 0.0899057611823082, 0.2822268307209015
55, 6.065542420473966, 9.130753517150879, 0.06798449903726578, 0.08955489099025726, 0.2817699611186981
56, 6.240803770585494, 13.731677055358887, 0.06888335198163986, 0.08848047256469727, 0.2796890139579773
57, 6.275036577744918, 8.520638465881348, 0.0690026506781578, 0.08773955702781677, 0.27842265367507935
58, 5.532552476362748, 9.647614479064941, 0.06918275356292725, 0.08747740834951401, 0.2778968811035156
59, 6.197878776897084, 8.905576705932617, 0.07039261609315872, 0.08700616657733917, 0.27736303210258484
60, 5.366542248292403, 11.206480026245117, 0.07051555812358856, 0.08708321303129196, 0.27646398544311523
61, 5.887982333790172, 10.562742233276367, 0.07203934341669083, 0.0844561904668808, 0.27262017130851746
62, 6.6120403896678575, 9.546987533569336, 0.07090248912572861, 0.0847494825720787, 0.2731780707836151
63, 6.345931547338313, 10.226648330688477, 0.07163247466087341, 0.08403176814317703, 0.2720804214477539
64, 5.9279234192588115, 9.028332710266113, 0.07263337820768356, 0.08283930271863937, 0.2698216140270233
65, 4.945496528798883, 11.008281707763672, 0.07937396317720413, 0.08251796662807465, 0.2694454491138458
66, 6.195388048345392, 10.451468467712402, 0.07331600040197372, 0.08186958730220795, 0.2682555317878723
67, 5.7480536200783465, 11.877985000610352, 0.07373998314142227, 0.08159831911325455, 0.26775121688842773
68, 6.989294910430909, 8.273211479187012, 0.07405271381139755, 0.08092288672924042, 0.2665402889251709
69, 5.542864613099532, 8.402233123779297, 0.07507769018411636, 0.08018973469734192, 0.26515281200408936
70, 5.471072946895252, 11.236507415771484, 0.07491239160299301, 0.07997327297925949, 0.2648274004459381
71, 5.720832191814075, 9.235183715820312, 0.07508139312267303, 0.07930152863264084, 0.26344144344329834
72, 5.991825719313188, 10.864645004272461, 0.08071528375148773, 0.0782032385468483, 0.26137951016426086
73, 5.844053779948841, 8.978825569152832, 0.07632235437631607, 0.0775986835360527, 0.26040446758270264
74, 5.29407225522128, 10.046490669250488, 0.07610604166984558, 0.07749268412590027, 0.26010429859161377
75, 5.088999102332375, 9.742733001708984, 0.07706353813409805, 0.07629874348640442, 0.25776293873786926
76, 6.302070730382746, 7.6161346435546875, 0.07611843943595886, 0.07613598555326462, 0.2574038803577423
77, 5.531821463324807, 8.905714988708496, 0.0779721662402153, 0.07504042237997055, 0.25534406304359436
78, 5.607189572941174, 12.72727108001709, 0.07788552343845367, 0.07487857341766357, 0.25515371561050415
79, 5.5078590393066404, 8.37496566772461, 0.0772477462887764, 0.07481703907251358, 0.25504377484321594
80, 5.330488361011852, 8.945080757141113, 0.07699747383594513, 0.0741528570652008, 0.2538082003593445
81, 5.731641192869707, 8.604448318481445, 0.07776093482971191, 0.07315415889024734, 0.25183987617492676
82, 5.203631587461992, 8.052957534790039, 0.07879757881164551, 0.07262849062681198, 0.25072404742240906
83, 4.7104504758661445, 7.840868949890137, 0.07794572412967682, 0.07278136163949966, 0.2509795129299164
84, 4.81955077864907, 10.175088882446289, 0.07728764414787292, 0.0718354731798172, 0.249095618724823
85, 4.9978777538646355, 6.782035827636719, 0.0792132094502449, 0.07113649696111679, 0.24784405529499054
86, 5.000699845227328, 8.414999008178711, 0.07888710498809814, 0.07111410051584244, 0.24782390892505646
87, 5.185771161859686, 11.92459774017334, 0.07857639342546463, 0.07039233297109604, 0.24633318185806274
88, 6.388817821849476, 8.537127494812012, 0.07897991687059402, 0.06963901221752167, 0.2448945790529251
89, 5.374608681418679, 8.592289924621582, 0.07947196811437607, 0.06946954131126404, 0.24448630213737488
90, 5.12360427162864, 8.134188652038574, 0.07986149936914444, 0.06836536526679993, 0.24229128658771515
91, 5.2180953415957365, 7.8163323402404785, 0.0797378346323967, 0.06789768487215042, 0.24136970937252045
92, 5.830125934427435, 7.679445743560791, 0.08242033421993256, 0.06745357811450958, 0.24044054746627808
93, 4.873892415653575, 8.890521049499512, 0.08059031516313553, 0.06713256984949112, 0.2396787852048874
94, 4.646822192452171, 6.702881336212158, 0.08001487702131271, 0.06655380129814148, 0.23832984268665314
95, 4.452990371530706, 7.642437934875488, 0.08101832121610641, 0.0663408488035202, 0.23809504508972168
96, 5.050813731280241, 9.521358489990234, 0.08396515995264053, 0.06529098004102707, 0.23585230112075806
97, 5.0074765292080965, 8.939149856567383, 0.07974638044834137, 0.06520945578813553, 0.2358461320400238
98, 5.575231864235618, 7.121453762054443, 0.0797673836350441, 0.06466866284608841, 0.23451688885688782
99, 6.661019906130704, 10.120022773742676, 0.08027061074972153, 0.06427522003650665, 0.2337605506181717
100, 5.514440553838557, 6.432553291320801, 0.08437667787075043, 0.06357526034116745, 0.2320815622806549
101, 4.729226220737804, 7.329390048980713, 0.08440272510051727, 0.06333304196596146, 0.23185190558433533
102, 4.731074363535101, 7.625860691070557, 0.0802789106965065, 0.0631004348397255, 0.23127788305282593
103, 4.701291157982566, 7.79800271987915, 0.0811588317155838, 0.0623791441321373, 0.2297026664018631
104, 5.114797704870051, 9.18945026397705, 0.08026052266359329, 0.0624404139816761, 0.229967400431633
105, 5.579164643721147, 9.64139175415039, 0.08080164343118668, 0.061891987919807434, 0.22875039279460907
106, 5.659734301133589, 9.192113876342773, 0.0816463977098465, 0.06130679324269295, 0.22745703160762787
107, 5.468896024877375, 7.710102558135986, 0.0813852995634079, 0.06059994176030159, 0.22586488723754883
108, 5.56400352824818, 8.798615455627441, 0.0842532366514206, 0.06027984991669655, 0.22517628967761993
109, 4.513819174333052, 7.85664176940918, 0.08265001326799393, 0.0597035251557827, 0.22391293942928314
110, 4.536560765179721, 8.403940200805664, 0.0847550481557846, 0.05925828963518143, 0.2229282408952713
111, 4.177863290093162, 8.13617992401123, 0.08036788552999496, 0.06031351536512375, 0.22419272363185883
112, 4.474314993078059, 7.429964065551758, 0.0811525210738182, 0.05894351378083229, 0.22214187681674957
113, 5.286573648452759, 8.604551315307617, 0.0813392624258995, 0.0583886094391346, 0.2209586799144745
114, 4.458633115074852, 7.875495433807373, 0.08230860531330109, 0.05806143581867218, 0.2203872948884964
115, 4.5719620661302045, 6.553918361663818, 0.08142176270484924, 0.05741943046450615, 0.21879400312900543
116, 4.014085405523127, 8.21360969543457, 0.08207296580076218, 0.05733704939484596, 0.21859370172023773
117, 4.594030436602506, 6.815460205078125, 0.08220651000738144, 0.05693905055522919, 0.21747872233390808
118, 5.385958606546575, 15.98692512512207, 0.08283700793981552, 0.05618925392627716, 0.21601460874080658
119, 5.892037552053278, 6.449244022369385, 0.081099733710289, 0.05710325762629509, 0.21708552539348602
120, 3.818053843758323, 6.9962849617004395, 0.08645865321159363, 0.05550752207636833, 0.2145151048898697
121, 4.926286086169156, 8.085532188415527, 0.08257250487804413, 0.055196769535541534, 0.21352337300777435
122, 4.29805683222684, 7.17558479309082, 0.08346305787563324, 0.05494650453329086, 0.21313737332820892
123, 4.959152923930775, 6.957427024841309, 0.08281184732913971, 0.05409920588135719, 0.2110898345708847
124, 4.604269201105291, 6.152587890625, 0.08325151354074478, 0.053959187120199203, 0.21081289649009705
125, 5.0696389631791545, 7.979159355163574, 0.0834975466132164, 0.053557343780994415, 0.210006982088089
126, 5.090511989593506, 11.680232048034668, 0.08418320119380951, 0.053094085305929184, 0.20881551504135132
127, 5.72705098065463, 8.258935928344727, 0.08348626643419266, 0.053037866950035095, 0.20888777077198029
128, 4.589589444073764, 8.906208038330078, 0.0828910619020462, 0.05255817249417305, 0.20749948918819427
129, 4.461712993275036, 6.946961402893066, 0.08313382416963577, 0.05190645158290863, 0.20607003569602966
130, 5.287545915083451, 8.289249420166016, 0.08318819105625153, 0.052175719290971756, 0.2066175639629364
131, 4.583304058421742, 7.645630836486816, 0.0865367129445076, 0.05139579996466637, 0.20465025305747986
132, 5.229295912655917, 6.804370403289795, 0.08262672275304794, 0.05127119645476341, 0.2044176161289215
133, 4.219328273426402, 6.576558589935303, 0.08434894680976868, 0.050609927624464035, 0.20286302268505096
134, 3.940263306010853, 5.967547416687012, 0.08483409881591797, 0.050437282770872116, 0.20240221917629242
135, 4.691627844897184, 6.440135478973389, 0.0839063748717308, 0.05019844323396683, 0.2018214762210846
136, 4.708315246755427, 6.501060485839844, 0.08479464799165726, 0.04961872100830078, 0.2004667967557907
137, 4.843711207129738, 7.958250522613525, 0.0851043313741684, 0.04926018416881561, 0.19943611323833466
138, 4.498216277902777, 6.792986869812012, 0.08499190211296082, 0.049006544053554535, 0.1988728642463684
139, 5.743124697425149, 6.936936855316162, 0.08477365225553513, 0.048732154071331024, 0.1982077956199646
140, 4.313665238293734, 7.671238422393799, 0.08554508537054062, 0.04811175540089607, 0.19639092683792114
141, 4.842383523420854, 7.553857326507568, 0.08418629318475723, 0.048454537987709045, 0.19723334908485413
142, 4.128854244405573, 5.756418228149414, 0.0843762457370758, 0.047918979078531265, 0.1960124969482422
143, 5.8143166238611395, 8.224671363830566, 0.08589070290327072, 0.047565121203660965, 0.19536320865154266
144, 4.236968287554654, 6.015527248382568, 0.08577237278223038, 0.04711146280169487, 0.19405771791934967
145, 4.297193639928644, 5.650231838226318, 0.08538421243429184, 0.04683871194720268, 0.19330552220344543
146, 4.289605899290605, 6.270560264587402, 0.08535446971654892, 0.046881839632987976, 0.19345156848430634
147, 4.4910266616127705, 7.664729118347168, 0.08950914442539215, 0.04586470127105713, 0.19080133736133575
148, 4.40206788669933, 6.124186992645264, 0.08580982685089111, 0.04605013132095337, 0.19120420515537262
149, 4.982982401414351, 7.550728797912598, 0.08576469868421555, 0.04611021652817726, 0.19130487740039825
150, 5.060800903493708, 6.711551189422607, 0.08567702025175095, 0.045356616377830505, 0.18939678370952606
151, 3.852545872601596, 6.748018264770508, 0.08714977651834488, 0.04506688937544823, 0.18865810334682465
152, 4.36824892650951, 6.912671089172363, 0.08612246811389923, 0.04496917501091957, 0.18841427564620972
153, 5.145766314593229, 7.903571128845215, 0.08654686063528061, 0.044536788016557693, 0.18718865513801575
154, 4.333981748060746, 5.816585063934326, 0.08596904575824738, 0.04452501982450485, 0.18717823922634125
155, 4.338728003068404, 7.916505336761475, 0.08608899265527725, 0.04433901607990265, 0.18653804063796997
156, 4.67229863947088, 5.40508508682251, 0.0858658030629158, 0.04379129409790039, 0.18514305353164673
157, 4.855678571354259, 6.049164772033691, 0.08539102971553802, 0.04371887072920799, 0.18493786454200745
158, 4.491033749146895, 6.25884485244751, 0.08733480423688889, 0.043238069862127304, 0.18358653783798218
159, 5.208423003283414, 7.297678470611572, 0.08672821521759033, 0.042961880564689636, 0.18306444585323334
160, 4.044710324027322, 7.768890857696533, 0.09141775965690613, 0.04249442741274834, 0.18138901889324188
161, 4.581290379437533, 6.789818286895752, 0.08615419268608093, 0.042551439255476, 0.18164409697055817
162, 4.089859251542525, 5.9851975440979, 0.0872466191649437, 0.042081546038389206, 0.18056349456310272
163, 4.551566180315885, 6.3790059089660645, 0.08706782013177872, 0.04215911775827408, 0.1805066168308258
164, 4.166298242048784, 5.607231140136719, 0.08776400238275528, 0.041650839149951935, 0.17928044497966766
165, 4.532860747250644, 5.826895713806152, 0.08748365938663483, 0.04149077832698822, 0.17889197170734406
166, 4.45447943427346, 6.851036071777344, 0.09033968299627304, 0.041088808327913284, 0.17761212587356567
167, 4.1141233140772036, 7.562649250030518, 0.0868188664317131, 0.041061390191316605, 0.1773715615272522
168, 4.736235857009888, 6.343729496002197, 0.08884013444185257, 0.04059719666838646, 0.17640601098537445
169, 4.659539690884677, 7.807869911193848, 0.08737684786319733, 0.04034649580717087, 0.17525045573711395
170, 4.04049109545621, 6.50609016418457, 0.08821315318346024, 0.040315866470336914, 0.17544926702976227
171, 4.203710863806984, 5.048525810241699, 0.08795908093452454, 0.039990268647670746, 0.17427915334701538
172, 4.001926890286533, 5.190612316131592, 0.08716869354248047, 0.03960064426064491, 0.17323164641857147
173, 4.238450921665539, 6.241372585296631, 0.08881627768278122, 0.039456807076931, 0.17285893857479095
174, 4.500070372494784, 8.010300636291504, 0.08859126269817352, 0.03929020091891289, 0.1722266972064972
175, 4.073870091004805, 6.9175286293029785, 0.08653588593006134, 0.04019366204738617, 0.17342352867126465
176, 3.990380772677335, 5.579580783843994, 0.09326741099357605, 0.038895949721336365, 0.17100559175014496
177, 4.456230206923052, 7.200064182281494, 0.09325601905584335, 0.03846397623419762, 0.16984575986862183
178, 4.304167751832442, 6.143486499786377, 0.0891595408320427, 0.03823089227080345, 0.1691112071275711
179, 4.970607653531161, 9.597089767456055, 0.0955679640173912, 0.038059480488300323, 0.16858896613121033
180, 4.326415811885487, 8.675423622131348, 0.08985013514757156, 0.03785000368952751, 0.168196439743042
181, 5.05942948514765, 7.0371856689453125, 0.09419151395559311, 0.03767188638448715, 0.1674559861421585
182, 4.144484814730558, 7.522470474243164, 0.08897998929023743, 0.037652552127838135, 0.16720406711101532
183, 4.090485113317317, 8.641971588134766, 0.09009621292352676, 0.03731365501880646, 0.1664232760667801
184, 4.8342976570129395, 7.106375217437744, 0.09003368020057678, 0.03707088157534599, 0.16557550430297852
185, 4.433062731135975, 5.394540309906006, 0.0897609144449234, 0.03701303154230118, 0.16541776061058044
186, 4.156501956419511, 7.038668155670166, 0.08958519250154495, 0.0366174653172493, 0.16424869000911713
187, 3.711046912453391, 6.078249931335449, 0.08956625312566757, 0.036548685282468796, 0.16392911970615387
188, 3.8332750407132234, 6.000585556030273, 0.09004166722297668, 0.03644498437643051, 0.16348131000995636
189, 4.418525305661288, 5.861011028289795, 0.0897493064403534, 0.0363423116505146, 0.16315732896327972
190, 4.122504004565152, 7.100247383117676, 0.08942601084709167, 0.03618130460381508, 0.16249364614486694
191, 4.084996162761342, 8.108857154846191, 0.0912095457315445, 0.035788264125585556, 0.16145245730876923
192, 4.544926058162343, 4.859086990356445, 0.09193743765354156, 0.03553894907236099, 0.1605846881866455
193, 3.91068320274353, 6.581746578216553, 0.09148445725440979, 0.0350918173789978, 0.15930581092834473
194, 5.048445788296786, 8.812891960144043, 0.08997496217489243, 0.03520042076706886, 0.1593133956193924
195, 4.63615380633961, 6.5155463218688965, 0.09543366730213165, 0.03482431173324585, 0.15841341018676758
196, 4.205733867125078, 4.9952545166015625, 0.0920952707529068, 0.03478797525167465, 0.1583009660243988
197, 4.2096352663907135, 7.071349143981934, 0.09116587042808533, 0.03466162458062172, 0.15784406661987305
198, 3.744515050541271, 5.289295673370361, 0.09132850915193558, 0.03454123064875603, 0.1574050337076187
199, 3.8249566598372025, 5.558929920196533, 0.0916091725230217, 0.034319087862968445, 0.15657304227352142
200, 4.1445189302617855, 5.3416666984558105, 0.09189240634441376, 0.03409608453512192, 0.15597060322761536
201, 3.965053684061224, 5.577051162719727, 0.09136147052049637, 0.03396035358309746, 0.15541590750217438
202, 3.933660875667225, 6.272919178009033, 0.09247078746557236, 0.03368761017918587, 0.15460816025733948
203, 4.14591399973089, 6.3166351318359375, 0.093194380402565, 0.03357492387294769, 0.15415681898593903
204, 4.82548508644104, 6.354264259338379, 0.09150006622076035, 0.033321503549814224, 0.15328530967235565
205, 4.221000771089034, 6.156299114227295, 0.09277135878801346, 0.0332864411175251, 0.1530516892671585
206, 4.024263394962658, 6.251203536987305, 0.09357672184705734, 0.03288181498646736, 0.15194055438041687
207, 4.6739560257304795, 6.546778678894043, 0.09237782657146454, 0.03283968195319176, 0.15168258547782898
208, 4.354968057979237, 5.703768253326416, 0.09265224635601044, 0.0327276848256588, 0.15134045481681824
209, 4.286035229943016, 7.8014092445373535, 0.09213835746049881, 0.03285064548254013, 0.1512705385684967
210, 4.353052988919345, 6.1960954666137695, 0.09197551757097244, 0.03253638744354248, 0.1503707319498062
211, 3.9523062619295986, 7.801331043243408, 0.09381312876939774, 0.032274313271045685, 0.1494046151638031
212, 4.593761790882457, 7.260029315948486, 0.09335944801568985, 0.03215133398771286, 0.14902271330356598
213, 4.101928719607266, 5.571020126342773, 0.09224968403577805, 0.03217758238315582, 0.14886225759983063
214, 3.2867665204134853, 4.602041244506836, 0.09270654618740082, 0.03185011446475983, 0.1479620635509491
215, 4.181398118625988, 7.932100296020508, 0.10437668859958649, 0.0315806046128273, 0.14692433178424835
216, 4.631709788062356, 4.9727349281311035, 0.09501834958791733, 0.031585942953825, 0.146917924284935
217, 4.6674426512284715, 6.130072116851807, 0.09417453408241272, 0.03150024265050888, 0.14664584398269653
218, 3.5283392039212313, 4.621004104614258, 0.09409935772418976, 0.031249696388840675, 0.14562775194644928
219, 3.9929521387273614, 6.8909101486206055, 0.09372662752866745, 0.031059883534908295, 0.14508366584777832
220, 4.0318449627269395, 5.619558334350586, 0.09931670874357224, 0.030911574140191078, 0.14432115852832794
221, 4.1108420805497605, 5.771970272064209, 0.09959124028682709, 0.0310466680675745, 0.14457814395427704
222, 3.9417446179823443, 5.776110649108887, 0.09500327706336975, 0.03056340664625168, 0.1432078331708908
223, 4.235169471393932, 5.967339515686035, 0.09517614543437958, 0.030597805976867676, 0.14328321814537048
224, 4.320490975813432, 5.444427967071533, 0.09430338442325592, 0.030461514368653297, 0.14285077154636383
225, 4.054081504995173, 5.515115261077881, 0.09439461678266525, 0.030511418357491493, 0.1424551159143448
226, 4.105584235624834, 4.501870632171631, 0.0948786586523056, 0.030251717194914818, 0.14188584685325623
227, 3.655283784866333, 6.728201389312744, 0.09419969469308853, 0.030153129249811172, 0.14125372469425201
228, 4.773477042805065, 5.556198596954346, 0.09482482075691223, 0.02991381473839283, 0.14063066244125366
229, 4.223327541351319, 6.562082290649414, 0.09603551030158997, 0.029836155474185944, 0.14024749398231506
230, 4.43091065233404, 5.991453647613525, 0.09468206763267517, 0.030012033879756927, 0.14027436077594757
231, 3.4593828157945112, 7.4642109870910645, 0.09632382541894913, 0.029521720483899117, 0.1390080749988556
232, 3.800730141726407, 4.876078128814697, 0.09526919573545456, 0.029332516714930534, 0.13842527568340302
233, 3.810866876081987, 7.390938758850098, 0.09642782062292099, 0.029360895976424217, 0.1381785124540329
234, 4.54789891242981, 6.625290870666504, 0.0966203361749649, 0.02913597971200943, 0.1376221477985382
235, 4.03674634586681, 5.488349914550781, 0.10012403875589371, 0.029218904674053192, 0.1373453289270401
236, 3.7743833498521284, 5.352403163909912, 0.09640497714281082, 0.02884325012564659, 0.13644830882549286
237, 4.170723832737316, 5.241322994232178, 0.09652607142925262, 0.029005765914916992, 0.1365370750427246
238, 3.8692153453826905, 7.48508882522583, 0.0965171754360199, 0.02886183187365532, 0.13604013621807098
239, 4.044524691321633, 6.060471534729004, 0.09651350975036621, 0.028754280880093575, 0.1352524310350418
240, 4.10691445090554, 5.683667182922363, 0.09786633402109146, 0.02850358933210373, 0.13475723564624786
241, 3.3356910055333917, 4.472591876983643, 0.10301754623651505, 0.02838600054383278, 0.13406115770339966
242, 4.1336339430375535, 6.566317081451416, 0.10356779396533966, 0.0282124150544405, 0.13332366943359375
243, 4.263530527461659, 5.2331461906433105, 0.10122042149305344, 0.02825682982802391, 0.13324467837810516
244, 3.214950715411793, 5.042623519897461, 0.09910425543785095, 0.028025640174746513, 0.13270168006420135
245, 4.507938159595836, 8.843689918518066, 0.09580720216035843, 0.02899574115872383, 0.1342144012451172
246, 4.274524090506814, 4.82706880569458, 0.09798528999090195, 0.02774171344935894, 0.1317262053489685
247, 4.117641891132702, 6.936776638031006, 0.0984412282705307, 0.027913765981793404, 0.13182613253593445
248, 4.788941764831543, 5.4464826583862305, 0.09911098331212997, 0.027713652700185776, 0.13131843507289886
249, 3.55684194131331, 6.022160053253174, 0.09832905977964401, 0.027542008087038994, 0.13041174411773682
250, 3.7685664783824575, 5.43605375289917, 0.09825532138347626, 0.02742164209485054, 0.13006089627742767
251, 3.309402574192394, 5.109992027282715, 0.09869366139173508, 0.02743806503713131, 0.12980052828788757
252, 3.5355933969671076, 4.826696872711182, 0.09897386282682419, 0.027231352403759956, 0.12916962802410126
253, 3.6790329803120008, 5.28718900680542, 0.09808021038770676, 0.027345886453986168, 0.1291165053844452
254, 3.7459799723191693, 6.079791069030762, 0.09912655502557755, 0.027029240503907204, 0.12824298441410065
255, 3.7948492180217395, 5.53556489944458, 0.0983118936419487, 0.027001745998859406, 0.12803976237773895
256, 5.1384632760828195, 8.290002822875977, 0.09985867142677307, 0.026899654418230057, 0.12751582264900208
257, 4.933945803208784, 5.181105136871338, 0.09848951548337936, 0.02713710255920887, 0.1281174272298813
258, 3.5655189297415992, 5.388285160064697, 0.09998772293329239, 0.026837866753339767, 0.12677153944969177
259, 3.602449889616533, 5.539590835571289, 0.09997265040874481, 0.026634301990270615, 0.12641233205795288
260, 3.5148833058097146, 5.580747604370117, 0.10059953480958939, 0.02648872695863247, 0.12588058412075043
261, 3.6900088050148705, 6.445718765258789, 0.0994134396314621, 0.0265804473310709, 0.1256711483001709
262, 4.196721800890836, 5.523664474487305, 0.10155265778303146, 0.026300979778170586, 0.12490174174308777
263, 4.094259344447742, 5.442028999328613, 0.1005474179983139, 0.026361286640167236, 0.12483202666044235
264, 4.393712091445923, 5.481100559234619, 0.09970984607934952, 0.026342321187257767, 0.12457163631916046
265, 4.003541924736717, 5.997706890106201, 0.101511649787426, 0.026143431663513184, 0.12384817004203796
266, 3.893372661417181, 5.951330661773682, 0.10101237148046494, 0.02607845701277256, 0.12352427840232849
267, 3.6163717096502133, 7.039840221405029, 0.10025646537542343, 0.02616061642765999, 0.12337154895067215
268, 3.6533329530195755, 4.6977386474609375, 0.10142910480499268, 0.025898059830069542, 0.12257146090269089
269, 4.187603269923817, 5.257084846496582, 0.10615105926990509, 0.025811562314629555, 0.12209667265415192
270, 3.2628414284099234, 5.771503925323486, 0.10138701647520065, 0.02578040398657322, 0.1217326819896698
271, 3.527873637459495, 9.502796173095703, 0.10176526010036469, 0.025886695832014084, 0.12192127853631973
272, 3.955831224268133, 6.037410259246826, 0.10227025300264359, 0.025520022958517075, 0.12092273682355881
273, 3.635673917423595, 7.395593166351318, 0.10264776647090912, 0.025502238422632217, 0.12051653861999512
274, 4.131899127093228, 5.432104587554932, 0.10218676924705505, 0.02542477659881115, 0.1204627975821495
275, 3.8117460510947487, 7.873305320739746, 0.10950979590415955, 0.02543402835726738, 0.11949776858091354
276, 4.345148676091974, 6.344147682189941, 0.10296916961669922, 0.025264721363782883, 0.11954515427350998
277, 3.7011053388768977, 5.0672149658203125, 0.10298512876033783, 0.025246916338801384, 0.11927319318056107
278, 3.830973265387795, 7.230721950531006, 0.11942509561777115, 0.025038816034793854, 0.11743247509002686
279, 3.7495784239335492, 7.993058681488037, 0.10146783292293549, 0.02599373646080494, 0.11991199851036072
280, 4.519954139536077, 5.707363605499268, 0.10282936692237854, 0.025068769231438637, 0.11800733953714371
281, 4.483830529993231, 5.470650672912598, 0.1033155620098114, 0.024945951998233795, 0.11752386391162872
282, 3.4348465182564474, 6.315145015716553, 0.10286610573530197, 0.02497033029794693, 0.1175275593996048
283, 3.386480370434848, 5.602036476135254, 0.10398920625448227, 0.024819793179631233, 0.1168811023235321
284, 4.227501877871426, 5.921101093292236, 0.11178262531757355, 0.024690141901373863, 0.11590921133756638
285, 3.1825967355207965, 4.518821716308594, 0.10434287041425705, 0.02460384927690029, 0.11595241725444794
286, 4.032856538079002, 6.291421413421631, 0.11072099953889847, 0.024635713547468185, 0.11533497273921967
287, 3.9716494993730023, 4.688014507293701, 0.10451581329107285, 0.024612797424197197, 0.11546012759208679
288, 3.3585180846127596, 3.8220489025115967, 0.10462889820337296, 0.02442988008260727, 0.11499682813882828
289, 3.4390862248160623, 5.7186150550842285, 0.10523772984743118, 0.024513034150004387, 0.11477110534906387
290, 3.533308644728227, 5.095343112945557, 0.10652470588684082, 0.02431264892220497, 0.11419153958559036
291, 3.8504218101501464, 6.95297908782959, 0.10528108477592468, 0.024281097576022148, 0.11378607898950577
292, 4.190514802932739, 7.736413955688477, 0.10683204978704453, 0.02422225847840309, 0.11346691101789474
293, 3.603015771779147, 5.2586846351623535, 0.10543566197156906, 0.024156566709280014, 0.11324486136436462
294, 3.659676612507213, 4.924074172973633, 0.10615570843219757, 0.0241832435131073, 0.11307958513498306
295, 4.093537764115767, 5.406712055206299, 0.10551460832357407, 0.024093741551041603, 0.11291451752185822
296, 3.8584984215823086, 5.4253435134887695, 0.10579986870288849, 0.023956306278705597, 0.1120898649096489
297, 4.293916602568193, 5.881986618041992, 0.10706552863121033, 0.023976463824510574, 0.11206115037202835
298, 3.951805656606501, 5.508697986602783, 0.10604610294103622, 0.02471076138317585, 0.11301723122596741
299, 2.8866917263377796, 5.016752243041992, 0.10613571107387543, 0.02459103614091873, 0.11244643479585648
300, 3.1480752381411468, 5.941688537597656, 0.10611534863710403, 0.023838341236114502, 0.11096600443124771
301, 4.078575008565729, 5.568840503692627, 0.10747464001178741, 0.023864807561039925, 0.1107640266418457
302, 4.584352371909402, 5.023606300354004, 0.10689201205968857, 0.02373374067246914, 0.11024632304906845
303, 3.5865239013325083, 4.825174808502197, 0.10870929807424545, 0.023726481944322586, 0.1100224107503891
304, 3.192854319919239, 5.074299335479736, 0.10782947391271591, 0.023801270872354507, 0.1099926009774208
305, 3.6874179363250734, 7.257528781890869, 0.1077130064368248, 0.02350337989628315, 0.10928142070770264
306, 4.32073336948048, 7.236604690551758, 0.10739337652921677, 0.023708350956439972, 0.10954727232456207
307, 3.424294458736073, 6.755369663238525, 0.10849020630121231, 0.023453686386346817, 0.10864200443029404
308, 3.806725818460638, 5.267639636993408, 0.10789915919303894, 0.023472411558032036, 0.10862133651971817
309, 3.4621459527449177, 6.846457481384277, 0.10896210372447968, 0.02329973131418228, 0.10788702219724655
310, 3.726121681386774, 7.004197120666504, 0.12215642631053925, 0.023277919739484787, 0.10717623680830002
311, 4.111237014423717, 5.411229610443115, 0.11624482274055481, 0.023272164165973663, 0.10723554342985153
312, 3.06497447273948, 5.57926607131958, 0.10844527184963226, 0.023530710488557816, 0.10757572203874588
313, 3.601782694729892, 7.542695045471191, 0.10778867453336716, 0.02403159625828266, 0.10830619186162949
314, 3.780083773352883, 5.467287063598633, 0.10979107022285461, 0.023231375962495804, 0.10671519488096237
315, 3.742149318348278, 4.57246732711792, 0.10985241830348969, 0.023132340982556343, 0.10632006078958511
316, 4.089310784773393, 5.134696006774902, 0.11045929044485092, 0.023046227172017097, 0.106057308614254
317, 3.664272030917081, 5.633614540100098, 0.11045470088720322, 0.022918790578842163, 0.10553424805402756
318, 3.460954661802812, 5.458672046661377, 0.11050798743963242, 0.02286341041326523, 0.10493702441453934
319, 3.7956404729322952, 7.530763626098633, 0.11097036302089691, 0.02299519069492817, 0.10509676486253738
320, 3.804298500581221, 5.784094333648682, 0.11021842807531357, 0.02290661819279194, 0.10495678335428238
321, 3.6754513480446556, 5.322856426239014, 0.11094341427087784, 0.022985611110925674, 0.10473223775625229
322, 4.135941700501875, 6.846107006072998, 0.11048434674739838, 0.02290414832532406, 0.10448810458183289
323, 3.7421612912958317, 5.0342864990234375, 0.1189127191901207, 0.022701125591993332, 0.10337063670158386
324, 3.2509267763658003, 4.502019882202148, 0.11127845197916031, 0.022617068141698837, 0.1036219373345375
325, 3.918840031190352, 5.646859169006348, 0.11012986302375793, 0.022842640057206154, 0.10382421314716339
326, 4.385635965520685, 6.247143268585205, 0.11084247380495071, 0.022679505869746208, 0.10317050665616989
327, 3.3080979347229005, 5.386118412017822, 0.11172516644001007, 0.022718487307429314, 0.10322703421115875
328, 3.4649163072759457, 7.197412967681885, 0.11234258860349655, 0.02258797362446785, 0.10264105349779129
329, 3.5380640506744383, 6.422404766082764, 0.11236543208360672, 0.022512922063469887, 0.1023525521159172
330, 3.993050146102905, 7.248265743255615, 0.11280418932437897, 0.022573435679078102, 0.10228343307971954
331, 3.63531137379733, 7.7447943687438965, 0.12145735323429108, 0.022452691569924355, 0.10094045847654343
332, 3.600119517066262, 6.037988662719727, 0.1133120208978653, 0.022509125992655754, 0.10147737711668015
333, 3.6035690524361352, 5.502272605895996, 0.11304624378681183, 0.022452950477600098, 0.10115602612495422
334, 3.288249882784757, 5.446966648101807, 0.11293690651655197, 0.022636232897639275, 0.10170523077249527
335, 4.04012560410933, 4.241581439971924, 0.11287631839513779, 0.022434452548623085, 0.10078360140323639
336, 3.324405401403254, 5.090921878814697, 0.11315194517374039, 0.022385645657777786, 0.1007276326417923
337, 3.5703623945062812, 5.542931079864502, 0.11356444656848907, 0.02249857410788536, 0.10094593465328217
338, 3.502862401442094, 4.622861862182617, 0.11436469107866287, 0.02218342013657093, 0.09965535253286362
339, 3.9684818007729272, 4.956837177276611, 0.11458990722894669, 0.0222706887871027, 0.09988522529602051
340, 3.650074438615279, 6.450711250305176, 0.11362474411725998, 0.022322721779346466, 0.09988263994455338
341, 3.2384708361192183, 6.0001678466796875, 0.11539709568023682, 0.02209683321416378, 0.09898471087217331
342, 4.0007194172252305, 5.040187358856201, 0.11406734585762024, 0.02221444435417652, 0.0990697517991066
343, 3.32234038439664, 5.538623332977295, 0.1233203336596489, 0.022023282945156097, 0.09790066629648209
344, 3.544685073332353, 5.815797328948975, 0.12378139048814774, 0.021995805203914642, 0.0977654978632927
345, 3.192063301259821, 4.934556484222412, 0.11615880578756332, 0.02188924327492714, 0.09765496850013733
346, 3.6122412594881923, 5.482696533203125, 0.11514469981193542, 0.022124510258436203, 0.09832651168107986
347, 3.0329786864194004, 4.780581474304199, 0.11629974097013474, 0.021960431709885597, 0.09749647974967957
348, 3.523838099566373, 4.528414726257324, 0.11697660386562347, 0.021835656836628914, 0.09730987995862961
349, 3.768902826309204, 5.134611129760742, 0.11645180732011795, 0.021970516070723534, 0.0974431037902832
350, 3.642838139967485, 4.821126461029053, 0.11651062965393066, 0.02196457050740719, 0.09701697528362274
351, 3.4353185046802865, 4.302735328674316, 0.11771401762962341, 0.02185612916946411, 0.09649986773729324
352, 3.74152756170793, 7.294314861297607, 0.11680075526237488, 0.021947119385004044, 0.09682048857212067
353, 4.0747217720205136, 4.103691577911377, 0.11768053472042084, 0.021781617775559425, 0.09629705548286438
354, 3.2180234692313454, 5.853461265563965, 0.11817009001970291, 0.021773267537355423, 0.09611020237207413
355, 4.1840949925509365, 8.575692176818848, 0.11688563227653503, 0.022450167685747147, 0.09699273109436035
356, 3.1791694987903942, 4.076164722442627, 0.11854061484336853, 0.021823566406965256, 0.09569724649190903
357, 3.6000912579623137, 5.467589855194092, 0.11718034744262695, 0.021940233185887337, 0.09589510411024094
358, 4.4070339462973855, 4.807580947875977, 0.12725350260734558, 0.02160201221704483, 0.09467139840126038
359, 2.9156746951016514, 4.688323497772217, 0.11879061162471771, 0.021695276722311974, 0.09509409219026566
360, 3.0715327869762072, 4.93640661239624, 0.11939308047294617, 0.02168324962258339, 0.09497490525245667
361, 3.1556216500022196, 5.580358028411865, 0.12802763283252716, 0.0215159859508276, 0.09405725449323654
362, 3.043672730705955, 5.106719017028809, 0.11961676925420761, 0.02175735868513584, 0.09466028958559036
363, 3.4190185113386673, 4.480946063995361, 0.11929789930582047, 0.02164841629564762, 0.09428954869508743
364, 3.6889597676017067, 8.942034721374512, 0.12002518028020859, 0.0214773491024971, 0.09388629347085953
365, 4.316477723555131, 4.462048053741455, 0.12140130251646042, 0.021418333053588867, 0.0933275893330574
366, 3.7016997424038975, 5.5468668937683105, 0.12112361937761307, 0.021615970879793167, 0.09366929531097412
367, 3.3160576820373535, 4.936844825744629, 0.12159521132707596, 0.02144980989396572, 0.09320349246263504
368, 3.017690385471691, 4.097062110900879, 0.12167458236217499, 0.021412808448076248, 0.09279084205627441
369, 2.9929014054211702, 4.055254936218262, 0.12247087061405182, 0.021380674093961716, 0.0923733338713646
370, 3.863210261951793, 4.698410511016846, 0.12156166881322861, 0.021449413150548935, 0.09249851852655411
371, 4.22019176049666, 5.326617240905762, 0.12202131003141403, 0.021461285650730133, 0.09223746508359909
372, 3.005946889790622, 4.005697250366211, 0.12344454973936081, 0.02124636061489582, 0.0917203426361084
373, 3.3016438180750067, 5.5961995124816895, 0.13072046637535095, 0.02127578854560852, 0.09135748445987701
374, 3.498442181673917, 5.532993793487549, 0.13106457889080048, 0.02131449244916439, 0.09158248454332352
375, 3.5138596881519666, 4.655634880065918, 0.12287423759698868, 0.021447349339723587, 0.09187031537294388
376, 3.9126701094887473, 5.689064979553223, 0.12386209517717361, 0.0212299395352602, 0.09119855612516403
377, 3.2965337406505237, 5.297089099884033, 0.12409712374210358, 0.02132786065340042, 0.09129473567008972
378, 3.463032124259255, 5.651383876800537, 0.12467657774686813, 0.021212873980402946, 0.09095542132854462
379, 2.9598471598191693, 5.205079078674316, 0.1245412826538086, 0.021242372691631317, 0.09061429649591446
380, 3.330531631816517, 4.788367748260498, 0.12561002373695374, 0.02116982266306877, 0.09037956595420837
381, 3.8285215161063455, 6.330260753631592, 0.12428639829158783, 0.021294180303812027, 0.09051699936389923
382, 3.5237430529160934, 4.8869805335998535, 0.12576578557491302, 0.02104220911860466, 0.09003118425607681
383, 4.110884657773105, 6.8234381675720215, 0.12588420510292053, 0.02120167575776577, 0.08990136533975601
384, 3.2955733277580954, 4.670632362365723, 0.1261998862028122, 0.0211313646286726, 0.08951837569475174
385, 2.7285054315220227, 3.9619195461273193, 0.12618955969810486, 0.021219026297330856, 0.08978592604398727
386, 3.41635740887035, 6.289895534515381, 0.12775053083896637, 0.021049531176686287, 0.08929929882287979
387, 3.115171042355624, 4.560372829437256, 0.14120562374591827, 0.02112666890025139, 0.08875372260808945
388, 3.9594816424629906, 8.151472091674805, 0.1252337098121643, 0.021873336285352707, 0.09047190845012665
389, 3.469826910712502, 4.42268705368042, 0.12741431593894958, 0.02104995772242546, 0.0889456495642662
390, 3.1496487444097347, 7.078549861907959, 0.13562890887260437, 0.021150313317775726, 0.08856086432933807
391, 3.70465237010609, 4.927892208099365, 0.1272486448287964, 0.020992806181311607, 0.08828834444284439
392, 3.265276889367537, 5.00779914855957, 0.12697666883468628, 0.021029343828558922, 0.08856432139873505
393, 3.4956979448145087, 7.923816204071045, 0.14332078397274017, 0.02103332430124283, 0.08779292553663254
394, 3.227821187539534, 5.5146050453186035, 0.13089124858379364, 0.02091495878994465, 0.0875529944896698
395, 3.4235199538144196, 4.928271293640137, 0.12817519903182983, 0.021045932546257973, 0.08814164996147156
396, 3.474450198086825, 4.959848880767822, 0.12987568974494934, 0.020938077941536903, 0.087667316198349
397, 4.1431736425919965, 5.704370975494385, 0.13039882481098175, 0.020955370739102364, 0.08750590682029724
398, 3.4245404026725077, 5.525322914123535, 0.1377517282962799, 0.02112974412739277, 0.08710024505853653
399, 3.397441612590443, 3.7591567039489746, 0.13142845034599304, 0.02097475528717041, 0.08708985894918442
400, 2.8162643952803177, 3.7757012844085693, 0.12978366017341614, 0.021066274493932724, 0.08735009282827377
401, 2.8336340622468428, 6.591006278991699, 0.131684347987175, 0.020808739587664604, 0.0867946445941925
402, 4.113794842633334, 5.396749019622803, 0.1303333342075348, 0.02099338173866272, 0.08716890960931778
403, 3.0993272629651156, 3.656006097793579, 0.13272708654403687, 0.020795490592718124, 0.08637035638093948
404, 3.232288187200373, 5.134738445281982, 0.1314774602651596, 0.02092820405960083, 0.08658260852098465
405, 3.525716664574363, 5.366842269897461, 0.13282662630081177, 0.020981991663575172, 0.08629833161830902
406, 3.381155423684554, 4.794953346252441, 0.13972154259681702, 0.020791402086615562, 0.0859147161245346
407, 4.09857969717546, 5.479365348815918, 0.13943703472614288, 0.020876651629805565, 0.08567265421152115
408, 4.088190291144631, 4.132434844970703, 0.13408300280570984, 0.02100340835750103, 0.08616874366998672
409, 3.503972660411488, 5.305070400238037, 0.13277432322502136, 0.021500233560800552, 0.08667340129613876
410, 2.73884925625541, 4.75646448135376, 0.13381846249103546, 0.02148902416229248, 0.08658099174499512
411, 3.080200620131059, 4.300272464752197, 0.13573862612247467, 0.020722713321447372, 0.08518435060977936
412, 3.1027837709947064, 4.135970115661621, 0.13513638079166412, 0.02073468640446663, 0.08511046320199966
413, 2.7494870337572963, 4.0511980056762695, 0.13595916330814362, 0.020687861368060112, 0.08507407456636429
414, 2.90185226093639, 5.707198143005371, 0.13571439683437347, 0.02083384245634079, 0.08514013886451721
415, 3.246750580180775, 6.174964427947998, 0.13582094013690948, 0.020702768117189407, 0.08477696031332016
416, 3.8835512204603715, 6.957597732543945, 0.14498808979988098, 0.02083762362599373, 0.08426879346370697
417, 3.879741165854714, 5.9885406494140625, 0.13757763803005219, 0.020552514120936394, 0.0842738002538681
418, 3.3579147468913684, 5.102757930755615, 0.13663169741630554, 0.020803328603506088, 0.08459187299013138
419, 3.292537446455522, 5.094202995300293, 0.13819919526576996, 0.0206662118434906, 0.08384616672992706
420, 2.9330648855729535, 4.4665703773498535, 0.13655728101730347, 0.02075708471238613, 0.08450976014137268
421, 3.2980571660128506, 4.489201068878174, 0.13840608298778534, 0.020602310076355934, 0.08355803787708282
422, 3.204264584454623, 5.167366981506348, 0.13921095430850983, 0.020464424043893814, 0.0835409015417099
423, 3.4211015939712524, 4.652273178100586, 0.1395290344953537, 0.020532874390482903, 0.0833713635802269
424, 3.849328071420843, 5.497829914093018, 0.1409180611371994, 0.020587198436260223, 0.08328285068273544
425, 3.726419448852539, 4.363638401031494, 0.14078885316848755, 0.020555295050144196, 0.08298696577548981
426, 2.751099885593761, 6.31986141204834, 0.14060889184474945, 0.02066698856651783, 0.08326264470815659
427, 3.977820717204701, 5.17586612701416, 0.13874411582946777, 0.021271586418151855, 0.0844905748963356
428, 2.8965270215814765, 4.438498497009277, 0.1409667432308197, 0.020565632730722427, 0.08313116431236267
429, 3.0294215462424536, 5.591752529144287, 0.14179891347885132, 0.020601030439138412, 0.08270078152418137
430, 3.203212751041759, 4.595080852508545, 0.14249081909656525, 0.020572641864418983, 0.08247041702270508
431, 3.4048160466280852, 4.290709495544434, 0.14913469552993774, 0.020571168512105942, 0.08239652961492538
432, 3.19371713291515, 5.619968891143799, 0.1404602974653244, 0.02131674624979496, 0.08396036922931671
433, 3.4450407895174893, 4.3883891105651855, 0.14465567469596863, 0.020515045151114464, 0.08187413960695267
434, 4.565631697394631, 4.05976676940918, 0.1425432711839676, 0.02060355618596077, 0.0823785737156868
435, 2.994430487806147, 4.33835506439209, 0.1437753289937973, 0.020559590309858322, 0.08190036565065384
436, 2.6789450190284034, 4.263125896453857, 0.1504703164100647, 0.02056674100458622, 0.08187307417392731
437, 3.1973238013007426, 5.5209574699401855, 0.14701271057128906, 0.020477954298257828, 0.08136464655399323
438, 2.998147288235751, 4.357578754425049, 0.14595212042331696, 0.02045903541147709, 0.08156908303499222
439, 3.187940874966708, 4.454699993133545, 0.15052483975887299, 0.02052229642868042, 0.08153433352708817
440, 3.7650176308371806, 7.104623317718506, 0.14570361375808716, 0.02043483592569828, 0.08158454298973083
441, 3.119169196215543, 6.937074661254883, 0.14685097336769104, 0.020482059568166733, 0.08122335374355316
442, 3.3442501805045386, 6.300013542175293, 0.1476137489080429, 0.02033940702676773, 0.08095581829547882
443, 3.476842602816495, 4.70576286315918, 0.14856405556201935, 0.02045804262161255, 0.08110570162534714
444, 3.970329258658669, 4.6434407234191895, 0.15531153976917267, 0.020643601194024086, 0.08080027997493744
445, 3.1199065988714043, 5.313336372375488, 0.14907129108905792, 0.02030264399945736, 0.08037958294153214
446, 3.0866873936219648, 4.7697224617004395, 0.15014901757240295, 0.020384036004543304, 0.08084491640329361
447, 2.7951162186535923, 3.6943421363830566, 0.14874385297298431, 0.020323550328612328, 0.08079144358634949
448, 2.881628335605968, 4.628833293914795, 0.1503886878490448, 0.020388219505548477, 0.08028928935527802
449, 3.5628697915510696, 4.488839626312256, 0.15088453888893127, 0.020609064027667046, 0.08059265464544296
450, 3.26426740993153, 4.325361251831055, 0.15073341131210327, 0.02040855959057808, 0.08002258092164993
451, 3.714486655321988, 6.2940449714660645, 0.15879692137241364, 0.020382283255457878, 0.07955947518348694
452, 2.8089627894488247, 4.324163913726807, 0.15194152295589447, 0.020403802394866943, 0.07975265383720398
453, 2.762210063500838, 5.2271599769592285, 0.15589207410812378, 0.020481755957007408, 0.0802539512515068
454, 3.540021462873979, 5.10068941116333, 0.1537145972251892, 0.0203100498765707, 0.07947666943073273
455, 3.8350785385478625, 5.054773330688477, 0.15350958704948425, 0.020531324669718742, 0.080073282122612
456, 2.3406488700346513, 4.273643970489502, 0.1529577225446701, 0.020448429509997368, 0.0798223540186882
457, 3.554085683822632, 5.255728721618652, 0.15353137254714966, 0.020416343584656715, 0.07982487976551056
458, 3.2753148078918457, 4.946470260620117, 0.15958286821842194, 0.020453842356801033, 0.07921195030212402
459, 3.289940868724476, 4.485221862792969, 0.15597079694271088, 0.020355258136987686, 0.07932768017053604
460, 3.227394182031805, 5.2008185386657715, 0.16141147911548615, 0.020545577630400658, 0.07958514988422394
461, 3.958170192891901, 5.451772212982178, 0.16249319911003113, 0.02031487040221691, 0.07878999412059784
462, 2.8694156603379684, 4.922806262969971, 0.15700338780879974, 0.020270653069019318, 0.07877755165100098
463, 3.0311963471499355, 4.64884090423584, 0.15878622233867645, 0.02024424634873867, 0.0786375179886818
464, 3.347676658630371, 5.4091010093688965, 0.1571657359600067, 0.020409580320119858, 0.0792994350194931
465, 2.871943393620578, 5.984891414642334, 0.15801197290420532, 0.02031344547867775, 0.07880465686321259
466, 3.245919036865234, 5.410966873168945, 0.15891622006893158, 0.020312152802944183, 0.0785367488861084
467, 3.1151354486292058, 4.458336353302002, 0.15973612666130066, 0.020335884764790535, 0.07825633883476257
468, 3.2055952462283046, 5.100637912750244, 0.15776146948337555, 0.020328115671873093, 0.07883911579847336
469, 2.9301411867141725, 5.294660568237305, 0.1599504053592682, 0.020447464659810066, 0.07843119651079178
470, 2.99708141413602, 5.501668930053711, 0.16194459795951843, 0.020359398797154427, 0.07818390429019928
471, 3.8027934811332007, 5.707376003265381, 0.16108372807502747, 0.02042139507830143, 0.07834447175264359
472, 3.2328870903361926, 4.973567008972168, 0.16206695139408112, 0.02020680531859398, 0.07783631980419159
473, 2.996565649726174, 5.229187488555908, 0.16200502216815948, 0.02034078910946846, 0.07828871160745621
474, 3.255126615004106, 6.265814304351807, 0.1629427969455719, 0.020332859829068184, 0.07804474979639053
475, 3.0978048497980293, 4.256438732147217, 0.1641421765089035, 0.020193153992295265, 0.07735700160264969
476, 2.8001303217627784, 6.457062721252441, 0.1642223745584488, 0.02015654556453228, 0.07762648910284042
477, 3.4208432977849785, 5.425411701202393, 0.16447295248508453, 0.020378155633807182, 0.07792403548955917
478, 3.5314601161263206, 5.331009387969971, 0.16726486384868622, 0.02026047371327877, 0.07727935165166855
479, 3.779302802952853, 4.3567118644714355, 0.16485092043876648, 0.020335685461759567, 0.07773809880018234
480, 2.4945294792001897, 5.688288688659668, 0.16611698269844055, 0.02022671140730381, 0.07729604095220566
481, 3.1041928378018464, 4.8231964111328125, 0.1685478538274765, 0.020149152725934982, 0.07675491273403168
482, 3.580294873497703, 5.348478317260742, 0.16693831980228424, 0.020207613706588745, 0.07742567360401154
483, 3.839692128788341, 5.725022792816162, 0.16930608451366425, 0.020239103585481644, 0.07715889811515808
484, 2.820785984126004, 4.175540447235107, 0.1687641590833664, 0.020324457436800003, 0.07716288417577744
485, 2.797444475780834, 6.119380474090576, 0.17062176764011383, 0.020187953487038612, 0.07672296464443207
486, 3.4078275420449, 4.446889400482178, 0.16969433426856995, 0.02024400234222412, 0.0769202783703804
487, 2.8730434851212934, 3.5077998638153076, 0.1702493578195572, 0.02023226022720337, 0.07658557593822479
488, 3.640825616229664, 7.189605712890625, 0.17248553037643433, 0.020297648385167122, 0.07651177793741226
489, 3.208196904442527, 4.589205741882324, 0.17053288221359253, 0.020205248147249222, 0.07664638012647629
490, 2.914224037257108, 6.586460590362549, 0.1728563904762268, 0.02021714299917221, 0.0763004720211029
491, 3.4421293193643745, 5.098014831542969, 0.17369984090328217, 0.020110663026571274, 0.07616617530584335
492, 2.822949188405817, 4.4511823654174805, 0.17246082425117493, 0.0202237069606781, 0.0762498751282692
493, 2.993333666974848, 5.638640403747559, 0.1726294904947281, 0.0200762040913105, 0.07641281932592392
494, 3.1984812064604324, 4.174469470977783, 0.17359831929206848, 0.02022399753332138, 0.07626201212406158
495, 2.727169960195368, 4.516315937042236, 0.17746709287166595, 0.02003934606909752, 0.07551505416631699
496, 3.0430164033716376, 8.178689002990723, 0.1745445877313614, 0.02017124556005001, 0.07610736042261124
497, 3.6248792604966598, 5.048059463500977, 0.17651568353176117, 0.02016705833375454, 0.07591857016086578
498, 2.9704882968555797, 5.137986183166504, 0.181198388338089, 0.020501410588622093, 0.07630523294210434
499, 2.9636413075707178, 4.436666011810303, 0.18036027252674103, 0.02013661526143551, 0.07536133378744125
500, 2.6556782830845225, 5.635876178741455, 0.17699697613716125, 0.020147863775491714, 0.0755540281534195
