Epoch, Train_loss, Val_loss, SSIM, MSE, MAE
1, 72.95737054998224, 48.12529373168945, 0.5187470316886902, 0.057573575526475906, 0.130594402551651
2, 48.826971296830614, 48.540740966796875, 0.514592707157135, 0.05894094705581665, 0.13247931003570557
3, 48.26010228937322, 48.866249084472656, 0.5113376379013062, 0.05811955779790878, 0.13152745366096497
4, 48.07209021828391, 48.876708984375, 0.5112330317497253, 0.057725708931684494, 0.13106130063533783
5, 48.06480782248757, 48.224239349365234, 0.5177577137947083, 0.05776897445321083, 0.13073180615901947
6, 48.06831533258612, 48.05326461791992, 0.5194674730300903, 0.058301568031311035, 0.13130494952201843
7, 47.911763139204545, 49.75737380981445, 0.5024263262748718, 0.05915845185518265, 0.1333463490009308
8, 47.83339170976119, 48.264747619628906, 0.5173525214195251, 0.059171997010707855, 0.1326315701007843
9, 47.681304307417435, 48.14339828491211, 0.5185661315917969, 0.05900423973798752, 0.13232290744781494
10, 47.84823317094283, 47.96892166137695, 0.5203107595443726, 0.05855423957109451, 0.1315300464630127
11, 47.65445341630416, 48.918270111083984, 0.5108174085617065, 0.05800982192158699, 0.1315128654241562
12, 47.43746476606889, 48.01168441772461, 0.5198832750320435, 0.058355916291475296, 0.13142654299736023
13, 48.48508425625888, 48.10611343383789, 0.5189388394355774, 0.05942066013813019, 0.13280998170375824
14, 49.44933187311346, 48.24879837036133, 0.5175120830535889, 0.05803545191884041, 0.1310015469789505
15, 48.53082698475231, 48.50773239135742, 0.5149227380752563, 0.05940854176878929, 0.13314035534858704
16, 47.576758644797586, 48.014251708984375, 0.5198575258255005, 0.058372993022203445, 0.13139936327934265
17, 53.13950875022194, 48.88279724121094, 0.5111721754074097, 0.058603230863809586, 0.13214953243732452
18, 52.132738494873045, 49.048789978027344, 0.5095121264457703, 0.05835620313882828, 0.13214851915836334
19, 59.674513105912645, 48.05488204956055, 0.5194512605667114, 0.058761779218912125, 0.13204701244831085
20, 60.527320237593216, 47.98929977416992, 0.5201070308685303, 0.05797185003757477, 0.1308898776769638
21, 55.67026485096324, 48.401771545410156, 0.5159823298454285, 0.057818394154310226, 0.13101544976234436
22, 55.75620602694425, 49.70859909057617, 0.5029140114784241, 0.05855657905340195, 0.13258866965770721
23, 56.699999930641866, 48.00953674316406, 0.5199047923088074, 0.05866462364792824, 0.13183832168579102
24, 57.52269522927024, 48.18216323852539, 0.5181783437728882, 0.05855613201856613, 0.1315619796514511
25, 60.22479580965909, 48.76129913330078, 0.5123871564865112, 0.05748409032821655, 0.1309904009103775
26, 58.371063163063745, 48.16349792480469, 0.5183649659156799, 0.058112982660532, 0.13104185461997986
27, 57.3100866837935, 48.083641052246094, 0.5191636085510254, 0.05762019008398056, 0.13058267533779144
28, 57.52727855335582, 47.3023796081543, 0.5269762873649597, 0.05810919404029846, 0.13015173375606537
29, 56.025094951282846, 48.09580993652344, 0.5190419554710388, 0.058258891105651855, 0.13127610087394714
30, 53.843469030206855, 48.13400650024414, 0.5186600089073181, 0.0584968663752079, 0.13166670501232147
31, 50.7590802972967, 47.35639572143555, 0.5264360904693604, 0.056879106909036636, 0.1285998821258545
32, 51.70229596224698, 48.97262954711914, 0.5102737545967102, 0.058132585138082504, 0.1317903846502304
33, 52.503772596879436, 48.06632614135742, 0.5193368196487427, 0.058737948536872864, 0.13192634284496307
34, 50.25934177745472, 48.087120056152344, 0.5191287994384766, 0.05862227454781532, 0.1316857635974884
35, 49.93675405328924, 48.00568771362305, 0.5199431777000427, 0.05858428031206131, 0.1315382421016693
36, 49.09485008933327, 48.068519592285156, 0.5193148851394653, 0.057539068162441254, 0.13027864694595337
37, 49.331641387939456, 48.22404861450195, 0.5177595019340515, 0.05870210751891136, 0.13182412087917328
38, 48.837251212380146, 48.265682220458984, 0.5173432230949402, 0.058183249086141586, 0.13133832812309265
39, 48.33334302035245, 48.083045959472656, 0.5191696882247925, 0.05849906802177429, 0.1315782070159912
40, 48.343650887229224, 48.09934997558594, 0.5190065503120422, 0.0578988678753376, 0.13099342584609985
41, 47.39261107011275, 48.14082717895508, 0.5185917019844055, 0.05771956220269203, 0.1306624412536621
42, 47.87062558260831, 47.96992111206055, 0.5203008651733398, 0.05896586924791336, 0.1320967674255371
43, 48.7677490234375, 48.05829620361328, 0.5194170475006104, 0.0586717464029789, 0.13188418745994568
44, 48.26747880415483, 48.027305603027344, 0.5197269916534424, 0.05778342857956886, 0.13076427578926086
45, 48.28001584139737, 48.25749206542969, 0.5174251198768616, 0.05868967995047569, 0.1319354921579361
46, 48.68386299826882, 48.05320739746094, 0.5194679498672485, 0.058105647563934326, 0.13099777698516846
47, 48.26033394553445, 48.3933219909668, 0.5160667896270752, 0.05801740288734436, 0.13107755780220032
48, 47.377589624578306, 48.144386291503906, 0.5185561776161194, 0.05826238542795181, 0.1314154863357544
49, 47.37623041326349, 48.09184646606445, 0.5190815925598145, 0.05850702151656151, 0.13157965242862701
50, 47.79648354270241, 48.4425048828125, 0.5155750513076782, 0.0588112473487854, 0.13215740025043488
51, 47.35066951404918, 47.99079513549805, 0.5200921893119812, 0.058140628039836884, 0.13095366954803467
52, 48.65789961381392, 48.03230285644531, 0.5196771025657654, 0.058927565813064575, 0.13196995854377747
53, 47.78340010209517, 48.94270706176758, 0.5105729699134827, 0.05805119872093201, 0.13141971826553345
54, 48.20047739202326, 48.87423324584961, 0.5112577080726624, 0.05763866379857063, 0.13082383573055267
55, 48.235175808993255, 48.06742477416992, 0.5193257927894592, 0.05851714685559273, 0.13165314495563507
56, 47.78250579833984, 48.263816833496094, 0.5173618793487549, 0.058961883187294006, 0.13223330676555634
57, 49.10068706165661, 48.72254180908203, 0.5127745866775513, 0.0583258792757988, 0.13152548670768738
58, 49.51826719804244, 48.35307312011719, 0.5164693593978882, 0.05896202102303505, 0.13220690190792084
59, 47.828400282426315, 48.04506301879883, 0.5195493102073669, 0.057953011244535446, 0.13073714077472687
60, 47.84255142211914, 48.006683349609375, 0.5199332237243652, 0.05820827931165695, 0.1312030851840973
61, 48.686055755615236, 48.910614013671875, 0.5108939409255981, 0.058121632784605026, 0.13176769018173218
62, 48.23320478959517, 48.188682556152344, 0.5181131958961487, 0.05852312967181206, 0.1317027062177658
63, 49.115684439919214, 47.94644546508789, 0.5205356478691101, 0.05801204591989517, 0.13083049654960632
64, 48.21155353892933, 48.91473388671875, 0.5108526945114136, 0.05802205950021744, 0.13138996064662933
65, 47.770376309481534, 48.157569885253906, 0.5184243321418762, 0.05794273689389229, 0.13094638288021088
66, 47.804492811723186, 48.2970085144043, 0.5170299410820007, 0.058937784284353256, 0.13217046856880188
67, 47.76273047707298, 48.055763244628906, 0.5194423794746399, 0.05811643227934837, 0.13106557726860046
68, 47.33428968949752, 48.03635025024414, 0.5196365118026733, 0.05834360048174858, 0.1313261240720749
69, 47.336213406649506, 48.13705825805664, 0.5186294317245483, 0.05774855613708496, 0.13070695102214813
70, 46.877194144509055, 48.10789489746094, 0.5189210772514343, 0.05886710435152054, 0.1321485936641693
71, 47.33288213556463, 48.10725402832031, 0.5189275145530701, 0.05936339125037193, 0.13276071846485138
72, 46.91143375743519, 48.10319137573242, 0.5189681053161621, 0.05835944041609764, 0.13138671219348907
73, 46.90925827026367, 48.89963912963867, 0.5110036730766296, 0.05907206982374191, 0.13276614248752594
74, 46.440206839821556, 48.074710845947266, 0.5192530751228333, 0.05842166393995285, 0.13160574436187744
75, 47.313951873779295, 48.04689407348633, 0.5195310115814209, 0.05781000107526779, 0.13063006103038788
76, 46.885728523947975, 48.053611755371094, 0.5194639563560486, 0.05862816423177719, 0.13181434571743011
77, 46.424579828435725, 48.51384353637695, 0.5148617029190063, 0.05902429670095444, 0.13260334730148315
78, 46.87894273237749, 48.100154876708984, 0.5189985632896423, 0.05857183039188385, 0.1316206157207489
79, 46.43452134565874, 48.108158111572266, 0.518918514251709, 0.05812246352434158, 0.1311115324497223
80, 46.42955551147461, 48.15850830078125, 0.5184150338172913, 0.0585789792239666, 0.13174547255039215
81, 46.87802283547141, 48.25553894042969, 0.5174446105957031, 0.05886625126004219, 0.1324009895324707
82, 46.45686624700373, 48.12005615234375, 0.5187994837760925, 0.05823742598295212, 0.1314028799533844
83, 46.44548270485618, 48.22174072265625, 0.5177825689315796, 0.05880681425333023, 0.1321333944797516
84, 46.436839433149856, 48.325008392333984, 0.516749918460846, 0.05810890346765518, 0.13120640814304352
85, 46.42787260575728, 48.3173942565918, 0.5168260931968689, 0.059875793755054474, 0.13351373374462128
86, 46.42071866122159, 48.18916320800781, 0.5181084871292114, 0.05806583911180496, 0.1311970055103302
87, 46.42459689053622, 48.0723876953125, 0.5192761421203613, 0.05834373086690903, 0.13147975504398346
88, 46.42586004083807, 47.94456481933594, 0.5205544233322144, 0.05853193625807762, 0.13158057630062103
89, 46.422815357555045, 48.48521423339844, 0.5151478052139282, 0.05896943435072899, 0.1323477029800415
90, 46.425671594793144, 48.09835433959961, 0.5190165638923645, 0.058085277676582336, 0.13105003535747528
91, 46.44478926225142, 48.05673599243164, 0.5194326639175415, 0.05818512290716171, 0.1312851756811142
92, 46.431648601185195, 48.03706359863281, 0.5196294188499451, 0.05742650851607323, 0.13014014065265656
93, 46.41229157881303, 48.8262825012207, 0.5117372274398804, 0.057552140206098557, 0.13083331286907196
94, 46.42632723721591, 48.823570251464844, 0.5117643475532532, 0.0579955168068409, 0.1314213126897812
95, 46.42097958651456, 48.34622573852539, 0.5165378451347351, 0.058854807168245316, 0.13237030804157257
96, 46.41452061046254, 47.93138122558594, 0.5206862688064575, 0.05822102352976799, 0.13103345036506653
97, 46.41736824729226, 48.013389587402344, 0.5198661684989929, 0.0579046905040741, 0.13067574799060822
98, 47.20630243474787, 48.00175094604492, 0.5199825763702393, 0.058442991226911545, 0.13142728805541992
99, 46.45852002230558, 48.132747650146484, 0.5186726450920105, 0.057863544672727585, 0.13081248104572296
100, 46.861917738481004, 48.03285217285156, 0.5196714401245117, 0.058232467621564865, 0.13127657771110535
101, 46.418655950372866, 48.033267974853516, 0.5196674466133118, 0.05947566777467728, 0.13272039592266083
102, 46.42904760187322, 48.034420013427734, 0.5196559429168701, 0.057941969484090805, 0.13093695044517517
103, 46.4158879366788, 47.95872116088867, 0.520412802696228, 0.05904407426714897, 0.13214296102523804
104, 46.397162489457564, 47.983619689941406, 0.520163893699646, 0.0587148554623127, 0.13144254684448242
105, 46.41328589699485, 48.04353332519531, 0.5195648074150085, 0.05789858475327492, 0.13081054389476776
106, 46.42841144908558, 48.1338005065918, 0.5186620354652405, 0.05815952643752098, 0.1312628984451294
107, 46.408207633278586, 48.23361587524414, 0.517663836479187, 0.05840812250971794, 0.1316564828157425
108, 46.39448346224698, 49.071372985839844, 0.5092862844467163, 0.0585457980632782, 0.13210564851760864
109, 46.4032150962136, 48.15167999267578, 0.5184832215309143, 0.057379674166440964, 0.13035787642002106
110, 46.40456341830167, 48.056461334228516, 0.5194353461265564, 0.05745726078748703, 0.1304015964269638
111, 46.40150208906694, 48.0368766784668, 0.5196312665939331, 0.05837370455265045, 0.131442591547966
112, 46.398280057040125, 47.992279052734375, 0.5200772285461426, 0.0579434335231781, 0.13078725337982178
113, 46.386398592862214, 48.98869705200195, 0.510113000869751, 0.058815501630306244, 0.13259251415729523
114, 46.33588534268466, 49.0299186706543, 0.5097008347511292, 0.05854250490665436, 0.1322045922279358
115, 46.34765479347923, 48.50236892700195, 0.5149763822555542, 0.058745115995407104, 0.132107675075531
116, 45.91772669011896, 48.09724426269531, 0.519027590751648, 0.05812397226691246, 0.13095855712890625
117, 45.3974985296076, 48.0230827331543, 0.5197692513465881, 0.059150226414203644, 0.13231118023395538
118, 44.33124465942383, 47.978336334228516, 0.5202167630195618, 0.05872207134962082, 0.13174968957901
119, 43.06515849720348, 48.07257080078125, 0.5192744135856628, 0.05905497074127197, 0.13236133754253387
120, 42.148945062810725, 48.89447784423828, 0.5110552906990051, 0.05839056521654129, 0.13192501664161682
121, 41.28866736672141, 48.30766677856445, 0.5169234275817871, 0.05943544954061508, 0.1329319179058075
122, 39.29740330089222, 48.16081619262695, 0.5183918476104736, 0.057852473109960556, 0.13087910413742065
123, 37.07299901788885, 47.971893310546875, 0.5202811360359192, 0.05804784223437309, 0.130910262465477
124, 35.52043429287997, 48.86948013305664, 0.5113052725791931, 0.058221485465765, 0.13172243535518646
125, 34.27248465798118, 48.12163162231445, 0.518783688545227, 0.058070577681064606, 0.1310676783323288
126, 34.086748123168945, 48.02864074707031, 0.5197136998176575, 0.05784870311617851, 0.13081562519073486
127, 32.98678904446689, 48.429229736328125, 0.5157076716423035, 0.058678917586803436, 0.13213220238685608
128, 31.737087457830256, 48.04335021972656, 0.5195665955543518, 0.05850739777088165, 0.13147090375423431
129, 31.640156555175782, 48.09401321411133, 0.519059956073761, 0.05784192681312561, 0.13079014420509338
130, 30.405291990800336, 48.43464279174805, 0.5156536102294922, 0.05885782465338707, 0.13214223086833954
131, 31.15023519342596, 48.11200714111328, 0.5188800692558289, 0.05788983777165413, 0.13083037734031677
132, 29.806924161044034, 48.099090576171875, 0.5190091729164124, 0.058603256940841675, 0.13176846504211426
133, 28.895927221124822, 48.07442092895508, 0.5192558169364929, 0.059030015021562576, 0.13222941756248474
134, 28.374164789373225, 48.11599349975586, 0.5188401341438293, 0.05770501866936684, 0.1305163949728012
135, 28.33020685369318, 48.126686096191406, 0.5187332630157471, 0.05794977769255638, 0.13090644776821136
136, 28.440562092174183, 48.06357192993164, 0.5193643569946289, 0.058454759418964386, 0.131593719124794
137, 27.53213514848189, 48.06023025512695, 0.5193977355957031, 0.05826295539736748, 0.13125869631767273
138, 26.875998098200018, 47.983795166015625, 0.520162045955658, 0.05871696025133133, 0.1318490207195282
139, 26.577122566916724, 48.09824752807617, 0.5190175175666809, 0.058047931641340256, 0.13107582926750183
140, 26.138503404097122, 48.8444709777832, 0.5115553140640259, 0.05881941691040993, 0.13222868740558624
141, 26.003795381025835, 48.88901901245117, 0.5111097693443298, 0.05813136324286461, 0.13156183063983917
142, 25.519517135620116, 48.056400299072266, 0.5194361209869385, 0.058491647243499756, 0.1315671056509018
143, 25.13098363009366, 48.86981964111328, 0.5113018751144409, 0.058947525918483734, 0.1325187236070633
144, 24.90549028570002, 48.059486389160156, 0.5194051861763, 0.05842989683151245, 0.13139767944812775
145, 24.524610103260386, 48.170345306396484, 0.5182966589927673, 0.05894181877374649, 0.13215339183807373
146, 26.21608238220215, 47.99872589111328, 0.5200127363204956, 0.05797891691327095, 0.13089796900749207
147, 24.379091748324306, 49.02014923095703, 0.5097986459732056, 0.05832598730921745, 0.13196437060832977
148, 23.99705862565474, 48.09251022338867, 0.5190749168395996, 0.05842500180006027, 0.131565660238266
149, 23.52407805702903, 48.234954833984375, 0.5176504850387573, 0.0583508126437664, 0.13148221373558044
150, 23.33223263133656, 48.15481185913086, 0.5184519290924072, 0.0581999234855175, 0.13128703832626343
151, 23.100962378761984, 48.11826705932617, 0.5188173055648804, 0.0587475523352623, 0.13196806609630585
152, 22.81433518149636, 48.067623138427734, 0.5193238258361816, 0.05847843363881111, 0.13155119121074677
153, 22.720737595991654, 48.08442306518555, 0.519155740737915, 0.057870518416166306, 0.13085265457630157
154, 22.7742057800293, 47.91379928588867, 0.5208621025085449, 0.05703899264335632, 0.12920530140399933
155, 22.038387125188653, 48.39405059814453, 0.5160595178604126, 0.05853815749287605, 0.13195034861564636
156, 21.70998288934881, 48.87384033203125, 0.5112617015838623, 0.05853797122836113, 0.1324792206287384
157, 21.545649199052292, 48.149478912353516, 0.5185052752494812, 0.058615487068891525, 0.13179990649223328
158, 21.30594700899991, 48.81110382080078, 0.5118889808654785, 0.05827685445547104, 0.13171108067035675
159, 20.93762567693537, 48.8505859375, 0.5114941596984863, 0.05835382267832756, 0.13207675516605377
160, 20.623752559315076, 48.096256256103516, 0.5190374851226807, 0.057896390557289124, 0.13077759742736816
161, 20.357814303311436, 48.13065719604492, 0.5186934471130371, 0.05705300346016884, 0.12967507541179657
162, 20.058498590642756, 49.17462921142578, 0.508253812789917, 0.05885634198784828, 0.13294251263141632
163, 19.84177377874201, 49.01552200317383, 0.5098448991775513, 0.05748967453837395, 0.13065330684185028
164, 19.598691593516957, 48.95921325683594, 0.5104079246520996, 0.05799563601613045, 0.1314210146665573
165, 19.338865730979226, 47.29655456542969, 0.5270345211029053, 0.058048609644174576, 0.12996332347393036
166, 19.129789941961114, 48.89780807495117, 0.5110219120979309, 0.05839691683650017, 0.13193288445472717
167, 18.88908084522594, 48.10589599609375, 0.5189411640167236, 0.057854652404785156, 0.13093049824237823
168, 18.691443703391336, 48.18934631347656, 0.5181065797805786, 0.05808918923139572, 0.1311396360397339
169, 18.441456430608575, 48.04524612426758, 0.5195475816726685, 0.05905398726463318, 0.13227331638336182
170, 18.33123401295055, 48.0047721862793, 0.5199522972106934, 0.05839946120977402, 0.13147538900375366
171, 18.140913876620207, 49.67784118652344, 0.5032216906547546, 0.05779408663511276, 0.13168589770793915
172, 18.168747260353783, 48.18966293334961, 0.5181034207344055, 0.058796923607587814, 0.13194255530834198
173, 20.70119004683061, 47.85184097290039, 0.5214817523956299, 0.057998176664114, 0.13068588078022003
174, 18.01353340148926, 48.855228424072266, 0.5114477872848511, 0.05832168087363243, 0.13195903599262238
175, 17.629486430775035, 48.11590576171875, 0.518841028213501, 0.05822037532925606, 0.13126859068870544
176, 17.41822905106978, 48.29574966430664, 0.5170425772666931, 0.05806055665016174, 0.13130486011505127
177, 17.246337370439008, 48.10239791870117, 0.518976092338562, 0.05849989503622055, 0.1316903829574585
178, 17.066968744451348, 48.09765625, 0.5190234184265137, 0.05876688286662102, 0.13198311626911163
179, 16.909514097733933, 48.07949447631836, 0.5192050933837891, 0.05838613584637642, 0.13147230446338654
180, 16.78144285028631, 48.09784698486328, 0.5190216302871704, 0.058087337762117386, 0.131019726395607
181, 16.58865392858332, 48.351043701171875, 0.5164896845817566, 0.05788201838731766, 0.1311037391424179
182, 16.412170652909712, 47.98209762573242, 0.520179033279419, 0.05812627822160721, 0.13097162544727325
183, 16.340394939075818, 48.8595085144043, 0.5114049315452576, 0.058624885976314545, 0.1321607530117035
184, 16.17843945243142, 48.15144729614258, 0.5184855461120605, 0.05845854803919792, 0.13144810497760773
185, 16.48989160711115, 48.368019104003906, 0.5163198113441467, 0.058204807341098785, 0.13134551048278809
186, 16.22412705854936, 48.23591232299805, 0.5176408886909485, 0.05850085988640785, 0.1317487508058548
187, 15.821387672424317, 47.961631774902344, 0.5203837156295776, 0.05833962932229042, 0.13119332492351532
188, 15.666952150518243, 47.92802429199219, 0.5207198262214661, 0.057907748967409134, 0.13077913224697113
189, 15.581313566728072, 48.200714111328125, 0.5179929137229919, 0.05795405060052872, 0.13112035393714905
190, 15.497604630210184, 48.76777267456055, 0.5123223066329956, 0.05854097008705139, 0.13191300630569458
191, 15.270882901278409, 48.24038314819336, 0.5175961852073669, 0.058196160942316055, 0.13137173652648926
192, 15.171983944286, 48.01190948486328, 0.5198809504508972, 0.05858005955815315, 0.13174603879451752
193, 15.110442491011186, 48.075843811035156, 0.5192416310310364, 0.05927028879523277, 0.13238129019737244
194, 14.980925195867366, 47.90080261230469, 0.5209919810295105, 0.057771872729063034, 0.13058483600616455
195, 14.872613404013894, 48.06416320800781, 0.5193583369255066, 0.05821862444281578, 0.13126303255558014
196, 14.781874847412109, 47.67863845825195, 0.5232136249542236, 0.05774299055337906, 0.12992551922798157
197, 14.623066728765314, 48.02906799316406, 0.5197093486785889, 0.05784963443875313, 0.13085952401161194
198, 14.51600783954967, 48.04258346557617, 0.5195742845535278, 0.057942941784858704, 0.13081765174865723
199, 14.396415675770152, 48.19501876831055, 0.5180498957633972, 0.05772555246949196, 0.13071434199810028
200, 14.456574179909445, 48.062862396240234, 0.5193713903427124, 0.05873161926865578, 0.13178783655166626
201, 14.679806085066362, 48.10402297973633, 0.5189598202705383, 0.05880194902420044, 0.1320381462574005
202, 14.178981000726873, 48.84526443481445, 0.5115473866462708, 0.058420754969120026, 0.13168855011463165
203, 14.059963954578746, 48.19196319580078, 0.518080472946167, 0.05889522284269333, 0.13210777938365936
204, 13.98909678025679, 48.08195495605469, 0.5191804766654968, 0.0581105574965477, 0.13116425275802612
205, 13.900406421314587, 48.0698356628418, 0.5193017721176147, 0.058977916836738586, 0.13229244947433472
206, 13.814817688681863, 47.91375732421875, 0.5208625197410583, 0.05763491988182068, 0.13044029474258423
207, 13.738062598488547, 47.948848724365234, 0.5205115675926208, 0.058501701802015305, 0.13148733973503113
208, 13.538720338994807, 47.971961975097656, 0.5202804207801819, 0.05770299211144447, 0.1306556910276413
209, 13.462299156188966, 48.04975891113281, 0.5195025205612183, 0.05877528712153435, 0.13211622834205627
210, 13.368260470303623, 47.95438003540039, 0.5204562544822693, 0.0584796778857708, 0.13159684836864471
211, 13.323315499045632, 48.05447006225586, 0.5194553136825562, 0.05762888863682747, 0.1305510699748993
212, 13.236337280273437, 48.25123596191406, 0.5174877047538757, 0.057675085961818695, 0.13095399737358093
213, 13.188841420953924, 48.24460983276367, 0.5175539255142212, 0.05886505916714668, 0.13249287009239197
214, 13.073616617376155, 48.18446350097656, 0.5181554555892944, 0.058173853904008865, 0.13158129155635834
215, 13.013015452298252, 48.25532531738281, 0.5174468159675598, 0.05851707607507706, 0.13203436136245728
216, 12.939900797063654, 48.38381576538086, 0.5161619186401367, 0.05808921158313751, 0.13138480484485626
217, 12.877100077542392, 48.229801177978516, 0.5177019834518433, 0.05826869606971741, 0.13179153203964233
218, 12.769199683449486, 49.36784744262695, 0.5063214898109436, 0.058262478560209274, 0.13237640261650085
219, 12.648538416082209, 48.63031768798828, 0.5136967897415161, 0.05784554034471512, 0.13123677670955658
220, 12.612074713273483, 49.66995620727539, 0.5033004283905029, 0.05767177790403366, 0.13146743178367615
221, 12.928813795609909, 49.23563003540039, 0.5076436400413513, 0.05838397145271301, 0.13242438435554504
222, 12.553295777060768, 49.28345489501953, 0.5071655511856079, 0.058671463280916214, 0.13284353911876678
223, 12.395728943564675, 50.32295227050781, 0.4967705011367798, 0.057948268949985504, 0.13195323944091797
224, 12.328455630215732, 48.57847213745117, 0.514215350151062, 0.05781850591301918, 0.1312263011932373
225, 12.27358873540705, 49.760650634765625, 0.5023935437202454, 0.05818312615156174, 0.13212177157402039
226, 12.173566454107112, 51.480838775634766, 0.48519158363342285, 0.05817174166440964, 0.13234254717826843
227, 12.114691716974432, 51.147064208984375, 0.4885294735431671, 0.05800022929906845, 0.13221757113933563
228, 12.104606125571511, 51.155242919921875, 0.4884476065635681, 0.05795261636376381, 0.13229471445083618
229, 12.10472073988481, 49.01481246948242, 0.5098519325256348, 0.058304060250520706, 0.13201621174812317
230, 11.967797920920631, 51.243064880371094, 0.4875694215297699, 0.05813688412308693, 0.13237972557544708
231, 11.898442146994851, 50.81608200073242, 0.49183931946754456, 0.057992152869701385, 0.13264355063438416
232, 11.861896636269309, 50.283199310302734, 0.49716806411743164, 0.05732771381735802, 0.13098686933517456
233, 11.805548442493786, 51.93994903564453, 0.4806005656719208, 0.05746186152100563, 0.13178332149982452
234, 11.734142476862127, 49.7763671875, 0.5022363662719727, 0.058363351970911026, 0.1324675977230072
235, 11.703447602011941, 50.44672775268555, 0.4955328106880188, 0.05736204981803894, 0.13127796351909637
236, 11.663384454900568, 52.422630310058594, 0.47577375173568726, 0.05763012915849686, 0.1318785846233368
237, 11.543435166098854, 51.79563903808594, 0.48204371333122253, 0.059012047946453094, 0.13374553620815277
238, 11.558481753956189, 51.90811538696289, 0.48091891407966614, 0.05728861317038536, 0.13144782185554504
239, 11.505174740878019, 50.410926818847656, 0.495890736579895, 0.057791564613580704, 0.1316155642271042
240, 11.443365235762162, 50.51506423950195, 0.49484938383102417, 0.057785168290138245, 0.13173052668571472
241, 11.373507482355292, 51.577205657958984, 0.4842280447483063, 0.056882504373788834, 0.13070975244045258
242, 11.325088379599832, 51.153968811035156, 0.48846033215522766, 0.05712243914604187, 0.13109970092773438
243, 11.267368646101518, 52.08231735229492, 0.47917696833610535, 0.058091774582862854, 0.1325274109840393
244, 11.206053872541947, 53.42601013183594, 0.465739905834198, 0.057285357266664505, 0.13168500363826752
245, 11.163721153952858, 53.4217643737793, 0.46578243374824524, 0.05741947144269943, 0.13183848559856415
246, 11.09276483709162, 51.69575881958008, 0.48304247856140137, 0.05724494904279709, 0.13138137757778168
247, 11.096327903053977, 53.395748138427734, 0.46604254841804504, 0.057360030710697174, 0.13172049820423126
248, 12.207702515342019, 48.297061920166016, 0.5170294046401978, 0.05820561945438385, 0.13161173462867737
249, 11.198868092623623, 48.55134963989258, 0.51448655128479, 0.058323297649621964, 0.13172201812267303
250, 11.073224154385654, 53.04637908935547, 0.4695362150669098, 0.05718262866139412, 0.13156960904598236
251, 10.9573786648837, 52.26474380493164, 0.4773525595664978, 0.05734856799244881, 0.1317524015903473
252, 10.866434669494629, 52.19170379638672, 0.4780830442905426, 0.057582419365644455, 0.1318654865026474
253, 10.8147742358121, 52.75492858886719, 0.47245076298713684, 0.05696544051170349, 0.13122887909412384
254, 10.742638674649326, 51.10057067871094, 0.4889943301677704, 0.05782626196742058, 0.13199862837791443
255, 10.741764068603516, 51.33833312988281, 0.48661676049232483, 0.05769351124763489, 0.1318122297525406
256, 10.699805363741788, 50.49475860595703, 0.4950524866580963, 0.05723712965846062, 0.13102096319198608
257, 10.649259463223544, 51.81148147583008, 0.48188516497612, 0.05666124448180199, 0.13042570650577545
258, 10.595885190096768, 52.81516647338867, 0.4718483090400696, 0.057403769344091415, 0.13168999552726746
259, 10.522873531688344, 53.6471061706543, 0.46352893114089966, 0.05771579220890999, 0.1323101818561554
260, 10.470552010969682, 53.647300720214844, 0.46352699398994446, 0.05769973248243332, 0.13221518695354462
261, 10.480940905484287, 53.708011627197266, 0.4629199504852295, 0.05757153034210205, 0.13190756738185883
262, 10.43329590884122, 51.597930908203125, 0.48402079939842224, 0.058237768709659576, 0.13251399993896484
263, 10.393452783064408, 52.300071716308594, 0.47699934244155884, 0.0574822723865509, 0.1316833794116974
264, 10.427894696322355, 54.09722137451172, 0.4590279161930084, 0.05825551599264145, 0.1329963207244873
265, 10.285255120017311, 52.77874755859375, 0.472212553024292, 0.057729437947273254, 0.13203077018260956
266, 10.265714471990412, 51.39165496826172, 0.4860834777355194, 0.057369086891412735, 0.13064517080783844
267, 10.221032402732156, 52.67110824584961, 0.47328898310661316, 0.0575934574007988, 0.1320212483406067
268, 10.18484368757768, 52.16688537597656, 0.47833114862442017, 0.057293105870485306, 0.13153856992721558
269, 10.186399355801669, 55.53131866455078, 0.4446869492530823, 0.05733902007341385, 0.13199004530906677
270, 10.238355653936212, 52.144161224365234, 0.4785585105419159, 0.05852704495191574, 0.1331649124622345
271, 10.392812486128374, 49.56753158569336, 0.504324734210968, 0.057772278785705566, 0.13166525959968567
272, 12.623378250815652, 48.08381271362305, 0.5191619396209717, 0.05845945328474045, 0.13157740235328674
273, 10.63690409226851, 49.85280227661133, 0.5014720559120178, 0.0576569102704525, 0.13131144642829895
274, 10.299606305902655, 50.29795837402344, 0.4970204830169678, 0.0571744330227375, 0.13087579607963562
275, 10.179539593783291, 50.27680969238281, 0.49723196029663086, 0.057036738842725754, 0.1306002140045166
276, 10.12535005049272, 50.81098175048828, 0.4918902516365051, 0.05719510093331337, 0.13091327250003815
277, 10.050285339355469, 49.86125183105469, 0.5013874769210815, 0.05896042659878731, 0.13309894502162933
278, 9.993400036204944, 51.335575103759766, 0.48664432764053345, 0.05753222852945328, 0.1318865269422531
279, 10.377039042386142, 48.11142349243164, 0.5188857913017273, 0.05851917341351509, 0.13173842430114746
280, 11.200090200250798, 48.22934341430664, 0.517706573009491, 0.05893059819936752, 0.13217681646347046
281, 11.527661809054289, 48.87125015258789, 0.5112875699996948, 0.05893298611044884, 0.13265295326709747
282, 10.246896084872159, 48.56086349487305, 0.5143914818763733, 0.0578632615506649, 0.13119907677173615
283, 9.945286161249333, 48.38798522949219, 0.5161202549934387, 0.058193501085042953, 0.13164401054382324
284, 9.86270580291748, 49.29819107055664, 0.5070181488990784, 0.05801020935177803, 0.13172662258148193
285, 9.794615676186302, 48.665401458740234, 0.5133460760116577, 0.05880432203412056, 0.1325593739748001
286, 9.828906718167392, 48.46096420288086, 0.5153903961181641, 0.057553213089704514, 0.1307443231344223
287, 9.750318041714754, 49.95736312866211, 0.5004264712333679, 0.05725093558430672, 0.13090164959430695
288, 9.708854345841841, 48.52128601074219, 0.5147871971130371, 0.058058109134435654, 0.13149480521678925
289, 9.69670020016757, 49.39154815673828, 0.5060845613479614, 0.05868169292807579, 0.13293620944023132
290, 9.640549954501065, 48.18914794921875, 0.518108606338501, 0.058528099209070206, 0.1319948136806488
291, 9.640084370699796, 48.10235595703125, 0.5189764499664307, 0.057925932109355927, 0.13106349110603333
292, 9.581079118902034, 48.784488677978516, 0.5121551752090454, 0.05757419019937515, 0.13101905584335327
293, 9.541511275551535, 48.58399963378906, 0.5141600966453552, 0.05837128683924675, 0.13193586468696594
294, 9.525406976179642, 48.259666442871094, 0.5174034237861633, 0.0581340454518795, 0.13155367970466614
295, 9.462794009121982, 50.187522888183594, 0.4981248080730438, 0.05814340338110924, 0.13228820264339447
296, 9.479269218444824, 48.27850341796875, 0.5172151327133179, 0.058292657136917114, 0.13174943625926971
297, 9.43017538244074, 50.01688766479492, 0.4998311996459961, 0.05827216058969498, 0.13227762281894684
298, 9.378223419189453, 48.54868698120117, 0.5145131349563599, 0.057559285312891006, 0.13091468811035156
299, 9.340580784190784, 50.104976654052734, 0.4989503026008606, 0.057367000728845596, 0.13131506741046906
300, 9.40478498285467, 51.25642013549805, 0.48743584752082825, 0.05773130804300308, 0.13177470862865448
301, 9.368508703058415, 50.538883209228516, 0.4946112036705017, 0.05740449205040932, 0.13106609880924225
302, 9.322144595059482, 52.66454315185547, 0.47335466742515564, 0.05752943083643913, 0.13181906938552856
303, 9.301783145557751, 49.671913146972656, 0.5032808780670166, 0.05780594423413277, 0.13160669803619385
304, 9.278928444602272, 48.85163497924805, 0.5114837288856506, 0.05810009315609932, 0.13174358010292053
305, 9.235192402926359, 48.60647964477539, 0.5139351487159729, 0.05703846365213394, 0.13019311428070068
306, 9.193353115428577, 49.95670700073242, 0.5004329681396484, 0.05741095542907715, 0.13100890815258026
307, 9.158982797102494, 49.36262893676758, 0.5063737630844116, 0.05932131037116051, 0.13350817561149597
308, 9.157886505126953, 49.47113800048828, 0.5052887201309204, 0.057448238134384155, 0.13136327266693115
309, 9.170172015103427, 49.65982437133789, 0.5034018754959106, 0.05907945707440376, 0.13307572901248932
310, 9.181775769320401, 48.41663360595703, 0.5158337354660034, 0.05835438892245293, 0.13184349238872528
311, 9.113404846191406, 48.58074951171875, 0.514192521572113, 0.05823540687561035, 0.13182584941387177
312, 9.062878920815209, 48.291542053222656, 0.5170847177505493, 0.05778651311993599, 0.1309456080198288
313, 9.043932619961826, 48.054664611816406, 0.5194534659385681, 0.057899344712495804, 0.130986750125885
314, 8.994186990911311, 49.322608947753906, 0.5067738890647888, 0.05822562053799629, 0.132078155875206
315, 9.015325997092507, 48.51055908203125, 0.514894425868988, 0.058114707469940186, 0.1317460983991623
316, 8.990291595458984, 48.33673858642578, 0.516632616519928, 0.058807406574487686, 0.13222859799861908
317, 8.95441292849454, 50.04948806762695, 0.4995051622390747, 0.057452309876680374, 0.13115964829921722
318, 8.958859885822642, 48.241455078125, 0.5175856351852417, 0.05853026732802391, 0.13197700679302216
319, 9.014577120000666, 47.474735260009766, 0.5252526998519897, 0.05653358995914459, 0.1284898966550827
320, 8.888912296295166, 48.23109436035156, 0.5176891088485718, 0.05827425792813301, 0.13163089752197266
321, 8.878790387240324, 49.75736999511719, 0.5024263262748718, 0.05727101489901543, 0.13101428747177124
322, 8.872725772857667, 49.193145751953125, 0.5080685615539551, 0.0577843002974987, 0.13159991800785065
323, 8.815997643904252, 52.06307601928711, 0.4793693423271179, 0.05685557797551155, 0.1309952586889267
324, 8.832518542896617, 48.34921646118164, 0.5165078639984131, 0.05757990851998329, 0.13094697892665863
325, 8.789231924577193, 48.64285659790039, 0.513571560382843, 0.057998672127723694, 0.13140824437141418
326, 8.784701260653408, 48.07026672363281, 0.5192974209785461, 0.05786939710378647, 0.13092787563800812
327, 8.872709048878063, 48.71152877807617, 0.5128846764564514, 0.05717352032661438, 0.13055801391601562
328, 8.745032033053311, 48.26455307006836, 0.5173544883728027, 0.05891750380396843, 0.13260020315647125
329, 8.764297849481755, 48.75765609741211, 0.512423574924469, 0.0581672377884388, 0.13178130984306335
330, 8.69364409013228, 48.30927658081055, 0.5169073343276978, 0.058099664747714996, 0.13157415390014648
331, 8.697996833107688, 48.19376754760742, 0.5180624127388, 0.05838140845298767, 0.13178618252277374
332, 8.655293065851385, 50.396759033203125, 0.4960324168205261, 0.057890307158231735, 0.1317908614873886
333, 8.60654465935447, 49.74112319946289, 0.5025887489318848, 0.05788454785943031, 0.13171851634979248
334, 8.574892156774348, 48.314823150634766, 0.5168517827987671, 0.05812573432922363, 0.13146448135375977
335, 8.612908554077148, 48.351131439208984, 0.516488790512085, 0.058678753674030304, 0.1323220282793045
336, 8.543514017625288, 49.39822769165039, 0.5060177445411682, 0.05766340717673302, 0.1312287598848343
337, 8.546783967451615, 48.079376220703125, 0.5192063450813293, 0.05669981986284256, 0.12882059812545776
338, 8.605239434675736, 48.130428314208984, 0.5186957120895386, 0.05759802088141441, 0.13068613409996033
339, 8.566983309659092, 48.12181091308594, 0.5187819004058838, 0.05760905146598816, 0.13081711530685425
340, 8.730972758206454, 48.18677520751953, 0.5181323289871216, 0.0587591677904129, 0.13216392695903778
341, 8.516860415718773, 48.02436828613281, 0.5197563767433167, 0.05782552808523178, 0.13099287450313568
342, 8.487183206731624, 48.8868293762207, 0.5111317038536072, 0.058049339801073074, 0.13170771300792694
343, 8.451774614507501, 48.973480224609375, 0.5102652311325073, 0.05774540826678276, 0.13148850202560425
344, 8.508102269606157, 48.187679290771484, 0.5181233286857605, 0.058008868247270584, 0.13126923143863678
345, 8.44646495472301, 48.03982162475586, 0.5196017622947693, 0.05815993621945381, 0.13140670955181122
346, 8.377233357862993, 47.9903450012207, 0.520096480846405, 0.058067381381988525, 0.13124047219753265
347, 8.33488712310791, 48.12479782104492, 0.5187520980834961, 0.05790254473686218, 0.13109153509140015
348, 8.320804804021662, 48.935428619384766, 0.510645866394043, 0.058071568608284, 0.13173606991767883
349, 8.280825744975697, 48.04647445678711, 0.5195353031158447, 0.05849581956863403, 0.13159221410751343
350, 8.312036904421719, 48.17959976196289, 0.5182040333747864, 0.05787237733602524, 0.13123126327991486
351, 8.295488201488148, 48.159767150878906, 0.5184023976325989, 0.058207690715789795, 0.1313994973897934
352, 8.314857612956654, 48.40580749511719, 0.5159419178962708, 0.05813455209136009, 0.13177374005317688
353, 8.292509651184082, 48.46153259277344, 0.5153847932815552, 0.05828458443284035, 0.13180024921894073
354, 8.222205413471569, 48.077552795410156, 0.5192244648933411, 0.05802493542432785, 0.13117527961730957
355, 8.172872864116322, 48.13499069213867, 0.5186501741409302, 0.05835927650332451, 0.13168135285377502
356, 8.217094456065785, 48.93838882446289, 0.5106161236763, 0.058271847665309906, 0.1320808380842209
357, 8.190872825275768, 48.08406066894531, 0.5191594958305359, 0.058957722038030624, 0.1324344277381897
358, 8.135389015891334, 48.03776168823242, 0.5196225047111511, 0.05781276896595955, 0.13089285790920258
359, 8.135043083537708, 48.08009338378906, 0.5191991329193115, 0.05797732248902321, 0.1310693770647049
360, 8.109403350136496, 48.26002883911133, 0.517399787902832, 0.05791884660720825, 0.1311783641576767
361, 8.150700664520263, 47.3121223449707, 0.526878833770752, 0.05762496590614319, 0.12982510030269623
362, 8.12360484383323, 47.923309326171875, 0.5207669734954834, 0.05780420079827309, 0.13071998953819275
363, 8.073343016884543, 48.01877975463867, 0.519812285900116, 0.05783175304532051, 0.13102738559246063
364, 8.060841265591709, 48.29220199584961, 0.5170780420303345, 0.05803605541586876, 0.13154780864715576
365, 8.030742437189275, 47.91017532348633, 0.5208983421325684, 0.057405952364206314, 0.13017390668392181
366, 8.073105144500733, 47.988407135009766, 0.5201159119606018, 0.058330025523900986, 0.13144081830978394
367, 8.343291161277078, 48.30220031738281, 0.5169780254364014, 0.058964889496564865, 0.1325128674507141
368, 8.097637323899702, 47.85855484008789, 0.5214145183563232, 0.05793369188904762, 0.13095377385616302
369, 8.017400542172519, 48.16278076171875, 0.5183722972869873, 0.05816886946558952, 0.13136696815490723
370, 8.001859855651855, 47.947174072265625, 0.5205283164978027, 0.057458654046058655, 0.13039234280586243
371, 7.9765703548084606, 48.18280029296875, 0.518172025680542, 0.058510441333055496, 0.1317160576581955
372, 7.9350407427007505, 48.07595443725586, 0.5192405581474304, 0.05915522947907448, 0.13256748020648956
373, 7.938483801755038, 48.148162841796875, 0.5185184478759766, 0.0586087591946125, 0.13182546198368073
374, 7.950771158391779, 48.803497314453125, 0.5119651556015015, 0.05834841728210449, 0.13234274089336395
375, 8.586037774519486, 49.25349426269531, 0.5074651837348938, 0.058219753205776215, 0.13211271166801453
376, 9.33290935863148, 48.356651306152344, 0.516433596611023, 0.05936243757605553, 0.1327909380197525
377, 8.244108226082542, 48.15906524658203, 0.5184094309806824, 0.0584305003285408, 0.1317986696958542
378, 8.007123903794723, 48.00865173339844, 0.5199134945869446, 0.058688510209321976, 0.13189423084259033
379, 7.966958583484996, 47.9996337890625, 0.5200037956237793, 0.058470435440540314, 0.13158339262008667
380, 7.907156970284202, 47.95881652832031, 0.5204118490219116, 0.05854690447449684, 0.13152220845222473
381, 7.851379602605646, 48.0130615234375, 0.5198694467544556, 0.058173779398202896, 0.13121291995048523
382, 7.816033259305087, 48.82240295410156, 0.5117759704589844, 0.0582461841404438, 0.13221757113933563
383, 7.8006319566206495, 48.29216384887695, 0.5170783996582031, 0.05898736044764519, 0.1324150115251541
384, 7.800256867842241, 48.102752685546875, 0.5189725160598755, 0.05889597162604332, 0.13216452300548553
385, 8.237710276517001, 47.83856964111328, 0.5216143131256104, 0.05798930674791336, 0.13071148097515106
386, 7.815844570506703, 48.18562698364258, 0.5181437730789185, 0.05867581441998482, 0.13186641037464142
387, 7.777631265466863, 49.1379280090332, 0.5086206793785095, 0.058065541088581085, 0.1320062279701233
388, 7.7306385560469195, 48.021026611328125, 0.5197897553443909, 0.05861387029290199, 0.13176922500133514
389, 7.7378342628479, 47.91486358642578, 0.5208514332771301, 0.058592893183231354, 0.1316000521183014
390, 7.701844761588356, 48.00004959106445, 0.5199995040893555, 0.05839833989739418, 0.13143284618854523
391, 7.714588321339001, 47.933597564697266, 0.5206640362739563, 0.05851144343614578, 0.1315324753522873
392, 7.661474609375, 47.464576721191406, 0.5253543257713318, 0.05779804661870003, 0.1298750787973404
393, 7.7023034702647815, 48.04951477050781, 0.5195049047470093, 0.058852702379226685, 0.13202017545700073
394, 7.664549914273349, 47.9696044921875, 0.5203039646148682, 0.058850325644016266, 0.13205987215042114
395, 7.651389104669744, 47.98508834838867, 0.5201491713523865, 0.05895061418414116, 0.13207457959651947
396, 7.647209046103738, 48.835540771484375, 0.5116446018218994, 0.05743294209241867, 0.1307339072227478
397, 7.623507543043657, 48.174224853515625, 0.5182577967643738, 0.05877593532204628, 0.13219322264194489
398, 7.595365359566428, 48.28800582885742, 0.5171200037002563, 0.0589502789080143, 0.13233821094036102
399, 7.586043513904919, 47.9748420715332, 0.5202516913414001, 0.05838165432214737, 0.13136045634746552
400, 7.570076032118364, 48.050270080566406, 0.5194973349571228, 0.058580104261636734, 0.13170365989208221
401, 7.602646506916393, 48.116634368896484, 0.5188337564468384, 0.05814717337489128, 0.13118243217468262
402, 7.54115136753429, 49.05324172973633, 0.509467601776123, 0.058505039662122726, 0.1323041319847107
403, 7.518124042857777, 47.98081970214844, 0.5201918482780457, 0.05782438442111015, 0.13077181577682495
404, 7.554526198994029, 48.03358459472656, 0.5196642279624939, 0.058854639530181885, 0.1318332701921463
405, 8.00237418088046, 48.239501953125, 0.5176051259040833, 0.0589681938290596, 0.13233532011508942
406, 10.487788876620206, 48.04841232299805, 0.5195159316062927, 0.05813406780362129, 0.13109129667282104
407, 8.366536374525591, 47.9793586730957, 0.5202064514160156, 0.05866306275129318, 0.13163472712039948
408, 7.950410175323486, 47.99272537231445, 0.5200727581977844, 0.05775726959109306, 0.1306106448173523
409, 7.772544340653853, 48.5743293762207, 0.5142567753791809, 0.05919681116938591, 0.13285011053085327
410, 7.702344920418479, 48.25690460205078, 0.5174309611320496, 0.05818839371204376, 0.13145394623279572
411, 7.6398021524602715, 48.176116943359375, 0.5182388424873352, 0.058338798582553864, 0.13138990104198456
412, 7.617546783794056, 47.93605422973633, 0.5206395387649536, 0.05822044238448143, 0.13106685876846313
413, 7.59887001731179, 47.94635772705078, 0.5205365419387817, 0.05785883963108063, 0.13056226074695587
414, 7.509943866729737, 48.11599349975586, 0.5188400745391846, 0.05886150524020195, 0.13193607330322266
415, 7.490070845864036, 48.093448638916016, 0.5190656185150146, 0.05859844759106636, 0.13182687759399414
416, 7.45894342769276, 48.048675537109375, 0.5195132493972778, 0.057917602360248566, 0.13086706399917603
417, 7.432517225092107, 47.984806060791016, 0.5201519727706909, 0.05783190205693245, 0.13067317008972168
418, 7.428336889093573, 48.141178131103516, 0.5185883045196533, 0.05873072147369385, 0.13197799026966095
419, 7.431331651861018, 48.21327590942383, 0.5178673267364502, 0.05856971815228462, 0.13171477615833282
420, 7.407270995053378, 48.117820739746094, 0.5188218355178833, 0.05823546275496483, 0.13135316967964172
421, 7.43407094261863, 48.01652145385742, 0.5198348760604858, 0.05788908153772354, 0.13070081174373627
422, 7.39889664216475, 48.007171630859375, 0.5199283361434937, 0.05861940234899521, 0.1316106915473938
423, 7.377451324462891, 47.668521881103516, 0.5233148336410522, 0.057198233902454376, 0.12923119962215424
424, 7.341626878218217, 48.146095275878906, 0.5185390710830688, 0.058671291917562485, 0.13166755437850952
425, 7.354941914298317, 48.146968841552734, 0.5185303688049316, 0.05783933773636818, 0.13083401322364807
426, 7.765446463498202, 48.08758544921875, 0.5191242098808289, 0.05886528640985489, 0.1321343332529068
427, 7.435096064480868, 48.24003219604492, 0.5175997614860535, 0.05929175019264221, 0.13275930285453796
428, 7.335496633703058, 47.965396881103516, 0.5203461050987244, 0.057943470776081085, 0.13034765422344208
429, 7.302392604134299, 48.086570739746094, 0.5191342830657959, 0.05899522453546524, 0.13225047290325165
430, 7.297408043254506, 48.08061599731445, 0.5191938877105713, 0.058236751705408096, 0.13127893209457397
431, 7.352522962743586, 48.10688018798828, 0.5189312100410461, 0.05873193219304085, 0.1320299506187439
432, 7.2597519007596105, 48.093345642089844, 0.519066572189331, 0.057531822472810745, 0.1304495632648468
433, 7.271096411618319, 48.13595962524414, 0.518640398979187, 0.05871564894914627, 0.1319553554058075
434, 7.225700855255127, 48.12318801879883, 0.5187680721282959, 0.059186629951000214, 0.13252083957195282
435, 7.240559820695357, 47.976539611816406, 0.5202345848083496, 0.058220937848091125, 0.1310550421476364
436, 7.225998314944181, 47.96560287475586, 0.5203439593315125, 0.05835289508104324, 0.13120411336421967
437, 7.235122273185036, 47.99252700805664, 0.5200747847557068, 0.05839928612112999, 0.13144534826278687
438, 7.192813717235218, 49.78831481933594, 0.5021169185638428, 0.058729127049446106, 0.13319222629070282
439, 7.194651716405695, 48.009456634521484, 0.5199054479598999, 0.05930735915899277, 0.13256512582302094
440, 7.182461990009655, 47.91890335083008, 0.5208110213279724, 0.05744347721338272, 0.13004924356937408
441, 7.17835653478449, 48.07798385620117, 0.519220232963562, 0.058062709867954254, 0.13085831701755524
442, 7.170278696580366, 48.23677444458008, 0.5176323056221008, 0.05961993336677551, 0.1332646757364273
443, 7.146349378065629, 48.121620178222656, 0.5187838673591614, 0.05893928185105324, 0.13224896788597107
444, 7.152350052920255, 48.079689025878906, 0.5192031264305115, 0.05831196531653404, 0.13143664598464966
445, 7.158121767911044, 48.110836029052734, 0.5188916921615601, 0.05897756665945053, 0.13230663537979126
446, 7.132854929837314, 48.274505615234375, 0.5172549486160278, 0.05860111489892006, 0.13196752965450287
447, 7.1173722440546205, 48.13090133666992, 0.5186910033226013, 0.05898837372660637, 0.1320071965456009
448, 7.104294516823509, 48.80074691772461, 0.5119926333427429, 0.05826917663216591, 0.13180024921894073
449, 7.150806192918258, 48.188045501708984, 0.5181195735931396, 0.05887509137392044, 0.13231980800628662
450, 7.097487137534402, 48.084075927734375, 0.5191593170166016, 0.058244939893484116, 0.131252720952034
451, 7.076134334911, 47.99244689941406, 0.5200756192207336, 0.05829857662320137, 0.13124911487102509
452, 7.07469648881392, 48.16317367553711, 0.5183683633804321, 0.05916277691721916, 0.13253985345363617
453, 7.058359805020419, 48.863372802734375, 0.5113663673400879, 0.05864598602056503, 0.1321997195482254
454, 7.060500153628262, 48.05548095703125, 0.5194453001022339, 0.05900675803422928, 0.13222718238830566
455, 7.054440411654386, 48.00090026855469, 0.5199910998344421, 0.05817294865846634, 0.13124416768550873
456, 7.045699258284135, 49.055362701416016, 0.5094464421272278, 0.05850374326109886, 0.1322619467973709
457, 7.031757935610685, 48.86376953125, 0.5113624334335327, 0.057797711342573166, 0.1314290165901184
458, 7.067625219171697, 47.964088439941406, 0.5203591585159302, 0.05922552943229675, 0.13229532539844513
459, 7.020715271342884, 48.011451721191406, 0.5198854207992554, 0.058632541447877884, 0.13178054988384247
460, 7.032904633608731, 48.91524124145508, 0.5108476281166077, 0.05916900932788849, 0.1330021470785141
461, 7.010906921733509, 47.97562026977539, 0.5202438235282898, 0.05894190073013306, 0.13208091259002686
462, 6.9783341147682885, 48.97795104980469, 0.5102205276489258, 0.058277685195207596, 0.13203449547290802
463, 6.974795948375355, 48.093753814697266, 0.5190626382827759, 0.05814298242330551, 0.13107232749462128
464, 6.9639846368269485, 48.06642150878906, 0.5193358659744263, 0.05751936510205269, 0.1303018480539322
465, 6.949193139509721, 48.072410583496094, 0.519275963306427, 0.05816983804106712, 0.13104248046875
466, 6.961999841169877, 48.105716705322266, 0.5189428329467773, 0.05875912681221962, 0.13206301629543304
467, 6.963200915943492, 48.115936279296875, 0.5188407301902771, 0.05860139802098274, 0.13173887133598328
468, 6.961825986341997, 48.2249870300293, 0.5177502036094666, 0.058527883142232895, 0.13183124363422394
469, 6.956596695293079, 48.03217315673828, 0.5196783542633057, 0.05867249146103859, 0.13180860877037048
470, 6.926408802379261, 48.12554931640625, 0.5187445878982544, 0.05820750817656517, 0.1312367171049118
471, 7.1773616704073815, 48.10254669189453, 0.5189746022224426, 0.05870092287659645, 0.13193821907043457
472, 6.958706491643732, 48.07081985473633, 0.519291877746582, 0.0579441599547863, 0.13085389137268066
473, 6.988841412284158, 48.168392181396484, 0.5183161497116089, 0.0586736798286438, 0.1318361610174179
474, 7.496648788452148, 48.25600814819336, 0.5174399614334106, 0.05785248056054115, 0.13101261854171753
475, 6.978821112892844, 47.864131927490234, 0.5213587880134583, 0.057658471167087555, 0.12982095777988434
476, 6.920735281163996, 48.89631271362305, 0.5110369324684143, 0.058324962854385376, 0.1320715695619583
477, 6.850296055186878, 47.5357780456543, 0.5246422290802002, 0.05718342587351799, 0.1291339248418808
478, 6.871483317288486, 48.20439147949219, 0.5179561376571655, 0.058219969272613525, 0.13112851977348328
479, 6.8661149805242365, 47.9575309753418, 0.5204247236251831, 0.05819772556424141, 0.13114267587661743
480, 6.827949281172319, 48.084129333496094, 0.5191588401794434, 0.05822675675153732, 0.13127709925174713
481, 6.830961574207652, 48.08183288574219, 0.5191816687583923, 0.058124326169490814, 0.13107046484947205
482, 6.939764725078236, 47.48695755004883, 0.5251305103302002, 0.05780128762125969, 0.12988756597042084
483, 6.8383487528020686, 48.19975280761719, 0.518002450466156, 0.058741942048072815, 0.13199448585510254
484, 6.81668477491899, 48.29069137573242, 0.5170931220054626, 0.059180378913879395, 0.13260076940059662
485, 6.8044135873967955, 48.24482727050781, 0.5175517797470093, 0.058428432792425156, 0.13156023621559143
486, 6.781286976554177, 48.14443588256836, 0.518555760383606, 0.058207783848047256, 0.1312531679868698
487, 6.767290938984264, 48.25278091430664, 0.5174722075462341, 0.0586995892226696, 0.13205204904079437
488, 6.7756190386685455, 47.946807861328125, 0.520531952381134, 0.05803440883755684, 0.13086268305778503
489, 6.752688017758456, 48.02081298828125, 0.5197919607162476, 0.05840688198804855, 0.1313513219356537
490, 6.758990053697066, 47.96826171875, 0.5203174352645874, 0.05830258131027222, 0.13129007816314697
491, 6.8834742459383875, 48.457664489746094, 0.5154234170913696, 0.05866380035877228, 0.13202115893363953
492, 6.842922592163086, 48.318546295166016, 0.516814649105072, 0.05917108431458473, 0.1325184851884842
493, 6.744513502987949, 48.116722106933594, 0.5188328623771667, 0.058616604655981064, 0.13173945248126984
494, 6.72253696268255, 48.39394760131836, 0.5160605907440186, 0.05927673727273941, 0.13284023106098175
495, 6.706245274977251, 48.84421157836914, 0.511557936668396, 0.0579385906457901, 0.13149970769882202
496, 6.6949080467224125, 48.10901641845703, 0.5189099311828613, 0.05785093083977699, 0.13077719509601593
497, 6.726192665100098, 48.868865966796875, 0.5113113522529602, 0.05897170677781105, 0.13286064565181732
498, 6.733225883137096, 48.161312103271484, 0.5183870196342468, 0.058035947382450104, 0.13102394342422485
499, 6.702357552268288, 48.20450973510742, 0.51795494556427, 0.058854617178440094, 0.13202792406082153
500, 6.710340881347657, 47.87617874145508, 0.5212382078170776, 0.05763900279998779, 0.13029007613658905
