Epoch, Train_loss, Val_loss, SSIM, MSE, MAE
1, 1.65109614350579, 0.3745816946029663, 0.01343272440135479, 0.15499527752399445, 0.36137738823890686
2, 0.2586877299980684, 0.260160356760025, 0.024846317246556282, 0.14665810763835907, 0.3599218428134918
3, 0.19825466844168577, 0.23082919418811798, 0.03140728175640106, 0.14353784918785095, 0.35808229446411133
4, 0.17792425589127975, 0.19443941116333008, 0.03414781764149666, 0.1386614888906479, 0.3530018627643585
5, 0.16625552285801282, 0.18084482848644257, 0.03562178835272789, 0.13618884980678558, 0.35038313269615173
6, 0.1598994498903101, 0.1731220930814743, 0.03622160106897354, 0.13608406484127045, 0.3505309820175171
7, 0.15470367561687123, 0.16810055077075958, 0.03726610168814659, 0.13239987194538116, 0.3455936312675476
8, 0.1512331567027352, 0.16416805982589722, 0.03722703829407692, 0.13399957120418549, 0.3477519452571869
9, 0.1481188029050827, 0.16021345555782318, 0.03737776726484299, 0.13167554140090942, 0.3446870744228363
10, 0.1452254815535112, 0.1560298055410385, 0.038105275481939316, 0.12794660031795502, 0.33969154953956604
11, 0.1433194412426515, 0.15301750600337982, 0.038010790944099426, 0.12790384888648987, 0.3396665155887604
12, 0.1410608714277094, 0.15039555728435516, 0.038949817419052124, 0.12681370973587036, 0.3383556604385376
13, 0.13901508152484893, 0.14918825030326843, 0.03962862864136696, 0.1254810094833374, 0.33646905422210693
14, 0.13691914596340873, 0.14798063039779663, 0.039805587381124496, 0.12531287968158722, 0.3363119959831238
15, 0.13561294674873353, 0.15282899141311646, 0.03971276432275772, 0.12550067901611328, 0.3359583914279938
16, 0.13411451903256502, 0.1475939154624939, 0.04087214544415474, 0.12351691722869873, 0.3331823945045471
17, 0.13296639241955496, 0.14345723390579224, 0.044762205332517624, 0.12043120712041855, 0.3294292092323303
18, 0.13124035163359207, 0.13973724842071533, 0.042737822979688644, 0.12001408636569977, 0.3288745880126953
19, 0.13014527396722272, 0.13958320021629333, 0.04195855185389519, 0.11958956718444824, 0.3282877802848816
20, 0.12919562811201268, 0.13640400767326355, 0.04255102574825287, 0.11855919659137726, 0.32696211338043213
21, 0.12806348976763812, 0.1358703076839447, 0.04288950935006142, 0.11686661839485168, 0.3241788148880005
22, 0.12683477184989236, 0.13444893062114716, 0.04317473620176315, 0.11662815511226654, 0.3240310251712799
23, 0.12667198167605834, 0.13165375590324402, 0.0441962294280529, 0.11508911103010178, 0.3215232193470001
24, 0.12417866723103957, 0.13165850937366486, 0.04456110671162605, 0.11435136944055557, 0.32055211067199707
25, 0.12404009604995901, 0.13034668564796448, 0.04489017650485039, 0.11347347497940063, 0.31920546293258667
26, 0.12300471026789059, 0.1291961967945099, 0.046165015548467636, 0.11279608309268951, 0.31837236881256104
27, 0.12096520865505392, 0.12629441916942596, 0.046619415283203125, 0.1116454228758812, 0.31660354137420654
28, 0.1201174868778749, 0.12750393152236938, 0.04672268033027649, 0.11103766411542892, 0.3156220614910126
29, 0.11964662183414806, 0.1264236718416214, 0.04823463037610054, 0.1100638136267662, 0.3142029941082001
30, 0.11954813694412059, 0.12391659617424011, 0.049555420875549316, 0.10920402407646179, 0.31303825974464417
31, 0.11730984462933107, 0.12601588666439056, 0.04981634020805359, 0.10852037370204926, 0.31176120042800903
32, 0.11634205078536813, 0.12224484235048294, 0.053315844386816025, 0.10706085711717606, 0.30966392159461975
33, 0.11514776958660645, 0.12084326148033142, 0.05177180469036102, 0.106486976146698, 0.3087913691997528
34, 0.11399666260589253, 0.12034749984741211, 0.05267156660556793, 0.10585251450538635, 0.3077755570411682
35, 0.11424881734631279, 0.11879492551088333, 0.05407865345478058, 0.10511507093906403, 0.3066246807575226
36, 0.11250850341536782, 0.11792431026697159, 0.05410708859562874, 0.10440971702337265, 0.3055077791213989
37, 0.11212820356542413, 0.11720416694879532, 0.055245012044906616, 0.1034352034330368, 0.30400505661964417
38, 0.1105683989145539, 0.11734836548566818, 0.05629277601838112, 0.10225986689329147, 0.30194878578186035
39, 0.11098556112159383, 0.11617246270179749, 0.05680910125374794, 0.10159854590892792, 0.30086445808410645
40, 0.11058650518005544, 0.11416621506214142, 0.05818727985024452, 0.1006234809756279, 0.2994994819164276
41, 0.10838170498609542, 0.11414029449224472, 0.05876703932881355, 0.0995568260550499, 0.2975543737411499
42, 0.1075207142667337, 0.11277968436479568, 0.059338998049497604, 0.09925753623247147, 0.2971802353858948
43, 0.1064194538376548, 0.11311240494251251, 0.059950802475214005, 0.09811714291572571, 0.29524627327919006
44, 0.10588299862363122, 0.11129925400018692, 0.06083540990948677, 0.09740154445171356, 0.29417091608047485
45, 0.10516707870093259, 0.10969959199428558, 0.06100236997008324, 0.09709671139717102, 0.2937043309211731
46, 0.1034373631531542, 0.11297440528869629, 0.06878260523080826, 0.09597300738096237, 0.29177579283714294
47, 0.10443749820644205, 0.10617147386074066, 0.06390741467475891, 0.09518864005804062, 0.29066041111946106
48, 0.10187173905697736, 0.10748729109764099, 0.06294987350702286, 0.09510622173547745, 0.29042187333106995
49, 0.1019011142578992, 0.10549883544445038, 0.06466598808765411, 0.09389467537403107, 0.2885049879550934
50, 0.10095943795009092, 0.1041770875453949, 0.06534656137228012, 0.09262008965015411, 0.2862066328525543
51, 0.10078696351159702, 0.1046866849064827, 0.06543774902820587, 0.09203992038965225, 0.2852918803691864
52, 0.09964677136052738, 0.10319951176643372, 0.06672212481498718, 0.09141754359006882, 0.28421303629875183
53, 0.09871261715888976, 0.10363675653934479, 0.0674906000494957, 0.09094715863466263, 0.2834506630897522
54, 0.09748420214111155, 0.10134702920913696, 0.06729690730571747, 0.09000532329082489, 0.2818497121334076
55, 0.09712722938169133, 0.10434788465499878, 0.07110970467329025, 0.08936413377523422, 0.2806207835674286
56, 0.09666543968699196, 0.10039665549993515, 0.06798821687698364, 0.0887276828289032, 0.27961254119873047
57, 0.09590554508295926, 0.10099475085735321, 0.06945149600505829, 0.0878792330622673, 0.27819186449050903
58, 0.09553852880542929, 0.0988764688372612, 0.07189874351024628, 0.0867796316742897, 0.2760898470878601
59, 0.09430333199826153, 0.09979778528213501, 0.07030238956212997, 0.08656623959541321, 0.2758679986000061
60, 0.09401995187455958, 0.09976402670145035, 0.06948384642601013, 0.08692873269319534, 0.27551302313804626
61, 0.09348970597440547, 0.09864449501037598, 0.07147055864334106, 0.08583367615938187, 0.2747138440608978
62, 0.09212969080968336, 0.09559567272663116, 0.07124015688896179, 0.08399763703346252, 0.2711241543292999
63, 0.09102334082126617, 0.09555376321077347, 0.0718955546617508, 0.08457744866609573, 0.27243101596832275
64, 0.09142280193892392, 0.09491729736328125, 0.07222554087638855, 0.08350835740566254, 0.2704526484012604
65, 0.08972464000636882, 0.09503111988306046, 0.07213834673166275, 0.08256740123033524, 0.2686568796634674
66, 0.08976421437480232, 0.09484142065048218, 0.0726485326886177, 0.0823589563369751, 0.26823511719703674
67, 0.0888112484054132, 0.09159223735332489, 0.07274152338504791, 0.08135288953781128, 0.2665647566318512
68, 0.08810041871937839, 0.09250226616859436, 0.07249286025762558, 0.080670066177845, 0.2650989294052124
69, 0.08774326592683793, 0.09309042990207672, 0.07368995249271393, 0.08008059114217758, 0.2640344500541687
70, 0.0870913490653038, 0.09008406102657318, 0.07436448335647583, 0.07910999655723572, 0.2621988356113434
71, 0.08616452542218295, 0.08875856548547745, 0.07441125810146332, 0.07876124978065491, 0.26149970293045044
72, 0.0855646174062382, 0.08684802055358887, 0.07410193979740143, 0.07823560386896133, 0.26057517528533936
73, 0.08444886668161912, 0.08893733471632004, 0.07479297369718552, 0.07755866646766663, 0.2591438591480255
74, 0.08420615927739576, 0.0911843478679657, 0.0737171471118927, 0.07888981699943542, 0.26098769903182983
75, 0.08403570435263893, 0.0873112827539444, 0.07529492676258087, 0.07665285468101501, 0.2575311064720154
76, 0.08295778171582656, 0.0866512656211853, 0.07603953778743744, 0.07601732015609741, 0.2563207447528839
77, 0.08302287391640924, 0.08960847556591034, 0.07663475722074509, 0.07740239799022675, 0.25806117057800293
78, 0.08227276341481642, 0.08449368178844452, 0.07663454860448837, 0.07470360398292542, 0.2538374066352844
79, 0.08156015439466997, 0.08287134766578674, 0.0758097916841507, 0.07445614039897919, 0.2533646523952484
80, 0.08134732774712823, 0.08391091227531433, 0.07690134644508362, 0.07385082542896271, 0.2522660195827484
81, 0.08011078455231406, 0.08350970596075058, 0.08083456754684448, 0.07283814996480942, 0.2500060498714447
82, 0.0791650349443609, 0.08177150785923004, 0.07713088393211365, 0.0726652666926384, 0.24987944960594177
83, 0.07924568165432323, 0.08157052099704742, 0.07662723958492279, 0.07216305285692215, 0.2487945854663849
84, 0.07843491760167208, 0.08090876787900925, 0.07704992592334747, 0.0713859423995018, 0.24725209176540375
85, 0.07807733944871209, 0.08111074566841125, 0.07829926908016205, 0.07081177830696106, 0.24606820940971375
86, 0.07696757370775396, 0.08272959291934967, 0.07781558483839035, 0.07045804709196091, 0.24532447755336761
87, 0.07677821923385966, 0.08031896501779556, 0.07816018909215927, 0.07048267871141434, 0.245514377951622
88, 0.07713863294232975, 0.08388242870569229, 0.077210932970047, 0.07035060226917267, 0.24523136019706726
89, 0.0765762827613137, 0.07782694697380066, 0.07819601893424988, 0.06934832036495209, 0.24321617186069489
90, 0.07496901520273902, 0.07656250894069672, 0.07895096391439438, 0.06834296137094498, 0.24113161861896515
91, 0.07402697056531907, 0.0769517719745636, 0.07926634699106216, 0.0680454820394516, 0.24048425257205963
92, 0.07467783472754738, 0.07773907482624054, 0.07751473784446716, 0.06821735203266144, 0.24074944853782654
93, 0.07503626238216053, 0.07689841091632843, 0.07769519090652466, 0.06771882623434067, 0.23970940709114075
94, 0.0740595751188018, 0.07819458097219467, 0.07873167842626572, 0.06717844307422638, 0.23870936036109924
95, 0.07285030443559994, 0.07483651489019394, 0.07918892800807953, 0.06633595377206802, 0.23701849579811096
96, 0.0719158175316724, 0.07506603002548218, 0.07840737700462341, 0.06570504605770111, 0.23553763329982758
97, 0.07184260311451825, 0.07429894804954529, 0.07878793030977249, 0.06548450142145157, 0.23523548245429993
98, 0.0713478611274199, 0.07444509863853455, 0.07922597974538803, 0.06521109491586685, 0.23462004959583282
99, 0.07106697301972996, 0.07402481883764267, 0.07979469746351242, 0.06465381383895874, 0.2334507554769516
100, 0.0701274036006494, 0.07417474687099457, 0.0793297216296196, 0.06399510055780411, 0.23196280002593994
101, 0.0698758678002791, 0.07472734898328781, 0.07961031794548035, 0.0640798807144165, 0.23240724205970764
102, 0.06965536055239764, 0.07231274247169495, 0.07989569008350372, 0.06302475184202194, 0.22989825904369354
103, 0.06864329901608554, 0.07122544199228287, 0.07926672697067261, 0.06282686442136765, 0.22958724200725555
104, 0.06866504956375469, 0.07251384109258652, 0.08023884147405624, 0.06216031312942505, 0.22811707854270935
105, 0.06769993616776034, 0.07095102965831757, 0.07942526787519455, 0.062120839953422546, 0.22803568840026855
106, 0.06767203225330873, 0.07102899998426437, 0.08282070606946945, 0.06139731779694557, 0.22653724253177643
107, 0.067145736515522, 0.07042204588651657, 0.08479239046573639, 0.06073712185025215, 0.2250700443983078
108, 0.0660909273407676, 0.06996606290340424, 0.08056755363941193, 0.060628775507211685, 0.2247411161661148
109, 0.06632361899722707, 0.06860002875328064, 0.08030793070793152, 0.06005331873893738, 0.22338740527629852
110, 0.06533078470013358, 0.06831593811511993, 0.08108348399400711, 0.059770260006189346, 0.22270725667476654
111, 0.06635371514342048, 0.06892548501491547, 0.08119422197341919, 0.059498511254787445, 0.2223370373249054
112, 0.0649306140162728, 0.06755658239126205, 0.0794154554605484, 0.05931941792368889, 0.2217094898223877
113, 0.06470304348252036, 0.06892767548561096, 0.08086773753166199, 0.05895635485649109, 0.2209983617067337
114, 0.06516902575438673, 0.06732331216335297, 0.08124198764562607, 0.05773798003792763, 0.21801477670669556
115, 0.06534674675627188, 0.06598290055990219, 0.08144152909517288, 0.05746689438819885, 0.21765296161174774
116, 0.06289834210818464, 0.06551381945610046, 0.08127477020025253, 0.05765897035598755, 0.2179907262325287
117, 0.062166424840688704, 0.06549637019634247, 0.08196216076612473, 0.05730539187788963, 0.21711255609989166
118, 0.06232267232103781, 0.06482429802417755, 0.0816398337483406, 0.056795086711645126, 0.21612952649593353
119, 0.06253711059689522, 0.06497601419687271, 0.08113411068916321, 0.05633625015616417, 0.21505729854106903
120, 0.06090122867714275, 0.06281774491071701, 0.08249202370643616, 0.055525172501802444, 0.21312344074249268
121, 0.06091955818913199, 0.06494107097387314, 0.08213771879673004, 0.05547364801168442, 0.21303853392601013
122, 0.060787163810296495, 0.06328724324703217, 0.0820525586605072, 0.05497628077864647, 0.21185682713985443
123, 0.0608300272714008, 0.0642085000872612, 0.08269762992858887, 0.054794006049633026, 0.21147464215755463
124, 0.06080741801045158, 0.06252419948577881, 0.08187663555145264, 0.05471406504511833, 0.21121856570243835
125, 0.05925359874963761, 0.06159035861492157, 0.08198994398117065, 0.05426719784736633, 0.21003186702728271
126, 0.05917989320375703, 0.06506954878568649, 0.08116915822029114, 0.05485853552818298, 0.2103455662727356
127, 0.05877392617138949, 0.06600824743509293, 0.0923224464058876, 0.05309941619634628, 0.20718294382095337
128, 0.058305414766073226, 0.06129572540521622, 0.08281058073043823, 0.05298593267798424, 0.20717565715312958
129, 0.05814174176617102, 0.0604611411690712, 0.08143780380487442, 0.05248495191335678, 0.20603428781032562
130, 0.05751131325960159, 0.061750367283821106, 0.08242933452129364, 0.05203240364789963, 0.2047969549894333
131, 0.05827507024461573, 0.060928020626306534, 0.08334159851074219, 0.05199847370386124, 0.20471876859664917
132, 0.056711756844412195, 0.05856754630804062, 0.08282067626714706, 0.05172291770577431, 0.2040531486272812
133, 0.056962586803869765, 0.06013097986578941, 0.08677554875612259, 0.051084719598293304, 0.20221473276615143
134, 0.05681871534748511, 0.06023171916604042, 0.08216484636068344, 0.0508694127202034, 0.20187924802303314
135, 0.056517604941671545, 0.058165520429611206, 0.08334521949291229, 0.05086331069469452, 0.20197634398937225
136, 0.05493819171732122, 0.06044885516166687, 0.08327943086624146, 0.04999762773513794, 0.19983242452144623
137, 0.0555862078612501, 0.0582091249525547, 0.08322116732597351, 0.04993041232228279, 0.1994636058807373
138, 0.054681516709652815, 0.05795639008283615, 0.0832500159740448, 0.049409251660108566, 0.19811195135116577
139, 0.0547875272279436, 0.057901863008737564, 0.08394329994916916, 0.049147263169288635, 0.19758166372776031
140, 0.054260470447215166, 0.06078838184475899, 0.08229678869247437, 0.05004074424505234, 0.19847172498703003
141, 0.05461436042731459, 0.05634235218167305, 0.08399887382984161, 0.048762302845716476, 0.19646258652210236
142, 0.053595224767923354, 0.05619930848479271, 0.08388782292604446, 0.04873662814497948, 0.19646701216697693
143, 0.05356938683173873, 0.05559590831398964, 0.08368802815675735, 0.048021044582128525, 0.19467802345752716
144, 0.053189687024463306, 0.056052304804325104, 0.0838441401720047, 0.04808221384882927, 0.1946655660867691
145, 0.05276387476108291, 0.05698734521865845, 0.0839117020368576, 0.04743419960141182, 0.19290027022361755
146, 0.05267488556829366, 0.056281279772520065, 0.08478564769029617, 0.04742416739463806, 0.1930524706840515
147, 0.05302112088962035, 0.05470045283436775, 0.08442354202270508, 0.0471576564013958, 0.1922711730003357
148, 0.05158517570658164, 0.05475171282887459, 0.08529750257730484, 0.04665099456906319, 0.1909407377243042
149, 0.05110317705707117, 0.05374812334775925, 0.08527304977178574, 0.04634089767932892, 0.19028031826019287
150, 0.051213734258304944, 0.056000713258981705, 0.0856551006436348, 0.04639466106891632, 0.19001899659633636
151, 0.051265810294584796, 0.0540667325258255, 0.08601619303226471, 0.04593772068619728, 0.18921932578086853
152, 0.050179555402560666, 0.05337578430771828, 0.08587758988142014, 0.045133259147405624, 0.18708844482898712
153, 0.05177114511078054, 0.05325309932231903, 0.08445104211568832, 0.04524466022849083, 0.18728633224964142
154, 0.05041364803910255, 0.05327975004911423, 0.08550181984901428, 0.04515572264790535, 0.18705491721630096
155, 0.049738065085627815, 0.05102188140153885, 0.0855703130364418, 0.04483187571167946, 0.18612395226955414
156, 0.049074967408722095, 0.05140646547079086, 0.08584067970514297, 0.04430380463600159, 0.18464797735214233
157, 0.04870153523304246, 0.05303742364048958, 0.08575113862752914, 0.04384291172027588, 0.18355081975460052
158, 0.0488882725211707, 0.05157225951552391, 0.0851026326417923, 0.04379728063941002, 0.18332667648792267
159, 0.049561224742369216, 0.05130594223737717, 0.08665935695171356, 0.04361828789114952, 0.18279360234737396
160, 0.048384208435362036, 0.05077323690056801, 0.08657583594322205, 0.043197762221097946, 0.1814287304878235
161, 0.04771626361391761, 0.04987577348947525, 0.08605397492647171, 0.0431925393640995, 0.18160338699817657
162, 0.04765194837342609, 0.04993131011724472, 0.0860258936882019, 0.04264424741268158, 0.17993363738059998
163, 0.04866910556500608, 0.05169863626360893, 0.08735868334770203, 0.04259440302848816, 0.18001289665699005
164, 0.04746982062404806, 0.049211833626031876, 0.08681365102529526, 0.04236212745308876, 0.17914524674415588
165, 0.047031954337250104, 0.05135923624038696, 0.08634302765130997, 0.04198320582509041, 0.17799314856529236
166, 0.04678980518471111, 0.0497504323720932, 0.08659887313842773, 0.041779715567827225, 0.17752571403980255
167, 0.046113842793486334, 0.05124860256910324, 0.08658560365438461, 0.04163423553109169, 0.17718316614627838
168, 0.04654356932098215, 0.04891299083828926, 0.08681081235408783, 0.04117272421717644, 0.17573261260986328
169, 0.04565875868905674, 0.04837469384074211, 0.08697670698165894, 0.0414748340845108, 0.17622624337673187
170, 0.0458934484557672, 0.04809112846851349, 0.0872611254453659, 0.04059969261288643, 0.17430372536182404
171, 0.04542115791277452, 0.048114802688360214, 0.08767767995595932, 0.0406063012778759, 0.1741853952407837
172, 0.045416186479004944, 0.05225048586726189, 0.09332383424043655, 0.04008489102125168, 0.17242489755153656
173, 0.04548848034306006, 0.04816286638379097, 0.08672221750020981, 0.04025428369641304, 0.1729641705751419
174, 0.044397736205296086, 0.0474577359855175, 0.08763715624809265, 0.040118712931871414, 0.17259816825389862
175, 0.04469164271246303, 0.04712484031915665, 0.08840053528547287, 0.03985040262341499, 0.1718054860830307
176, 0.044615228135477414, 0.051124732941389084, 0.0856483057141304, 0.04096085578203201, 0.1731962263584137
177, 0.0450213532556187, 0.046965695917606354, 0.08811194449663162, 0.03924311324954033, 0.17002078890800476
178, 0.04375833848660642, 0.046502795070409775, 0.08792458474636078, 0.03908560052514076, 0.16960637271404266
179, 0.043977730653502724, 0.04683508351445198, 0.09456009417772293, 0.038628146052360535, 0.16800212860107422
180, 0.0430838024074381, 0.04537858068943024, 0.08827213197946548, 0.03909217566251755, 0.1692819595336914
181, 0.042979363081130116, 0.04697231948375702, 0.0935540720820427, 0.03803594782948494, 0.1661163717508316
182, 0.0432003342969851, 0.04602690413594246, 0.08885987848043442, 0.037836045026779175, 0.16599592566490173
183, 0.04316169971769506, 0.04583510383963585, 0.08764364570379257, 0.03863449767231941, 0.1679951548576355
184, 0.042338347231799904, 0.04439542070031166, 0.08897200226783752, 0.0377735011279583, 0.1653580367565155
185, 0.041891310770403256, 0.045282408595085144, 0.08888329565525055, 0.03774847462773323, 0.1651371866464615
186, 0.042856467108834874, 0.04860074445605278, 0.08826865255832672, 0.03737108036875725, 0.16398827731609344
187, 0.04215149445967241, 0.04462255910038948, 0.08982624113559723, 0.03717594966292381, 0.16340665519237518
188, 0.04162158044901761, 0.04418158531188965, 0.0894247516989708, 0.037308137863874435, 0.16375382244586945
189, 0.04120318293571472, 0.04467063024640083, 0.09005039185285568, 0.03705339506268501, 0.1629675179719925
190, 0.04164905141700398, 0.04330310970544815, 0.08904745429754257, 0.03657383844256401, 0.16153770685195923
191, 0.040845915133302865, 0.044317226856946945, 0.08930735290050507, 0.03643368184566498, 0.16098955273628235
192, 0.04127535921606151, 0.04652351140975952, 0.09069909155368805, 0.036340486258268356, 0.16081607341766357
193, 0.04125228117812763, 0.04352150112390518, 0.09570246189832687, 0.0358821377158165, 0.15900863707065582
194, 0.040750790319659495, 0.0451173409819603, 0.08887220174074173, 0.0361354760825634, 0.1599932461977005
195, 0.04035407535054467, 0.0434081144630909, 0.09017865359783173, 0.03573387488722801, 0.15878717601299286
196, 0.039794295213439246, 0.04437354579567909, 0.08902249485254288, 0.03568277508020401, 0.1582316905260086
197, 0.04087501263076609, 0.041904695332050323, 0.09005201607942581, 0.03512071818113327, 0.15689608454704285
198, 0.040009589425542134, 0.04395610839128494, 0.08997233957052231, 0.03543257713317871, 0.157415971159935
199, 0.039041061225262554, 0.043685026466846466, 0.09141313284635544, 0.03534378111362457, 0.1571628898382187
200, 0.04090683765032075, 0.04922584816813469, 0.09100731462240219, 0.03516816720366478, 0.1565944403409958
201, 0.039499461989511146, 0.04077054187655449, 0.09117305278778076, 0.03458688408136368, 0.15496115386486053
202, 0.03825806806033308, 0.04350161552429199, 0.09711577743291855, 0.034516580402851105, 0.1543634980916977
203, 0.038997230611064214, 0.042064372450113297, 0.09060993790626526, 0.03489895164966583, 0.1554960161447525
204, 0.037945191562175754, 0.041165828704833984, 0.0908629298210144, 0.03431686758995056, 0.15398822724819183
205, 0.03890111365101554, 0.04090002551674843, 0.09102494269609451, 0.03408636897802353, 0.15307913720607758
206, 0.0386011543599042, 0.04279770702123642, 0.0958482176065445, 0.034080538898706436, 0.15249137580394745
207, 0.038503905318000096, 0.043086402118206024, 0.0963217169046402, 0.033925700932741165, 0.15212437510490417
208, 0.038032764264128424, 0.041143640875816345, 0.09662647545337677, 0.033623285591602325, 0.15112778544425964
209, 0.0382932802492922, 0.04371730983257294, 0.09111552685499191, 0.03382585942745209, 0.15162405371665955
210, 0.038289520821788096, 0.040768373757600784, 0.09190495312213898, 0.03356035798788071, 0.15061764419078827
211, 0.03695800988511606, 0.04143453761935234, 0.0926278755068779, 0.03306817635893822, 0.1493864506483078
212, 0.03737770102240823, 0.04103396087884903, 0.09272586554288864, 0.033205777406692505, 0.14968807995319366
213, 0.0374855865131725, 0.042072076350450516, 0.0931340754032135, 0.03302201256155968, 0.14887665212154388
214, 0.03628647632219575, 0.03826820105314255, 0.09339188784360886, 0.03273088485002518, 0.14808255434036255
215, 0.03678563325242563, 0.0398092195391655, 0.09246078133583069, 0.032491907477378845, 0.1472739577293396
216, 0.03661566369912841, 0.04165618121623993, 0.0926177129149437, 0.032603658735752106, 0.147587850689888
217, 0.03700566325675358, 0.039691854268312454, 0.09247607737779617, 0.03235037252306938, 0.1463087499141693
218, 0.0375651283020323, 0.04217188060283661, 0.09314478188753128, 0.03216531500220299, 0.14622162282466888
219, 0.03688715371218595, 0.037822917103767395, 0.09260483831167221, 0.03208647668361664, 0.1454329937696457
220, 0.03578757122159004, 0.040185488760471344, 0.09994011372327805, 0.031709108501672745, 0.14412091672420502
221, 0.03550944037058137, 0.04060528054833412, 0.09350567311048508, 0.03177724406123161, 0.1442311853170395
222, 0.03591575995087624, 0.04106093570590019, 0.09811864048242569, 0.0314948745071888, 0.14336946606636047
223, 0.03623651354150339, 0.03815283253788948, 0.09379322826862335, 0.03167462348937988, 0.14378735423088074
224, 0.0359386068853465, 0.04115220159292221, 0.0986749529838562, 0.031420692801475525, 0.14249436557292938
225, 0.03496078496629541, 0.03719908744096756, 0.09323814511299133, 0.03139239549636841, 0.14287057518959045
226, 0.034962577372789384, 0.03800932317972183, 0.09774823486804962, 0.03112618625164032, 0.14158394932746887
227, 0.03500287492166866, 0.03862149268388748, 0.09380152076482773, 0.030966240912675858, 0.14109431207180023
228, 0.03543298508633267, 0.03778601437807083, 0.09513391554355621, 0.030871959403157234, 0.1408824920654297
229, 0.03470375456593253, 0.03810504078865051, 0.0945129469037056, 0.030716411769390106, 0.14042432606220245
230, 0.034432452646168794, 0.03740652650594711, 0.09579536318778992, 0.030576307326555252, 0.13990084826946259
231, 0.035031845488331534, 0.03783423453569412, 0.09510016441345215, 0.030389927327632904, 0.13910649716854095
232, 0.0357008308172226, 0.0364917553961277, 0.09530014544725418, 0.030229784548282623, 0.13843411207199097
233, 0.034637406874786725, 0.03669606149196625, 0.09594759345054626, 0.03019997477531433, 0.1384178251028061
234, 0.03417117968201637, 0.038943495601415634, 0.10079685598611832, 0.030068904161453247, 0.13742876052856445
235, 0.03516392619772391, 0.038691435009241104, 0.09489113837480545, 0.030095644295215607, 0.1373106688261032
236, 0.03325791243802417, 0.037314049899578094, 0.09530214965343475, 0.030063528567552567, 0.1373797357082367
237, 0.03369623517448252, 0.03675552085042, 0.09457919001579285, 0.030058516189455986, 0.13733193278312683
238, 0.033102295209061015, 0.0375688411295414, 0.10224605351686478, 0.02962026186287403, 0.13557223975658417
239, 0.03399513241919604, 0.03738931193947792, 0.09624888747930527, 0.02958645112812519, 0.13567319512367249
240, 0.03359263986349106, 0.03757883980870247, 0.09576437622308731, 0.02972346358001232, 0.1357855200767517
241, 0.03368009003725919, 0.03608326613903046, 0.09702908247709274, 0.029185166582465172, 0.1341191977262497
242, 0.0335177442566915, 0.03654659166932106, 0.09593594819307327, 0.029574908316135406, 0.13498471677303314
243, 0.03297509595074437, 0.038683727383613586, 0.0964106023311615, 0.029068661853671074, 0.13330575823783875
244, 0.03356583497741006, 0.03550325706601143, 0.09760311990976334, 0.029109280556440353, 0.13338574767112732
245, 0.033082222599874846, 0.037377603352069855, 0.10335444658994675, 0.02894771285355091, 0.13228203356266022
246, 0.03274001922797073, 0.03541804850101471, 0.09744732826948166, 0.029033681377768517, 0.13263852894306183
247, 0.03234861757267605, 0.03501898795366287, 0.09803506731987, 0.028856147080659866, 0.13190679252147675
248, 0.032743861729448494, 0.036954909563064575, 0.0982918068766594, 0.028591837733983994, 0.1313190758228302
249, 0.03264842267063531, 0.03598745912313461, 0.09748470783233643, 0.02862486056983471, 0.130906343460083
250, 0.03313908780162984, 0.03746021166443825, 0.09764319658279419, 0.028556378558278084, 0.1307685226202011
251, 0.03290468450974334, 0.03674554452300072, 0.09739608317613602, 0.028543764725327492, 0.13049529492855072
252, 0.03275466513904658, 0.035525843501091, 0.09831109642982483, 0.02837739884853363, 0.12995781004428864
253, 0.03183411928740415, 0.0342438668012619, 0.09709761291742325, 0.028156457468867302, 0.12915198504924774
254, 0.032510929927229884, 0.03609669953584671, 0.09813552349805832, 0.028423603624105453, 0.1296704262495041
255, 0.03152426369488239, 0.03560599684715271, 0.09898725152015686, 0.028205644339323044, 0.12898068130016327
256, 0.032345058125528424, 0.035753026604652405, 0.10536927729845047, 0.027896564453840256, 0.12747593224048615
257, 0.03131660781800747, 0.033934734761714935, 0.09919425845146179, 0.027931705117225647, 0.12773150205612183
258, 0.0317210604860024, 0.03453562408685684, 0.09959117323160172, 0.027794169262051582, 0.1271485835313797
259, 0.03168580362742597, 0.035564322024583817, 0.09905441850423813, 0.02764427661895752, 0.1268378496170044
260, 0.03220393664457581, 0.03548683971166611, 0.09904183447360992, 0.0275711752474308, 0.12606453895568848
261, 0.031647448072379285, 0.03447619080543518, 0.09965494275093079, 0.02767305262386799, 0.12621575593948364
262, 0.030619306591424075, 0.03447237238287926, 0.09952615946531296, 0.027421269565820694, 0.1254076212644577
263, 0.03150391781871969, 0.034749314188957214, 0.09987372905015945, 0.027558982372283936, 0.12560470402240753
264, 0.03068045868792317, 0.034916363656520844, 0.100605309009552, 0.027253273874521255, 0.12474264949560165
265, 0.0306699182160876, 0.03349749371409416, 0.10032717138528824, 0.027096213772892952, 0.1239083781838417
266, 0.03217078061266379, 0.03398211672902107, 0.09936784952878952, 0.02710549160838127, 0.12385570257902145
267, 0.030441104011102157, 0.033570822328329086, 0.10060042887926102, 0.027022134512662888, 0.12321029603481293
268, 0.03045433211055669, 0.03428909182548523, 0.10068800300359726, 0.027086250483989716, 0.12364736944437027
269, 0.03107349310408939, 0.03315971419215202, 0.10060309618711472, 0.026743749156594276, 0.12225167453289032
270, 0.030601290511814032, 0.033467818051576614, 0.10046875476837158, 0.026737410575151443, 0.12220047414302826
271, 0.031170846555720676, 0.03500627353787422, 0.10111081600189209, 0.026798337697982788, 0.12221820652484894
272, 0.03132793354717168, 0.03422316908836365, 0.10014510899782181, 0.026881538331508636, 0.12232780456542969
273, 0.029901692474430256, 0.03385700657963753, 0.10145331919193268, 0.026492377743124962, 0.12099303305149078
274, 0.030069795149293813, 0.03371429443359375, 0.10127832740545273, 0.02666730433702469, 0.12126821279525757
275, 0.029899527335708793, 0.03341107442975044, 0.1022307500243187, 0.02637241967022419, 0.12003651261329651
276, 0.030010847815058448, 0.032826490700244904, 0.10076066106557846, 0.026539120823144913, 0.12018317729234695
277, 0.029921017011458224, 0.03360394388437271, 0.10129710286855698, 0.02649546042084694, 0.12020564824342728
278, 0.0294555684720928, 0.034941285848617554, 0.10239256173372269, 0.026343928650021553, 0.11936178058385849
279, 0.030395909872922032, 0.03466036543250084, 0.102211594581604, 0.026359006762504578, 0.11944818496704102
280, 0.02983222505585714, 0.03350720927119255, 0.10256028175354004, 0.02619841881096363, 0.11877423524856567
281, 0.029267375577579847, 0.03391013294458389, 0.10404825210571289, 0.02599875070154667, 0.11825258284807205
282, 0.0299825709651817, 0.03267877921462059, 0.10260915756225586, 0.025918355211615562, 0.11768870800733566
283, 0.02992518510330807, 0.03314545378088951, 0.10288196057081223, 0.02610333450138569, 0.11790548264980316
284, 0.0292133764448491, 0.032353006303310394, 0.10408928245306015, 0.025767983868718147, 0.11689521372318268
285, 0.02947262908247384, 0.03299355506896973, 0.10284610092639923, 0.02585723251104355, 0.11680193245410919
286, 0.029777553271163593, 0.03356913477182388, 0.10335377603769302, 0.02579907886683941, 0.11664073914289474
287, 0.029273816638372162, 0.036390241235494614, 0.10216601192951202, 0.026662258431315422, 0.11776547878980637
288, 0.02965954728424549, 0.032329000532627106, 0.10322599112987518, 0.02581091783940792, 0.11623405665159225
289, 0.029384330998767506, 0.033110953867435455, 0.10393627732992172, 0.02554575726389885, 0.11528629809617996
290, 0.02986246347427368, 0.03426693007349968, 0.10460447520017624, 0.025537898764014244, 0.11523590236902237
291, 0.02884937548501925, 0.03185750171542168, 0.10456442832946777, 0.025301022455096245, 0.11420801281929016
292, 0.029097810319878837, 0.03310723602771759, 0.10402432084083557, 0.025447634980082512, 0.11459595710039139
293, 0.02863023447042162, 0.03184063732624054, 0.10435469448566437, 0.025316201150417328, 0.11386387795209885
294, 0.028779638050632043, 0.03291252255439758, 0.10452762246131897, 0.02530703693628311, 0.11362618207931519
295, 0.02902949953621084, 0.03377052769064903, 0.10502282530069351, 0.0251835398375988, 0.11334487050771713
296, 0.02975165396928787, 0.03384769707918167, 0.10439646989107132, 0.025274593383073807, 0.11313263326883316
297, 0.029086214676499366, 0.032685376703739166, 0.10618460178375244, 0.025142982602119446, 0.11260980367660522
298, 0.027955157445235686, 0.032390296459198, 0.10626678913831711, 0.02496900036931038, 0.11193482577800751
299, 0.028232396292415533, 0.03402460366487503, 0.10652994364500046, 0.024956155568361282, 0.1120358556509018
300, 0.028560427982698786, 0.03313976526260376, 0.10658647119998932, 0.024952292442321777, 0.11169242113828659
301, 0.02869070792062716, 0.03285060450434685, 0.10618137568235397, 0.025000624358654022, 0.11173912137746811
302, 0.028535533052953806, 0.03176673501729965, 0.10744792968034744, 0.02480950392782688, 0.11064135283231735
303, 0.028150505470958622, 0.034137144684791565, 0.10570083558559418, 0.025664513930678368, 0.11223910003900528
304, 0.028089414198290218, 0.03223945572972298, 0.1077207401394844, 0.024562042206525803, 0.10992147773504257
305, 0.028567800230600616, 0.032370325177907944, 0.10733140259981155, 0.024730615317821503, 0.11013224720954895
306, 0.02876524484970353, 0.03277786076068878, 0.1065320149064064, 0.02466530166566372, 0.10959391295909882
307, 0.028001133792779662, 0.03152249753475189, 0.10842765867710114, 0.024614578112959862, 0.10957980155944824
308, 0.027313087338751013, 0.032132964581251144, 0.10778265446424484, 0.024558711796998978, 0.10931025445461273
309, 0.02851825701919469, 0.03235632926225662, 0.10880081355571747, 0.024436092004179955, 0.10843492299318314
310, 0.02804702960632064, 0.033414799720048904, 0.10703930258750916, 0.02536730095744133, 0.11010793596506119
311, 0.027746830304915256, 0.036399975419044495, 0.10701338946819305, 0.025258149951696396, 0.10961636155843735
312, 0.027991622110659427, 0.03155220299959183, 0.10816890746355057, 0.024524753913283348, 0.10817275941371918
313, 0.027235427769747647, 0.03245805203914642, 0.10911455750465393, 0.02443339303135872, 0.10777389258146286
314, 0.028245671703056856, 0.03499649092555046, 0.10833043605089188, 0.024176910519599915, 0.10696530342102051
315, 0.028102085197513754, 0.03234006464481354, 0.10874981433153152, 0.02405988611280918, 0.10653039813041687
316, 0.0275911883874373, 0.03227918967604637, 0.10890284180641174, 0.024250244721770287, 0.10687875747680664
317, 0.027825607494874435, 0.03108450025320053, 0.1097361147403717, 0.02413122169673443, 0.1062915250658989
318, 0.027686204253272576, 0.03176923468708992, 0.10923425853252411, 0.024182023480534554, 0.10609961301088333
319, 0.02705330675975843, 0.03327248990535736, 0.10854516923427582, 0.024260317906737328, 0.1063992977142334
320, 0.02801201729611917, 0.03293875232338905, 0.10917171835899353, 0.02400885336101055, 0.10566165298223495
321, 0.027330405739220708, 0.03044380061328411, 0.10980506241321564, 0.02405199594795704, 0.10552636533975601
322, 0.026982467079704458, 0.03194483742117882, 0.11629820615053177, 0.024003183469176292, 0.1050051674246788
323, 0.026888174868442794, 0.030090266838669777, 0.11024672538042068, 0.023831278085708618, 0.10450734198093414
324, 0.027944795042276382, 0.03153392672538757, 0.11238542199134827, 0.02384437806904316, 0.10456141829490662
325, 0.028513859991322863, 0.032024212181568146, 0.11084571480751038, 0.02378968521952629, 0.1039552241563797
326, 0.02716545526954261, 0.030755871906876564, 0.11190452426671982, 0.02374621294438839, 0.10362643003463745
327, 0.02677333700385961, 0.030791861936450005, 0.1108589917421341, 0.023802803829312325, 0.10342773050069809
328, 0.027374125678430904, 0.030604150146245956, 0.11154579371213913, 0.023751167580485344, 0.10315877199172974
329, 0.026370619745417073, 0.03073802776634693, 0.11168866604566574, 0.023658277466893196, 0.10297837853431702
330, 0.027006186680360273, 0.03140953555703163, 0.11761921644210815, 0.023836005479097366, 0.10308987647294998
331, 0.027514984187754717, 0.03265661746263504, 0.11253535747528076, 0.023875942453742027, 0.10288513451814651
332, 0.02694074423475699, 0.030879391357302666, 0.11263113468885422, 0.023666871711611748, 0.10255099087953568
333, 0.027094615894285114, 0.03161029890179634, 0.11286717653274536, 0.02350752241909504, 0.10191082954406738
334, 0.026932938837192274, 0.0326058529317379, 0.11167029291391373, 0.023599106818437576, 0.1019306555390358
335, 0.027517788992686705, 0.03227932006120682, 0.11268406361341476, 0.023560555651783943, 0.10167554765939713
336, 0.02666018649258397, 0.03276147320866585, 0.11361340433359146, 0.02350381389260292, 0.10149868577718735
337, 0.026373353973031043, 0.030241740867495537, 0.1133231669664383, 0.023402519524097443, 0.10077424347400665
338, 0.02613556357947263, 0.031563423573970795, 0.1131623312830925, 0.023689212277531624, 0.10147590935230255
339, 0.026861025460741737, 0.030475346371531487, 0.1152476891875267, 0.023241136223077774, 0.10022800415754318
340, 0.027504604614593767, 0.032252952456474304, 0.11491014808416367, 0.02337474189698696, 0.10040196031332016
341, 0.02629205896095796, 0.030528435483574867, 0.11293596029281616, 0.023422949016094208, 0.10012836009263992
342, 0.026612229137258095, 0.031046446412801743, 0.11481539160013199, 0.02347336895763874, 0.10034412145614624
343, 0.02681170231239362, 0.032187413424253464, 0.11347610503435135, 0.02341638132929802, 0.09969474375247955
344, 0.02744686468081041, 0.03198857232928276, 0.11588927358388901, 0.023218009620904922, 0.09902836382389069
345, 0.026923751323060557, 0.03052513301372528, 0.11485904455184937, 0.023366305977106094, 0.0992964431643486
346, 0.0255828298966993, 0.031200997531414032, 0.12294655293226242, 0.023310070857405663, 0.09846071898937225
347, 0.025853330980647692, 0.029786385595798492, 0.11406071484088898, 0.023170478641986847, 0.09873349964618683
348, 0.026261439885605465, 0.030200321227312088, 0.11672725528478622, 0.023139582946896553, 0.09836709499359131
349, 0.026381169327280737, 0.0317530520260334, 0.11654975265264511, 0.023196423426270485, 0.09826382249593735
350, 0.026312963122671302, 0.03198765590786934, 0.11615990847349167, 0.023105930536985397, 0.09810245782136917
351, 0.02643922723152421, 0.030599553138017654, 0.11712658405303955, 0.022937167435884476, 0.09741683304309845
352, 0.026159646328199993, 0.031190969049930573, 0.11658374220132828, 0.022944903001189232, 0.09741736948490143
353, 0.027033501389351757, 0.02955677919089794, 0.11698213964700699, 0.02317497693002224, 0.09754662960767746
354, 0.026114418425343254, 0.03139472007751465, 0.11757751554250717, 0.02300906553864479, 0.09708591550588608
355, 0.026370702514594252, 0.030971063300967216, 0.11735471338033676, 0.02299591153860092, 0.0966225117444992
356, 0.026683133738962087, 0.030170124024152756, 0.11747262626886368, 0.023014109581708908, 0.09670945256948471
357, 0.025958514281294563, 0.03065238520503044, 0.11907564848661423, 0.0228579118847847, 0.09620190411806107
358, 0.025863726233894175, 0.030868608504533768, 0.11980551481246948, 0.022913558408617973, 0.09604211896657944
359, 0.02604487402872606, 0.030459122732281685, 0.11715023964643478, 0.02303643710911274, 0.09614203125238419
360, 0.025840752842751415, 0.029767006635665894, 0.12029116600751877, 0.02267218939960003, 0.09511368721723557
361, 0.02663554823534055, 0.03087114915251732, 0.1194327250123024, 0.02276187390089035, 0.09511075168848038
362, 0.025588749958710237, 0.030417704954743385, 0.12029828131198883, 0.02273588255047798, 0.09493386745452881
363, 0.02586716115474701, 0.031238554045557976, 0.11911148577928543, 0.02288086712360382, 0.09541470557451248
364, 0.026743092997507614, 0.03059285506606102, 0.1209053173661232, 0.02269424870610237, 0.09435450285673141
365, 0.025698745758696035, 0.030690977349877357, 0.12031126022338867, 0.02281692996621132, 0.09471894800662994
366, 0.02529494948685169, 0.02984810434281826, 0.12186270952224731, 0.022643405944108963, 0.09386064112186432
367, 0.025512354651635344, 0.030248286202549934, 0.12208977341651917, 0.022664835676550865, 0.09386623650789261
368, 0.025626220215450635, 0.0307454913854599, 0.12129371613264084, 0.022761858999729156, 0.09403704851865768
369, 0.02620998793704943, 0.029903627932071686, 0.12120319902896881, 0.022715996950864792, 0.09388162195682526
370, 0.026668614386157558, 0.03146461769938469, 0.12877850234508514, 0.022589335218071938, 0.0932241827249527
371, 0.025609244067560544, 0.03111850842833519, 0.12123769521713257, 0.022645127028226852, 0.09337232261896133
372, 0.025364097715778786, 0.03093944489955902, 0.12272755056619644, 0.022507373243570328, 0.09295669943094254
373, 0.02547696822068908, 0.03172910213470459, 0.12352432310581207, 0.02251661941409111, 0.09267456829547882
374, 0.026205779510465536, 0.030327631160616875, 0.12227702885866165, 0.0226507056504488, 0.09293157607316971
375, 0.02527946372601119, 0.030189422890543938, 0.12261004000902176, 0.022748565301299095, 0.09285017848014832
376, 0.02523141388188709, 0.030584348365664482, 0.1226290687918663, 0.022593839094042778, 0.09248170256614685
377, 0.0255450597202236, 0.029888547956943512, 0.12388986349105835, 0.022584153339266777, 0.0925544947385788
378, 0.026157183843580158, 0.031780682504177094, 0.13065679371356964, 0.022512100636959076, 0.09155675768852234
379, 0.02590810504149307, 0.03159203380346298, 0.1248423159122467, 0.022499220445752144, 0.09169221669435501
380, 0.025487033785744146, 0.030439909547567368, 0.1234547346830368, 0.022530866786837578, 0.09168756753206253
381, 0.025460956076329404, 0.03035423345863819, 0.1255297064781189, 0.022636929526925087, 0.09172839671373367
382, 0.025390816513787617, 0.03160334378480911, 0.12454694509506226, 0.022535424679517746, 0.09153413772583008
383, 0.025033704868771812, 0.02966207265853882, 0.12616302073001862, 0.02231508679687977, 0.0908561497926712
384, 0.02534501583061435, 0.03364882618188858, 0.13341224193572998, 0.022421574220061302, 0.09070487320423126
385, 0.025585797056555747, 0.03068605624139309, 0.1335429549217224, 0.022448455914855003, 0.0903891921043396
386, 0.025528265908360482, 0.03431118652224541, 0.12523160874843597, 0.02312971092760563, 0.09178463369607925
387, 0.025210572643713517, 0.029523732140660286, 0.1254272311925888, 0.022388353943824768, 0.09063884615898132
388, 0.02578533637252721, 0.03099394217133522, 0.13418494164943695, 0.022313274443149567, 0.08983200788497925
389, 0.025352534380826082, 0.029281819239258766, 0.12828241288661957, 0.022104674950242043, 0.08952386677265167
390, 0.025884743508967488, 0.030140120536088943, 0.1265038549900055, 0.022548973560333252, 0.09020836651325226
391, 0.026132920147343114, 0.030723735690116882, 0.12927955389022827, 0.02227409929037094, 0.08936727792024612
392, 0.024637487124313007, 0.029547899961471558, 0.12818750739097595, 0.022193359211087227, 0.08959571272134781
393, 0.025018934600732543, 0.030688900500535965, 0.12968215346336365, 0.02220195159316063, 0.08907757699489594
394, 0.02498720572753386, 0.02987612411379814, 0.12976263463497162, 0.022259939461946487, 0.08923330157995224
395, 0.0255800935016437, 0.03113669715821743, 0.12990042567253113, 0.022150836884975433, 0.08885404467582703
396, 0.025454418191855604, 0.031727179884910583, 0.13002261519432068, 0.022078845649957657, 0.08842950314283371
397, 0.025157822837883776, 0.036079443991184235, 0.12694507837295532, 0.023110125213861465, 0.0902172103524208
398, 0.025286236744035375, 0.03096696548163891, 0.13085390627384186, 0.02218645066022873, 0.08852513879537582
399, 0.025738350945440205, 0.030607281252741814, 0.13782086968421936, 0.022116340696811676, 0.08798061311244965
400, 0.025012433495033872, 0.03109070658683777, 0.13183149695396423, 0.022120492532849312, 0.08780206739902496
401, 0.024573998017744583, 0.031111152842640877, 0.1305622011423111, 0.022332802414894104, 0.08865930885076523
402, 0.024978507344018328, 0.030468333512544632, 0.1327342689037323, 0.022089704871177673, 0.08801600337028503
403, 0.024626421691341834, 0.0317404679954052, 0.13215096294879913, 0.022113783285021782, 0.08779558539390564
404, 0.026194228638302196, 0.030813120305538177, 0.13369548320770264, 0.021963663399219513, 0.0870731770992279
405, 0.025092425028031523, 0.029328370466828346, 0.13214626908302307, 0.02210649847984314, 0.0873166024684906
406, 0.02476536272601648, 0.030359219759702682, 0.13341349363327026, 0.02204222045838833, 0.08715710788965225
407, 0.02479416917670857, 0.029874447733163834, 0.1331632435321808, 0.02203124389052391, 0.08701671659946442
408, 0.024992911890149117, 0.03128538280725479, 0.14065441489219666, 0.022087574005126953, 0.08689644187688828
409, 0.025454775751991704, 0.033528245985507965, 0.13434019684791565, 0.021947301924228668, 0.08661782741546631
410, 0.025526533004912463, 0.03143608197569847, 0.14187362790107727, 0.021988214924931526, 0.0862407460808754
411, 0.024692414870316332, 0.0303924772888422, 0.13294772803783417, 0.022056717425584793, 0.08670929074287415
412, 0.024881345609372312, 0.03172687813639641, 0.1358061283826828, 0.022111881524324417, 0.08620908856391907
413, 0.025132534077221696, 0.03109137713909149, 0.14148133993148804, 0.021976277232170105, 0.08600063621997833
414, 0.024809536371718753, 0.03001648560166359, 0.13553297519683838, 0.021959947422146797, 0.0861847847700119
415, 0.024637041918256067, 0.030374836176633835, 0.13459403812885284, 0.022095870226621628, 0.08642421662807465
416, 0.024718248640949077, 0.029553022235631943, 0.13756334781646729, 0.021896477788686752, 0.08551902323961258
417, 0.02503941184417768, 0.03042224980890751, 0.1375321000814438, 0.021939018741250038, 0.0854153111577034
418, 0.02509579092941501, 0.030349446460604668, 0.1374906599521637, 0.021845504641532898, 0.08529563248157501
419, 0.025075543875044043, 0.02986287884414196, 0.13742081820964813, 0.02188379503786564, 0.08545602113008499
420, 0.024609052830121735, 0.03008776530623436, 0.1391654908657074, 0.021837223321199417, 0.0850062221288681
421, 0.024440173906358807, 0.03122531808912754, 0.14518584311008453, 0.021954774856567383, 0.08496512472629547
422, 0.024872297082435, 0.030410001054406166, 0.14662615954875946, 0.021827857941389084, 0.08423902839422226
423, 0.024620369991118256, 0.030525412410497665, 0.14018088579177856, 0.021868152543902397, 0.08481979370117188
424, 0.024734916910529137, 0.030169956386089325, 0.1395818144083023, 0.022012412548065186, 0.08495961129665375
425, 0.024987468428232452, 0.031154174357652664, 0.14041630923748016, 0.02173919416964054, 0.08414848893880844
426, 0.024941307374022222, 0.030570201575756073, 0.14027626812458038, 0.021944846957921982, 0.08434661477804184
427, 0.024449229443615134, 0.029437830671668053, 0.14161793887615204, 0.021824391558766365, 0.08413024246692657
428, 0.024312890287150037, 0.030132537707686424, 0.1407751590013504, 0.02193855307996273, 0.08423492312431335
429, 0.024479283494028177, 0.030494386330246925, 0.14182762801647186, 0.02191866748034954, 0.08428379893302917
430, 0.02495812749998136, 0.03120553307235241, 0.1416710764169693, 0.02184540405869484, 0.08381030708551407
431, 0.02464625747366385, 0.030539819970726967, 0.14407384395599365, 0.021665390580892563, 0.08309181034564972
432, 0.024837779287587514, 0.033159807324409485, 0.1504582315683365, 0.021835489198565483, 0.0832953155040741
433, 0.02459421178156679, 0.029449770227074623, 0.1432425081729889, 0.021810133010149002, 0.08336958289146423
434, 0.024204710633917288, 0.03161356970667839, 0.14389340579509735, 0.021890832111239433, 0.08357700705528259
435, 0.024980866367166694, 0.03171348571777344, 0.145043283700943, 0.021732961758971214, 0.082856185734272
436, 0.02484382346949794, 0.030997835099697113, 0.14484825730323792, 0.022005070000886917, 0.08339246362447739
437, 0.024834069846705956, 0.030470775440335274, 0.1529080718755722, 0.02174835465848446, 0.08265338093042374
438, 0.024561651694503698, 0.0312509723007679, 0.14494183659553528, 0.02177993208169937, 0.08315592259168625
439, 0.024587360261516138, 0.0304097943007946, 0.14578253030776978, 0.021970033645629883, 0.0830293521285057
440, 0.02442548820240931, 0.029705893248319626, 0.14531472325325012, 0.021730709820985794, 0.08251073956489563
441, 0.02553372664207762, 0.03266856446862221, 0.15430036187171936, 0.021640609949827194, 0.08234190940856934
442, 0.024431427839127454, 0.032247524708509445, 0.1483972668647766, 0.021702807396650314, 0.08222360163927078
443, 0.02502052275971933, 0.032988473773002625, 0.1545279622077942, 0.0216966699808836, 0.0820319652557373
444, 0.02417182366956364, 0.029756566509604454, 0.1490052342414856, 0.021717917174100876, 0.08226948231458664
445, 0.02414793250235644, 0.030163442716002464, 0.1494392305612564, 0.02166084013879299, 0.08195765316486359
446, 0.02431554181331938, 0.02982504852116108, 0.14923615753650665, 0.0218096561729908, 0.08230268955230713
447, 0.025168644670735707, 0.031932003796100616, 0.14895273745059967, 0.02195528894662857, 0.08249597996473312
448, 0.02460487647490068, 0.03080010414123535, 0.1573103666305542, 0.021747659891843796, 0.0815398097038269
449, 0.02444664043459025, 0.02956128679215908, 0.14967913925647736, 0.021647993475198746, 0.08160442113876343
450, 0.02386201322078705, 0.030515428632497787, 0.15122388303279877, 0.021504202857613564, 0.08123108744621277
451, 0.024441156841137193, 0.030795861035585403, 0.15966883301734924, 0.02170424908399582, 0.08120577782392502
452, 0.024629564210772514, 0.028699347749352455, 0.15595687925815582, 0.021579498425126076, 0.08068615943193436
453, 0.0241055179387331, 0.031124666333198547, 0.15437375009059906, 0.02161572501063347, 0.08089481294155121
454, 0.024816916307265107, 0.03003913164138794, 0.1531009078025818, 0.021747076883912086, 0.08162380754947662
455, 0.02486261393536221, 0.031132370233535767, 0.15153996646404266, 0.02168501727283001, 0.08129317313432693
456, 0.024334508587013592, 0.028989186510443687, 0.15409865975379944, 0.02160417102277279, 0.08084170520305634
457, 0.024107128788124432, 0.029855407774448395, 0.15416201949119568, 0.02153761312365532, 0.08071402460336685
458, 0.024146526984193107, 0.032237108796834946, 0.15626998245716095, 0.02167859859764576, 0.08070128411054611
459, 0.024488642981106586, 0.029310083016753197, 0.15384456515312195, 0.021738853305578232, 0.0810721144080162
460, 0.024137431654063138, 0.02924277074635029, 0.1564318984746933, 0.021665746346116066, 0.08087460696697235
461, 0.024350733005187728, 0.02991867996752262, 0.157052680850029, 0.021569164469838142, 0.08008871227502823
462, 0.02460160268978639, 0.030367298051714897, 0.15795259177684784, 0.021609287708997726, 0.08020612597465515
463, 0.02424011349000714, 0.029842743650078773, 0.15635685622692108, 0.021713167428970337, 0.08045690506696701
464, 0.024276712773875758, 0.030578909441828728, 0.1584654003381729, 0.02168201096355915, 0.0801929160952568
465, 0.024109432507645, 0.0294265765696764, 0.16052976250648499, 0.02154405601322651, 0.08004073053598404
466, 0.024469992620023813, 0.029917364940047264, 0.16071704030036926, 0.02171502076089382, 0.08005161583423615
467, 0.024853578345342117, 0.0309671089053154, 0.15861110389232635, 0.021612031385302544, 0.08007292449474335
468, 0.024037837609648706, 0.030291909351944923, 0.1607656180858612, 0.021612498909235, 0.07962372153997421
469, 0.024098033491860738, 0.030252493917942047, 0.16087068617343903, 0.021571867167949677, 0.0798996165394783
470, 0.0246821348301389, 0.02950371615588665, 0.16248898208141327, 0.021787608042359352, 0.08004479855298996
471, 0.024250977554104543, 0.03102169744670391, 0.1641959697008133, 0.02162332274019718, 0.07933714985847473
472, 0.023963561315428126, 0.02962595596909523, 0.16602475941181183, 0.021417681127786636, 0.07879436761140823
473, 0.024409208277409725, 0.030297281220555305, 0.16212591528892517, 0.02162613719701767, 0.07950717210769653
474, 0.024138963628898967, 0.03209061548113823, 0.16589874029159546, 0.021443631500005722, 0.07893810421228409
475, 0.02436006993732669, 0.03027382679283619, 0.16530969738960266, 0.02147495001554489, 0.07898516952991486
476, 0.024327241460030728, 0.02997519075870514, 0.16624140739440918, 0.021432122215628624, 0.07868720591068268
477, 0.02368998344648968, 0.0310714989900589, 0.1654817759990692, 0.02145562693476677, 0.07884868234395981
478, 0.024225285479968245, 0.030995897948741913, 0.16697952151298523, 0.021657144650816917, 0.07898678630590439
479, 0.02446856972846118, 0.02912498079240322, 0.16693101823329926, 0.021515531465411186, 0.07902015745639801
480, 0.02412774105640975, 0.028956014662981033, 0.16802926361560822, 0.02143223024904728, 0.07845982909202576
481, 0.024089871380816807, 0.02981012687087059, 0.1665632128715515, 0.02162434346973896, 0.07917699217796326
482, 0.0242198954929005, 0.030706362798810005, 0.17646139860153198, 0.021505314856767654, 0.07825084030628204
483, 0.024105813523585148, 0.03807557746767998, 0.16679784655570984, 0.022427575662732124, 0.07999346405267715
484, 0.02406759729439562, 0.02957495115697384, 0.1692994087934494, 0.021536925807595253, 0.078483946621418
485, 0.024067572910677303, 0.030354147776961327, 0.17225304245948792, 0.02158181741833687, 0.07825789600610733
486, 0.02506592551415617, 0.030195200815796852, 0.1709545999765396, 0.02158491499722004, 0.0783906877040863
487, 0.02436615712940693, 0.030901534482836723, 0.1706523597240448, 0.02163766883313656, 0.07835815846920013
488, 0.02391650128093633, 0.03107287734746933, 0.17296843230724335, 0.021479886025190353, 0.07798200100660324
489, 0.02396563928235661, 0.03037356585264206, 0.17972053587436676, 0.021404702216386795, 0.07770519703626633
490, 0.023980699039318345, 0.032063860446214676, 0.17316611111164093, 0.021510709077119827, 0.07796569168567657
491, 0.02484858042814515, 0.029064787551760674, 0.17303067445755005, 0.02143910527229309, 0.07790952920913696
492, 0.023854216289791196, 0.030429845675826073, 0.17488418519496918, 0.02149524912238121, 0.07764633744955063
493, 0.024153677306391976, 0.029807841405272484, 0.1750219613313675, 0.021655961871147156, 0.07812754809856415
494, 0.02417641393840313, 0.030425185337662697, 0.17712613940238953, 0.02140132337808609, 0.07713720202445984
495, 0.024435333941470492, 0.030329430475831032, 0.1765068620443344, 0.021399613469839096, 0.07747165113687515
496, 0.024308516559275715, 0.03221099078655243, 0.1908148229122162, 0.021415749564766884, 0.07691913098096848
497, 0.023819062384692107, 0.02930508740246296, 0.1811015009880066, 0.021430939435958862, 0.07705897092819214
498, 0.023423201523043894, 0.029756346717476845, 0.1779419630765915, 0.02146439626812935, 0.07730822265148163
499, 0.023880139365792273, 0.03096640296280384, 0.17897844314575195, 0.021389199420809746, 0.07715103030204773
500, 0.023987389491363004, 0.028835458680987358, 0.17904461920261383, 0.021462762728333473, 0.07724148780107498
