Case_ID, Slide_ID, mae, mse, ssim
5266205, 1, 0.079984650015831, 0.01979656144976616, 0.9986550807952881
5266205, 1, 0.1605663150548935, 0.039314232766628265, 1.99739408493042
5266205, 1, 0.2459401786327362, 0.06030482053756714, 2.996027946472168
5266205, 1, 0.3214375078678131, 0.0788695365190506, 3.9948527812957764
5266205, 1, 0.4036872982978821, 0.10094549506902695, 4.992799282073975
5266205, 1, 0.48785853385925293, 0.12416426837444305, 5.990530490875244
5266205, 1, 0.5685069561004639, 0.14614039659500122, 6.988519668579102
5266205, 1, 0.6489335298538208, 0.16816790401935577, 7.986520767211914
5266205, 1, 0.7305574417114258, 0.19087345898151398, 8.984391212463379
5266205, 1, 0.814284086227417, 0.2144816815853119, 9.982072830200195
5266205, 1, 0.8892866969108582, 0.2341911345720291, 10.980563163757324
5266205, 1, 0.9647157788276672, 0.2532969117164612, 11.979421615600586
5266205, 1, 1.043028473854065, 0.2732729911804199, 12.978199005126953
5266205, 1, 1.1287853717803955, 0.2958069145679474, 13.976689338684082
5266205, 1, 1.2063409090042114, 0.3156987130641937, 14.975204467773438
5266205, 1, 1.2873293161392212, 0.3370974659919739, 15.973611831665039
5266205, 1, 1.3734064102172852, 0.35992586612701416, 16.97193145751953
5266205, 1, 1.4618299007415771, 0.382475882768631, 17.970367431640625
5266205, 1, 1.5463916063308716, 0.40306779742240906, 18.9689998626709
5266205, 1, 1.6324115991592407, 0.4246319532394409, 19.967453002929688
5266205, 1, 1.7186704874038696, 0.44732534885406494, 20.965805053710938
5266205, 1, 1.8003333806991577, 0.4688880443572998, 21.964092254638672
5266205, 1, 1.877306580543518, 0.4885637164115906, 22.962757110595703
5266205, 1, 1.9569491147994995, 0.5090340375900269, 23.961450576782227
5266205, 1, 2.031157970428467, 0.5279601216316223, 24.960235595703125
5266205, 1, 2.104473114013672, 0.5465542674064636, 25.959077835083008
5266205, 1, 2.1956231594085693, 0.573471188545227, 26.956073760986328
5266205, 1, 2.267364501953125, 0.5920625329017639, 27.954849243164062
5266205, 1, 2.34108829498291, 0.6116280555725098, 28.953327178955078
5266205, 1, 2.415560722351074, 0.6301236152648926, 29.95226287841797
5110047, 2, 0.08366187661886215, 0.022118402644991875, 0.9984585642814636
5110047, 2, 0.1658439040184021, 0.043200310319662094, 1.997091293334961
5110047, 2, 0.24611800909042358, 0.06381931900978088, 2.9957752227783203
5110047, 2, 0.32408407330513, 0.08396223187446594, 3.994483232498169
5110047, 2, 0.4016600549221039, 0.10378280282020569, 4.993298530578613
5110047, 2, 0.47987014055252075, 0.1240982860326767, 5.992081165313721
5110047, 2, 0.5567494034767151, 0.1443215310573578, 6.990816593170166
5110047, 2, 0.631965696811676, 0.1641816943883896, 7.989407062530518
5110047, 2, 0.7056963443756104, 0.18370755016803741, 8.988086700439453
5110047, 2, 0.7825806140899658, 0.20358622074127197, 9.986861228942871
5110047, 2, 0.8623753786087036, 0.22409717738628387, 10.985575675964355
5110047, 2, 0.9407640695571899, 0.24445557594299316, 11.98430347442627
5110047, 2, 1.0197103023529053, 0.26542946696281433, 12.982967376708984
5110047, 2, 1.099385380744934, 0.2867315709590912, 13.981642723083496
5110047, 2, 1.1796212196350098, 0.30838748812675476, 14.980247497558594
5110047, 2, 1.2649409770965576, 0.33191609382629395, 15.978460311889648
5110047, 2, 1.357596755027771, 0.3579963445663452, 16.97653579711914
5110047, 2, 1.4491629600524902, 0.3830207288265228, 17.974376678466797
5110047, 2, 1.535247564315796, 0.40607455372810364, 18.972517013549805
5110047, 2, 1.626009464263916, 0.4304388761520386, 19.97056770324707
5110047, 2, 1.7154278755187988, 0.4544859230518341, 20.968589782714844
5110047, 2, 1.8036397695541382, 0.47813135385513306, 21.966703414916992
5110047, 2, 1.8844279050827026, 0.4994505047798157, 22.96517562866211
5110047, 2, 1.9641330242156982, 0.5208536386489868, 23.963768005371094
5110047, 2, 2.042880058288574, 0.5423335433006287, 24.96232795715332
5110047, 2, 2.1205954551696777, 0.5634713172912598, 25.960908889770508
5110047, 2, 2.200939893722534, 0.5857529640197754, 26.959501266479492
5110047, 2, 2.2820351123809814, 0.6084167957305908, 27.958032608032227
5110047, 2, 2.3657710552215576, 0.6319613456726074, 28.956457138061523
5110047, 2, 2.4531829357147217, 0.6565455198287964, 29.954782485961914
4954663, 3, 0.08791112899780273, 0.023824438452720642, 0.9980746507644653
4954663, 3, 0.17734286189079285, 0.04811955243349075, 1.9959309101104736
4954663, 3, 0.2617727220058441, 0.07090084999799728, 2.994283676147461
4954663, 3, 0.34573864936828613, 0.09331002831459045, 3.9925742149353027
4954663, 3, 0.4273470640182495, 0.11512526869773865, 4.991058826446533
4954663, 3, 0.5083505511283875, 0.13672953844070435, 5.989553451538086
4954663, 3, 0.587571918964386, 0.15798570215702057, 6.988192558288574
4954663, 3, 0.6648738384246826, 0.1780574470758438, 7.986865043640137
4954663, 3, 0.744278609752655, 0.19863717257976532, 8.985319137573242
4954663, 3, 0.8208341598510742, 0.21836768090724945, 9.983979225158691
4954663, 3, 0.8968958258628845, 0.23838749527931213, 10.982755661010742
4954663, 3, 0.974254310131073, 0.25860244035720825, 11.981489181518555
4954663, 3, 1.0518873929977417, 0.27867838740348816, 12.980231285095215
4954663, 3, 1.1306068897247314, 0.29877930879592896, 13.97881031036377
4954663, 3, 1.2119466066360474, 0.319654256105423, 14.977309226989746
4954663, 3, 1.298158884048462, 0.34237292408943176, 15.9755220413208
4954663, 3, 1.387287974357605, 0.36654970049858093, 16.973594665527344
4954663, 3, 1.4774196147918701, 0.39077308773994446, 17.971786499023438
4954663, 3, 1.5675880908966064, 0.41469112038612366, 18.969884872436523
4954663, 3, 1.6568933725357056, 0.4384526312351227, 19.968061447143555
4954663, 3, 1.7470214366912842, 0.4628235995769501, 20.966218948364258
4954663, 3, 1.8322398662567139, 0.4852898120880127, 21.964521408081055
4954663, 3, 1.913948655128479, 0.5062121152877808, 22.96310043334961
4954663, 3, 1.9922891855239868, 0.5264726877212524, 23.96185302734375
4954663, 3, 2.069298028945923, 0.5462755560874939, 24.96045684814453
4954663, 3, 2.1439950466156006, 0.5654924511909485, 25.95928382873535
4954663, 3, 2.2191708087921143, 0.5848219394683838, 26.9580078125
4954663, 3, 2.2959070205688477, 0.6047725081443787, 27.95655059814453
4954663, 3, 2.3747899532318115, 0.6254949569702148, 28.954891204833984
4954663, 3, 2.449437379837036, 0.6448737382888794, 29.953649520874023
4899760, 4, 0.09009038656949997, 0.026406001299619675, 0.9973214864730835
4899760, 4, 0.1712218075990677, 0.04821190983057022, 1.9957237243652344
4899760, 4, 0.25033292174339294, 0.06943267583847046, 2.994152784347534
4899760, 4, 0.32792308926582336, 0.08985410630702972, 3.992663860321045
4899760, 4, 0.40360307693481445, 0.10950613021850586, 4.991251468658447
4899760, 4, 0.4793274700641632, 0.12899266183376312, 5.989931106567383
4899760, 4, 0.5535253286361694, 0.14853611588478088, 6.988592147827148
4899760, 4, 0.6282728910446167, 0.16794803738594055, 7.987338542938232
4899760, 4, 0.7026155591011047, 0.18758326768875122, 8.985995292663574
4899760, 4, 0.7770769000053406, 0.20738756656646729, 9.984600067138672
4899760, 4, 0.8528082370758057, 0.2278616726398468, 10.983054161071777
4899760, 4, 0.9296886324882507, 0.24854807555675507, 11.981523513793945
4899760, 4, 1.007306456565857, 0.2693125009536743, 12.980024337768555
4899760, 4, 1.089727759361267, 0.291810542345047, 13.978126525878906
4899760, 4, 1.1775027513504028, 0.31594473123550415, 14.976078033447266
4899760, 4, 1.2669540643692017, 0.340493768453598, 15.974013328552246
4899760, 4, 1.357151746749878, 0.3649982213973999, 16.97210693359375
4899760, 4, 1.449788212776184, 0.3910820782184601, 17.96985626220703
4899760, 4, 1.5393598079681396, 0.41630107164382935, 18.9677791595459
4899760, 4, 1.6231926679611206, 0.43878114223480225, 19.966190338134766
4899760, 4, 1.7013039588928223, 0.4591805934906006, 20.964847564697266
4899760, 4, 1.7770805358886719, 0.47889238595962524, 21.963512420654297
4899760, 4, 1.8520570993423462, 0.49837225675582886, 22.96221923828125
4899760, 4, 1.927477240562439, 0.5173638463020325, 23.96106719970703
4899760, 4, 2.0017285346984863, 0.5361809134483337, 24.959867477416992
4899760, 4, 2.075927972793579, 0.5551305413246155, 25.958606719970703
4899760, 4, 2.1510324478149414, 0.5742976665496826, 26.95731544494629
4899760, 4, 2.2253198623657227, 0.5939309597015381, 27.95582389831543
4899760, 4, 2.301638603210449, 0.6145234107971191, 28.954166412353516
4899760, 4, 2.379915952682495, 0.6357565522193909, 29.952417373657227
5262914_2, 5, 0.10975434631109238, 0.035189367830753326, 0.9956343770027161
5262914_2, 5, 0.19824165105819702, 0.06000114232301712, 1.9935989379882812
5262914_2, 5, 0.28556299209594727, 0.08432289212942123, 2.991619825363159
5262914_2, 5, 0.3921855390071869, 0.11819824576377869, 3.9875035285949707
5262914_2, 5, 0.4973243772983551, 0.15147919952869415, 4.983504772186279
5262914_2, 5, 0.6069236993789673, 0.18701700866222382, 5.97906494140625
5262914_2, 5, 0.7145521640777588, 0.22158271074295044, 6.974798679351807
5262914_2, 5, 0.7968599796295166, 0.24425242841243744, 7.973010063171387
5262914_2, 5, 0.8785156011581421, 0.2664700448513031, 8.971296310424805
5262914_2, 5, 0.9588741064071655, 0.2881201207637787, 9.969812393188477
5262914_2, 5, 1.0468580722808838, 0.3127170503139496, 10.96749210357666
5262914_2, 5, 1.133157730102539, 0.3363152742385864, 11.96552562713623
5262914_2, 5, 1.2205125093460083, 0.3604937195777893, 12.963502883911133
5262914_2, 5, 1.310632586479187, 0.38638025522232056, 13.961735725402832
5262914_2, 5, 1.4025592803955078, 0.41240474581718445, 14.959851264953613
5262914_2, 5, 1.4975676536560059, 0.4389902651309967, 15.957822799682617
5262914_2, 5, 1.5930914878845215, 0.465419739484787, 16.955711364746094
5262914_2, 5, 1.6869430541992188, 0.4908040463924408, 17.95374870300293
5262914_2, 5, 1.7744847536087036, 0.5167475938796997, 18.951169967651367
5262914_2, 5, 1.8649356365203857, 0.5418561697006226, 19.949026107788086
5262914_2, 5, 1.9634343385696411, 0.569435179233551, 20.94699478149414
5262914_2, 5, 2.0563316345214844, 0.5951317548751831, 21.945144653320312
5262914_2, 5, 2.14609956741333, 0.6200324296951294, 22.943321228027344
5262914_2, 5, 2.2346127033233643, 0.6446777582168579, 23.941259384155273
5262914_2, 5, 2.3204190731048584, 0.668107807636261, 24.93941879272461
5262914_2, 5, 2.4031965732574463, 0.6906147003173828, 25.93779182434082
5262914_2, 5, 2.485102891921997, 0.7130290865898132, 26.93618392944336
5262914_2, 5, 2.5670740604400635, 0.7354362607002258, 27.934513092041016
5262914_2, 5, 2.6493468284606934, 0.7580310106277466, 28.93281364440918
5262914_2, 5, 2.732880115509033, 0.7808052897453308, 29.931154251098633
5216902, 6, 0.07604485750198364, 0.020070819184184074, 0.998557448387146
5216902, 6, 0.15276241302490234, 0.04002056270837784, 1.9972045421600342
5216902, 6, 0.22930759191513062, 0.059667885303497314, 2.9959282875061035
5216902, 6, 0.30438169836997986, 0.07916733622550964, 3.994645118713379
5216902, 6, 0.3780803084373474, 0.09833426773548126, 4.9933576583862305
5216902, 6, 0.45082494616508484, 0.11734360456466675, 5.992098331451416
5216902, 6, 0.5221551656723022, 0.1357993185520172, 6.990981101989746
5216902, 6, 0.5931581258773804, 0.15399394929409027, 7.989938735961914
5216902, 6, 0.663299560546875, 0.17225027084350586, 8.98889446258545
5216902, 6, 0.7335270047187805, 0.19062405824661255, 9.987761497497559
5216902, 6, 0.8047177791595459, 0.20926842093467712, 10.986516952514648
5216902, 6, 0.8772611618041992, 0.22858276963233948, 11.985322952270508
5216902, 6, 0.9523876905441284, 0.24882492423057556, 12.984038352966309
5216902, 6, 1.030056357383728, 0.2699858248233795, 13.982665061950684
5216902, 6, 1.110506534576416, 0.2920078933238983, 14.981220245361328
5216902, 6, 1.1907442808151245, 0.31370046734809875, 15.97972583770752
5216902, 6, 1.2739781141281128, 0.33664822578430176, 16.97808074951172
5216902, 6, 1.361134648323059, 0.36054620146751404, 17.976207733154297
5216902, 6, 1.449664831161499, 0.3853885531425476, 18.974098205566406
5216902, 6, 1.5439420938491821, 0.4118475317955017, 19.971908569335938
5216902, 6, 1.6330927610397339, 0.4366711378097534, 20.969926834106445
5216902, 6, 1.7177069187164307, 0.4596473276615143, 21.968116760253906
5216902, 6, 1.7988063097000122, 0.4813094735145569, 22.966506958007812
5216902, 6, 1.8782625198364258, 0.5027385950088501, 23.965038299560547
5216902, 6, 1.9563310146331787, 0.5242258906364441, 24.963674545288086
5216902, 6, 2.030116319656372, 0.543766438961029, 25.96245002746582
5216902, 6, 2.1011006832122803, 0.5624874234199524, 26.961328506469727
5216902, 6, 2.1725668907165527, 0.5814380049705505, 27.960250854492188
5216902, 6, 2.2447056770324707, 0.6005523800849915, 28.959117889404297
5216902, 6, 2.3169302940368652, 0.6199260354042053, 29.95785903930664
5032506, 7, 0.08882445842027664, 0.022719282656908035, 0.998383641242981
5032506, 7, 0.17544569075107574, 0.04431925714015961, 1.9969050884246826
5032506, 7, 0.2533359229564667, 0.06363824009895325, 2.9956560134887695
5032506, 7, 0.33419856429100037, 0.08356048911809921, 3.994396448135376
5032506, 7, 0.41404736042022705, 0.10291723161935806, 4.993213653564453
5032506, 7, 0.48541951179504395, 0.12035148590803146, 5.9921793937683105
5032506, 7, 0.5573456287384033, 0.13780370354652405, 6.991174697875977
5032506, 7, 0.633387565612793, 0.155914306640625, 7.990143775939941
5032506, 7, 0.7106276154518127, 0.17435328662395477, 8.989096641540527
5032506, 7, 0.7867094874382019, 0.19254007935523987, 9.988069534301758
5032506, 7, 0.8689889907836914, 0.21278373897075653, 10.986810684204102
5032506, 7, 0.9508353471755981, 0.2332371175289154, 11.985540390014648
5032506, 7, 1.0331989526748657, 0.2542535066604614, 12.984203338623047
5032506, 7, 1.111436367034912, 0.27441608905792236, 13.982937812805176
5032506, 7, 1.1940921545028687, 0.29587456583976746, 14.98154354095459
5032506, 7, 1.2720775604248047, 0.3158979117870331, 15.980305671691895
5032506, 7, 1.3542346954345703, 0.337030827999115, 16.97892189025879
5032506, 7, 1.4375767707824707, 0.35843557119369507, 17.977508544921875
5032506, 7, 1.5218274593353271, 0.37974298000335693, 18.97604751586914
5032506, 7, 1.6049742698669434, 0.4010000228881836, 19.974538803100586
5032506, 7, 1.6867101192474365, 0.4224707782268524, 20.973024368286133
5032506, 7, 1.7671507596969604, 0.4436420500278473, 21.97163200378418
5032506, 7, 1.8505964279174805, 0.46564528346061707, 22.97018814086914
5032506, 7, 1.9313509464263916, 0.48638400435447693, 23.968881607055664
5032506, 7, 2.0149879455566406, 0.5080755949020386, 24.967485427856445
5032506, 7, 2.095050811767578, 0.5284706950187683, 25.96624755859375
5032506, 7, 2.17569637298584, 0.5487575531005859, 26.965009689331055
5032506, 7, 2.2519781589508057, 0.5673490762710571, 27.963947296142578
5032506, 7, 2.3320937156677246, 0.586551308631897, 28.962799072265625
5032506, 7, 2.4097869396209717, 0.6049915552139282, 29.961713790893555
4862367, 8, 0.0818520039319992, 0.02188308909535408, 0.9982216358184814
4862367, 8, 0.16375188529491425, 0.043079037219285965, 1.996795415878296
4862367, 8, 0.24279570579528809, 0.0634540319442749, 2.9954099655151367
4862367, 8, 0.32021719217300415, 0.08347540348768234, 3.9940061569213867
4862367, 8, 0.3975863456726074, 0.10330536216497421, 4.992745876312256
4862367, 8, 0.4745500981807709, 0.12294568121433258, 5.9915452003479
4862367, 8, 0.5498488545417786, 0.14231616258621216, 6.990240097045898
4862367, 8, 0.626535177230835, 0.16136863827705383, 7.989206314086914
4862367, 8, 0.7001968622207642, 0.17984223365783691, 8.98813533782959
4862367, 8, 0.7749109268188477, 0.19891895353794098, 9.986845970153809
4862367, 8, 0.8497744202613831, 0.21782799065113068, 10.985783576965332
4862367, 8, 0.92552250623703, 0.2369680404663086, 11.984733581542969
4862367, 8, 1.0015448331832886, 0.2563030421733856, 12.983633995056152
4862367, 8, 1.0774221420288086, 0.27549055218696594, 13.982404708862305
4862367, 8, 1.1567655801773071, 0.29594188928604126, 14.981161117553711
4862367, 8, 1.240651249885559, 0.31843629479408264, 15.979555130004883
4862367, 8, 1.3283452987670898, 0.3424254357814789, 16.977754592895508
4862367, 8, 1.4158183336257935, 0.3662426471710205, 17.97588539123535
4862367, 8, 1.5012660026550293, 0.38944917917251587, 18.97405242919922
4862367, 8, 1.5870752334594727, 0.41259142756462097, 19.972253799438477
4862367, 8, 1.6721477508544922, 0.43477046489715576, 20.970752716064453
4862367, 8, 1.75360107421875, 0.4558611214160919, 21.969444274902344
4862367, 8, 1.8308308124542236, 0.47532445192337036, 22.968231201171875
4862367, 8, 1.906868577003479, 0.4943138360977173, 23.967144012451172
4862367, 8, 1.9810171127319336, 0.5128958225250244, 24.965986251831055
4862367, 8, 2.0579259395599365, 0.5321173667907715, 25.96500015258789
4862367, 8, 2.1311073303222656, 0.5503962635993958, 26.964031219482422
4862367, 8, 2.2024285793304443, 0.5682919025421143, 27.963010787963867
4862367, 8, 2.275341749191284, 0.5866960883140564, 28.96198844909668
4862367, 8, 2.34891676902771, 0.6057286858558655, 29.960834503173828
1144246, 9, 0.08058353513479233, 0.02094687893986702, 0.9983901977539062
1144246, 9, 0.1592980921268463, 0.040556006133556366, 1.9969450235366821
1144246, 9, 0.24843479692935944, 0.06308022141456604, 2.9952080249786377
1144246, 9, 0.33640965819358826, 0.08530640602111816, 3.9935145378112793
1144246, 9, 0.41322025656700134, 0.10464266687631607, 4.992119312286377
1144246, 9, 0.4891814589500427, 0.12431059032678604, 5.990631103515625
1144246, 9, 0.5656002759933472, 0.1446303427219391, 6.98900032043457
1144246, 9, 0.641078531742096, 0.16479399800300598, 7.987400531768799
1144246, 9, 0.7162869572639465, 0.1846061497926712, 8.98589038848877
1144246, 9, 0.7926252484321594, 0.20507580041885376, 9.984257698059082
1144246, 9, 0.8700799942016602, 0.22613397240638733, 10.982474327087402
1144246, 9, 0.950730562210083, 0.24881866574287415, 11.98039722442627
1144246, 9, 1.032295823097229, 0.2719038128852844, 12.978228569030762
1144246, 9, 1.1136962175369263, 0.2945219874382019, 13.976119995117188
1144246, 9, 1.1952683925628662, 0.3167905807495117, 14.974066734313965
1144246, 9, 1.2765989303588867, 0.33904239535331726, 15.97201919555664
1144246, 9, 1.3561488389968872, 0.3608437776565552, 16.970056533813477
1144246, 9, 1.4349336624145508, 0.3818337321281433, 17.968244552612305
1144246, 9, 1.5142003297805786, 0.4017293155193329, 18.966697692871094
1144246, 9, 1.61041259765625, 0.42625367641448975, 19.964630126953125
1144246, 9, 1.7013968229293823, 0.4491579830646515, 20.96274185180664
1144246, 9, 1.7927411794662476, 0.4732152223587036, 21.960651397705078
1144246, 9, 1.8817492723464966, 0.4971656799316406, 22.958511352539062
1144246, 9, 1.9658342599868774, 0.5202592015266418, 23.95643424987793
1144246, 9, 2.0488550662994385, 0.5432336330413818, 24.954423904418945
1144246, 9, 2.130225419998169, 0.5652932524681091, 25.952545166015625
1144246, 9, 2.209343433380127, 0.5867313146591187, 26.950727462768555
1144246, 9, 2.288501024246216, 0.608105480670929, 27.94892692565918
1144246, 9, 2.3685150146484375, 0.6294296979904175, 28.94723892211914
1144246, 9, 2.4496593475341797, 0.650879442691803, 29.94556999206543
4841237, 10, 0.07852614670991898, 0.020601604133844376, 0.9985511898994446
4841237, 10, 0.15514349937438965, 0.04100934416055679, 1.9969196319580078
4841237, 10, 0.24385343492031097, 0.06646943092346191, 2.994237184524536
4841237, 10, 0.3305303454399109, 0.09106443077325821, 3.9917125701904297
4841237, 10, 0.4044368863105774, 0.11003896594047546, 4.990462303161621
4841237, 10, 0.4804591238498688, 0.12986519932746887, 5.988976955413818
4841237, 10, 0.5551570057868958, 0.14933349192142487, 6.987649917602539
4841237, 10, 0.6309676766395569, 0.1694302260875702, 7.986330509185791
4841237, 10, 0.7064948081970215, 0.18956288695335388, 8.98497200012207
4841237, 10, 0.7813481092453003, 0.20973047614097595, 9.983614921569824
4841237, 10, 0.8563244342803955, 0.23022578656673431, 10.982149124145508
4841237, 10, 0.9338748455047607, 0.2519068121910095, 11.980518341064453
4841237, 10, 1.0104236602783203, 0.2732333242893219, 12.978899002075195
4841237, 10, 1.0859415531158447, 0.29422712326049805, 13.977272987365723
4841237, 10, 1.1628085374832153, 0.31508469581604004, 14.975797653198242
4841237, 10, 1.2448008060455322, 0.3367566466331482, 15.974305152893066
4841237, 10, 1.3269281387329102, 0.3585542142391205, 16.972766876220703
4841237, 10, 1.4113621711730957, 0.38024723529815674, 17.971233367919922
4841237, 10, 1.4984874725341797, 0.4029476046562195, 18.969594955444336
4841237, 10, 1.5835530757904053, 0.4248270094394684, 19.9680118560791
4841237, 10, 1.6614733934402466, 0.44395536184310913, 20.966678619384766
4841237, 10, 1.7374436855316162, 0.46255597472190857, 21.965360641479492
4841237, 10, 1.8151681423187256, 0.4819337725639343, 22.96401023864746
4841237, 10, 1.8941857814788818, 0.5019817352294922, 23.962602615356445
4841237, 10, 1.9706897735595703, 0.5216425061225891, 24.96125602722168
4841237, 10, 2.0457794666290283, 0.5412883162498474, 25.959936141967773
4841237, 10, 2.1157028675079346, 0.5604025721549988, 26.958532333374023
4841237, 10, 2.1907355785369873, 0.5798880457878113, 27.957284927368164
4841237, 10, 2.2661523818969727, 0.5992506742477417, 28.95610237121582
4841237, 10, 2.341893434524536, 0.6188536286354065, 29.95490837097168
4151265, 11, 0.0882270410656929, 0.020083487033843994, 0.9986287951469421
4151265, 11, 0.17052996158599854, 0.038514748215675354, 1.9974422454833984
4151265, 11, 0.2612365484237671, 0.059319790452718735, 2.9960103034973145
4151265, 11, 0.34805309772491455, 0.07864740490913391, 3.9947845935821533
4151265, 11, 0.4241653084754944, 0.09541717171669006, 4.993849754333496
4151265, 11, 0.5040605068206787, 0.11297367513179779, 5.992844104766846
4151265, 11, 0.5804656147956848, 0.1298847198486328, 6.991894721984863
4151265, 11, 0.6576390266418457, 0.14691868424415588, 7.99093770980835
4151265, 11, 0.7360114455223083, 0.164247065782547, 8.989950180053711
4151265, 11, 0.8103762269020081, 0.18086987733840942, 9.989030838012695
4151265, 11, 0.8869560956954956, 0.19801777601242065, 10.988064765930176
4151265, 11, 0.967860221862793, 0.2162380814552307, 11.986982345581055
4151265, 11, 1.0427223443984985, 0.23303957283496857, 12.986047744750977
4151265, 11, 1.1168856620788574, 0.2496243119239807, 13.985133171081543
4151265, 11, 1.1936317682266235, 0.2667281925678253, 14.98417854309082
4151265, 11, 1.272454023361206, 0.28493157029151917, 15.983105659484863
4151265, 11, 1.3513672351837158, 0.3037753403186798, 16.981924057006836
4151265, 11, 1.4281303882598877, 0.3222942054271698, 17.980714797973633
4151265, 11, 1.5078327655792236, 0.3419972360134125, 18.979284286499023
4151265, 11, 1.5884380340576172, 0.3615148663520813, 19.977880477905273
4151265, 11, 1.662114143371582, 0.3785954415798187, 20.976795196533203
4151265, 11, 1.7367448806762695, 0.3957839608192444, 21.975757598876953
4151265, 11, 1.8160310983657837, 0.41392281651496887, 22.974687576293945
4151265, 11, 1.8881031274795532, 0.4307355284690857, 23.973709106445312
4151265, 11, 1.9596598148345947, 0.4474271237850189, 24.97273826599121
4151265, 11, 2.0353188514709473, 0.4646129608154297, 25.971759796142578
4151265, 11, 2.110140085220337, 0.4814818799495697, 26.970834732055664
4151265, 11, 2.18017578125, 0.4977591335773468, 27.969940185546875
4151265, 11, 2.2493529319763184, 0.5142433643341064, 28.96900749206543
4151265, 11, 2.3228564262390137, 0.5313482284545898, 29.968055725097656
4741590, 12, 0.0884542241692543, 0.025409376248717308, 0.9975098967552185
4741590, 12, 0.16831842064857483, 0.04741949960589409, 1.9956796169281006
4741590, 12, 0.251830130815506, 0.07058625668287277, 2.993565559387207
4741590, 12, 0.33385175466537476, 0.09331122040748596, 3.9915380477905273
4741590, 12, 0.4148852527141571, 0.1157059371471405, 4.98959493637085
4741590, 12, 0.49967366456985474, 0.13956314325332642, 5.987371921539307
4741590, 12, 0.5770973563194275, 0.1608845591545105, 6.98576545715332
4741590, 12, 0.6715574264526367, 0.18863382935523987, 7.982773303985596
4741590, 12, 0.7558549046516418, 0.21251280605793, 8.980616569519043
4741590, 12, 0.8618066310882568, 0.24579602479934692, 9.976539611816406
4741590, 12, 0.97154700756073, 0.28097179532051086, 10.97213363647461
4741590, 12, 1.0719274282455444, 0.3114177882671356, 11.968602180480957
4741590, 12, 1.1632089614868164, 0.3379558324813843, 12.965840339660645
4741590, 12, 1.264589786529541, 0.3691440522670746, 13.962228775024414
4741590, 12, 1.3626211881637573, 0.39877140522003174, 14.95889949798584
4741590, 12, 1.4643079042434692, 0.43023258447647095, 15.955224990844727
4741590, 12, 1.553528070449829, 0.45655399560928345, 16.952682495117188
4741590, 12, 1.6619633436203003, 0.4915674328804016, 17.94839096069336
4741590, 12, 1.747846007347107, 0.5157909989356995, 18.946226119995117
4741590, 12, 1.830339789390564, 0.5386999845504761, 19.944351196289062
4741590, 12, 1.9211668968200684, 0.5652915835380554, 20.941673278808594
4741590, 12, 2.00777006149292, 0.5896127820014954, 21.93952178955078
4741590, 12, 2.0898804664611816, 0.6120906472206116, 22.9377384185791
4741590, 12, 2.1737828254699707, 0.6353288888931274, 23.93572425842285
4741590, 12, 2.26729416847229, 0.6626692414283752, 24.93284797668457
4741590, 12, 2.3577663898468018, 0.6885729432106018, 25.93023681640625
4741590, 12, 2.4360010623931885, 0.7096970677375793, 26.928661346435547
4741590, 12, 2.518947124481201, 0.7325708866119385, 27.92664909362793
4741590, 12, 2.6017444133758545, 0.7553576231002808, 28.924652099609375
4741590, 12, 2.6852223873138428, 0.7781686186790466, 29.922582626342773
4669030, 13, 0.09008215367794037, 0.024317055940628052, 0.9981899857521057
4669030, 13, 0.178239643573761, 0.04772245138883591, 1.9965105056762695
4669030, 13, 0.2665703296661377, 0.07138939201831818, 2.994844436645508
4669030, 13, 0.34921371936798096, 0.09292256087064743, 3.9933674335479736
4669030, 13, 0.4288248121738434, 0.11340710520744324, 4.991873264312744
4669030, 13, 0.5069437623023987, 0.1336146891117096, 5.9904561042785645
4669030, 13, 0.5855218768119812, 0.15411148965358734, 6.989079475402832
4669030, 13, 0.6654378175735474, 0.17509128153324127, 7.987717151641846
4669030, 13, 0.7430509328842163, 0.19528302550315857, 8.986443519592285
4669030, 13, 0.8223182559013367, 0.21579132974147797, 9.985157012939453
4669030, 13, 0.8963788747787476, 0.23470820486545563, 10.983987808227539
4669030, 13, 0.9730757474899292, 0.25426527857780457, 11.982802391052246
4669030, 13, 1.0499824285507202, 0.27369892597198486, 12.981585502624512
4669030, 13, 1.1319998502731323, 0.29543936252593994, 13.98015022277832
4669030, 13, 1.212677240371704, 0.3162634074687958, 14.978796005249023
4669030, 13, 1.2988348007202148, 0.33951133489608765, 15.977206230163574
4669030, 13, 1.3857238292694092, 0.3623780906200409, 16.975536346435547
4669030, 13, 1.4729706048965454, 0.38564154505729675, 17.973697662353516
4669030, 13, 1.5596239566802979, 0.4087255001068115, 18.97199058532715
4669030, 13, 1.6466253995895386, 0.4309251010417938, 19.97035789489746
4669030, 13, 1.7364932298660278, 0.45482268929481506, 20.968494415283203
4669030, 13, 1.823836088180542, 0.4775347113609314, 21.96677017211914
4669030, 13, 1.9093611240386963, 0.5004863142967224, 22.96507453918457
4669030, 13, 1.9890333414077759, 0.5211867094039917, 23.96355628967285
4669030, 13, 2.067842960357666, 0.5417299270629883, 24.962011337280273
4669030, 13, 2.145062208175659, 0.5624632835388184, 25.96063804626465
4669030, 13, 2.221811294555664, 0.5829686522483826, 26.95932960510254
4669030, 13, 2.298766851425171, 0.6032989621162415, 27.957921981811523
4669030, 13, 2.3761820793151855, 0.6238186955451965, 28.956457138061523
4669030, 13, 2.453920364379883, 0.6443960666656494, 29.95509147644043
4876648, 14, 0.08730404824018478, 0.02249278500676155, 0.9985101222991943
4876648, 14, 0.1715061068534851, 0.04400448501110077, 1.9971468448638916
4876648, 14, 0.25165730714797974, 0.06460100412368774, 2.9958248138427734
4876648, 14, 0.33111441135406494, 0.08500229567289352, 3.9945437908172607
4876648, 14, 0.41236186027526855, 0.1055854856967926, 4.993334770202637
4876648, 14, 0.48700135946273804, 0.1250731348991394, 5.992062568664551
4876648, 14, 0.5636203289031982, 0.14416395127773285, 6.990987777709961
4876648, 14, 0.637148380279541, 0.16282996535301208, 7.989870071411133
4876648, 14, 0.7117162346839905, 0.18205329775810242, 8.988743782043457
4876648, 14, 0.7866895198822021, 0.20143578946590424, 9.987564086914062
4876648, 14, 0.8636115789413452, 0.22133155167102814, 10.986351013183594
4876648, 14, 0.9410063028335571, 0.24105657637119293, 11.985177040100098
4876648, 14, 1.0250719785690308, 0.26300591230392456, 12.983839988708496
4876648, 14, 1.1084818840026855, 0.2849302887916565, 13.982467651367188
4876648, 14, 1.1908522844314575, 0.3064095675945282, 14.98107624053955
4876648, 14, 1.2798097133636475, 0.33040758967399597, 15.97944450378418
4876648, 14, 1.3717776536941528, 0.3559226989746094, 16.977434158325195
4876648, 14, 1.4596948623657227, 0.3802652060985565, 17.975549697875977
4876648, 14, 1.5473084449768066, 0.4036359488964081, 18.97378158569336
4876648, 14, 1.6357165575027466, 0.42785754799842834, 19.97185707092285
4876648, 14, 1.725398302078247, 0.4530288577079773, 20.969581604003906
4876648, 14, 1.8086955547332764, 0.4747562110424042, 21.968114852905273
4876648, 14, 1.888742208480835, 0.4956165552139282, 22.96672821044922
4876648, 14, 1.9695686101913452, 0.5166976451873779, 23.965391159057617
4876648, 14, 2.047361135482788, 0.5373609066009521, 24.963876724243164
4876648, 14, 2.125074863433838, 0.5576508045196533, 25.96266746520996
4876648, 14, 2.201458692550659, 0.5775238275527954, 26.961454391479492
4876648, 14, 2.279125213623047, 0.5977447628974915, 27.96026039123535
4876648, 14, 2.3556010723114014, 0.6176422834396362, 28.959007263183594
4876648, 14, 2.434828758239746, 0.6380351185798645, 29.957815170288086
4762480, 15, 0.08506569266319275, 0.023640479892492294, 0.998146653175354
4762480, 15, 0.16935676336288452, 0.04694731533527374, 1.9964627027511597
4762480, 15, 0.25314974784851074, 0.06986547261476517, 2.9947009086608887
4762480, 15, 0.33534368872642517, 0.09227675199508667, 3.993037700653076
4762480, 15, 0.417123407125473, 0.11463726311922073, 4.991379737854004
4762480, 15, 0.4987413287162781, 0.1373046338558197, 5.989765167236328
4762480, 15, 0.5805614590644836, 0.1600406914949417, 6.987937927246094
4762480, 15, 0.6619526147842407, 0.18253973126411438, 7.986268043518066
4762480, 15, 0.7465916275978088, 0.20612472295761108, 8.984235763549805
4762480, 15, 0.8271920680999756, 0.2280878871679306, 9.982610702514648
4762480, 15, 0.9080065488815308, 0.25019505620002747, 10.980949401855469
4762480, 15, 0.9894053339958191, 0.27273279428482056, 11.979290962219238
4762480, 15, 1.0739126205444336, 0.2964541018009186, 12.977313995361328
4762480, 15, 1.1582283973693848, 0.31985077261924744, 13.975439071655273
4762480, 15, 1.2416362762451172, 0.3425584137439728, 14.97366714477539
4762480, 15, 1.3250327110290527, 0.36503055691719055, 15.972023010253906
4762480, 15, 1.413977026939392, 0.38991519808769226, 16.969738006591797
4762480, 15, 1.503173589706421, 0.4142034649848938, 17.967708587646484
4762480, 15, 1.5948721170425415, 0.4404107928276062, 18.965238571166992
4762480, 15, 1.6850659847259521, 0.46494269371032715, 19.963186264038086
4762480, 15, 1.7742503881454468, 0.48856204748153687, 20.961345672607422
4762480, 15, 1.8647514581680298, 0.5131895542144775, 21.959239959716797
4762480, 15, 1.9566099643707275, 0.5387694239616394, 22.95709800720215
4762480, 15, 2.044806480407715, 0.5630728006362915, 23.955257415771484
4762480, 15, 2.1373403072357178, 0.590156078338623, 24.952476501464844
4762480, 15, 2.2222630977630615, 0.6134487986564636, 25.95062255859375
4762480, 15, 2.3088107109069824, 0.6374907493591309, 26.948514938354492
4762480, 15, 2.394812822341919, 0.6612352728843689, 27.946462631225586
4762480, 15, 2.478914976119995, 0.6840395927429199, 28.94468116760254
4762480, 15, 2.5627784729003906, 0.7065594792366028, 29.94292449951172
5050023, 16, 0.08224427700042725, 0.023079365491867065, 0.9980299472808838
5050023, 16, 0.16446496546268463, 0.046300873160362244, 1.996029257774353
5050023, 16, 0.24533486366271973, 0.06895264983177185, 2.9941279888153076
5050023, 16, 0.32486289739608765, 0.09105566889047623, 3.9923291206359863
5050023, 16, 0.4042948782444, 0.11314359307289124, 4.990492820739746
5050023, 16, 0.48282888531684875, 0.13490258157253265, 5.988757610321045
5050023, 16, 0.5609006881713867, 0.15658190846443176, 6.987053871154785
5050023, 16, 0.6386846899986267, 0.17802727222442627, 7.985385894775391
5050023, 16, 0.7151987552642822, 0.19879628717899323, 8.983939170837402
5050023, 16, 0.7955341339111328, 0.22074611485004425, 9.982095718383789
5050023, 16, 0.8714389801025391, 0.2415638118982315, 10.980557441711426
5050023, 16, 0.9476579427719116, 0.2624172866344452, 11.978970527648926
5050023, 16, 1.0246589183807373, 0.28329455852508545, 12.977341651916504
5050023, 16, 1.1007963418960571, 0.30353546142578125, 13.975828170776367
5050023, 16, 1.177048921585083, 0.3235591948032379, 14.974333763122559
5050023, 16, 1.2548792362213135, 0.34383928775787354, 15.972823143005371
5050023, 16, 1.3412134647369385, 0.36749783158302307, 16.970659255981445
5050023, 16, 1.428206205368042, 0.3918701410293579, 17.96849250793457
5050023, 16, 1.5145937204360962, 0.41576045751571655, 18.96650505065918
5050023, 16, 1.5993198156356812, 0.43848517537117004, 19.964801788330078
5050023, 16, 1.6866669654846191, 0.4623989462852478, 20.96290397644043
5050023, 16, 1.7790416479110718, 0.48898065090179443, 21.960304260253906
5050023, 16, 1.8610097169876099, 0.5117891430854797, 22.958539962768555
5050023, 16, 1.9403743743896484, 0.5337110757827759, 23.9569091796875
5050023, 16, 2.017706871032715, 0.554595410823822, 24.955360412597656
5050023, 16, 2.0959885120391846, 0.5758041739463806, 25.95368003845215
5050023, 16, 2.1759705543518066, 0.597680926322937, 26.951772689819336
5050023, 16, 2.251227617263794, 0.6178175806999207, 27.95020866394043
5050023, 16, 2.326317548751831, 0.6379706263542175, 28.948671340942383
5050023, 16, 2.4010722637176514, 0.6574589014053345, 29.947425842285156
4794215, 17, 0.08856469392776489, 0.025715302675962448, 0.9979127645492554
4794215, 17, 0.176162987947464, 0.05105119198560715, 1.9959546327590942
4794215, 17, 0.26355308294296265, 0.07587394118309021, 2.9939966201782227
4794215, 17, 0.3486497402191162, 0.09966990351676941, 3.9921693801879883
4794215, 17, 0.4358865022659302, 0.12396234273910522, 4.990053653717041
4794215, 17, 0.5192152261734009, 0.1468721181154251, 5.9882965087890625
4794215, 17, 0.6049320697784424, 0.17059703171253204, 6.986255168914795
4794215, 17, 0.6880722641944885, 0.19330215454101562, 7.984430313110352
4794215, 17, 0.7730827331542969, 0.21675240993499756, 8.98238754272461
4794215, 17, 0.8534080982208252, 0.23832526803016663, 9.980782508850098
4794215, 17, 0.9336768388748169, 0.2596789300441742, 10.979230880737305
4794215, 17, 1.0140762329101562, 0.2810900807380676, 11.977727890014648
4794215, 17, 1.0961925983428955, 0.3037168085575104, 12.97607707977295
4794215, 17, 1.1817747354507446, 0.32771947979927063, 13.97404670715332
4794215, 17, 1.26802396774292, 0.3523786664009094, 14.972089767456055
4794215, 17, 1.358659029006958, 0.3787122964859009, 15.969877243041992
4794215, 17, 1.4555723667144775, 0.4076693058013916, 16.96724510192871
4794215, 17, 1.5524113178253174, 0.43632772564888, 17.96475601196289
4794215, 17, 1.647330641746521, 0.4633379876613617, 18.962501525878906
4794215, 17, 1.7398909330368042, 0.48936280608177185, 19.960363388061523
4794215, 17, 1.8347855806350708, 0.5161203742027283, 20.95833396911621
4794215, 17, 1.926039218902588, 0.5414972901344299, 21.95649528503418
4794215, 17, 2.0126278400421143, 0.5650110840797424, 22.954904556274414
4794215, 17, 2.095684766769409, 0.5872873067855835, 23.953399658203125
4794215, 17, 2.1780035495758057, 0.6095261573791504, 24.951881408691406
4794215, 17, 2.2592601776123047, 0.6313501596450806, 25.950334548950195
4794215, 17, 2.34051775932312, 0.6527884602546692, 26.948734283447266
4794215, 17, 2.4189980030059814, 0.6733341217041016, 27.9473819732666
4794215, 17, 2.4968273639678955, 0.6935757398605347, 28.94603157043457
4794215, 17, 2.5746891498565674, 0.7142412662506104, 29.94486427307129
5194805_2, 18, 0.08900746703147888, 0.02489309012889862, 0.9976190328598022
5194805_2, 18, 0.1809474527835846, 0.05102737993001938, 1.9949898719787598
5194805_2, 18, 0.27113521099090576, 0.07632924616336823, 2.992518424987793
5194805_2, 18, 0.3562139868736267, 0.09943215548992157, 3.990553617477417
5194805_2, 18, 0.4439123272895813, 0.1238267794251442, 4.9882307052612305
5194805_2, 18, 0.5312261581420898, 0.14829792082309723, 5.985853672027588
5194805_2, 18, 0.6178467869758606, 0.1723785698413849, 6.983522415161133
5194805_2, 18, 0.7030639052391052, 0.19577857851982117, 7.981300354003906
5194805_2, 18, 0.7813199162483215, 0.21629314124584198, 8.979788780212402
5194805_2, 18, 0.8594132661819458, 0.23669257760047913, 9.978363990783691
5194805_2, 18, 0.9416415095329285, 0.25864094495773315, 10.976545333862305
5194805_2, 18, 1.0251716375350952, 0.28126099705696106, 11.974575996398926
5194805_2, 18, 1.1064624786376953, 0.3030683398246765, 12.973125457763672
5194805_2, 18, 1.1918590068817139, 0.3267465829849243, 13.971280097961426
5194805_2, 18, 1.27970552444458, 0.3512265682220459, 14.96937370300293
5194805_2, 18, 1.3695030212402344, 0.3759970963001251, 15.96751594543457
5194805_2, 18, 1.4618895053863525, 0.4019993543624878, 16.965194702148438
5194805_2, 18, 1.554717779159546, 0.4274815618991852, 17.96336555480957
5194805_2, 18, 1.6439365148544312, 0.45112383365631104, 18.961742401123047
5194805_2, 18, 1.7335025072097778, 0.47503650188446045, 19.960119247436523
5194805_2, 18, 1.8201156854629517, 0.49822500348091125, 20.958402633666992
5194805_2, 18, 1.906312346458435, 0.5217313766479492, 21.956798553466797
5194805_2, 18, 1.9919105768203735, 0.5450606942176819, 22.955026626586914
5194805_2, 18, 2.0740017890930176, 0.5669857859611511, 23.953563690185547
5194805_2, 18, 2.1560750007629395, 0.5886405110359192, 24.95201873779297
5194805_2, 18, 2.243232250213623, 0.61232990026474, 25.949817657470703
5194805_2, 18, 2.322086811065674, 0.6325638294219971, 26.94851303100586
5194805_2, 18, 2.4034104347229004, 0.6536632776260376, 27.946853637695312
5194805_2, 18, 2.4964163303375244, 0.6804738640785217, 28.943944931030273
5194805_2, 18, 2.5781965255737305, 0.7020916938781738, 29.94217300415039
4820624, 19, 0.08050747960805893, 0.021823342889547348, 0.998372495174408
4820624, 19, 0.1619473397731781, 0.04366767406463623, 1.9968149662017822
4820624, 19, 0.2411477118730545, 0.06461828947067261, 2.9953651428222656
4820624, 19, 0.31844979524612427, 0.0852804183959961, 3.993863821029663
4820624, 19, 0.3951784372329712, 0.1054694652557373, 4.9924726486206055
4820624, 19, 0.4698757231235504, 0.1249394342303276, 5.991106033325195
4820624, 19, 0.5464658141136169, 0.14382417500019073, 6.9899749755859375
4820624, 19, 0.620419442653656, 0.16243602335453033, 7.988850116729736
4820624, 19, 0.6940857172012329, 0.18076300621032715, 8.987762451171875
4820624, 19, 0.7675997614860535, 0.1989346146583557, 9.986709594726562
4820624, 19, 0.8398824334144592, 0.21700967848300934, 10.985651016235352
4820624, 19, 0.9136468172073364, 0.23548202216625214, 11.984569549560547
4820624, 19, 0.9898695945739746, 0.2543828785419464, 12.983490943908691
4820624, 19, 1.0673909187316895, 0.27420589327812195, 13.98223876953125
4820624, 19, 1.1476601362228394, 0.2952234447002411, 14.980875015258789
4820624, 19, 1.231021761894226, 0.31788429617881775, 15.979316711425781
4820624, 19, 1.3196884393692017, 0.3427143692970276, 16.977458953857422
4820624, 19, 1.4113496541976929, 0.36808690428733826, 17.975452423095703
4820624, 19, 1.497148036956787, 0.39064306020736694, 18.973777770996094
4820624, 19, 1.5829237699508667, 0.4130735695362091, 19.972286224365234
4820624, 19, 1.665366291999817, 0.434950590133667, 20.9706974029541
4820624, 19, 1.7456153631210327, 0.4555971026420593, 21.96940803527832
4820624, 19, 1.8231244087219238, 0.4759688377380371, 22.968059539794922
4820624, 19, 1.8983700275421143, 0.4954213798046112, 23.966970443725586
4820624, 19, 1.974521279335022, 0.5147088170051575, 24.965930938720703
4820624, 19, 2.048363447189331, 0.5331745743751526, 25.964868545532227
4820624, 19, 2.1208534240722656, 0.5515801310539246, 26.963729858398438
4820624, 19, 2.19561767578125, 0.5703274011611938, 27.962636947631836
4820624, 19, 2.271672487258911, 0.5891591310501099, 28.961532592773438
4820624, 19, 2.3456172943115234, 0.6076458692550659, 29.96036148071289
4733553, 20, 0.09879899024963379, 0.029599059373140335, 0.9969639182090759
4733553, 20, 0.19379401206970215, 0.057644978165626526, 1.9942917823791504
4733553, 20, 0.29074299335479736, 0.08644717931747437, 2.9914097785949707
4733553, 20, 0.38542822003364563, 0.11455928534269333, 3.9887356758117676
4733553, 20, 0.4820481538772583, 0.1434037834405899, 4.9858174324035645
4733553, 20, 0.5760353207588196, 0.17098897695541382, 5.983189582824707
4733553, 20, 0.6698691844940186, 0.19835838675498962, 6.980571746826172
4733553, 20, 0.7598752975463867, 0.22400988638401031, 7.978307247161865
4733553, 20, 0.8506389260292053, 0.2497653216123581, 8.976006507873535
4733553, 20, 0.9430490732192993, 0.27607229351997375, 9.973549842834473
4733553, 20, 1.0377545356750488, 0.3034154176712036, 10.970972061157227
4733553, 20, 1.1304004192352295, 0.32997727394104004, 11.96871566772461
4733553, 20, 1.2274425029754639, 0.3585455119609833, 12.96592903137207
4733553, 20, 1.3244714736938477, 0.3872356116771698, 13.963202476501465
4733553, 20, 1.4226418733596802, 0.4164232909679413, 14.960420608520508
4733553, 20, 1.521185278892517, 0.44539016485214233, 15.957754135131836
4733553, 20, 1.6178383827209473, 0.47318390011787415, 16.95547866821289
4733553, 20, 1.7111378908157349, 0.49938008189201355, 17.953508377075195
4733553, 20, 1.8070340156555176, 0.527671754360199, 18.951236724853516
4733553, 20, 1.9034948348999023, 0.5561811327934265, 19.94877815246582
4733553, 20, 1.998686671257019, 0.5836242437362671, 20.946470260620117
4733553, 20, 2.09332013130188, 0.6108790636062622, 21.944169998168945
4733553, 20, 2.187413454055786, 0.6375794410705566, 22.941898345947266
4733553, 20, 2.281378984451294, 0.6645435690879822, 23.939584732055664
4733553, 20, 2.3783321380615234, 0.6927575469017029, 24.936866760253906
4733553, 20, 2.473872661590576, 0.7204017639160156, 25.934295654296875
4733553, 20, 2.5674026012420654, 0.7475018501281738, 26.931982040405273
4733553, 20, 2.6628074645996094, 0.7750714421272278, 27.929414749145508
4733553, 20, 2.7563862800598145, 0.8017156720161438, 28.927053451538086
4733553, 20, 2.8486976623535156, 0.8274393081665039, 29.92488670349121
5036311, 21, 0.0854550451040268, 0.022516334429383278, 0.9983392357826233
5036311, 21, 0.1777283400297165, 0.047545239329338074, 1.9964325428009033
5036311, 21, 0.2618567645549774, 0.0689888596534729, 2.9949188232421875
5036311, 21, 0.34339413046836853, 0.08937135338783264, 3.993497133255005
5036311, 21, 0.4260808825492859, 0.11032333970069885, 4.992053031921387
5036311, 21, 0.5172519087791443, 0.13518252968788147, 5.990182876586914
5036311, 21, 0.6083584427833557, 0.16030842065811157, 6.988269805908203
5036311, 21, 0.6977760791778564, 0.1848965585231781, 7.986436367034912
5036311, 21, 0.7861626744270325, 0.20955492556095123, 8.984573364257812
5036311, 21, 0.8739506006240845, 0.23412582278251648, 9.982769966125488
5036311, 21, 0.9655628204345703, 0.2603614628314972, 10.980791091918945
5036311, 21, 1.0519596338272095, 0.284574955701828, 11.979002952575684
5036311, 21, 1.1367323398590088, 0.30796587467193604, 12.977232933044434
5036311, 21, 1.2293586730957031, 0.33465301990509033, 13.975141525268555
5036311, 21, 1.319709300994873, 0.3595275282859802, 14.97325325012207
5036311, 21, 1.4201568365097046, 0.38869190216064453, 15.970860481262207
5036311, 21, 1.515565276145935, 0.41362136602401733, 16.968896865844727
5036311, 21, 1.6116127967834473, 0.4384602904319763, 17.96697235107422
5036311, 21, 1.701449990272522, 0.4615463316440582, 18.9652156829834
5036311, 21, 1.7983652353286743, 0.48756662011146545, 19.963111877441406
5036311, 21, 1.8947423696517944, 0.5132204294204712, 20.96111297607422
5036311, 21, 1.9959012269973755, 0.5421440601348877, 21.958654403686523
5036311, 21, 2.095414161682129, 0.5714877247810364, 22.956172943115234
5036311, 21, 2.1854774951934814, 0.5966261029243469, 23.95419692993164
5036311, 21, 2.2728798389434814, 0.6211816072463989, 24.952287673950195
5036311, 21, 2.357985496520996, 0.6451173424720764, 25.950510025024414
5036311, 21, 2.4395735263824463, 0.6677301526069641, 26.94888687133789
5036311, 21, 2.521026611328125, 0.6904489398002625, 27.947261810302734
5036311, 21, 2.600891351699829, 0.7119296193122864, 28.945632934570312
5036311, 21, 2.679891586303711, 0.7327322959899902, 29.944080352783203
4739356, 22, 0.07923727482557297, 0.020253030583262444, 0.9986510872840881
4739356, 22, 0.15884001553058624, 0.04034937918186188, 1.9973533153533936
4739356, 22, 0.23354725539684296, 0.05931326001882553, 2.996061086654663
4739356, 22, 0.3087877035140991, 0.07813593000173569, 3.9949049949645996
4739356, 22, 0.3843819200992584, 0.09687504917383194, 4.993836402893066
4739356, 22, 0.4621267318725586, 0.11608390510082245, 5.992776870727539
4739356, 22, 0.5392858982086182, 0.13498230278491974, 6.9917402267456055
4739356, 22, 0.6180610656738281, 0.15419529378414154, 7.990689277648926
4739356, 22, 0.6907663345336914, 0.17204836010932922, 8.989720344543457
4739356, 22, 0.7605817317962646, 0.18939921259880066, 9.98875617980957
4739356, 22, 0.8389980792999268, 0.20871533453464508, 10.987720489501953
4739356, 22, 0.9123458862304688, 0.22661927342414856, 11.986769676208496
4739356, 22, 0.9844316244125366, 0.24413692951202393, 12.985840797424316
4739356, 22, 1.0580949783325195, 0.26203566789627075, 13.984908103942871
4739356, 22, 1.1332557201385498, 0.2802610993385315, 14.983894348144531
4739356, 22, 1.2134981155395508, 0.30027714371681213, 15.982784271240234
4739356, 22, 1.299805760383606, 0.3227686285972595, 16.98135757446289
4739356, 22, 1.392982006072998, 0.3488355576992035, 17.979461669921875
4739356, 22, 1.4843907356262207, 0.3746628165245056, 18.9771728515625
4739356, 22, 1.5766026973724365, 0.40017440915107727, 19.974966049194336
4739356, 22, 1.6694668531417847, 0.42529457807540894, 20.973133087158203
4739356, 22, 1.756462812423706, 0.44840943813323975, 21.971609115600586
4739356, 22, 1.838560938835144, 0.46948689222335815, 22.97035026550293
4739356, 22, 1.9161765575408936, 0.4887698292732239, 23.969234466552734
4739356, 22, 1.9987258911132812, 0.5101043581962585, 24.968061447143555
4739356, 22, 2.0750982761383057, 0.5293301343917847, 25.966938018798828
4739356, 22, 2.1513843536376953, 0.548512876033783, 26.965904235839844
4739356, 22, 2.2256226539611816, 0.5672010779380798, 27.96483039855957
4739356, 22, 2.299604654312134, 0.5858550667762756, 28.963665008544922
4739356, 22, 2.373936176300049, 0.6048781275749207, 29.96251678466797
5125441, 23, 0.08326457440853119, 0.02215137705206871, 0.9982590675354004
5125441, 23, 0.1688808798789978, 0.044558316469192505, 1.9965646266937256
5125441, 23, 0.25411710143089294, 0.06650464981794357, 2.994994640350342
5125441, 23, 0.33685362339019775, 0.0879116877913475, 3.993502616882324
5125441, 23, 0.4143579602241516, 0.10826334357261658, 4.992050647735596
5125441, 23, 0.491245836019516, 0.12844684720039368, 5.990649223327637
5125441, 23, 0.5665457844734192, 0.14792034029960632, 6.989343643188477
5125441, 23, 0.6405364274978638, 0.16745442152023315, 7.987971305847168
5125441, 23, 0.7151926159858704, 0.18736429512500763, 8.98644733428955
5125441, 23, 0.7892941236495972, 0.20689788460731506, 9.98501205444336
5125441, 23, 0.8659412264823914, 0.2264326810836792, 10.98376178741455
5125441, 23, 0.9463618397712708, 0.24693663418293, 11.982474327087402
5125441, 23, 1.0242863893508911, 0.26674216985702515, 12.981210708618164
5125441, 23, 1.1087783575057983, 0.28846389055252075, 13.979829788208008
5125441, 23, 1.19159734249115, 0.310012549161911, 14.978315353393555
5125441, 23, 1.2781141996383667, 0.3329767882823944, 15.976628303527832
5125441, 23, 1.3649120330810547, 0.3553870916366577, 16.97504234313965
5125441, 23, 1.4513425827026367, 0.3769432306289673, 17.97340202331543
5125441, 23, 1.5356473922729492, 0.3978247344493866, 18.971839904785156
5125441, 23, 1.6222810745239258, 0.42008349299430847, 19.970149993896484
5125441, 23, 1.7093905210494995, 0.4428434669971466, 20.968534469604492
5125441, 23, 1.7913525104522705, 0.4638500213623047, 21.96714210510254
5125441, 23, 1.8717180490493774, 0.48459941148757935, 22.965803146362305
5125441, 23, 1.9481327533721924, 0.504462718963623, 23.964460372924805
5125441, 23, 2.0232040882110596, 0.5241273641586304, 24.963106155395508
5125441, 23, 2.098886728286743, 0.5439608693122864, 25.961772918701172
5125441, 23, 2.1753101348876953, 0.5639854669570923, 26.960342407226562
5125441, 23, 2.251826286315918, 0.5839539170265198, 27.958972930908203
5125441, 23, 2.329517126083374, 0.6041260957717896, 28.957605361938477
5125441, 23, 2.406731605529785, 0.6238385438919067, 29.95625877380371
4713006, 24, 0.08068515360355377, 0.02210136689245701, 0.9981141090393066
4713006, 24, 0.16039767861366272, 0.0437203012406826, 1.996276617050171
4713006, 24, 0.24964988231658936, 0.06887578964233398, 2.9936866760253906
4713006, 24, 0.3447326421737671, 0.09639258682727814, 3.99062442779541
4713006, 24, 0.4308570623397827, 0.12040436267852783, 4.988241195678711
4713006, 24, 0.5138104557991028, 0.1433594524860382, 5.986053943634033
4713006, 24, 0.5867440700531006, 0.16318680346012115, 6.984558582305908
4713006, 24, 0.6773716807365417, 0.1894025206565857, 7.981759071350098
4713006, 24, 0.77279132604599, 0.21773338317871094, 8.978548049926758
4713006, 24, 0.8599978685379028, 0.242599219083786, 9.976000785827637
4713006, 24, 0.9369189143180847, 0.2634969651699066, 10.974259376525879
4713006, 24, 1.0165469646453857, 0.2853572368621826, 11.972358703613281
4713006, 24, 1.106573462486267, 0.31146368384361267, 12.969620704650879
4713006, 24, 1.2009789943695068, 0.3395272493362427, 13.966485977172852
4713006, 24, 1.2932765483856201, 0.3664717376232147, 14.963567733764648
4713006, 24, 1.3713558912277222, 0.38766542077064514, 15.961946487426758
4713006, 24, 1.4563051462173462, 0.4110904037952423, 16.959880828857422
4713006, 24, 1.5519050359725952, 0.43972155451774597, 17.95673370361328
4713006, 24, 1.6427102088928223, 0.46655821800231934, 18.953893661499023
4713006, 24, 1.7301604747772217, 0.4921526312828064, 19.951290130615234
4713006, 24, 1.812018871307373, 0.513920247554779, 20.94951057434082
4713006, 24, 1.8984469175338745, 0.5366246104240417, 21.947744369506836
4713006, 24, 1.9801591634750366, 0.5586948394775391, 22.945890426635742
4713006, 24, 2.065535068511963, 0.582921028137207, 23.943552017211914
4713006, 24, 2.1688005924224854, 0.614960253238678, 24.93971061706543
4713006, 24, 2.2435150146484375, 0.6355933547019958, 25.93830108642578
4713006, 24, 2.318378448486328, 0.6560559272766113, 26.93687629699707
4713006, 24, 2.3943357467651367, 0.6768701672554016, 27.935335159301758
4713006, 24, 2.4667229652404785, 0.6965680122375488, 28.93405532836914
4713006, 24, 2.5387628078460693, 0.7163749933242798, 29.932819366455078
4699088, 25, 0.08403627574443817, 0.021138982847332954, 0.9986483454704285
4699088, 25, 0.15795549750328064, 0.04021524637937546, 1.9974182844161987
4699088, 25, 0.2303459793329239, 0.05896243453025818, 2.996185064315796
4699088, 25, 0.3043321669101715, 0.07730251550674438, 3.9951562881469727
4699088, 25, 0.37804746627807617, 0.09557103365659714, 4.994157791137695
4699088, 25, 0.452743262052536, 0.11393269151449203, 5.993191242218018
4699088, 25, 0.5293004512786865, 0.1325504332780838, 6.992218971252441
4699088, 25, 0.6019399166107178, 0.15051184594631195, 7.991297721862793
4699088, 25, 0.6773545145988464, 0.16935496032238007, 8.990324974060059
4699088, 25, 0.7535136342048645, 0.18868747353553772, 9.989285469055176
4699088, 25, 0.8286999464035034, 0.20804345607757568, 10.988182067871094
4699088, 25, 0.9091712236404419, 0.22976458072662354, 11.986330032348633
4699088, 25, 0.9862840175628662, 0.2500092089176178, 12.984965324401855
4699088, 25, 1.0694777965545654, 0.2722369134426117, 13.983580589294434
4699088, 25, 1.1493382453918457, 0.2926626205444336, 14.982243537902832
4699088, 25, 1.2345917224884033, 0.31479358673095703, 15.980731964111328
4699088, 25, 1.319867730140686, 0.3362748920917511, 16.97907829284668
4699088, 25, 1.4044086933135986, 0.3576624095439911, 17.977474212646484
4699088, 25, 1.4879943132400513, 0.3780207633972168, 18.976064682006836
4699088, 25, 1.5767114162445068, 0.40065741539001465, 19.974437713623047
4699088, 25, 1.6651275157928467, 0.423312246799469, 20.972675323486328
4699088, 25, 1.7514824867248535, 0.4463639557361603, 21.97059440612793
4699088, 25, 1.8323378562927246, 0.46780866384506226, 22.968889236450195
4699088, 25, 1.9118181467056274, 0.4892106354236603, 23.967378616333008
4699088, 25, 1.9926971197128296, 0.51116943359375, 24.965665817260742
4699088, 25, 2.073910713195801, 0.5333729982376099, 25.96395492553711
4699088, 25, 2.1580753326416016, 0.5566114187240601, 26.961978912353516
4699088, 25, 2.238816499710083, 0.5784628987312317, 27.96042251586914
4699088, 25, 2.3250842094421387, 0.6022810339927673, 28.958248138427734
4699088, 25, 2.4073116779327393, 0.6240546107292175, 29.956607818603516
4772763, 26, 0.08365631848573685, 0.021965013816952705, 0.998550534248352
4772763, 26, 0.1656985878944397, 0.043435078114271164, 1.9971400499343872
4772763, 26, 0.24547436833381653, 0.06370645761489868, 2.995767593383789
4772763, 26, 0.3249238133430481, 0.08418303728103638, 3.9944536685943604
4772763, 26, 0.40372544527053833, 0.10438955575227737, 4.99315071105957
4772763, 26, 0.48316752910614014, 0.12527649104595184, 5.9918532371521
4772763, 26, 0.5619331002235413, 0.14604593813419342, 6.990560531616211
4772763, 26, 0.6412559747695923, 0.16768516600131989, 7.989249229431152
4772763, 26, 0.7198465466499329, 0.18932554125785828, 8.987942695617676
4772763, 26, 0.7972843647003174, 0.2105073779821396, 9.98668098449707
4772763, 26, 0.875053882598877, 0.2317480891942978, 10.985344886779785
4772763, 26, 0.9565050005912781, 0.25454482436180115, 11.983861923217773
4772763, 26, 1.037355661392212, 0.2766677141189575, 12.982383728027344
4772763, 26, 1.1218911409378052, 0.30036115646362305, 13.980720520019531
4772763, 26, 1.2131831645965576, 0.32669347524642944, 14.978836059570312
4772763, 26, 1.3061349391937256, 0.35193029046058655, 15.976784706115723
4772763, 26, 1.409688949584961, 0.38231179118156433, 16.974279403686523
4772763, 26, 1.5039396286010742, 0.4082576632499695, 17.972240447998047
4772763, 26, 1.5920733213424683, 0.4323526918888092, 18.970232009887695
4772763, 26, 1.6844265460968018, 0.45679157972335815, 19.96832275390625
4772763, 26, 1.780271053314209, 0.4828754961490631, 20.966148376464844
4772763, 26, 1.8738538026809692, 0.5083490610122681, 21.963937759399414
4772763, 26, 1.9624712467193604, 0.5330453515052795, 22.962251663208008
4772763, 26, 2.0448198318481445, 0.5555594563484192, 23.96070098876953
4772763, 26, 2.1247243881225586, 0.5774221420288086, 24.959138870239258
4772763, 26, 2.2032899856567383, 0.5990615487098694, 25.957717895507812
4772763, 26, 2.2809693813323975, 0.6200700998306274, 26.956361770629883
4772763, 26, 2.3599510192871094, 0.6410883069038391, 27.954896926879883
4772763, 26, 2.43790602684021, 0.6618812680244446, 28.95361328125
4772763, 26, 2.516526699066162, 0.6823473572731018, 29.95220375061035
4850951, 27, 0.0878443568944931, 0.02560938335955143, 0.997395932674408
4850951, 27, 0.17613017559051514, 0.051358774304389954, 1.9947504997253418
4850951, 27, 0.2639065980911255, 0.07688441872596741, 2.9921576976776123
4850951, 27, 0.3489813804626465, 0.10136677324771881, 3.9897758960723877
4850951, 27, 0.42837852239608765, 0.1237640455365181, 4.987794876098633
4850951, 27, 0.5069538950920105, 0.14582529664039612, 5.98583984375
4850951, 27, 0.5825330018997192, 0.16680479049682617, 6.9840989112854
4850951, 27, 0.6557360291481018, 0.18666920065879822, 7.9825263023376465
4850951, 27, 0.7285309433937073, 0.2044101357460022, 8.981523513793945
4850951, 27, 0.803480863571167, 0.222377210855484, 9.980542182922363
4850951, 27, 0.8799623847007751, 0.24055148661136627, 10.979558944702148
4850951, 27, 0.9501814842224121, 0.2577560842037201, 11.978581428527832
4850951, 27, 1.0275242328643799, 0.276048481464386, 12.977609634399414
4850951, 27, 1.1051901578903198, 0.29454100131988525, 13.976613998413086
4850951, 27, 1.1798619031906128, 0.3126908838748932, 14.97559928894043
4850951, 27, 1.2564548254013062, 0.3318491578102112, 15.97452449798584
4850951, 27, 1.3339349031448364, 0.3522500693798065, 16.9732608795166
4850951, 27, 1.412676215171814, 0.37339818477630615, 17.971771240234375
4850951, 27, 1.4945229291915894, 0.3944613039493561, 18.970367431640625
4850951, 27, 1.5721369981765747, 0.4144681394100189, 19.96895980834961
4850951, 27, 1.6494232416152954, 0.4340212941169739, 20.96761703491211
4850951, 27, 1.7258780002593994, 0.45319998264312744, 21.966365814208984
4850951, 27, 1.8000514507293701, 0.47206223011016846, 22.96513557434082
4850951, 27, 1.8759126663208008, 0.49106213450431824, 23.963958740234375
4850951, 27, 1.952552080154419, 0.5101880431175232, 24.962759017944336
4850951, 27, 2.0274665355682373, 0.5291508436203003, 25.961544036865234
4850951, 27, 2.103017568588257, 0.548023521900177, 26.960344314575195
4850951, 27, 2.1833786964416504, 0.5675413012504578, 27.959136962890625
4850951, 27, 2.2573459148406982, 0.5862476229667664, 28.95791244506836
4850951, 27, 2.334672689437866, 0.605380117893219, 29.956674575805664
2265761, 28, 0.08841144293546677, 0.022718627005815506, 0.9983534812927246
2265761, 28, 0.17371636629104614, 0.0442185252904892, 1.9968613386154175
2265761, 28, 0.2576602101325989, 0.06504342705011368, 2.9954724311828613
2265761, 28, 0.3386429250240326, 0.08476294577121735, 3.994215965270996
2265761, 28, 0.420681893825531, 0.10455333441495895, 4.993021011352539
2265761, 28, 0.49559468030929565, 0.12257051467895508, 5.991960525512695
2265761, 28, 0.5712981820106506, 0.14059783518314362, 6.990971565246582
2265761, 28, 0.6459271311759949, 0.15839359164237976, 7.989992618560791
2265761, 28, 0.7191707491874695, 0.17604565620422363, 8.988983154296875
2265761, 28, 0.7931671738624573, 0.1940688043832779, 9.987936019897461
2265761, 28, 0.8682045340538025, 0.21259836852550507, 10.986814498901367
2265761, 28, 0.946337103843689, 0.23198698461055756, 11.985603332519531
2265761, 28, 1.0246120691299438, 0.2511121332645416, 12.984399795532227
2265761, 28, 1.112069845199585, 0.2733400762081146, 13.982851028442383
2265761, 28, 1.1933777332305908, 0.29339683055877686, 14.981477737426758
2265761, 28, 1.273301601409912, 0.313307523727417, 15.980042457580566
2265761, 28, 1.3595753908157349, 0.335376501083374, 16.978418350219727
2265761, 28, 1.4496864080429077, 0.35889530181884766, 17.976619720458984
2265761, 28, 1.534801959991455, 0.38110318779945374, 18.97478675842285
2265761, 28, 1.6207281351089478, 0.403108149766922, 19.97303009033203
2265761, 28, 1.7102513313293457, 0.42630118131637573, 20.971202850341797
2265761, 28, 1.795238733291626, 0.44838467240333557, 21.969409942626953
2265761, 28, 1.877020001411438, 0.4694617986679077, 22.967851638793945
2265761, 28, 1.9531677961349487, 0.48903900384902954, 23.966346740722656
2265761, 28, 2.0291826725006104, 0.5082018971443176, 24.96497344970703
2265761, 28, 2.1104612350463867, 0.5287126302719116, 25.963584899902344
2265761, 28, 2.1903276443481445, 0.5481060743331909, 26.96238136291504
2265761, 28, 2.2671375274658203, 0.5663891434669495, 27.961336135864258
2265761, 28, 2.3436660766601562, 0.5846405625343323, 28.96031951904297
2265761, 28, 2.4176807403564453, 0.602673351764679, 29.959238052368164
5038881, 29, 0.08380339294672012, 0.023149432614445686, 0.9983211755752563
5038881, 29, 0.1677556186914444, 0.046492792665958405, 1.9966535568237305
5038881, 29, 0.25094538927078247, 0.06945081800222397, 2.995042324066162
5038881, 29, 0.3323412835597992, 0.09218692779541016, 3.9934356212615967
5038881, 29, 0.41205930709838867, 0.11442829668521881, 4.991864204406738
5038881, 29, 0.49014514684677124, 0.1362190693616867, 5.990166664123535
5038881, 29, 0.5695850253105164, 0.15853632986545563, 6.988351345062256
5038881, 29, 0.6487153768539429, 0.18080836534500122, 7.986800670623779
5038881, 29, 0.7264506816864014, 0.2027822583913803, 8.98521900177002
5038881, 29, 0.8069652318954468, 0.2261057049036026, 9.98350715637207
5038881, 29, 0.8902775049209595, 0.25087520480155945, 10.981640815734863
5038881, 29, 0.9760948419570923, 0.27716007828712463, 11.979625701904297
5038881, 29, 1.0606223344802856, 0.30270054936408997, 12.977685928344727
5038881, 29, 1.1462430953979492, 0.32769501209259033, 13.975630760192871
5038881, 29, 1.2346270084381104, 0.35303616523742676, 14.973450660705566
5038881, 29, 1.3252553939819336, 0.37921544909477234, 15.971288681030273
5038881, 29, 1.4197838306427002, 0.40657153725624084, 16.968990325927734
5038881, 29, 1.5134419202804565, 0.43321242928504944, 17.966812133789062
5038881, 29, 1.6036800146102905, 0.4583936929702759, 18.964786529541016
5038881, 29, 1.696846604347229, 0.4845876693725586, 19.96270751953125
5038881, 29, 1.7899690866470337, 0.5115117430686951, 20.960575103759766
5038881, 29, 1.8816214799880981, 0.5380956530570984, 21.958450317382812
5038881, 29, 1.971021056175232, 0.5652511119842529, 22.956296920776367
5038881, 29, 2.0589044094085693, 0.592387318611145, 23.9541015625
5038881, 29, 2.144573926925659, 0.6183380484580994, 24.952030181884766
5038881, 29, 2.229416608810425, 0.6439204812049866, 25.950000762939453
5038881, 29, 2.313743829727173, 0.6693172454833984, 26.947967529296875
5038881, 29, 2.3991622924804688, 0.6956935524940491, 27.945831298828125
5038881, 29, 2.4886631965637207, 0.7237815856933594, 28.943513870239258
5038881, 29, 2.5780484676361084, 0.7517456412315369, 29.941207885742188
4785791, 30, 0.0824429988861084, 0.022907743230462074, 0.9980814456939697
4785791, 30, 0.1635410040616989, 0.04522167891263962, 1.9962555170059204
4785791, 30, 0.24419882893562317, 0.06736201047897339, 2.994473695755005
4785791, 30, 0.3233860433101654, 0.08905491232872009, 3.992826461791992
4785791, 30, 0.4067690670490265, 0.11264796555042267, 4.990715503692627
4785791, 30, 0.4924485683441162, 0.13728049397468567, 5.9883527755737305
4785791, 30, 0.5769085884094238, 0.16150236129760742, 6.986141204833984
4785791, 30, 0.6559494733810425, 0.1836186647415161, 7.984505653381348
4785791, 30, 0.7516664862632751, 0.21220625936985016, 8.981371879577637
4785791, 30, 0.8288263082504272, 0.23327256739139557, 9.980035781860352
4785791, 30, 0.9071120023727417, 0.25481536984443665, 10.97864818572998
4785791, 30, 0.9875328540802002, 0.2771364450454712, 11.976941108703613
4785791, 30, 1.0674285888671875, 0.2990640699863434, 12.975373268127441
4785791, 30, 1.1492533683776855, 0.32191258668899536, 13.973605155944824
4785791, 30, 1.2321504354476929, 0.34520047903060913, 14.97182846069336
4785791, 30, 1.3173202276229858, 0.36958733201026917, 15.969827651977539
4785791, 30, 1.4073375463485718, 0.3958035707473755, 16.967588424682617
4785791, 30, 1.5018428564071655, 0.42424893379211426, 17.964801788330078
4785791, 30, 1.5927138328552246, 0.4501711130142212, 18.96275520324707
4785791, 30, 1.6810352802276611, 0.4741132855415344, 19.960865020751953
4785791, 30, 1.7713000774383545, 0.49961456656455994, 20.958824157714844
4785791, 30, 1.860184907913208, 0.5248048901557922, 21.95677947998047
4785791, 30, 1.9432289600372314, 0.547094464302063, 22.955171585083008
4785791, 30, 2.0239720344543457, 0.5687172412872314, 23.95369529724121
4785791, 30, 2.103125810623169, 0.5898995399475098, 24.95228385925293
4785791, 30, 2.182020902633667, 0.6111981868743896, 25.95089340209961
4785791, 30, 2.259760618209839, 0.6323378086090088, 26.949462890625
4785791, 30, 2.339650869369507, 0.6543543338775635, 27.947662353515625
4785791, 30, 2.4171557426452637, 0.6754526495933533, 28.946144104003906
4785791, 30, 2.5124828815460205, 0.7039889693260193, 29.94300079345703
1089412, 31, 0.08544313907623291, 0.02329619973897934, 0.9983071684837341
1089412, 31, 0.16808608174324036, 0.04554381221532822, 1.9966890811920166
1089412, 31, 0.24941638112068176, 0.06721436977386475, 2.9952025413513184
1089412, 31, 0.3289274573326111, 0.08802976459264755, 3.993718385696411
1089412, 31, 0.40859007835388184, 0.10852471739053726, 4.9923906326293945
1089412, 31, 0.4864976704120636, 0.12890133261680603, 5.990879535675049
1089412, 31, 0.5633794069290161, 0.14892101287841797, 6.989479064941406
1089412, 31, 0.6389032006263733, 0.16821545362472534, 7.98828649520874
1089412, 31, 0.7144119143486023, 0.18712259829044342, 8.987222671508789
1089412, 31, 0.7897958755493164, 0.2059546560049057, 9.986148834228516
1089412, 31, 0.8677175045013428, 0.2255985289812088, 10.985064506530762
1089412, 31, 0.9430319666862488, 0.24443744122982025, 11.983908653259277
1089412, 31, 1.0185332298278809, 0.2632754147052765, 12.982747077941895
1089412, 31, 1.0964243412017822, 0.2827012836933136, 13.98159408569336
1089412, 31, 1.177207112312317, 0.3032691478729248, 14.980329513549805
1089412, 31, 1.2588070631027222, 0.32448211312294006, 15.978939056396484
1089412, 31, 1.3409476280212402, 0.34594935178756714, 16.97740364074707
1089412, 31, 1.426051139831543, 0.3677477538585663, 17.975975036621094
1089412, 31, 1.5144290924072266, 0.3900073170661926, 18.97456932067871
1089412, 31, 1.6028727293014526, 0.4119371473789215, 19.973121643066406
1089412, 31, 1.6899986267089844, 0.43410253524780273, 20.97159194946289
1089412, 31, 1.7769410610198975, 0.45680224895477295, 21.970151901245117
1089412, 31, 1.8595843315124512, 0.4780912697315216, 22.96881103515625
1089412, 31, 1.938339352607727, 0.49805256724357605, 23.96757698059082
1089412, 31, 2.0158281326293945, 0.5177854299545288, 24.966402053833008
1089412, 31, 2.092766046524048, 0.5374183654785156, 25.965253829956055
1089412, 31, 2.169584035873413, 0.5568792819976807, 26.96413803100586
1089412, 31, 2.2449283599853516, 0.5759350061416626, 27.962953567504883
1089412, 31, 2.3250558376312256, 0.5968763828277588, 28.961700439453125
1089412, 31, 2.4039812088012695, 0.6174393892288208, 29.96042823791504
4996894, 32, 0.08478765934705734, 0.022020243108272552, 0.9984076023101807
4996894, 32, 0.17129546403884888, 0.04396325722336769, 1.9969078302383423
4996894, 32, 0.25101953744888306, 0.06405596435070038, 2.99556827545166
4996894, 32, 0.325888991355896, 0.08365587890148163, 3.9941601753234863
4996894, 32, 0.39952147006988525, 0.10235895216464996, 4.992917060852051
4996894, 32, 0.473055899143219, 0.12077046185731888, 5.99175500869751
4996894, 32, 0.5472403764724731, 0.13885068893432617, 6.990692138671875
4996894, 32, 0.6252809762954712, 0.15748286247253418, 7.989692211151123
4996894, 32, 0.7024346590042114, 0.1757894605398178, 8.988748550415039
4996894, 32, 0.7776309847831726, 0.19355539977550507, 9.987834930419922
4996894, 32, 0.8571039438247681, 0.21288354694843292, 10.986785888671875
4996894, 32, 0.9318566918373108, 0.23141849040985107, 11.985692024230957
4996894, 32, 1.007287621498108, 0.2504652142524719, 12.984517097473145
4996894, 32, 1.0850075483322144, 0.2705537974834442, 13.983184814453125
4996894, 32, 1.1633641719818115, 0.2911183834075928, 14.981732368469238
4996894, 32, 1.244297742843628, 0.3125361502170563, 15.980232238769531
4996894, 32, 1.329235315322876, 0.3353367745876312, 16.978599548339844
4996894, 32, 1.4149130582809448, 0.3579719066619873, 17.97689437866211
4996894, 32, 1.500222086906433, 0.3801501989364624, 18.975257873535156
4996894, 32, 1.583351731300354, 0.40224790573120117, 19.973655700683594
4996894, 32, 1.6637537479400635, 0.4226177930831909, 20.972352981567383
4996894, 32, 1.7407047748565674, 0.44162657856941223, 21.971134185791016
4996894, 32, 1.8153208494186401, 0.4598168730735779, 22.970094680786133
4996894, 32, 1.8871855735778809, 0.47751685976982117, 23.969039916992188
4996894, 32, 1.9600095748901367, 0.4954279363155365, 24.96805191040039
4996894, 32, 2.034824848175049, 0.5138317942619324, 25.967023849487305
4996894, 32, 2.1105384826660156, 0.5325597524642944, 26.96597671508789
4996894, 32, 2.18430495262146, 0.5507431626319885, 27.964923858642578
4996894, 32, 2.26416277885437, 0.5707422494888306, 28.9637451171875
4996894, 32, 2.3438897132873535, 0.5910524129867554, 29.962499618530273
1217886, 33, 0.08697383105754852, 0.02116144448518753, 0.9985858798027039
1217886, 33, 0.16791197657585144, 0.040557101368904114, 1.9973626136779785
1217886, 33, 0.23999887704849243, 0.05808313190937042, 2.996295213699341
1217886, 33, 0.3092445731163025, 0.07522696256637573, 3.9952540397644043
1217886, 33, 0.3860228657722473, 0.09315317869186401, 4.994233131408691
1217886, 33, 0.46157804131507874, 0.11096373945474625, 5.993216514587402
1217886, 33, 0.5398047566413879, 0.12946487963199615, 6.992141246795654
1217886, 33, 0.6194964647293091, 0.14830739796161652, 7.9910383224487305
1217886, 33, 0.6875074505805969, 0.16482791304588318, 8.990113258361816
1217886, 33, 0.7569947838783264, 0.18136608600616455, 9.989219665527344
1217886, 33, 0.8231813311576843, 0.1979427933692932, 10.988224983215332
1217886, 33, 0.8986796140670776, 0.21626125276088715, 11.98711109161377
1217886, 33, 0.9823615550994873, 0.23690053820610046, 12.985712051391602
1217886, 33, 1.0707882642745972, 0.25927677750587463, 13.984086036682129
1217886, 33, 1.1549803018569946, 0.2803482413291931, 14.98260498046875
1217886, 33, 1.232936978340149, 0.29951655864715576, 15.981189727783203
1217886, 33, 1.314313292503357, 0.3189232349395752, 16.979833602905273
1217886, 33, 1.4026306867599487, 0.3404650092124939, 17.97831916809082
1217886, 33, 1.4903095960617065, 0.3625096082687378, 18.976707458496094
1217886, 33, 1.5731648206710815, 0.3831494152545929, 19.975303649902344
1217886, 33, 1.6662650108337402, 0.40857359766960144, 20.973331451416016
1217886, 33, 1.7567647695541382, 0.4325442612171173, 21.971521377563477
1217886, 33, 1.8308972120285034, 0.4507402181625366, 22.970348358154297
1217886, 33, 1.903050422668457, 0.468453586101532, 23.96923828125
1217886, 33, 1.9792879819869995, 0.4868836998939514, 24.96810531616211
1217886, 33, 2.0575499534606934, 0.5058965086936951, 25.966955184936523
1217886, 33, 2.127823829650879, 0.5235012769699097, 26.965927124023438
1217886, 33, 2.1990931034088135, 0.5413447022438049, 27.964876174926758
1217886, 33, 2.2723357677459717, 0.5595954060554504, 28.963783264160156
1217886, 33, 2.346155881881714, 0.5777719020843506, 29.962690353393555
4820909, 34, 0.12536022067070007, 0.04361356049776077, 0.9940862655639648
4820909, 34, 0.2505842447280884, 0.08720293641090393, 1.9881656169891357
4820909, 34, 0.37518221139907837, 0.130441814661026, 2.9823036193847656
4820909, 34, 0.49100354313850403, 0.1688826084136963, 3.9773108959198
4820909, 34, 0.587661862373352, 0.1982024610042572, 4.974020957946777
4820909, 34, 0.6663111448287964, 0.2199832946062088, 5.972246170043945
4820909, 34, 0.7525007128715515, 0.2447960078716278, 6.969817638397217
4820909, 34, 0.8483242988586426, 0.2735992968082428, 7.966609001159668
4820909, 34, 0.9392291307449341, 0.30016690492630005, 8.96383285522461
4820909, 34, 1.040662169456482, 0.33124420046806335, 9.960175514221191
4820909, 34, 1.1433066129684448, 0.36293143033981323, 10.95641803741455
4820909, 34, 1.2371070384979248, 0.3906794786453247, 11.953445434570312
4820909, 34, 1.3405665159225464, 0.42286425828933716, 12.949628829956055
4820909, 34, 1.4453285932540894, 0.45594778656959534, 13.945670127868652
4820909, 34, 1.546650767326355, 0.48757725954055786, 14.942007064819336
4820909, 34, 1.638319730758667, 0.5146986842155457, 15.939229965209961
4820909, 34, 1.746353268623352, 0.5492956042289734, 16.934965133666992
4820909, 34, 1.8646939992904663, 0.5893473625183105, 17.929685592651367
4820909, 34, 1.9700653553009033, 0.6225546002388, 18.925657272338867
4820909, 34, 2.0524697303771973, 0.6454806327819824, 19.923673629760742
4820909, 34, 2.1378731727600098, 0.6698889136314392, 20.921401977539062
4820909, 34, 2.226569652557373, 0.6958335638046265, 21.918800354003906
4820909, 34, 2.306633472442627, 0.7179960608482361, 22.917030334472656
4820909, 34, 2.3909523487091064, 0.7418757081031799, 23.914823532104492
4820909, 34, 2.4871058464050293, 0.7708743214607239, 24.911579132080078
4820909, 34, 2.574406147003174, 0.7962018251419067, 25.909042358398438
4820909, 34, 2.65398907661438, 0.8183335065841675, 26.907142639160156
4820909, 34, 2.733445405960083, 0.8404855728149414, 27.90522575378418
4820909, 34, 2.827641010284424, 0.8684768676757812, 28.902135848999023
4820909, 34, 2.9042367935180664, 0.889579713344574, 29.900476455688477
1221647, 35, 0.08697488158941269, 0.021150581538677216, 0.9985907673835754
1221647, 35, 0.16831225156784058, 0.04062165692448616, 1.9973691701889038
1221647, 35, 0.24029318988323212, 0.05802791193127632, 2.9963254928588867
1221647, 35, 0.3092905282974243, 0.07507913559675217, 3.995288133621216
1221647, 35, 0.3855293095111847, 0.09286632388830185, 4.9942803382873535
1221647, 35, 0.4608810245990753, 0.11060185730457306, 5.993270397186279
1221647, 35, 0.5391421318054199, 0.1292039453983307, 6.99217414855957
1221647, 35, 0.619001030921936, 0.14810511469841003, 7.991058349609375
1221647, 35, 0.6868029832839966, 0.16452211141586304, 8.990156173706055
1221647, 35, 0.7561860084533691, 0.18103989958763123, 9.989256858825684
1221647, 35, 0.8225662112236023, 0.19769448041915894, 10.988252639770508
1221647, 35, 0.8978398442268372, 0.21598491072654724, 11.987137794494629
1221647, 35, 0.981452465057373, 0.23658797144889832, 12.985748291015625
1221647, 35, 1.069537878036499, 0.25880637764930725, 13.984146118164062
1221647, 35, 1.1537681818008423, 0.27990496158599854, 14.982665061950684
1221647, 35, 1.231566309928894, 0.29902178049087524, 15.981255531311035
1221647, 35, 1.3129346370697021, 0.3184219300746918, 16.97989845275879
1221647, 35, 1.4011410474777222, 0.3399360775947571, 17.97838020324707
1221647, 35, 1.4889812469482422, 0.3620441257953644, 18.97676658630371
1221647, 35, 1.5719325542449951, 0.38271868228912354, 19.975360870361328
1221647, 35, 1.6651767492294312, 0.4082459807395935, 20.97339630126953
1221647, 35, 1.7556648254394531, 0.432204008102417, 21.971586227416992
1221647, 35, 1.8298205137252808, 0.45039883255958557, 22.970413208007812
1221647, 35, 1.9021276235580444, 0.46814271807670593, 23.96929931640625
1221647, 35, 1.9784504175186157, 0.4866659641265869, 24.96815299987793
1221647, 35, 2.056735038757324, 0.5056918263435364, 25.966997146606445
1221647, 35, 2.126981735229492, 0.5233100056648254, 26.96595573425293
1221647, 35, 2.198265314102173, 0.5411471724510193, 27.96489715576172
1221647, 35, 2.271477460861206, 0.5594261884689331, 28.96380043029785
1221647, 35, 2.3450870513916016, 0.5775227546691895, 29.962717056274414
5195398, 36, 0.08281249552965164, 0.02147805318236351, 0.9985095858573914
5195398, 36, 0.16238389909267426, 0.04195956140756607, 1.9970524311065674
5195398, 36, 0.24058391153812408, 0.061691612005233765, 2.9957528114318848
5195398, 36, 0.3199048340320587, 0.08171281963586807, 3.9945037364959717
5195398, 36, 0.3970979154109955, 0.10104447603225708, 4.99332332611084
5195398, 36, 0.4720067083835602, 0.11999888718128204, 5.992173194885254
5195398, 36, 0.5510453581809998, 0.14013220369815826, 6.990997314453125
5195398, 36, 0.6276319026947021, 0.15945984423160553, 7.989887714385986
5195398, 36, 0.7028645873069763, 0.17863953113555908, 8.988785743713379
5195398, 36, 0.7752853631973267, 0.19721046090126038, 9.987671852111816
5195398, 36, 0.8505117893218994, 0.21658553183078766, 10.986518859863281
5195398, 36, 0.9254691004753113, 0.2356351912021637, 11.985368728637695
5195398, 36, 1.0012600421905518, 0.2549404203891754, 12.98420524597168
5195398, 36, 1.0788403749465942, 0.2748112082481384, 13.983022689819336
5195398, 36, 1.1569578647613525, 0.294662207365036, 14.98182487487793
5195398, 36, 1.2390609979629517, 0.3162514865398407, 15.980439186096191
5195398, 36, 1.320255994796753, 0.336947500705719, 16.97895622253418
5195398, 36, 1.4020779132843018, 0.3571699857711792, 17.977596282958984
5195398, 36, 1.4882984161376953, 0.37964969873428345, 18.976028442382812
5195398, 36, 1.5723882913589478, 0.4015779495239258, 19.974409103393555
5195398, 36, 1.6552326679229736, 0.42271462082862854, 20.972942352294922
5195398, 36, 1.7378034591674805, 0.44340428709983826, 21.971464157104492
5195398, 36, 1.8168144226074219, 0.4631905257701874, 22.970083236694336
5195398, 36, 1.896247386932373, 0.48383188247680664, 23.96872329711914
5195398, 36, 1.9704861640930176, 0.5026880502700806, 24.967517852783203
5195398, 36, 2.044187307357788, 0.5210741758346558, 25.96642303466797
5195398, 36, 2.115342378616333, 0.5387995839118958, 26.96535301208496
5195398, 36, 2.186418294906616, 0.5566694736480713, 27.964305877685547
5195398, 36, 2.261296272277832, 0.5757773518562317, 28.96324348449707
5195398, 36, 2.334538698196411, 0.5945174098014832, 29.962181091308594
5007479, 37, 0.08566915988922119, 0.022646646946668625, 0.9983203411102295
5007479, 37, 0.168411523103714, 0.04510746896266937, 1.9964210987091064
5007479, 37, 0.24927136301994324, 0.06605346500873566, 2.9948601722717285
5007479, 37, 0.3308514356613159, 0.08670549094676971, 3.993415355682373
5007479, 37, 0.4119192361831665, 0.10726430267095566, 4.9919657707214355
5007479, 37, 0.49551162123680115, 0.1283954679965973, 5.990488529205322
5007479, 37, 0.5769488215446472, 0.1490955352783203, 6.989026069641113
5007479, 37, 0.6564837694168091, 0.16946010291576385, 7.987573146820068
5007479, 37, 0.7353312969207764, 0.18996337056159973, 8.985994338989258
5007479, 37, 0.814039945602417, 0.20989105105400085, 9.98454761505127
5007479, 37, 0.8976963758468628, 0.23078584671020508, 10.983080863952637
5007479, 37, 0.9779887199401855, 0.2510982155799866, 11.9815673828125
5007479, 37, 1.0571389198303223, 0.27182480692863464, 12.979889869689941
5007479, 37, 1.1387722492218018, 0.2941127121448517, 13.977849006652832
5007479, 37, 1.2183661460876465, 0.31525173783302307, 14.976102828979492
5007479, 37, 1.2984418869018555, 0.33665698766708374, 15.97433090209961
5007479, 37, 1.3776273727416992, 0.35794639587402344, 16.9725399017334
5007479, 37, 1.4551407098770142, 0.37825897336006165, 17.970972061157227
5007479, 37, 1.5316684246063232, 0.398381769657135, 18.96933937072754
5007479, 37, 1.6074395179748535, 0.41799330711364746, 19.967771530151367
5007479, 37, 1.6821187734603882, 0.4369802474975586, 20.96632194519043
5007479, 37, 1.756785273551941, 0.4556550681591034, 21.96495246887207
5007479, 37, 1.8331382274627686, 0.4745334982872009, 22.963626861572266
5007479, 37, 1.9091401100158691, 0.4938960075378418, 23.962200164794922
5007479, 37, 1.9848943948745728, 0.5139508843421936, 24.960594177246094
5007479, 37, 2.06185245513916, 0.5337823629379272, 25.959110260009766
5007479, 37, 2.1432254314422607, 0.556820809841156, 26.956863403320312
5007479, 37, 2.231410503387451, 0.5824301242828369, 27.9541015625
5007479, 37, 2.324272871017456, 0.6098644137382507, 28.951004028320312
5007479, 37, 2.4119462966918945, 0.6351207494735718, 29.94831085205078
4431350, 38, 0.08531361818313599, 0.023816464468836784, 0.9981882572174072
4431350, 38, 0.16840869188308716, 0.046741783618927, 1.996535301208496
4431350, 38, 0.25028133392333984, 0.06907457858324051, 2.9949231147766113
4431350, 38, 0.33355697989463806, 0.09165952354669571, 3.9931247234344482
4431350, 38, 0.41403502225875854, 0.11358442902565002, 4.9916090965271
4431350, 38, 0.49375462532043457, 0.13508355617523193, 5.990293979644775
4431350, 38, 0.5728319883346558, 0.15593990683555603, 6.9889068603515625
4431350, 38, 0.6524522304534912, 0.17693999409675598, 7.987457275390625
4431350, 38, 0.7327825427055359, 0.19820019602775574, 8.985983848571777
4431350, 38, 0.812099277973175, 0.2190384417772293, 9.984702110290527
4431350, 38, 0.8928182721138, 0.24044200778007507, 10.983318328857422
4431350, 38, 0.9753525853157043, 0.26267358660697937, 11.981841087341309
4431350, 38, 1.0597931146621704, 0.285686731338501, 12.980315208435059
4431350, 38, 1.1458077430725098, 0.30921417474746704, 13.978745460510254
4431350, 38, 1.2329243421554565, 0.33275261521339417, 14.977033615112305
4431350, 38, 1.3246244192123413, 0.35837385058403015, 15.97508716583252
4431350, 38, 1.4204407930374146, 0.3855382800102234, 16.97288703918457
4431350, 38, 1.5159038305282593, 0.4134911298751831, 17.97020149230957
4431350, 38, 1.6088061332702637, 0.43950188159942627, 18.967939376831055
4431350, 38, 1.7063713073730469, 0.4674423635005951, 19.96556854248047
4431350, 38, 1.801807165145874, 0.49476316571235657, 20.963436126708984
4431350, 38, 1.892836093902588, 0.5198781490325928, 21.96152687072754
4431350, 38, 1.9794352054595947, 0.5431756973266602, 22.95977020263672
4431350, 38, 2.062560558319092, 0.565985918045044, 23.958269119262695
4431350, 38, 2.1429195404052734, 0.5870194435119629, 24.956829071044922
4431350, 38, 2.221522331237793, 0.6076902747154236, 25.955453872680664
4431350, 38, 2.3004324436187744, 0.6292299032211304, 26.954130172729492
4431350, 38, 2.379398822784424, 0.6510365605354309, 27.952741622924805
4431350, 38, 2.4582173824310303, 0.6727681159973145, 28.951383590698242
4431350, 38, 2.5369200706481934, 0.693649172782898, 29.94996452331543
5144366, 39, 0.07916659116744995, 0.02031954936683178, 0.9985594749450684
5144366, 39, 0.1653609722852707, 0.04207441955804825, 1.9970766305923462
5144366, 39, 0.24886354804039001, 0.06301185488700867, 2.995692253112793
5144366, 39, 0.3280571699142456, 0.0828917920589447, 3.994403600692749
5144366, 39, 0.4086272716522217, 0.1034911647439003, 4.993056774139404
5144366, 39, 0.48924165964126587, 0.12459743022918701, 5.991623878479004
5144366, 39, 0.5667743682861328, 0.14497527480125427, 6.990205764770508
5144366, 39, 0.6435859203338623, 0.1650843322277069, 7.988771915435791
5144366, 39, 0.7221867442131042, 0.18593382835388184, 8.987276077270508
5144366, 39, 0.8014130592346191, 0.20700927078723907, 9.985697746276855
5144366, 39, 0.8825342059135437, 0.2288234531879425, 10.983990669250488
5144366, 39, 0.970447301864624, 0.2529919147491455, 11.982014656066895
5144366, 39, 1.06101655960083, 0.27759960293769836, 12.97997760772705
5144366, 39, 1.1513643264770508, 0.30134841799736023, 13.978012084960938
5144366, 39, 1.2444279193878174, 0.32612285017967224, 14.97589111328125
5144366, 39, 1.3373699188232422, 0.3512299060821533, 15.97372055053711
5144366, 39, 1.432775616645813, 0.3774415850639343, 16.97144889831543
5144366, 39, 1.5257889032363892, 0.4022614657878876, 17.96928596496582
5144366, 39, 1.6171666383743286, 0.4268428385257721, 18.967117309570312
5144366, 39, 1.704734206199646, 0.45063191652297974, 19.965055465698242
5144366, 39, 1.7906494140625, 0.4738996922969818, 20.963176727294922
5144366, 39, 1.8735116720199585, 0.4961484968662262, 21.961427688598633
5144366, 39, 1.9552512168884277, 0.5183441638946533, 22.95966339111328
5144366, 39, 2.0398974418640137, 0.5417096018791199, 23.95777702331543
5144366, 39, 2.125514507293701, 0.5649611353874207, 24.95595359802246
5144366, 39, 2.214174509048462, 0.5888919234275818, 25.954090118408203
5144366, 39, 2.300264835357666, 0.6115766167640686, 26.952423095703125
5144366, 39, 2.386461019515991, 0.6341298818588257, 27.95079803466797
5144366, 39, 2.4736151695251465, 0.6568966507911682, 28.94913673400879
5144366, 39, 2.560896873474121, 0.6797342300415039, 29.94746208190918
5037673, 40, 0.08231107890605927, 0.020495282486081123, 0.9985878467559814
5037673, 40, 0.16388601064682007, 0.040783509612083435, 1.9972422122955322
5037673, 40, 0.24370595812797546, 0.060686685144901276, 2.9959473609924316
5037673, 40, 0.3199410140514374, 0.07982417196035385, 3.9947187900543213
5037673, 40, 0.3937240540981293, 0.09899568557739258, 4.993354797363281
5037673, 40, 0.47277015447616577, 0.11846139281988144, 5.992186069488525
5037673, 40, 0.5506219863891602, 0.13754703104496002, 6.991067886352539
5037673, 40, 0.6277100443840027, 0.15620765089988708, 7.98999547958374
5037673, 40, 0.7059028744697571, 0.17514033615589142, 8.988931655883789
5037673, 40, 0.7827939987182617, 0.19398604333400726, 9.987860679626465
5037673, 40, 0.8593306541442871, 0.21287541091442108, 10.986749649047852
5037673, 40, 0.9391983151435852, 0.23259848356246948, 11.98554801940918
5037673, 40, 1.0162345170974731, 0.25159111618995667, 12.984414100646973
5037673, 40, 1.0945851802825928, 0.2711917459964752, 13.983224868774414
5037673, 40, 1.1761294603347778, 0.29182302951812744, 14.981954574584961
5037673, 40, 1.2535068988800049, 0.3116759657859802, 15.98056411743164
5037673, 40, 1.3356096744537354, 0.33344537019729614, 16.978899002075195
5037673, 40, 1.4221408367156982, 0.3568723201751709, 17.977264404296875
5037673, 40, 1.5076847076416016, 0.37901487946510315, 18.975711822509766
5037673, 40, 1.5944880247116089, 0.4010580778121948, 19.974149703979492
5037673, 40, 1.6823124885559082, 0.42392924427986145, 20.97257423400879
5037673, 40, 1.764472484588623, 0.44482266902923584, 21.97115135192871
5037673, 40, 1.8452670574188232, 0.46505919098854065, 22.969919204711914
5037673, 40, 1.9229145050048828, 0.4845406711101532, 23.968746185302734
5037673, 40, 1.9990553855895996, 0.5034542679786682, 24.967622756958008
5037673, 40, 2.0754127502441406, 0.5225585699081421, 25.966503143310547
5037673, 40, 2.151165008544922, 0.5413938164710999, 26.965394973754883
5037673, 40, 2.224228620529175, 0.5596672296524048, 27.96432876586914
5037673, 40, 2.2972583770751953, 0.5779038071632385, 28.963298797607422
5037673, 40, 2.3704752922058105, 0.5962740182876587, 29.96224021911621
4766524, 41, 0.08330976217985153, 0.023790689185261726, 0.9980592727661133
4766524, 41, 0.16422632336616516, 0.04644152522087097, 1.9963630437850952
4766524, 41, 0.24603524804115295, 0.06930521130561829, 2.994490623474121
4766524, 41, 0.32746773958206177, 0.09204470366239548, 3.9926815032958984
4766524, 41, 0.40569040179252625, 0.11357523500919342, 4.991200923919678
4766524, 41, 0.4828590750694275, 0.13462597131729126, 5.989801406860352
4766524, 41, 0.5595187544822693, 0.15540911257266998, 6.988393783569336
4766524, 41, 0.6359052062034607, 0.17614351212978363, 7.9870524406433105
4766524, 41, 0.7125890851020813, 0.196930930018425, 8.985706329345703
4766524, 41, 0.7916052341461182, 0.2182406783103943, 9.984195709228516
4766524, 41, 0.8748149275779724, 0.24080917239189148, 10.982373237609863
4766524, 41, 0.9588845372200012, 0.26376521587371826, 11.980478286743164
4766524, 41, 1.041494607925415, 0.2859906852245331, 12.978816032409668
4766524, 41, 1.1271227598190308, 0.3093920946121216, 13.976962089538574
4766524, 41, 1.216016173362732, 0.33403030037879944, 14.975064277648926
4766524, 41, 1.3085215091705322, 0.35989096760749817, 15.973055839538574
4766524, 41, 1.4025564193725586, 0.3870586156845093, 16.970705032348633
4766524, 41, 1.4947144985198975, 0.4131561815738678, 17.968486785888672
4766524, 41, 1.589705228805542, 0.440515398979187, 18.96613311767578
4766524, 41, 1.6841108798980713, 0.4675445556640625, 19.963851928710938
4766524, 41, 1.7757233381271362, 0.49296286702156067, 20.9617919921875
4766524, 41, 1.8636666536331177, 0.5169349908828735, 21.95987892150879
4766524, 41, 1.9467850923538208, 0.5395317077636719, 22.95829200744629
4766524, 41, 2.03257155418396, 0.5629845261573792, 23.95634651184082
4766524, 41, 2.115736484527588, 0.5858626365661621, 24.954641342163086
4766524, 41, 2.1982479095458984, 0.6088069081306458, 25.95292854309082
4766524, 41, 2.279371738433838, 0.6313793659210205, 26.951316833496094
4766524, 41, 2.360774517059326, 0.6540531516075134, 27.94963264465332
4766524, 41, 2.4412224292755127, 0.6769026517868042, 28.94805908203125
4766524, 41, 2.528980016708374, 0.7013629078865051, 29.94586944580078
1262475, 42, 0.0864972323179245, 0.021412059664726257, 0.9984942078590393
1262475, 42, 0.17181125283241272, 0.04214009642601013, 1.9970905780792236
1262475, 42, 0.25251102447509766, 0.06113968789577484, 2.995882749557495
1262475, 42, 0.3291027545928955, 0.07923994958400726, 3.9947705268859863
1262475, 42, 0.39908114075660706, 0.09618198871612549, 4.993716239929199
1262475, 42, 0.47035670280456543, 0.11289601773023605, 5.992729187011719
1262475, 42, 0.5480072498321533, 0.13074159622192383, 6.991657733917236
1262475, 42, 0.6259884834289551, 0.1490992158651352, 7.9905548095703125
1262475, 42, 0.7069658637046814, 0.16890022158622742, 8.989313125610352
1262475, 42, 0.788257896900177, 0.18885895609855652, 9.98803424835205
1262475, 42, 0.8692421317100525, 0.2090006023645401, 10.986724853515625
1262475, 42, 0.9506633281707764, 0.2299506664276123, 11.985316276550293
1262475, 42, 1.0338685512542725, 0.252104789018631, 12.983771324157715
1262475, 42, 1.1200695037841797, 0.27567142248153687, 13.982070922851562
1262475, 42, 1.2057002782821655, 0.2987577021121979, 14.980413436889648
1262475, 42, 1.2886351346969604, 0.32050058245658875, 15.978887557983398
1262475, 42, 1.3676116466522217, 0.3407781422138214, 16.97747802734375
1262475, 42, 1.4466968774795532, 0.36006465554237366, 17.97614288330078
1262475, 42, 1.528222680091858, 0.37968146800994873, 18.974815368652344
1262475, 42, 1.6089786291122437, 0.39921921491622925, 19.9735107421875
1262475, 42, 1.693803310394287, 0.4203994870185852, 20.97197914123535
1262475, 42, 1.7757878303527832, 0.44144660234451294, 21.970443725585938
1262475, 42, 1.854762315750122, 0.4618476331233978, 22.96894645690918
1262475, 42, 1.9299702644348145, 0.48122259974479675, 23.967546463012695
1262475, 42, 2.0099937915802, 0.5014967322349548, 24.96613311767578
1262475, 42, 2.0842745304107666, 0.5197517275810242, 25.964956283569336
1262475, 42, 2.158663511276245, 0.5378803610801697, 26.96382713317871
1262475, 42, 2.2294063568115234, 0.5551112294197083, 27.962787628173828
1262475, 42, 2.2997472286224365, 0.5721985101699829, 28.96175765991211
1262475, 42, 2.371675729751587, 0.5895493626594543, 29.96070098876953
5010602, 43, 0.08663412928581238, 0.02249615080654621, 0.9982905387878418
5010602, 43, 0.1737709939479828, 0.04500437527894974, 1.9966635704040527
5010602, 43, 0.259179025888443, 0.06671775877475739, 2.9951257705688477
5010602, 43, 0.3466774523258209, 0.08942216634750366, 3.9935457706451416
5010602, 43, 0.43120360374450684, 0.11070442199707031, 4.992092609405518
5010602, 43, 0.5218917727470398, 0.1350468099117279, 5.99035120010376
5010602, 43, 0.604981005191803, 0.15587593615055084, 6.98892879486084
5010602, 43, 0.6867892146110535, 0.1762503683567047, 7.9875407218933105
5010602, 43, 0.7689175605773926, 0.19704830646514893, 8.986115455627441
5010602, 43, 0.8501580357551575, 0.21776945888996124, 9.98466968536377
5010602, 43, 0.9335559606552124, 0.23955141007900238, 10.983122825622559
5010602, 43, 1.018671989440918, 0.2617748975753784, 11.981515884399414
5010602, 43, 1.1007097959518433, 0.2824040651321411, 12.980058670043945
5010602, 43, 1.1813106536865234, 0.30242919921875, 13.97861385345459
5010602, 43, 1.2616655826568604, 0.3226010799407959, 14.977082252502441
5010602, 43, 1.3449312448501587, 0.3437141180038452, 15.975434303283691
5010602, 43, 1.4319462776184082, 0.36571866273880005, 16.973670959472656
5010602, 43, 1.5233945846557617, 0.38895976543426514, 17.971742630004883
5010602, 43, 1.6131479740142822, 0.41161227226257324, 18.969892501831055
5010602, 43, 1.703635811805725, 0.43449532985687256, 19.968027114868164
5010602, 43, 1.789146900177002, 0.45528414845466614, 20.966411590576172
5010602, 43, 1.8750945329666138, 0.4766894578933716, 21.964712142944336
5010602, 43, 1.9604833126068115, 0.4982913136482239, 22.962949752807617
5010602, 43, 2.0429606437683105, 0.5191941261291504, 23.961246490478516
5010602, 43, 2.123166561126709, 0.5394836664199829, 24.959657669067383
5010602, 43, 2.2054600715637207, 0.560188353061676, 25.958147048950195
5010602, 43, 2.2874300479888916, 0.5808460116386414, 26.956684112548828
5010602, 43, 2.3685309886932373, 0.6014010906219482, 27.955259323120117
5010602, 43, 2.4504036903381348, 0.6223042607307434, 28.953838348388672
5010602, 43, 2.5339908599853516, 0.6439772248268127, 29.95235824584961
4961513, 44, 0.08351163566112518, 0.02195494808256626, 0.9985442757606506
4961513, 44, 0.16626310348510742, 0.043378155678510666, 1.9971709251403809
4961513, 44, 0.24647165834903717, 0.06385248154401779, 2.9959053993225098
4961513, 44, 0.323104590177536, 0.08338304609060287, 3.9946954250335693
4961513, 44, 0.3990483283996582, 0.10253864526748657, 4.99355411529541
4961513, 44, 0.4726080894470215, 0.12165142595767975, 5.992302894592285
4961513, 44, 0.5455382466316223, 0.14060047268867493, 6.99104118347168
4961513, 44, 0.6177500486373901, 0.15897592902183533, 7.989904403686523
4961513, 44, 0.6933563947677612, 0.17745374143123627, 8.988930702209473
4961513, 44, 0.7663427591323853, 0.19571776688098907, 9.987886428833008
4961513, 44, 0.8398140668869019, 0.2141231894493103, 10.986781120300293
4961513, 44, 0.9172057509422302, 0.233300119638443, 11.985669136047363
4961513, 44, 0.9934454560279846, 0.25264161825180054, 12.984453201293945
4961513, 44, 1.0718262195587158, 0.2726861834526062, 13.983171463012695
4961513, 44, 1.1553394794464111, 0.2945387661457062, 14.981470108032227
4961513, 44, 1.2428981065750122, 0.3174014091491699, 15.979646682739258
4961513, 44, 1.3290812969207764, 0.3399510681629181, 16.97801399230957
4961513, 44, 1.4129157066345215, 0.3632805347442627, 17.976001739501953
4961513, 44, 1.5030075311660767, 0.38771259784698486, 18.97404670715332
4961513, 44, 1.5932526588439941, 0.4120634198188782, 19.972204208374023
4961513, 44, 1.6757782697677612, 0.4336925148963928, 20.97056007385254
4961513, 44, 1.7552084922790527, 0.4540643095970154, 21.96919059753418
4961513, 44, 1.8321176767349243, 0.47363418340682983, 22.967876434326172
4961513, 44, 1.9072107076644897, 0.49276530742645264, 23.966726303100586
4961513, 44, 1.9814153909683228, 0.5117583870887756, 24.96552085876465
4961513, 44, 2.0557780265808105, 0.5309029221534729, 25.96434211730957
4961513, 44, 2.1308422088623047, 0.5503926873207092, 26.963048934936523
4961513, 44, 2.205869674682617, 0.570003867149353, 27.96164894104004
4961513, 44, 2.279825448989868, 0.5889937877655029, 28.960430145263672
4961513, 44, 2.354933738708496, 0.6080766916275024, 29.95920181274414
5059948, 45, 0.07752063125371933, 0.021542439237236977, 0.9981898665428162
5059948, 45, 0.1531844586133957, 0.04204707592725754, 1.996607780456543
5059948, 45, 0.2305879294872284, 0.061885423958301544, 2.9952621459960938
5059948, 45, 0.30388596653938293, 0.08127062022686005, 3.9938881397247314
5059948, 45, 0.3774220645427704, 0.10108193755149841, 4.992377758026123
5059948, 45, 0.4502369165420532, 0.12049010396003723, 5.990940570831299
5059948, 45, 0.5239513516426086, 0.14021256566047668, 6.989416122436523
5059948, 45, 0.5954321026802063, 0.1585942804813385, 7.9882426261901855
5059948, 45, 0.6759586930274963, 0.1780625879764557, 8.987072944641113
5059948, 45, 0.7524764537811279, 0.19659031927585602, 9.985947608947754
5059948, 45, 0.8260751366615295, 0.21500830352306366, 10.984782218933105
5059948, 45, 0.8999873995780945, 0.2342488169670105, 11.983405113220215
5059948, 45, 0.9764729142189026, 0.2544761300086975, 12.981833457946777
5059948, 45, 1.0540735721588135, 0.2748270332813263, 13.980241775512695
5059948, 45, 1.135574460029602, 0.29645007848739624, 14.978401184082031
5059948, 45, 1.218876600265503, 0.3185194432735443, 15.97651481628418
5059948, 45, 1.302717685699463, 0.341007262468338, 16.97460174560547
5059948, 45, 1.3900635242462158, 0.36442169547080994, 17.97280502319336
5059948, 45, 1.4751404523849487, 0.38688015937805176, 18.971036911010742
5059948, 45, 1.5585720539093018, 0.4095110595226288, 19.96898078918457
5059948, 45, 1.6419596672058105, 0.4307417571544647, 20.96731948852539
5059948, 45, 1.7227528095245361, 0.45159462094306946, 21.965675354003906
5059948, 45, 1.7989245653152466, 0.471828430891037, 22.964122772216797
5059948, 45, 1.8770768642425537, 0.49344947934150696, 23.962173461914062
5059948, 45, 1.9521737098693848, 0.5127294659614563, 24.960832595825195
5059948, 45, 2.0261285305023193, 0.5322474837303162, 25.959293365478516
5059948, 45, 2.1006619930267334, 0.5520763993263245, 26.957725524902344
5059948, 45, 2.1740145683288574, 0.5710619688034058, 27.956443786621094
5059948, 45, 2.2482223510742188, 0.5903521180152893, 28.955074310302734
5059948, 45, 2.322997570037842, 0.6095818877220154, 29.95372200012207
4855738, 46, 0.08778419345617294, 0.02249755710363388, 0.9985378980636597
4855738, 46, 0.17638695240020752, 0.044966112822294235, 1.9971132278442383
4855738, 46, 0.257198303937912, 0.06529276072978973, 2.995863199234009
4855738, 46, 0.33515504002571106, 0.08486821502447128, 3.9946603775024414
4855738, 46, 0.412180095911026, 0.10394831001758575, 4.993502616882324
4855738, 46, 0.4917325973510742, 0.12328784167766571, 5.992381572723389
4855738, 46, 0.5717794299125671, 0.14273667335510254, 6.991277694702148
4855738, 46, 0.6525251269340515, 0.1624060869216919, 7.990168571472168
4855738, 46, 0.7322396636009216, 0.181790292263031, 8.9890775680542
4855738, 46, 0.8116244673728943, 0.2012004256248474, 9.987977981567383
4855738, 46, 0.8911536931991577, 0.22051763534545898, 10.986879348754883
4855738, 46, 0.9730889797210693, 0.24062387645244598, 11.985695838928223
4855738, 46, 1.0521665811538696, 0.2598969340324402, 12.98455810546875
4855738, 46, 1.1353169679641724, 0.28059151768684387, 13.983301162719727
4855738, 46, 1.2197812795639038, 0.30194297432899475, 14.981995582580566
4855738, 46, 1.3041318655014038, 0.3233458995819092, 15.98058032989502
4855738, 46, 1.3932428359985352, 0.34677478671073914, 16.978912353515625
4855738, 46, 1.4819655418395996, 0.3694663643836975, 17.977191925048828
4855738, 46, 1.5705254077911377, 0.39156821370124817, 18.975587844848633
4855738, 46, 1.6627588272094727, 0.41546088457107544, 19.97386360168457
4855738, 46, 1.7481869459152222, 0.43662750720977783, 20.972400665283203
4855738, 46, 1.835490345954895, 0.45949774980545044, 21.970966339111328
4855738, 46, 1.9175845384597778, 0.4798928499221802, 22.969736099243164
4855738, 46, 2.0053608417510986, 0.5026247501373291, 23.96828842163086
4855738, 46, 2.095076084136963, 0.5262961983680725, 24.966739654541016
4855738, 46, 2.1823320388793945, 0.5489724278450012, 25.965307235717773
4855738, 46, 2.2641425132751465, 0.5695297718048096, 26.964088439941406
4855738, 46, 2.3478238582611084, 0.5908511281013489, 27.962818145751953
4855738, 46, 2.4325926303863525, 0.6125717163085938, 28.96150016784668
4855738, 46, 2.5152511596679688, 0.6335317492485046, 29.960227966308594
