Case_ID, Slide_ID, mae, mse, ssim
5266205, 1, 0.07571693509817123, 0.018707262352108955, 0.998694896697998
5266205, 1, 0.15287934243679047, 0.03761735558509827, 1.9973864555358887
5266205, 1, 0.2347833663225174, 0.058135367929935455, 2.9959325790405273
5266205, 1, 0.3063819408416748, 0.07592456042766571, 3.994734048843384
5266205, 1, 0.3822593092918396, 0.09602497518062592, 4.992867946624756
5266205, 1, 0.45971912145614624, 0.11683936417102814, 5.9908576011657715
5266205, 1, 0.5338371992111206, 0.1364254504442215, 6.9890851974487305
5266205, 1, 0.6074170470237732, 0.15587888658046722, 7.987359046936035
5266205, 1, 0.6824972033500671, 0.1760895550251007, 8.985478401184082
5266205, 1, 0.7595534324645996, 0.19712209701538086, 9.983439445495605
5266205, 1, 0.828552782535553, 0.21470549702644348, 10.982133865356445
5266205, 1, 0.8996684551239014, 0.2322882115840912, 11.981099128723145
5266205, 1, 0.9737058281898499, 0.25075268745422363, 12.97996997833252
5266205, 1, 1.0563033819198608, 0.2723834812641144, 13.978446006774902
5266205, 1, 1.1288208961486816, 0.29074782133102417, 14.977055549621582
5266205, 1, 1.2053130865097046, 0.3107295632362366, 15.975544929504395
5266205, 1, 1.287609577178955, 0.33263325691223145, 16.9738712310791
5266205, 1, 1.3726952075958252, 0.3547396957874298, 17.972238540649414
5266205, 1, 1.4534732103347778, 0.37456005811691284, 18.970848083496094
5266205, 1, 1.535391926765442, 0.3948200047016144, 19.969356536865234
5266205, 1, 1.6175717115402222, 0.41633328795433044, 20.967748641967773
5266205, 1, 1.6941434144973755, 0.4361867308616638, 21.96617317199707
5266205, 1, 1.766326665878296, 0.45434990525245667, 22.96493911743164
5266205, 1, 1.8418134450912476, 0.47359520196914673, 23.96367835998535
5266205, 1, 1.911566972732544, 0.49103695154190063, 24.962560653686523
5266205, 1, 1.9801974296569824, 0.5080530047416687, 25.961511611938477
5266205, 1, 2.0646843910217285, 0.5321970582008362, 26.95881462097168
5266205, 1, 2.1310606002807617, 0.5489363074302673, 27.957719802856445
5266205, 1, 2.199155330657959, 0.5667502284049988, 28.956327438354492
5266205, 1, 2.2707157135009766, 0.5846977829933167, 29.955209732055664
5110047, 2, 0.0796540305018425, 0.021305665373802185, 0.9984549283981323
5110047, 2, 0.15832385420799255, 0.041823625564575195, 1.9970464706420898
5110047, 2, 0.23530682921409607, 0.06192302331328392, 2.9956841468811035
5110047, 2, 0.31012439727783203, 0.08159846812486649, 3.994333028793335
5110047, 2, 0.3836943209171295, 0.10049742460250854, 4.99312686920166
5110047, 2, 0.45755964517593384, 0.11959390342235565, 5.991923809051514
5110047, 2, 0.530131459236145, 0.13846391439437866, 6.990701198577881
5110047, 2, 0.5998603701591492, 0.15657222270965576, 7.989426136016846
5110047, 2, 0.6687847375869751, 0.17448115348815918, 8.988222122192383
5110047, 2, 0.741531491279602, 0.192999467253685, 9.987067222595215
5110047, 2, 0.8171950578689575, 0.21224702894687653, 10.985837936401367
5110047, 2, 0.8916411399841309, 0.23140302300453186, 11.984612464904785
5110047, 2, 0.9661421179771423, 0.2510901689529419, 12.98335075378418
5110047, 2, 1.0415242910385132, 0.2710128128528595, 13.982105255126953
5110047, 2, 1.117134690284729, 0.29115691781044006, 14.98080825805664
5110047, 2, 1.1975489854812622, 0.31307095289230347, 15.97916316986084
5110047, 2, 1.2857983112335205, 0.33787015080451965, 16.977333068847656
5110047, 2, 1.3719074726104736, 0.36089426279067993, 17.975357055664062
5110047, 2, 1.453383445739746, 0.3826313614845276, 18.973569869995117
5110047, 2, 1.540231466293335, 0.4060550630092621, 19.97164535522461
5110047, 2, 1.624853253364563, 0.4283013641834259, 20.96982765197754
5110047, 2, 1.7078001499176025, 0.4501863121986389, 21.968109130859375
5110047, 2, 1.7835731506347656, 0.4699704051017761, 22.96669578552246
5110047, 2, 1.8592278957366943, 0.49035581946372986, 23.965320587158203
5110047, 2, 1.9333420991897583, 0.5105419754981995, 24.963951110839844
5110047, 2, 2.0057566165924072, 0.5300107002258301, 25.962648391723633
5110047, 2, 2.0815954208374023, 0.5508814454078674, 26.961307525634766
5110047, 2, 2.1586923599243164, 0.5723356604576111, 27.95987892150879
5110047, 2, 2.2393710613250732, 0.5952476263046265, 28.958253860473633
5110047, 2, 2.3238909244537354, 0.6194949150085449, 29.956501007080078
4954663, 3, 0.08218096196651459, 0.02250071056187153, 0.9981771111488342
4954663, 3, 0.16572871804237366, 0.04507533088326454, 1.996170163154602
4954663, 3, 0.2451823651790619, 0.06662900000810623, 2.9945812225341797
4954663, 3, 0.32399094104766846, 0.08761309087276459, 3.9929604530334473
4954663, 3, 0.4005935788154602, 0.10813529789447784, 4.991508483886719
4954663, 3, 0.47598493099212646, 0.1281459927558899, 5.990126609802246
4954663, 3, 0.5504634976387024, 0.14795346558094025, 6.988833904266357
4954663, 3, 0.6222290992736816, 0.1662885844707489, 7.987641334533691
4954663, 3, 0.6954774856567383, 0.18485593795776367, 8.986289978027344
4954663, 3, 0.7664052248001099, 0.20284059643745422, 9.985103607177734
4954663, 3, 0.8371004462242126, 0.2211594432592392, 10.983994483947754
4954663, 3, 0.9092018008232117, 0.2397381216287613, 11.982831001281738
4954663, 3, 0.9813469052314758, 0.2582370340824127, 12.981679916381836
4954663, 3, 1.054330587387085, 0.27670127153396606, 13.98039436340332
4954663, 3, 1.130308747291565, 0.2960249185562134, 14.979001998901367
4954663, 3, 1.210569977760315, 0.31681549549102783, 15.977383613586426
4954663, 3, 1.2940959930419922, 0.33905860781669617, 16.975610733032227
4954663, 3, 1.3792295455932617, 0.3616110682487488, 17.97389793395996
4954663, 3, 1.4643913507461548, 0.38372305035591125, 18.972118377685547
4954663, 3, 1.5490140914916992, 0.4058999717235565, 19.970407485961914
4954663, 3, 1.634024977684021, 0.42865708470344543, 20.968677520751953
4954663, 3, 1.7135488986968994, 0.4493495523929596, 21.967124938964844
4954663, 3, 1.7892735004425049, 0.468500554561615, 22.965831756591797
4954663, 3, 1.8625338077545166, 0.4874887466430664, 23.96464729309082
4954663, 3, 1.9341951608657837, 0.5058907866477966, 24.963346481323242
4954663, 3, 2.0040524005889893, 0.5239184498786926, 25.962234497070312
4954663, 3, 2.073255777359009, 0.5415547490119934, 26.96110725402832
4954663, 3, 2.1438679695129395, 0.5596510171890259, 27.959829330444336
4954663, 3, 2.2171084880828857, 0.5785834789276123, 28.95833396911621
4954663, 3, 2.2869760990142822, 0.5966988205909729, 29.95718002319336
4899760, 4, 0.08392173796892166, 0.024179665371775627, 0.9975476861000061
4899760, 4, 0.1603928655385971, 0.04476836696267128, 1.9960250854492188
4899760, 4, 0.23490402102470398, 0.06471157819032669, 2.994546890258789
4899760, 4, 0.3078022003173828, 0.08379927277565002, 3.993152379989624
4899760, 4, 0.3784468173980713, 0.10190083086490631, 4.991860389709473
4899760, 4, 0.4494200050830841, 0.11982950568199158, 5.990642547607422
4899760, 4, 0.5186074376106262, 0.137601837515831, 6.989437103271484
4899760, 4, 0.5884935855865479, 0.1553686112165451, 7.9882917404174805
4899760, 4, 0.657820463180542, 0.17345896363258362, 8.987056732177734
4899760, 4, 0.7273325324058533, 0.19173122942447662, 9.985761642456055
4899760, 4, 0.797883927822113, 0.2105862945318222, 10.984338760375977
4899760, 4, 0.8698475360870361, 0.22981031239032745, 11.982918739318848
4899760, 4, 0.9424707293510437, 0.24904285371303558, 12.981513977050781
4899760, 4, 1.0191885232925415, 0.2695746123790741, 13.979791641235352
4899760, 4, 1.1011970043182373, 0.291551798582077, 14.97794246673584
4899760, 4, 1.185215950012207, 0.3142145872116089, 15.976036071777344
4899760, 4, 1.2709832191467285, 0.3373308777809143, 16.974191665649414
4899760, 4, 1.358351230621338, 0.361493855714798, 17.972097396850586
4899760, 4, 1.4424787759780884, 0.38475513458251953, 18.970199584960938
4899760, 4, 1.5210226774215698, 0.4055531620979309, 19.968761444091797
4899760, 4, 1.594050645828247, 0.42441001534461975, 20.9675350189209
4899760, 4, 1.6644936800003052, 0.4424845278263092, 21.966320037841797
4899760, 4, 1.7345942258834839, 0.46053794026374817, 22.96514129638672
4899760, 4, 1.8061857223510742, 0.47852617502212524, 23.96403694152832
4899760, 4, 1.8758900165557861, 0.49594274163246155, 24.962926864624023
4899760, 4, 1.9453294277191162, 0.5132811069488525, 25.961782455444336
4899760, 4, 2.0155999660491943, 0.5307397842407227, 26.960615158081055
4899760, 4, 2.084515333175659, 0.5484451651573181, 27.95929718017578
4899760, 4, 2.155550956726074, 0.5672048926353455, 28.957807540893555
4899760, 4, 2.2281694412231445, 0.5865405201911926, 29.956228256225586
5262914_2, 5, 0.10276766866445541, 0.03261997923254967, 0.99592125415802
5262914_2, 5, 0.1868877112865448, 0.05661394074559212, 1.9938819408416748
5262914_2, 5, 0.2695384621620178, 0.0800861120223999, 2.991908550262451
5262914_2, 5, 0.3693500757217407, 0.11146952956914902, 3.9880635738372803
5262914_2, 5, 0.4673570394515991, 0.14188048243522644, 4.984413146972656
5262914_2, 5, 0.5699623227119446, 0.1743527501821518, 5.980353355407715
5262914_2, 5, 0.6707625389099121, 0.2058708667755127, 6.9764580726623535
5262914_2, 5, 0.7470625042915344, 0.22640804946422577, 7.974884033203125
5262914_2, 5, 0.8227655291557312, 0.24652215838432312, 8.973381996154785
5262914_2, 5, 0.8976149559020996, 0.2664441764354706, 9.9720458984375
5262914_2, 5, 0.979522705078125, 0.2888556122779846, 10.969963073730469
5262914_2, 5, 1.0598998069763184, 0.3104500472545624, 11.96818733215332
5262914_2, 5, 1.1413991451263428, 0.33251601457595825, 12.966361999511719
5262914_2, 5, 1.2269319295883179, 0.3570633828639984, 13.964670181274414
5262914_2, 5, 1.3141491413116455, 0.3818455636501312, 14.962870597839355
5262914_2, 5, 1.4050689935684204, 0.40759605169296265, 15.96086311340332
5262914_2, 5, 1.4967175722122192, 0.4333733916282654, 16.95874786376953
5262914_2, 5, 1.5864824056625366, 0.45787474513053894, 17.956806182861328
5262914_2, 5, 1.6679697036743164, 0.4816569983959198, 18.954463958740234
5262914_2, 5, 1.753244161605835, 0.5051531195640564, 19.95246696472168
5262914_2, 5, 1.8473681211471558, 0.531915545463562, 20.950454711914062
5262914_2, 5, 1.935594081878662, 0.5565263032913208, 21.94867515563965
5262914_2, 5, 2.020393133163452, 0.579973578453064, 22.946975708007812
5262914_2, 5, 2.1035258769989014, 0.6026576161384583, 23.94510269165039
5262914_2, 5, 2.183741331100464, 0.6241430044174194, 24.943435668945312
5262914_2, 5, 2.260688066482544, 0.6447303891181946, 25.94197654724121
5262914_2, 5, 2.337212324142456, 0.6654177308082581, 26.940526962280273
5262914_2, 5, 2.413461446762085, 0.685860276222229, 27.93904685974121
5262914_2, 5, 2.4902493953704834, 0.7065098285675049, 28.937538146972656
5262914_2, 5, 2.568742513656616, 0.7277902960777283, 29.935997009277344
5216902, 6, 0.0722857192158699, 0.019385742023587227, 0.9985440373420715
5216902, 6, 0.14533138275146484, 0.038692984730005264, 1.997161865234375
5216902, 6, 0.21814262866973877, 0.057729460299015045, 2.9958581924438477
5216902, 6, 0.2891695201396942, 0.07644893229007721, 3.994563579559326
5216902, 6, 0.35857537388801575, 0.09463422000408173, 4.993309497833252
5216902, 6, 0.4263700246810913, 0.11227688193321228, 5.992121696472168
5216902, 6, 0.4937983453273773, 0.12959961593151093, 6.991035461425781
5216902, 6, 0.5607726573944092, 0.1465693712234497, 7.990039825439453
5216902, 6, 0.6267281770706177, 0.16342461109161377, 8.989079475402832
5216902, 6, 0.6922796368598938, 0.18018876016139984, 9.988072395324707
5216902, 6, 0.7581486105918884, 0.19703632593154907, 10.986979484558105
5216902, 6, 0.8261352181434631, 0.21497739851474762, 11.985855102539062
5216902, 6, 0.8968418836593628, 0.23396244645118713, 12.984615325927734
5216902, 6, 0.9700734615325928, 0.2538393437862396, 13.983291625976562
5216902, 6, 1.046011209487915, 0.27454236149787903, 14.981900215148926
5216902, 6, 1.1212501525878906, 0.294575035572052, 15.980520248413086
5216902, 6, 1.1992387771606445, 0.3158791661262512, 16.978988647460938
5216902, 6, 1.2810415029525757, 0.33812403678894043, 17.97724151611328
5216902, 6, 1.3646637201309204, 0.3612026572227478, 18.97529411315918
5216902, 6, 1.4550509452819824, 0.38644903898239136, 19.973169326782227
5216902, 6, 1.5398027896881104, 0.4099065959453583, 20.971282958984375
5216902, 6, 1.6193631887435913, 0.4312363862991333, 21.969619750976562
5216902, 6, 1.694959044456482, 0.451164186000824, 22.9681396484375
5216902, 6, 1.7689337730407715, 0.4709544777870178, 23.96677589416504
5216902, 6, 1.8423092365264893, 0.4912237226963043, 24.965435028076172
5216902, 6, 1.911108136177063, 0.5094759464263916, 25.96428108215332
5216902, 6, 1.9771960973739624, 0.5269184708595276, 26.963232040405273
5216902, 6, 2.044536590576172, 0.5448322296142578, 27.962202072143555
5216902, 6, 2.112684488296509, 0.5630016922950745, 28.961090087890625
5216902, 6, 2.1800143718719482, 0.5809556245803833, 29.959922790527344
5032506, 7, 0.08498503267765045, 0.02191244810819626, 0.9983561038970947
5032506, 7, 0.16838285326957703, 0.04294591024518013, 1.9968146085739136
5032506, 7, 0.2430487424135208, 0.061517439782619476, 2.995543956756592
5032506, 7, 0.3199962079524994, 0.08048981428146362, 3.994276285171509
5032506, 7, 0.39651158452033997, 0.0989793986082077, 4.993085861206055
5032506, 7, 0.46404361724853516, 0.11519996076822281, 5.992104530334473
5032506, 7, 0.5319780111312866, 0.13128037750720978, 6.991157531738281
5032506, 7, 0.6045412421226501, 0.1482759714126587, 7.990146636962891
5032506, 7, 0.67805016040802, 0.16555103659629822, 8.989124298095703
5032506, 7, 0.7508313655853271, 0.1826925128698349, 9.988117218017578
5032506, 7, 0.8299808502197266, 0.20216765999794006, 10.986832618713379
5032506, 7, 0.9083925485610962, 0.22164326906204224, 11.985551834106445
5032506, 7, 0.9878782033920288, 0.24191272258758545, 12.984186172485352
5032506, 7, 1.0627224445343018, 0.26104867458343506, 13.982927322387695
5032506, 7, 1.1416361331939697, 0.2815454602241516, 14.98153018951416
5032506, 7, 1.2160160541534424, 0.3007317781448364, 15.980289459228516
5032506, 7, 1.2942713499069214, 0.3211345374584198, 16.978891372680664
5032506, 7, 1.3735623359680176, 0.3418126106262207, 17.97747802734375
5032506, 7, 1.4536714553833008, 0.3621487021446228, 18.97605323791504
5032506, 7, 1.5335705280303955, 0.38277754187583923, 19.97453498840332
5032506, 7, 1.6110209226608276, 0.40324047207832336, 20.973045349121094
5032506, 7, 1.6876188516616821, 0.4234316051006317, 21.97166633605957
5032506, 7, 1.7673900127410889, 0.44448694586753845, 22.9702205657959
5032506, 7, 1.8446611166000366, 0.46418094635009766, 23.968935012817383
5032506, 7, 1.9251099824905396, 0.48499953746795654, 24.96752166748047
5032506, 7, 2.001626968383789, 0.5042819380760193, 25.96629524230957
5032506, 7, 2.0785319805145264, 0.5233830213546753, 26.965091705322266
5032506, 7, 2.1508636474609375, 0.5407386422157288, 27.96406364440918
5032506, 7, 2.227848529815674, 0.5591227412223816, 28.962902069091797
5032506, 7, 2.3023862838745117, 0.5766788125038147, 29.96181297302246
4862367, 8, 0.07687327265739441, 0.020832205191254616, 0.998284101486206
4862367, 8, 0.15503843128681183, 0.04136907309293747, 1.9968466758728027
4862367, 8, 0.22987180948257446, 0.060881830751895905, 2.995482921600342
4862367, 8, 0.3023989498615265, 0.07966472208499908, 3.9941344261169434
4862367, 8, 0.37526172399520874, 0.09837333112955093, 4.992913722991943
4862367, 8, 0.4477415084838867, 0.11684911698102951, 5.991766452789307
4862367, 8, 0.5178167819976807, 0.13475671410560608, 6.990559101104736
4862367, 8, 0.5902705192565918, 0.15268591046333313, 7.98957633972168
4862367, 8, 0.6591728329658508, 0.16959431767463684, 8.98863697052002
4862367, 8, 0.7278680801391602, 0.18659228086471558, 9.987533569335938
4862367, 8, 0.7977182269096375, 0.20386523008346558, 10.986578941345215
4862367, 8, 0.8690219521522522, 0.2216661423444748, 11.985615730285645
4862367, 8, 0.9406656622886658, 0.23971274495124817, 12.98459529876709
4862367, 8, 1.0112078189849854, 0.25725558400154114, 13.983497619628906
4862367, 8, 1.0854586362838745, 0.27607372403144836, 14.982366561889648
4862367, 8, 1.1639617681503296, 0.29674986004829407, 15.980917930603027
4862367, 8, 1.2466102838516235, 0.3193761110305786, 16.979209899902344
4862367, 8, 1.329195499420166, 0.34200242161750793, 17.977392196655273
4862367, 8, 1.4090275764465332, 0.36319902539253235, 18.975711822509766
4862367, 8, 1.48918879032135, 0.3841106593608856, 19.97408676147461
4862367, 8, 1.5691958665847778, 0.40473324060440063, 20.972671508789062
4862367, 8, 1.6457011699676514, 0.4243716895580292, 21.97144317626953
4862367, 8, 1.7179025411605835, 0.44239041209220886, 22.9703311920166
4862367, 8, 1.7893868684768677, 0.46014371514320374, 23.96931266784668
4862367, 8, 1.8585437536239624, 0.47722166776657104, 24.968273162841797
4862367, 8, 1.9314117431640625, 0.49520817399024963, 25.967344284057617
4862367, 8, 1.999854326248169, 0.5119907259941101, 26.96646499633789
4862367, 8, 2.0660433769226074, 0.5283754467964172, 27.96554946899414
4862367, 8, 2.134310245513916, 0.5453838109970093, 28.96463394165039
4862367, 8, 2.2027223110198975, 0.5626479387283325, 29.96361541748047
1144246, 9, 0.0765976831316948, 0.020205305889248848, 0.9983775615692139
1144246, 9, 0.1516706943511963, 0.03915148973464966, 1.996912956237793
1144246, 9, 0.23861196637153625, 0.06167121231555939, 2.9950473308563232
1144246, 9, 0.32407084107398987, 0.08370291441679001, 3.9932446479797363
1144246, 9, 0.3967841565608978, 0.10190989077091217, 4.991888046264648
1144246, 9, 0.46815723180770874, 0.12010446935892105, 5.990477561950684
1144246, 9, 0.5391490459442139, 0.13861072063446045, 6.988995552062988
1144246, 9, 0.6095126271247864, 0.15698817372322083, 7.987537384033203
1144246, 9, 0.679610550403595, 0.17500928044319153, 8.986166954040527
1144246, 9, 0.7508191466331482, 0.19356518983840942, 9.984697341918945
1144246, 9, 0.8231427669525146, 0.21268339455127716, 10.983088493347168
1144246, 9, 0.8981803059577942, 0.23327338695526123, 11.981207847595215
1144246, 9, 0.9742780923843384, 0.25429362058639526, 12.979249954223633
1144246, 9, 1.0505056381225586, 0.2750147581100464, 13.977317810058594
1144246, 9, 1.1279690265655518, 0.2958778738975525, 14.975369453430176
1144246, 9, 1.2045111656188965, 0.3167712390422821, 15.973421096801758
1144246, 9, 1.279321312904358, 0.33730316162109375, 16.97153091430664
1144246, 9, 1.3530707359313965, 0.3567885756492615, 17.96983528137207
1144246, 9, 1.427962064743042, 0.37537992000579834, 18.968353271484375
1144246, 9, 1.5216026306152344, 0.3996209502220154, 19.9661808013916
1144246, 9, 1.6097569465637207, 0.42216598987579346, 20.96419906616211
1144246, 9, 1.6981229782104492, 0.44571399688720703, 21.9620361328125
1144246, 9, 1.7837797403335571, 0.4686366319656372, 22.959924697875977
1144246, 9, 1.8642607927322388, 0.49024316668510437, 23.95796012878418
1144246, 9, 1.943420171737671, 0.5116323828697205, 24.95607566833496
1144246, 9, 2.0206058025360107, 0.5320726037025452, 25.954315185546875
1144246, 9, 2.095176935195923, 0.5517452359199524, 26.952646255493164
1144246, 9, 2.1698548793792725, 0.5713967680931091, 27.950984954833984
1144246, 9, 2.2453982830047607, 0.5911204814910889, 28.94940948486328
1144246, 9, 2.3223578929901123, 0.6112605929374695, 29.94780731201172
4841237, 10, 0.07500586658716202, 0.019885163754224777, 0.998521625995636
4841237, 10, 0.14645305275917053, 0.03899698704481125, 1.996957540512085
4841237, 10, 0.22857964038848877, 0.06244447082281113, 2.9944586753845215
4841237, 10, 0.30846649408340454, 0.08505615592002869, 3.992121696472168
4841237, 10, 0.3779647946357727, 0.10316120088100433, 4.990878105163574
4841237, 10, 0.44853872060775757, 0.12165021151304245, 5.989477634429932
4841237, 10, 0.5187907814979553, 0.140092670917511, 6.988189697265625
4841237, 10, 0.5906311869621277, 0.15910331904888153, 7.986912250518799
4841237, 10, 0.6615737080574036, 0.1779579371213913, 8.985627174377441
4841237, 10, 0.731962263584137, 0.19668471813201904, 9.984366416931152
4841237, 10, 0.8024370074272156, 0.21566303074359894, 10.983016967773438
4841237, 10, 0.8753122091293335, 0.23560760915279388, 11.981536865234375
4841237, 10, 0.9473546743392944, 0.255068302154541, 12.980091094970703
4841237, 10, 1.0175199508666992, 0.2739613652229309, 13.978665351867676
4841237, 10, 1.0903894901275635, 0.2929750084877014, 14.977348327636719
4841237, 10, 1.1690891981124878, 0.31324031949043274, 15.97595500946045
4841237, 10, 1.2475944757461548, 0.333740234375, 16.974491119384766
4841237, 10, 1.3281735181808472, 0.35453087091445923, 17.97295570373535
4841237, 10, 1.4109632968902588, 0.3763289451599121, 18.97130584716797
4841237, 10, 1.4914120435714722, 0.3969408869743347, 19.96977424621582
4841237, 10, 1.5647201538085938, 0.4146914482116699, 20.968515396118164
4841237, 10, 1.6361573934555054, 0.4318956434726715, 21.967260360717773
4841237, 10, 1.710648536682129, 0.4501991271972656, 22.9659423828125
4841237, 10, 1.786362648010254, 0.4689386785030365, 23.964611053466797
4841237, 10, 1.8596785068511963, 0.4873459041118622, 24.963329315185547
4841237, 10, 1.9315462112426758, 0.5058590173721313, 25.96205711364746
4841237, 10, 1.9966387748718262, 0.5234586000442505, 26.960756301879883
4841237, 10, 2.0683326721191406, 0.541853129863739, 27.95954704284668
4841237, 10, 2.1402413845062256, 0.5600829720497131, 28.958406448364258
4841237, 10, 2.2127325534820557, 0.5787164568901062, 29.95721435546875
4151265, 11, 0.08512040227651596, 0.019598422572016716, 0.9985499382019043
4151265, 11, 0.16423222422599792, 0.03744503855705261, 1.9973068237304688
4151265, 11, 0.2525249123573303, 0.05812522768974304, 2.9957523345947266
4151265, 11, 0.336995393037796, 0.07728668302297592, 3.9944100379943848
4151265, 11, 0.4095138609409332, 0.09321403503417969, 4.993465900421143
4151265, 11, 0.4859126806259155, 0.10999871045351028, 5.992438793182373
4151265, 11, 0.5588868260383606, 0.12607693672180176, 6.991493225097656
4151265, 11, 0.6324223279953003, 0.1422063708305359, 7.990546703338623
4151265, 11, 0.7071602940559387, 0.15858611464500427, 8.98957633972168
4151265, 11, 0.7777495980262756, 0.17401809990406036, 9.9887113571167
4151265, 11, 0.8509345054626465, 0.1901024729013443, 10.98776626586914
4151265, 11, 0.928434431552887, 0.20738404989242554, 11.986680030822754
4151265, 11, 0.999483585357666, 0.22309637069702148, 12.985758781433105
4151265, 11, 1.069974422454834, 0.23862260580062866, 13.984872817993164
4151265, 11, 1.1433627605438232, 0.2548694908618927, 14.983918190002441
4151265, 11, 1.2181899547576904, 0.2720957100391388, 15.982855796813965
4151265, 11, 1.2928985357284546, 0.2899132966995239, 16.98169708251953
4151265, 11, 1.3647559881210327, 0.3070235848426819, 17.980594635009766
4151265, 11, 1.439428448677063, 0.32503655552864075, 18.97930335998535
4151265, 11, 1.5151124000549316, 0.3431217074394226, 19.97799301147461
4151265, 11, 1.5840641260147095, 0.35903632640838623, 20.97696304321289
4151265, 11, 1.6543328762054443, 0.37527894973754883, 21.975927352905273
4151265, 11, 1.7296525239944458, 0.39255523681640625, 22.974851608276367
4151265, 11, 1.7976446151733398, 0.40811407566070557, 23.973947525024414
4151265, 11, 1.8649263381958008, 0.42340314388275146, 24.973072052001953
4151265, 11, 1.937138319015503, 0.43956995010375977, 25.972129821777344
4151265, 11, 2.008526086807251, 0.45538419485092163, 26.971242904663086
4151265, 11, 2.0745787620544434, 0.4703748822212219, 27.970420837402344
4151265, 11, 2.139310121536255, 0.48544684052467346, 28.969562530517578
4151265, 11, 2.208634614944458, 0.5012890696525574, 29.96866226196289
4741590, 12, 0.0816577821969986, 0.02316594123840332, 0.9977401494979858
4741590, 12, 0.15537166595458984, 0.04343721270561218, 1.996077060699463
4741590, 12, 0.232513427734375, 0.06478110700845718, 2.9941470623016357
4741590, 12, 0.3081326186656952, 0.08559692651033401, 3.992305278778076
4741590, 12, 0.3827820122241974, 0.1060696467757225, 4.990555286407471
4741590, 12, 0.4608808755874634, 0.12772539258003235, 5.98856782913208
4741590, 12, 0.5319681763648987, 0.14712969958782196, 6.987157344818115
4741590, 12, 0.6199764609336853, 0.17218336462974548, 7.984452247619629
4741590, 12, 0.6979469656944275, 0.19363734126091003, 8.982532501220703
4741590, 12, 0.7969577312469482, 0.22388336062431335, 9.978822708129883
4741590, 12, 0.8999409079551697, 0.2560419738292694, 10.974767684936523
4741590, 12, 0.9938343167304993, 0.2838468849658966, 11.971535682678223
4741590, 12, 1.0786473751068115, 0.3080047369003296, 12.969033241271973
4741590, 12, 1.1733524799346924, 0.3364734351634979, 13.965729713439941
4741590, 12, 1.2647793292999268, 0.3634569048881531, 14.962703704833984
4741590, 12, 1.3595110177993774, 0.3920857310295105, 15.959359169006348
4741590, 12, 1.4424785375595093, 0.41625961661338806, 16.95702362060547
4741590, 12, 1.544131875038147, 0.4483719766139984, 17.95307159423828
4741590, 12, 1.6235558986663818, 0.4702463448047638, 18.951141357421875
4741590, 12, 1.7001909017562866, 0.49109765887260437, 19.9494571685791
4741590, 12, 1.7846200466156006, 0.5152640342712402, 20.947046279907227
4741590, 12, 1.865576982498169, 0.5375902652740479, 21.945077896118164
4741590, 12, 1.941664695739746, 0.5580549836158752, 22.943470001220703
4741590, 12, 2.0196876525878906, 0.5791944861412048, 23.941650390625
4741590, 12, 2.1068732738494873, 0.6040782332420349, 24.93903350830078
4741590, 12, 2.1911773681640625, 0.6276045441627502, 25.936664581298828
4741590, 12, 2.2631235122680664, 0.646618127822876, 26.935291290283203
4741590, 12, 2.339761734008789, 0.6672313213348389, 27.93352699279785
4741590, 12, 2.416257381439209, 0.6879470348358154, 28.931743621826172
4741590, 12, 2.493420124053955, 0.7087163925170898, 29.929880142211914
4669030, 13, 0.08653460443019867, 0.0239628404378891, 0.9981124997138977
4669030, 13, 0.171758770942688, 0.047286368906497955, 1.9963188171386719
4669030, 13, 0.2577039301395416, 0.07106621563434601, 2.994509696960449
4669030, 13, 0.3369287848472595, 0.092254139482975, 3.992957592010498
4669030, 13, 0.4116736948490143, 0.11180660873651505, 4.991471290588379
4669030, 13, 0.48548802733421326, 0.13124418258666992, 5.99003791809082
4669030, 13, 0.5602250099182129, 0.15099303424358368, 6.988627910614014
4669030, 13, 0.6367032527923584, 0.17121466994285583, 7.987220764160156
4669030, 13, 0.7100077867507935, 0.190206840634346, 8.985974311828613
4669030, 13, 0.7858612537384033, 0.20988263189792633, 9.984703063964844
4669030, 13, 0.8558405041694641, 0.22741122543811798, 10.983623504638672
4669030, 13, 0.9285550713539124, 0.24556957185268402, 11.982508659362793
4669030, 13, 1.0019456148147583, 0.2639694809913635, 12.981314659118652
4669030, 13, 1.0807690620422363, 0.2848958969116211, 13.979862213134766
4669030, 13, 1.1573327779769897, 0.3044436275959015, 14.978538513183594
4669030, 13, 1.2399778366088867, 0.32691290974617004, 15.976909637451172
4669030, 13, 1.3225505352020264, 0.34879064559936523, 16.975265502929688
4669030, 13, 1.4050980806350708, 0.3705202043056488, 17.973546981811523
4669030, 13, 1.4877277612686157, 0.3922180235385895, 18.971920013427734
4669030, 13, 1.5706626176834106, 0.41337814927101135, 19.970300674438477
4669030, 13, 1.6571681499481201, 0.4368566572666168, 20.968347549438477
4669030, 13, 1.740515947341919, 0.4585632085800171, 21.96662139892578
4669030, 13, 1.8220432996749878, 0.480363667011261, 22.964950561523438
4669030, 13, 1.896855115890503, 0.499502569437027, 23.96354103088379
4669030, 13, 1.9705830812454224, 0.5182808637619019, 24.96214485168457
4669030, 13, 2.043274164199829, 0.537570595741272, 25.96087074279785
4669030, 13, 2.115647315979004, 0.5568273067474365, 26.959636688232422
4669030, 13, 2.1873157024383545, 0.575651228427887, 27.958335876464844
4669030, 13, 2.2596051692962646, 0.5946229100227356, 28.956960678100586
4669030, 13, 2.3333404064178467, 0.6141480207443237, 29.955591201782227
4876648, 14, 0.08415213972330093, 0.02203669585287571, 0.9984778165817261
4876648, 14, 0.16465142369270325, 0.04288089647889137, 1.997096300125122
4876648, 14, 0.24053317308425903, 0.06232231855392456, 2.9958269596099854
4876648, 14, 0.31526800990104675, 0.08128607273101807, 3.9946343898773193
4876648, 14, 0.3920770585536957, 0.10052721202373505, 4.993502616882324
4876648, 14, 0.4618273973464966, 0.11841969937086105, 5.992362022399902
4876648, 14, 0.5344433784484863, 0.13631007075309753, 6.991347312927246
4876648, 14, 0.6033886671066284, 0.1534595936536789, 7.990330696105957
4876648, 14, 0.6732522249221802, 0.17098528146743774, 8.9893159866333
4876648, 14, 0.7434862852096558, 0.1887257695198059, 9.988273620605469
4876648, 14, 0.8159810304641724, 0.20724254846572876, 10.987154006958008
4876648, 14, 0.8893306255340576, 0.2256864756345749, 11.986051559448242
4876648, 14, 0.9702149033546448, 0.24675825238227844, 12.984724044799805
4876648, 14, 1.049699068069458, 0.2674604654312134, 13.9833984375
4876648, 14, 1.1279306411743164, 0.28779035806655884, 14.98204517364502
4876648, 14, 1.2133079767227173, 0.31117621064186096, 15.980368614196777
4876648, 14, 1.3004534244537354, 0.33537060022354126, 16.97843360900879
4876648, 14, 1.3831002712249756, 0.3578483760356903, 17.976688385009766
4876648, 14, 1.466658592224121, 0.38001489639282227, 18.97495460510254
4876648, 14, 1.5502785444259644, 0.40263986587524414, 19.973140716552734
4876648, 14, 1.6344715356826782, 0.4257732629776001, 20.97105598449707
4876648, 14, 1.7129987478256226, 0.44586268067359924, 21.969709396362305
4876648, 14, 1.7883192300796509, 0.4651472568511963, 22.96845054626465
4876648, 14, 1.8649420738220215, 0.4849708676338196, 23.967199325561523
4876648, 14, 1.937477469444275, 0.5038241744041443, 24.965856552124023
4876648, 14, 2.0104153156280518, 0.5225512385368347, 25.964757919311523
4876648, 14, 2.0813660621643066, 0.5404852628707886, 26.96368980407715
4876648, 14, 2.154388904571533, 0.5590036511421204, 27.962621688842773
4876648, 14, 2.226093292236328, 0.5772760510444641, 28.961509704589844
4876648, 14, 2.3016018867492676, 0.5966817140579224, 29.960329055786133
4762480, 15, 0.08006599545478821, 0.02245538868010044, 0.9982166290283203
4762480, 15, 0.1597048044204712, 0.04473235458135605, 1.9965604543685913
4762480, 15, 0.23855888843536377, 0.06653822213411331, 2.9948482513427734
4762480, 15, 0.3159177005290985, 0.08766578882932663, 3.9932608604431152
4762480, 15, 0.3925108313560486, 0.10855501145124435, 4.991695880889893
4762480, 15, 0.4692569077014923, 0.1297530084848404, 5.99017858505249
4762480, 15, 0.545536994934082, 0.15063007175922394, 6.9885053634643555
4762480, 15, 0.6210936307907104, 0.17115549743175507, 7.986989498138428
4762480, 15, 0.6996278166770935, 0.19253891706466675, 8.985176086425781
4762480, 15, 0.7744246125221252, 0.2126035988330841, 9.983726501464844
4762480, 15, 0.8491668701171875, 0.2326110452413559, 10.982267379760742
4762480, 15, 0.9244598746299744, 0.2529517710208893, 11.980814933776855
4762480, 15, 1.0028165578842163, 0.2744405269622803, 12.979073524475098
4762480, 15, 1.0814107656478882, 0.2958504557609558, 13.977402687072754
4762480, 15, 1.1593403816223145, 0.3166138231754303, 14.975815773010254
4762480, 15, 1.2376595735549927, 0.3372815251350403, 15.974328994750977
4762480, 15, 1.3207614421844482, 0.36002954840660095, 16.972251892089844
4762480, 15, 1.4045904874801636, 0.3824441730976105, 17.970388412475586
4762480, 15, 1.490197777748108, 0.4064214825630188, 18.968124389648438
4762480, 15, 1.574558973312378, 0.4290640354156494, 19.966188430786133
4762480, 15, 1.6582673788070679, 0.45107588171958923, 20.96443748474121
4762480, 15, 1.74359929561615, 0.4741230607032776, 21.962467193603516
4762480, 15, 1.8301990032196045, 0.49798619747161865, 22.960493087768555
4762480, 15, 1.9130669832229614, 0.5204024314880371, 23.958826065063477
4762480, 15, 1.9991717338562012, 0.5448216199874878, 24.956336975097656
4762480, 15, 2.078582763671875, 0.5660731792449951, 25.954660415649414
4762480, 15, 2.1592018604278564, 0.587786078453064, 26.9527645111084
4762480, 15, 2.2390997409820557, 0.6092855930328369, 27.9509334564209
4762480, 15, 2.3170087337493896, 0.6299672722816467, 28.9493465423584
4762480, 15, 2.395598888397217, 0.65091472864151, 29.947723388671875
5050023, 16, 0.07677255570888519, 0.021641921252012253, 0.9980919361114502
5050023, 16, 0.15387749671936035, 0.04356555640697479, 1.9961469173431396
5050023, 16, 0.22985388338565826, 0.06495343148708344, 2.994281530380249
5050023, 16, 0.3051527738571167, 0.08593708276748657, 3.992504596710205
5050023, 16, 0.3798965811729431, 0.10668463259935379, 4.990750312805176
5050023, 16, 0.45374810695648193, 0.12711811065673828, 5.989096641540527
5050023, 16, 0.5267735123634338, 0.14734256267547607, 6.987489223480225
5050023, 16, 0.5993154644966125, 0.16717402637004852, 7.98593807220459
5050023, 16, 0.6712270975112915, 0.18652960658073425, 8.984576225280762
5050023, 16, 0.7456234693527222, 0.20660647749900818, 9.982898712158203
5050023, 16, 0.8159184455871582, 0.22579406201839447, 10.98149585723877
5050023, 16, 0.8860012292861938, 0.2447744607925415, 11.980090141296387
5050023, 16, 0.9567831754684448, 0.2636583149433136, 12.978652000427246
5050023, 16, 1.0267764329910278, 0.28197064995765686, 13.977313041687012
5050023, 16, 1.0968352556228638, 0.30006730556488037, 14.975982666015625
5050023, 16, 1.1682063341140747, 0.3183041214942932, 15.974662780761719
5050023, 16, 1.2474515438079834, 0.3395272195339203, 16.972763061523438
5050023, 16, 1.328140377998352, 0.3616654574871063, 17.970827102661133
5050023, 16, 1.409267783164978, 0.3837275207042694, 18.96900749206543
5050023, 16, 1.4888803958892822, 0.4051606059074402, 19.967376708984375
5050023, 16, 1.5711091756820679, 0.42770805954933167, 20.965574264526367
5050023, 16, 1.6572315692901611, 0.45202842354774475, 21.963233947753906
5050023, 16, 1.7335630655288696, 0.4730304181575775, 22.961650848388672
5050023, 16, 1.8077054023742676, 0.4934326410293579, 23.96013069152832
5050023, 16, 1.8795287609100342, 0.5127090215682983, 24.958715438842773
5050023, 16, 1.9518356323242188, 0.532178521156311, 25.957185745239258
5050023, 16, 2.0255227088928223, 0.5520913004875183, 26.955480575561523
5050023, 16, 2.0948495864868164, 0.5705501437187195, 27.954057693481445
5050023, 16, 2.1639857292175293, 0.5890535712242126, 28.952655792236328
5050023, 16, 2.2340450286865234, 0.6071169376373291, 29.951499938964844
4794215, 17, 0.08286302536725998, 0.023856792598962784, 0.998064398765564
4794215, 17, 0.16464106738567352, 0.04732580482959747, 1.9962563514709473
4794215, 17, 0.24587687849998474, 0.07005426287651062, 2.994472026824951
4794215, 17, 0.3252177834510803, 0.09196822345256805, 3.992794990539551
4794215, 17, 0.40600302815437317, 0.114169180393219, 4.990891456604004
4794215, 17, 0.4831502139568329, 0.1351359337568283, 5.989315509796143
4794215, 17, 0.5623835921287537, 0.15655291080474854, 6.987502574920654
4794215, 17, 0.6391510963439941, 0.17720262706279755, 7.985879421234131
4794215, 17, 0.7180083394050598, 0.19862215220928192, 8.984042167663574
4794215, 17, 0.7924821972846985, 0.21841321885585785, 9.98261547088623
4794215, 17, 0.8669836521148682, 0.23798733949661255, 10.981213569641113
4794215, 17, 0.9414433836936951, 0.2574057877063751, 11.979860305786133
4794215, 17, 1.0174548625946045, 0.27779027819633484, 12.978395462036133
4794215, 17, 1.0966846942901611, 0.29945164918899536, 13.976602554321289
4794215, 17, 1.1770434379577637, 0.32186537981033325, 14.974859237670898
4794215, 17, 1.2622629404067993, 0.3463338315486908, 15.97280216217041
4794215, 17, 1.353338599205017, 0.3730233609676361, 16.97039794921875
4794215, 17, 1.4447710514068604, 0.39938074350357056, 17.96811294555664
4794215, 17, 1.5343129634857178, 0.424066424369812, 18.966047286987305
4794215, 17, 1.6214118003845215, 0.4476263225078583, 19.964120864868164
4794215, 17, 1.7103854417800903, 0.47213396430015564, 20.962282180786133
4794215, 17, 1.7963467836380005, 0.4958231449127197, 21.960580825805664
4794215, 17, 1.8777495622634888, 0.5178520679473877, 22.95909309387207
4794215, 17, 1.955751895904541, 0.5386177897453308, 23.957698822021484
4794215, 17, 2.032421588897705, 0.5590139031410217, 24.956321716308594
4794215, 17, 2.107616901397705, 0.5787924528121948, 25.95494270324707
4794215, 17, 2.1821391582489014, 0.5981255769729614, 26.953554153442383
4794215, 17, 2.2545902729034424, 0.6168220043182373, 27.952362060546875
4794215, 17, 2.3263845443725586, 0.6353167295455933, 28.95115852355957
4794215, 17, 2.3993048667907715, 0.6544933915138245, 29.950098037719727
5194805_2, 18, 0.08252391219139099, 0.02278696931898594, 0.9978330135345459
5194805_2, 18, 0.16761872172355652, 0.046460967510938644, 1.995471715927124
5194805_2, 18, 0.25124651193618774, 0.06940598785877228, 2.9932446479797363
5194805_2, 18, 0.3301736116409302, 0.09042831510305405, 3.9914748668670654
5194805_2, 18, 0.4116404950618744, 0.11244077980518341, 4.989401817321777
5194805_2, 18, 0.49248993396759033, 0.13448703289031982, 5.987277984619141
5194805_2, 18, 0.5727508068084717, 0.15631690621376038, 6.985184192657471
5194805_2, 18, 0.6517235040664673, 0.17754313349723816, 7.9832000732421875
5194805_2, 18, 0.724400520324707, 0.1962529867887497, 8.98184871673584
5194805_2, 18, 0.7970775365829468, 0.21490848064422607, 9.98056411743164
5194805_2, 18, 0.8733735680580139, 0.23491676151752472, 10.9789400100708
5194805_2, 18, 0.951161801815033, 0.2555752098560333, 11.97716236114502
5194805_2, 18, 1.02766752243042, 0.2759299576282501, 12.975798606872559
5194805_2, 18, 1.1077784299850464, 0.29787343740463257, 13.974065780639648
5194805_2, 18, 1.1901657581329346, 0.32047054171562195, 14.97230339050293
5194805_2, 18, 1.2750473022460938, 0.3436198830604553, 15.970568656921387
5194805_2, 18, 1.3618725538253784, 0.367771714925766, 16.968442916870117
5194805_2, 18, 1.4500962495803833, 0.392107754945755, 17.966670989990234
5194805_2, 18, 1.5345313549041748, 0.4143788814544678, 18.965129852294922
5194805_2, 18, 1.6194911003112793, 0.43695881962776184, 19.963592529296875
5194805_2, 18, 1.700882911682129, 0.45846930146217346, 20.962013244628906
5194805_2, 18, 1.7820965051651, 0.4804993271827698, 21.96050262451172
5194805_2, 18, 1.8618775606155396, 0.501862108707428, 22.958894729614258
5194805_2, 18, 1.9381811618804932, 0.5219753980636597, 23.95758056640625
5194805_2, 18, 2.014514207839966, 0.5418835282325745, 24.956195831298828
5194805_2, 18, 2.095552444458008, 0.5634188055992126, 25.954240798950195
5194805_2, 18, 2.1694326400756836, 0.5821895003318787, 26.95305061340332
5194805_2, 18, 2.2447450160980225, 0.6013126969337463, 27.951568603515625
5194805_2, 18, 2.3311729431152344, 0.6254938840866089, 28.94895362854004
5194805_2, 18, 2.406853675842285, 0.6450827717781067, 29.947359085083008
4820624, 19, 0.07534223794937134, 0.0202817153185606, 0.9984878301620483
4820624, 19, 0.15200021862983704, 0.040530718863010406, 1.997056484222412
4820624, 19, 0.2263423204421997, 0.05978473648428917, 2.9957375526428223
4820624, 19, 0.2982664704322815, 0.07851725071668625, 3.9944093227386475
4820624, 19, 0.3698679208755493, 0.09681452810764313, 4.993173599243164
4820624, 19, 0.4391796290874481, 0.11432421207427979, 5.991986274719238
4820624, 19, 0.5110723972320557, 0.13164593279361725, 6.990955352783203
4820624, 19, 0.5803801417350769, 0.14851804077625275, 7.989958763122559
4820624, 19, 0.6495891809463501, 0.1652970165014267, 8.988990783691406
4820624, 19, 0.7184846997261047, 0.18196916580200195, 9.98806381225586
4820624, 19, 0.7858353853225708, 0.19845087826251984, 10.987123489379883
4820624, 19, 0.8547780513763428, 0.21533203125, 11.986153602600098
4820624, 19, 0.9271317720413208, 0.2330489456653595, 12.985138893127441
4820624, 19, 1.0004056692123413, 0.25161242485046387, 13.983969688415527
4820624, 19, 1.0760912895202637, 0.27114662528038025, 14.982709884643555
4820624, 19, 1.154608964920044, 0.2921919524669647, 15.9812593460083
4820624, 19, 1.2378835678100586, 0.3153509199619293, 16.979537963867188
4820624, 19, 1.3237944841384888, 0.33879736065864563, 17.97771644592285
4820624, 19, 1.4044040441513062, 0.3595268726348877, 18.97621726989746
4820624, 19, 1.4853025674819946, 0.38050296902656555, 19.97482681274414
4820624, 19, 1.5623424053192139, 0.4007949233055115, 20.973360061645508
4820624, 19, 1.6375210285186768, 0.42002153396606445, 21.972158432006836
4820624, 19, 1.7095471620559692, 0.4386882781982422, 22.97093963623047
4820624, 19, 1.7803139686584473, 0.4568215608596802, 23.969921112060547
4820624, 19, 1.8521429300308228, 0.47477930784225464, 24.96892738342285
4820624, 19, 1.92136549949646, 0.4918782711029053, 25.967939376831055
4820624, 19, 1.9892444610595703, 0.5087481141090393, 26.96690559387207
4820624, 19, 2.059889793395996, 0.5260134339332581, 27.96591567993164
4820624, 19, 2.13197922706604, 0.5434826612472534, 28.96488380432129
4820624, 19, 2.201723575592041, 0.5604837536811829, 29.963804244995117
4733553, 20, 0.0917103961110115, 0.026957331225275993, 0.9972580075263977
4733553, 20, 0.17977994680404663, 0.05249834433197975, 1.9948561191558838
4733553, 20, 0.26993104815483093, 0.07885647565126419, 2.9922494888305664
4733553, 20, 0.3578379154205322, 0.10439755767583847, 3.989847421646118
4733553, 20, 0.4479600191116333, 0.13063223659992218, 4.9871978759765625
4733553, 20, 0.5354214906692505, 0.15569372475147247, 5.984855651855469
4733553, 20, 0.6227172613143921, 0.18059709668159485, 6.982504367828369
4733553, 20, 0.7061132788658142, 0.20379462838172913, 7.980498313903809
4733553, 20, 0.790336012840271, 0.2270175665616989, 8.978458404541016
4733553, 20, 0.8761202096939087, 0.2507306933403015, 9.976299285888672
4733553, 20, 0.964148759841919, 0.2754725217819214, 10.974016189575195
4733553, 20, 1.050522804260254, 0.29976150393486023, 11.971989631652832
4733553, 20, 1.141073226928711, 0.3256114721298218, 12.969476699829102
4733553, 20, 1.232611894607544, 0.3522855341434479, 13.96694278717041
4733553, 20, 1.3251612186431885, 0.37975233793258667, 14.964324951171875
4733553, 20, 1.4180068969726562, 0.4068431854248047, 15.961873054504395
4733553, 20, 1.5088728666305542, 0.4324997365474701, 16.95984649658203
4733553, 20, 1.5969926118850708, 0.4567739963531494, 17.95807647705078
4733553, 20, 1.6876811981201172, 0.4831305146217346, 18.955978393554688
4733553, 20, 1.7785773277282715, 0.5095223188400269, 19.953733444213867
4733553, 20, 1.868052363395691, 0.5349326729774475, 20.951614379882812
4733553, 20, 1.956808090209961, 0.5600699782371521, 21.949525833129883
4733553, 20, 2.0449700355529785, 0.5847328901290894, 22.947460174560547
4733553, 20, 2.1332271099090576, 0.6096414923667908, 23.945363998413086
4733553, 20, 2.223723888397217, 0.6352784633636475, 24.94292640686035
4733553, 20, 2.313253164291382, 0.6607168316841125, 25.940589904785156
4733553, 20, 2.4008326530456543, 0.6856698393821716, 26.938478469848633
4733553, 20, 2.490647554397583, 0.7112975120544434, 27.936098098754883
4733553, 20, 2.5788357257843018, 0.7364749312400818, 28.933841705322266
4733553, 20, 2.666163206100464, 0.7610771059989929, 29.93170928955078
5036311, 21, 0.08266650885343552, 0.022399337962269783, 0.9982171654701233
5036311, 21, 0.17258283495903015, 0.04762972518801689, 1.9961371421813965
5036311, 21, 0.25386643409729004, 0.06892060488462448, 2.9945287704467773
5036311, 21, 0.33179789781570435, 0.08884768187999725, 3.9930574893951416
5036311, 21, 0.41131627559661865, 0.10951833426952362, 4.991534233093262
5036311, 21, 0.500611424446106, 0.13459499180316925, 5.989504814147949
5036311, 21, 0.5896506309509277, 0.15967297554016113, 6.987472057342529
5036311, 21, 0.6758120059967041, 0.18346498906612396, 7.985618591308594
5036311, 21, 0.7607101202011108, 0.2071331888437271, 8.983783721923828
5036311, 21, 0.8449345231056213, 0.23074723780155182, 9.981998443603516
5036311, 21, 0.9333472847938538, 0.2561973035335541, 10.980011940002441
5036311, 21, 1.0159491300582886, 0.2792527675628662, 11.978275299072266
5036311, 21, 1.0963577032089233, 0.3011287450790405, 12.97659969329834
5036311, 21, 1.185789942741394, 0.32681360840797424, 13.974513053894043
5036311, 21, 1.2728842496871948, 0.35097813606262207, 14.972599983215332
5036311, 21, 1.3711832761764526, 0.3801300525665283, 15.970088958740234
5036311, 21, 1.4633432626724243, 0.4046776294708252, 16.968053817749023
5036311, 21, 1.555995225906372, 0.42923814058303833, 17.966039657592773
5036311, 21, 1.6416006088256836, 0.4512498378753662, 18.964317321777344
5036311, 21, 1.7353222370147705, 0.4766065776348114, 19.962209701538086
5036311, 21, 1.828310489654541, 0.5016840100288391, 20.96017837524414
5036311, 21, 1.9258829355239868, 0.5299810171127319, 21.95766258239746
5036311, 21, 2.0216915607452393, 0.5582902431488037, 22.95517921447754
5036311, 21, 2.1077420711517334, 0.5821658968925476, 23.953258514404297
5036311, 21, 2.1906895637512207, 0.6052743792533875, 24.951435089111328
5036311, 21, 2.271665334701538, 0.6279231309890747, 25.949718475341797
5036311, 21, 2.3490211963653564, 0.649317741394043, 26.94816017150879
5036311, 21, 2.4262337684631348, 0.6709166169166565, 27.94658851623535
5036311, 21, 2.500967502593994, 0.6908078789710999, 28.945077896118164
5036311, 21, 2.5746636390686035, 0.7099231481552124, 29.943653106689453
4739356, 22, 0.07519574463367462, 0.01948505826294422, 0.9986393451690674
4739356, 22, 0.1513279378414154, 0.03909670561552048, 1.9972866773605347
4739356, 22, 0.22144493460655212, 0.0570342019200325, 2.996016502380371
4739356, 22, 0.2921353578567505, 0.07464758306741714, 3.9949090480804443
4739356, 22, 0.3642035126686096, 0.092556893825531, 4.993833541870117
4739356, 22, 0.438119113445282, 0.11095385253429413, 5.992765426635742
4739356, 22, 0.5112203359603882, 0.12878911197185516, 6.991767883300781
4739356, 22, 0.5852550268173218, 0.1466880738735199, 7.990753650665283
4739356, 22, 0.6539052128791809, 0.16326448321342468, 8.989850044250488
4739356, 22, 0.719477117061615, 0.17920055985450745, 9.98897647857666
4739356, 22, 0.7944431304931641, 0.19755211472511292, 10.98796558380127
4739356, 22, 0.8633913397789001, 0.21413275599479675, 11.987100601196289
4739356, 22, 0.9304702877998352, 0.23015792667865753, 12.986250877380371
4739356, 22, 0.9995450973510742, 0.2466549128293991, 13.985383033752441
4739356, 22, 1.0698750019073486, 0.2634768486022949, 14.98444938659668
4739356, 22, 1.145788311958313, 0.2822147011756897, 15.983404159545898
4739356, 22, 1.2270567417144775, 0.30307358503341675, 16.982084274291992
4739356, 22, 1.314706802368164, 0.3270725607872009, 17.980371475219727
4739356, 22, 1.4009432792663574, 0.350722998380661, 18.97829246520996
4739356, 22, 1.4879567623138428, 0.37425410747528076, 19.97626304626465
4739356, 22, 1.5761677026748657, 0.3979743421077728, 20.974529266357422
4739356, 22, 1.6580296754837036, 0.4193705916404724, 21.973140716552734
4739356, 22, 1.7353284358978271, 0.43901142477989197, 22.971969604492188
4739356, 22, 1.8077600002288818, 0.4567783772945404, 23.970964431762695
4739356, 22, 1.885891079902649, 0.47686704993247986, 24.969844818115234
4739356, 22, 1.956683874130249, 0.4941840171813965, 25.9688663482666
4739356, 22, 2.0284364223480225, 0.511857271194458, 26.967939376831055
4739356, 22, 2.0978598594665527, 0.5289714932441711, 27.96699333190918
4739356, 22, 2.1664702892303467, 0.5458352565765381, 28.966001510620117
4739356, 22, 2.2354955673217773, 0.5630924105644226, 29.96500015258789
5125441, 23, 0.07981442660093307, 0.02149554155766964, 0.9982606172561646
5125441, 23, 0.16298693418502808, 0.043812695890665054, 1.996483325958252
5125441, 23, 0.24557334184646606, 0.06553313881158829, 2.994852304458618
5125441, 23, 0.32453757524490356, 0.08609937131404877, 3.9933667182922363
5125441, 23, 0.3977924883365631, 0.1052074134349823, 4.991971492767334
5125441, 23, 0.4698334336280823, 0.12371809780597687, 5.99066162109375
5125441, 23, 0.5402897000312805, 0.14141416549682617, 6.989480018615723
5125441, 23, 0.6087961792945862, 0.15887722373008728, 7.988287448883057
5125441, 23, 0.6775364875793457, 0.1766071617603302, 8.986964225769043
5125441, 23, 0.7456216812133789, 0.19400852918624878, 9.985718727111816
5125441, 23, 0.8177750706672668, 0.21186372637748718, 10.984586715698242
5125441, 23, 0.8944304585456848, 0.2310098558664322, 11.983380317687988
5125441, 23, 0.9682483077049255, 0.24951058626174927, 12.982208251953125
5125441, 23, 1.0497585535049438, 0.27066025137901306, 13.980803489685059
5125441, 23, 1.1291054487228394, 0.2914139926433563, 14.979300498962402
5125441, 23, 1.2111295461654663, 0.31308799982070923, 15.977691650390625
5125441, 23, 1.2928757667541504, 0.3340262472629547, 16.97620964050293
5125441, 23, 1.3741693496704102, 0.35401707887649536, 17.974681854248047
5125441, 23, 1.453617811203003, 0.3733248710632324, 18.973234176635742
5125441, 23, 1.535406470298767, 0.3939950168132782, 19.97166633605957
5125441, 23, 1.6180109977722168, 0.415539413690567, 20.970117568969727
5125441, 23, 1.6954824924468994, 0.4354202449321747, 21.968774795532227
5125441, 23, 1.7720229625701904, 0.4551522731781006, 22.967464447021484
5125441, 23, 1.8436163663864136, 0.4734551012516022, 23.966245651245117
5125441, 23, 1.913750410079956, 0.49153655767440796, 24.965024948120117
5125441, 23, 1.9846292734146118, 0.5098586082458496, 25.963802337646484
5125441, 23, 2.0553736686706543, 0.5280984044075012, 26.96251106262207
5125441, 23, 2.126770496368408, 0.5465484857559204, 27.961219787597656
5125441, 23, 2.2000863552093506, 0.5656740665435791, 28.959867477416992
5125441, 23, 2.273449420928955, 0.5846189260482788, 29.958494186401367
4713006, 24, 0.07477185130119324, 0.02059788815677166, 0.9982325434684753
4713006, 24, 0.14849621057510376, 0.04071173071861267, 1.9965204000473022
4713006, 24, 0.23132695257663727, 0.06391194462776184, 2.9941115379333496
4713006, 24, 0.3197771906852722, 0.089177705347538, 3.9912853240966797
4713006, 24, 0.399222731590271, 0.11124014854431152, 4.989085674285889
4713006, 24, 0.47599801421165466, 0.13239391148090363, 5.9870500564575195
4713006, 24, 0.5433326959609985, 0.15070025622844696, 6.985652923583984
4713006, 24, 0.6277718544006348, 0.1746567338705063, 7.983077049255371
4713006, 24, 0.7167167067527771, 0.2004833072423935, 8.980149269104004
4713006, 24, 0.7977846264839172, 0.22302544116973877, 9.977845191955566
4713006, 24, 0.8685969114303589, 0.241916686296463, 10.976302146911621
4713006, 24, 0.9422644376754761, 0.26174840331077576, 11.974593162536621
4713006, 24, 1.0260298252105713, 0.28540870547294617, 12.972129821777344
4713006, 24, 1.114340901374817, 0.31104734539985657, 13.969255447387695
4713006, 24, 1.200382113456726, 0.3355824649333954, 14.966591835021973
4713006, 24, 1.2733789682388306, 0.355120986700058, 15.965107917785645
4713006, 24, 1.3528962135314941, 0.37677207589149475, 16.963186264038086
4713006, 24, 1.4423352479934692, 0.40331214666366577, 17.960243225097656
4713006, 24, 1.5263348817825317, 0.4275529384613037, 18.95768165588379
4713006, 24, 1.6072942018508911, 0.4505712389945984, 19.955364227294922
4713006, 24, 1.6833610534667969, 0.4704630672931671, 20.953744888305664
4713006, 24, 1.765176773071289, 0.49201470613479614, 21.952035903930664
4713006, 24, 1.8416889905929565, 0.5123695135116577, 22.950336456298828
4713006, 24, 1.9213736057281494, 0.5345468521118164, 23.948190689086914
4713006, 24, 2.018076181411743, 0.5638988018035889, 24.944650650024414
4713006, 24, 2.087819814682007, 0.5830393433570862, 25.94335174560547
4713006, 24, 2.157533884048462, 0.6018994450569153, 26.942045211791992
4713006, 24, 2.2278027534484863, 0.6209046840667725, 27.94065284729004
4713006, 24, 2.2946248054504395, 0.6388880610466003, 28.939510345458984
4713006, 24, 2.3614678382873535, 0.6570193767547607, 29.938396453857422
4699088, 25, 0.08028186857700348, 0.020236434414982796, 0.9986543655395508
4699088, 25, 0.15012997388839722, 0.03803355246782303, 1.9974839687347412
4699088, 25, 0.21733993291854858, 0.05531131476163864, 2.9963479042053223
4699088, 25, 0.28705543279647827, 0.07249243557453156, 3.995368480682373
4699088, 25, 0.3572502136230469, 0.0897638350725174, 4.994409561157227
4699088, 25, 0.4279124140739441, 0.10698284953832626, 5.993481159210205
4699088, 25, 0.5010046362876892, 0.12450583279132843, 6.99254846572876
4699088, 25, 0.5696997046470642, 0.1412516087293625, 7.9916839599609375
4699088, 25, 0.641886293888092, 0.15917058289051056, 8.990741729736328
4699088, 25, 0.7145683765411377, 0.1775055229663849, 9.989738464355469
4699088, 25, 0.7851924896240234, 0.19551654160022736, 10.988714218139648
4699088, 25, 0.8594650626182556, 0.21502430737018585, 11.987072944641113
4699088, 25, 0.9317457675933838, 0.23367053270339966, 12.985818862915039
4699088, 25, 1.0117712020874023, 0.2549428343772888, 13.984430313110352
4699088, 25, 1.0869975090026855, 0.2742038667201996, 14.98312759399414
4699088, 25, 1.1688140630722046, 0.29578572511672974, 15.981562614440918
4699088, 25, 1.2491945028305054, 0.3158492147922516, 16.979991912841797
4699088, 25, 1.3288683891296387, 0.33566635847091675, 17.978492736816406
4699088, 25, 1.4083044528961182, 0.3548033833503723, 18.977142333984375
4699088, 25, 1.4929180145263672, 0.376423180103302, 19.975521087646484
4699088, 25, 1.5769106149673462, 0.3977328836917877, 20.973852157592773
4699088, 25, 1.6579617261886597, 0.4188005328178406, 21.97195816040039
4699088, 25, 1.7336422204971313, 0.43864086270332336, 22.970382690429688
4699088, 25, 1.808019995689392, 0.45845165848731995, 23.968997955322266
4699088, 25, 1.88349449634552, 0.47847780585289, 24.967449188232422
4699088, 25, 1.9586057662963867, 0.49873602390289307, 25.96593475341797
4699088, 25, 2.0369768142700195, 0.5199216604232788, 26.964141845703125
4699088, 25, 2.1125850677490234, 0.5401938557624817, 27.962682723999023
4699088, 25, 2.193138837814331, 0.5620310306549072, 28.960683822631836
4699088, 25, 2.2699711322784424, 0.5824100971221924, 29.959129333496094
4772763, 26, 0.08076979219913483, 0.02163182757794857, 0.9984602928161621
4772763, 26, 0.1596774458885193, 0.042819470167160034, 1.9969468116760254
4772763, 26, 0.23514297604560852, 0.06254115700721741, 2.9955263137817383
4772763, 26, 0.3112543523311615, 0.08284406363964081, 3.994119644165039
4772763, 26, 0.3863418698310852, 0.10268153250217438, 4.992735862731934
4772763, 26, 0.46252143383026123, 0.12324851751327515, 5.9913411140441895
4772763, 26, 0.5369395613670349, 0.1431359052658081, 6.990032196044922
4772763, 26, 0.6124500632286072, 0.16386650502681732, 7.988716125488281
4772763, 26, 0.6869760155677795, 0.18439829349517822, 8.987432479858398
4772763, 26, 0.760120153427124, 0.20425769686698914, 9.98624038696289
4772763, 26, 0.8329555988311768, 0.2238951027393341, 10.985023498535156
4772763, 26, 0.9100340604782104, 0.2452675849199295, 11.983628273010254
4772763, 26, 0.9868775606155396, 0.2662320137023926, 12.982194900512695
4772763, 26, 1.067976474761963, 0.28895699977874756, 13.980555534362793
4772763, 26, 1.1559621095657349, 0.3143662214279175, 14.978671073913574
4772763, 26, 1.2439404726028442, 0.33814647793769836, 15.976688385009766
4772763, 26, 1.3433144092559814, 0.36739376187324524, 16.974193572998047
4772763, 26, 1.432621717453003, 0.3915503919124603, 17.97225570678711
4772763, 26, 1.5159509181976318, 0.4138438403606415, 18.970375061035156
4772763, 26, 1.6042743921279907, 0.43735471367836, 19.968460083007812
4772763, 26, 1.6957091093063354, 0.4620743989944458, 20.966344833374023
4772763, 26, 1.783908486366272, 0.48561856150627136, 21.96430206298828
4772763, 26, 1.8684884309768677, 0.5091668963432312, 22.96265411376953
4772763, 26, 1.9454967975616455, 0.5299608707427979, 23.961227416992188
4772763, 26, 2.0202348232269287, 0.5500751733779907, 24.959808349609375
4772763, 26, 2.0935146808624268, 0.569974422454834, 25.95853042602539
4772763, 26, 2.1659657955169678, 0.5894023180007935, 26.957298278808594
4772763, 26, 2.2398316860198975, 0.6087740063667297, 27.955961227416992
4772763, 26, 2.3135018348693848, 0.6284580230712891, 28.954721450805664
4772763, 26, 2.38730525970459, 0.6477040648460388, 29.953357696533203
4850951, 27, 0.0811794325709343, 0.023431215435266495, 0.9976255893707275
4850951, 27, 0.1625998616218567, 0.046895869076251984, 1.995223879814148
4850951, 27, 0.24347734451293945, 0.07009949535131454, 2.9928793907165527
4850951, 27, 0.321672260761261, 0.09220318496227264, 3.9907398223876953
4850951, 27, 0.3948085904121399, 0.11242569237947464, 4.988967418670654
4850951, 27, 0.46737390756607056, 0.13238415122032166, 5.987214088439941
4850951, 27, 0.5369894504547119, 0.15122662484645844, 6.985672473907471
4850951, 27, 0.6041470170021057, 0.16897888481616974, 7.984294891357422
4850951, 27, 0.6726928353309631, 0.18526291847229004, 8.983383178710938
4850951, 27, 0.7430235743522644, 0.2017287313938141, 9.982500076293945
4850951, 27, 0.8153018951416016, 0.2185310274362564, 10.98160171508789
4850951, 27, 0.8810043334960938, 0.23421569168567657, 11.980751037597656
4850951, 27, 0.9547210931777954, 0.25152352452278137, 12.979820251464844
4850951, 27, 1.028685450553894, 0.2690418064594269, 13.978851318359375
4850951, 27, 1.0992872714996338, 0.2859748303890228, 14.977909088134766
4850951, 27, 1.171196460723877, 0.30372339487075806, 15.976917266845703
4850951, 27, 1.243565559387207, 0.322538822889328, 16.97576332092285
4850951, 27, 1.3169339895248413, 0.3421188294887543, 17.974395751953125
4850951, 27, 1.3939144611358643, 0.36181867122650146, 18.973068237304688
4850951, 27, 1.4660857915878296, 0.38018161058425903, 19.971771240234375
4850951, 27, 1.5385892391204834, 0.39828041195869446, 20.97052001953125
4850951, 27, 1.610184907913208, 0.41603994369506836, 21.969362258911133
4850951, 27, 1.6796271800994873, 0.4334552586078644, 22.968231201171875
4850951, 27, 1.7509093284606934, 0.45096325874328613, 23.967145919799805
4850951, 27, 1.8233624696731567, 0.4686059057712555, 24.966049194335938
4850951, 27, 1.8936436176300049, 0.4859165549278259, 25.964950561523438
4850951, 27, 1.964928150177002, 0.5032967925071716, 26.963857650756836
4850951, 27, 2.041102886199951, 0.5214040875434875, 27.962736129760742
4850951, 27, 2.110752582550049, 0.5385139584541321, 28.96163558959961
4850951, 27, 2.183849811553955, 0.5561555624008179, 29.96050453186035
2265761, 28, 0.08588122576475143, 0.022372974082827568, 0.9982585906982422
2265761, 28, 0.1675080955028534, 0.04307450354099274, 1.9967241287231445
2265761, 28, 0.2482401728630066, 0.06341460347175598, 2.995253324508667
2265761, 28, 0.32602596282958984, 0.0827208161354065, 3.9939236640930176
2265761, 28, 0.4057200253009796, 0.10248763859272003, 4.992597579956055
2265761, 28, 0.4767620861530304, 0.11970847845077515, 5.9915242195129395
2265761, 28, 0.5489581823348999, 0.13701607286930084, 6.990504264831543
2265761, 28, 0.619732677936554, 0.1539028286933899, 7.989524841308594
2265761, 28, 0.6884366273880005, 0.17032180726528168, 8.988567352294922
2265761, 28, 0.7577781677246094, 0.18688923120498657, 9.987622261047363
2265761, 28, 0.8281821012496948, 0.20390424132347107, 10.98660659790039
2265761, 28, 0.9020550847053528, 0.2220839411020279, 11.985474586486816
2265761, 28, 0.9764106273651123, 0.2400675266981125, 12.984334945678711
2265761, 28, 1.0599989891052246, 0.2610485851764679, 13.982840538024902
2265761, 28, 1.137096643447876, 0.2794205844402313, 14.981576919555664
2265761, 28, 1.2127156257629395, 0.2978510558605194, 15.980228424072266
2265761, 28, 1.2955344915390015, 0.31925562024116516, 16.97856903076172
2265761, 28, 1.3823212385177612, 0.34245550632476807, 17.9766902923584
2265761, 28, 1.4622586965560913, 0.3631635904312134, 18.974966049194336
2265761, 28, 1.5431228876113892, 0.38351425528526306, 19.973337173461914
2265761, 28, 1.6278753280639648, 0.4050768315792084, 20.97162628173828
2265761, 28, 1.70767080783844, 0.42523887753486633, 21.96999168395996
2265761, 28, 1.7850430011749268, 0.4449940025806427, 22.968515396118164
2265761, 28, 1.8562445640563965, 0.4629531502723694, 23.967151641845703
2265761, 28, 1.9272210597991943, 0.4804375469684601, 24.96591567993164
2265761, 28, 2.004713535308838, 0.49984610080718994, 25.96457290649414
2265761, 28, 2.0811691284179688, 0.5185151100158691, 26.96335220336914
2265761, 28, 2.15474796295166, 0.5362508893013, 27.962261199951172
2265761, 28, 2.2284460067749023, 0.5541388988494873, 28.96117401123047
2265761, 28, 2.298804998397827, 0.5714459419250488, 29.9600772857666
5038881, 29, 0.07991506159305573, 0.02226252108812332, 0.9982929229736328
5038881, 29, 0.16036708652973175, 0.044742509722709656, 1.9966046810150146
5038881, 29, 0.24009698629379272, 0.06689244508743286, 2.9949898719787598
5038881, 29, 0.3173810839653015, 0.08844155818223953, 3.9934329986572266
5038881, 29, 0.3928273618221283, 0.10943810641765594, 4.991929531097412
5038881, 29, 0.4653681516647339, 0.12942633032798767, 5.990366458892822
5038881, 29, 0.5385481119155884, 0.14970532059669495, 6.988733291625977
5038881, 29, 0.6130785942077637, 0.17045225203037262, 7.987253189086914
5038881, 29, 0.6855965852737427, 0.19073593616485596, 8.985783576965332
5038881, 29, 0.7616130709648132, 0.2126430869102478, 9.98416519165039
5038881, 29, 0.840283989906311, 0.2360050529241562, 10.982381820678711
5038881, 29, 0.9213992953300476, 0.26081526279449463, 11.980438232421875
5038881, 29, 1.0009208917617798, 0.28476840257644653, 12.978581428527832
5038881, 29, 1.0809866189956665, 0.3079869747161865, 13.976677894592285
5038881, 29, 1.1638190746307373, 0.3313470482826233, 14.974662780761719
5038881, 29, 1.2488378286361694, 0.35552823543548584, 15.972675323486328
5038881, 29, 1.3380197286605835, 0.38081368803977966, 16.970556259155273
5038881, 29, 1.4265837669372559, 0.4055624008178711, 17.968524932861328
5038881, 29, 1.511460542678833, 0.4287412762641907, 18.966651916503906
5038881, 29, 1.6003170013427734, 0.4531535804271698, 19.96472930908203
5038881, 29, 1.6889480352401733, 0.4784952402114868, 20.962730407714844
5038881, 29, 1.7755423784255981, 0.5035144090652466, 21.960710525512695
5038881, 29, 1.8601479530334473, 0.5291902422904968, 22.958650588989258
5038881, 29, 1.9430691003799438, 0.5547702312469482, 23.956565856933594
5038881, 29, 2.0237128734588623, 0.5790526866912842, 24.954599380493164
5038881, 29, 2.1038215160369873, 0.6031144261360168, 25.952678680419922
5038881, 29, 2.183540105819702, 0.6271059513092041, 26.950742721557617
5038881, 29, 2.264474868774414, 0.6520912051200867, 27.948680877685547
5038881, 29, 2.3499722480773926, 0.6790429353713989, 28.946382522583008
5038881, 29, 2.4356744289398193, 0.7060676217079163, 29.944091796875
4785791, 30, 0.07707644253969193, 0.0214997548609972, 0.9981684684753418
4785791, 30, 0.1526656150817871, 0.04241921380162239, 1.9964264631271362
4785791, 30, 0.22804787755012512, 0.06319370865821838, 2.994729518890381
4785791, 30, 0.30242764949798584, 0.0834965780377388, 3.9931585788726807
4785791, 30, 0.37977445125579834, 0.10502961277961731, 4.9912309646606445
4785791, 30, 0.4590168595314026, 0.12721408903598785, 5.989107131958008
4785791, 30, 0.5373324155807495, 0.1490849107503891, 6.987107753753662
4785791, 30, 0.6109183430671692, 0.16926220059394836, 7.985637187957764
4785791, 30, 0.6997222304344177, 0.19497612118721008, 8.982827186584473
4785791, 30, 0.7718850374221802, 0.2142115831375122, 9.981602668762207
4785791, 30, 0.8451737761497498, 0.23403532803058624, 10.980332374572754
4785791, 30, 0.9200201034545898, 0.2545129656791687, 11.978781700134277
4785791, 30, 0.9950357675552368, 0.27500754594802856, 12.977313041687012
4785791, 30, 1.0715535879135132, 0.29618406295776367, 13.975698471069336
4785791, 30, 1.1492146253585815, 0.3178892433643341, 14.974056243896484
4785791, 30, 1.2290475368499756, 0.3405316472053528, 15.972235679626465
4785791, 30, 1.3136640787124634, 0.3649420142173767, 16.970178604125977
4785791, 30, 1.4023127555847168, 0.39136651158332825, 17.96759605407715
4785791, 30, 1.4880609512329102, 0.41564491391181946, 18.96567726135254
4785791, 30, 1.5718125104904175, 0.43808072805404663, 19.963905334472656
4785791, 30, 1.6571766138076782, 0.4618214964866638, 20.961971282958984
4785791, 30, 1.7406638860702515, 0.4851349890232086, 21.960067749023438
4785791, 30, 1.8186787366867065, 0.5058383941650391, 22.958580017089844
4785791, 30, 1.8944413661956787, 0.5260486006736755, 23.957212448120117
4785791, 30, 1.9690138101577759, 0.5459285378456116, 24.955902099609375
4785791, 30, 2.0428380966186523, 0.565768301486969, 25.954631805419922
4785791, 30, 2.115358829498291, 0.5852991938591003, 26.95332145690918
4785791, 30, 2.1893272399902344, 0.6053950786590576, 27.951705932617188
4785791, 30, 2.2614848613739014, 0.6246713995933533, 28.950345993041992
4785791, 30, 2.350351095199585, 0.6505540609359741, 29.947498321533203
1089412, 31, 0.08081766963005066, 0.021983319893479347, 0.9983517527580261
1089412, 31, 0.15842437744140625, 0.042799122631549835, 1.9967933893203735
1089412, 31, 0.23560595512390137, 0.06335550546646118, 2.995335578918457
1089412, 31, 0.31028878688812256, 0.08292016386985779, 3.9939184188842773
1089412, 31, 0.3857646584510803, 0.10233497619628906, 4.992627143859863
1089412, 31, 0.4582816958427429, 0.12102005630731583, 5.991246700286865
1089412, 31, 0.5293938517570496, 0.13903659582138062, 6.990029335021973
1089412, 31, 0.5994710326194763, 0.15640994906425476, 7.988991737365723
1089412, 31, 0.6701372265815735, 0.17368288338184357, 8.988033294677734
1089412, 31, 0.7405053377151489, 0.1908589005470276, 9.987075805664062
1089412, 31, 0.8139826655387878, 0.209158256649971, 10.986065864562988
1089412, 31, 0.8843834400177002, 0.2264672964811325, 11.985023498535156
1089412, 31, 0.9547644257545471, 0.24377921223640442, 12.983969688415527
1089412, 31, 1.0286355018615723, 0.2621663510799408, 13.982860565185547
1089412, 31, 1.1049437522888184, 0.281541645526886, 14.981649398803711
1089412, 31, 1.1817342042922974, 0.3012637794017792, 15.980348587036133
1089412, 31, 1.2586281299591064, 0.32117098569869995, 16.97893714904785
1089412, 31, 1.3389383554458618, 0.34160810708999634, 17.97757911682129
1089412, 31, 1.4228272438049316, 0.362591952085495, 18.97620391845703
1089412, 31, 1.5070785284042358, 0.38333508372306824, 19.97479248046875
1089412, 31, 1.589477777481079, 0.4039684534072876, 20.973339080810547
1089412, 31, 1.671670913696289, 0.42542222142219543, 21.971946716308594
1089412, 31, 1.7498126029968262, 0.4455379843711853, 22.97064208984375
1089412, 31, 1.8239147663116455, 0.46420854330062866, 23.969463348388672
1089412, 31, 1.8966141939163208, 0.4826164245605469, 24.968358993530273
1089412, 31, 1.9683986902236938, 0.5007926821708679, 25.967288970947266
1089412, 31, 2.0405585765838623, 0.5189559459686279, 26.96623992919922
1089412, 31, 2.1107137203216553, 0.536445140838623, 27.965166091918945
1089412, 31, 2.187089204788208, 0.5565266609191895, 28.96392059326172
1089412, 31, 2.2618532180786133, 0.5761693120002747, 29.962669372558594
4996894, 32, 0.08022916316986084, 0.020684700459241867, 0.9984844326972961
4996894, 32, 0.16250735521316528, 0.04136527702212334, 1.997037649154663
4996894, 32, 0.23829099535942078, 0.06039474159479141, 2.995743751525879
4996894, 32, 0.30798810720443726, 0.07846660166978836, 3.9944536685943604
4996894, 32, 0.37707096338272095, 0.0957118570804596, 4.993318557739258
4996894, 32, 0.44586649537086487, 0.11247722059488297, 5.992269039154053
4996894, 32, 0.5152344703674316, 0.1288263201713562, 6.991330146789551
4996894, 32, 0.589210569858551, 0.14609333872795105, 7.990390777587891
4996894, 32, 0.6619078516960144, 0.16299116611480713, 8.98950481414795
4996894, 32, 0.7334609031677246, 0.17969734966754913, 9.988627433776855
4996894, 32, 0.809397280216217, 0.1981627345085144, 10.987593650817871
4996894, 32, 0.8801469802856445, 0.21571063995361328, 11.98656177520752
4996894, 32, 0.9513376355171204, 0.2335750311613083, 12.9854736328125
4996894, 32, 1.0240263938903809, 0.2519381046295166, 13.984299659729004
4996894, 32, 1.0972129106521606, 0.27065008878707886, 14.983010292053223
4996894, 32, 1.1734817028045654, 0.2906726002693176, 15.981606483459473
4996894, 32, 1.2535686492919922, 0.31212174892425537, 16.980045318603516
4996894, 32, 1.3336758613586426, 0.3329241871833801, 17.978466033935547
4996894, 32, 1.414676308631897, 0.35370105504989624, 18.97690773010254
4996894, 32, 1.4932305812835693, 0.37433403730392456, 19.975414276123047
4996894, 32, 1.5685955286026, 0.39338162541389465, 20.974199295043945
4996894, 32, 1.6401699781417847, 0.41089048981666565, 21.97309112548828
4996894, 32, 1.710301399230957, 0.42783990502357483, 22.972131729125977
4996894, 32, 1.7776108980178833, 0.44430840015411377, 23.971179962158203
4996894, 32, 1.8460142612457275, 0.4609684646129608, 24.970264434814453
4996894, 32, 1.91677987575531, 0.4782004952430725, 25.96928596496582
4996894, 32, 1.988492488861084, 0.4958045482635498, 26.96826171875
4996894, 32, 2.0578157901763916, 0.5127531886100769, 27.967269897460938
4996894, 32, 2.1344258785247803, 0.5321095585823059, 28.966068267822266
4996894, 32, 2.2107365131378174, 0.5516437888145447, 29.964820861816406
1217886, 33, 0.08443284034729004, 0.02099469304084778, 0.9984894394874573
1217886, 33, 0.16301804780960083, 0.040151387453079224, 1.9971758127212524
1217886, 33, 0.23164895176887512, 0.05685475841164589, 2.9961085319519043
1217886, 33, 0.29651182889938354, 0.07280535995960236, 3.9951229095458984
1217886, 33, 0.3699583411216736, 0.08994052559137344, 4.994085311889648
1217886, 33, 0.44239869713783264, 0.10693944245576859, 5.99304723739624
1217886, 33, 0.5177648663520813, 0.1247524842619896, 6.991939067840576
1217886, 33, 0.5944315195083618, 0.14283522963523865, 7.990813732147217
1217886, 33, 0.6586530208587646, 0.15806344151496887, 8.989965438842773
1217886, 33, 0.7251018285751343, 0.17358964681625366, 9.989099502563477
1217886, 33, 0.7870469689369202, 0.1887764036655426, 10.988179206848145
1217886, 33, 0.8594902753829956, 0.20611444115638733, 11.987067222595215
1217886, 33, 0.9404576420783997, 0.2261391282081604, 12.985614776611328
1217886, 33, 1.0263899564743042, 0.24814334511756897, 13.983901977539062
1217886, 33, 1.1075862646102905, 0.26850372552871704, 14.98238754272461
1217886, 33, 1.1809911727905273, 0.28619444370269775, 15.981070518493652
1217886, 33, 1.2586168050765991, 0.30480316281318665, 16.97970962524414
1217886, 33, 1.3440883159637451, 0.32616451382637024, 17.978078842163086
1217886, 33, 1.4283641576766968, 0.34755128622055054, 18.976430892944336
1217886, 33, 1.5075805187225342, 0.36734819412231445, 19.975017547607422
1217886, 33, 1.5975593328475952, 0.3923402726650238, 20.972963333129883
1217886, 33, 1.6851985454559326, 0.415782630443573, 21.971080780029297
1217886, 33, 1.7559304237365723, 0.43294069170951843, 22.969919204711914
1217886, 33, 1.8250620365142822, 0.4497438669204712, 23.968812942504883
1217886, 33, 1.8985369205474854, 0.4674699008464813, 24.9676513671875
1217886, 33, 1.9737881422042847, 0.48568195104599, 25.966489791870117
1217886, 33, 2.0406076908111572, 0.5021350383758545, 26.96552276611328
1217886, 33, 2.108710289001465, 0.5189247727394104, 27.964508056640625
1217886, 33, 2.178821086883545, 0.5363031029701233, 28.96341323852539
1217886, 33, 2.2493741512298584, 0.5535802841186523, 29.962326049804688
4820909, 34, 0.11839529126882553, 0.040403105318546295, 0.9944735169410706
4820909, 34, 0.23655088245868683, 0.08064499497413635, 1.9889744520187378
4820909, 34, 0.3539472818374634, 0.12055037170648575, 2.9835338592529297
4820909, 34, 0.4626787006855011, 0.1559029370546341, 3.9789154529571533
4820909, 34, 0.5521291494369507, 0.18242743611335754, 4.975951194763184
4820909, 34, 0.6248231530189514, 0.2023056149482727, 5.974352836608887
4820909, 34, 0.7044634819030762, 0.2248086780309677, 6.972164154052734
4820909, 34, 0.7932026386260986, 0.25089550018310547, 7.969272613525391
4820909, 34, 0.8772264122962952, 0.2749125361442566, 8.966782569885254
4820909, 34, 0.9717857837677002, 0.3032183349132538, 9.963445663452148
4820909, 34, 1.0675348043441772, 0.3321162164211273, 10.960006713867188
4820909, 34, 1.154485821723938, 0.3573678731918335, 11.957314491271973
4820909, 34, 1.2508463859558105, 0.3866460621356964, 12.953836441040039
4820909, 34, 1.3485082387924194, 0.41672804951667786, 13.95023250579834
4820909, 34, 1.4431153535842896, 0.4456336498260498, 14.946864128112793
4820909, 34, 1.5284870862960815, 0.4704395532608032, 15.944317817687988
4820909, 34, 1.6294431686401367, 0.502070426940918, 16.94039535522461
4820909, 34, 1.7406327724456787, 0.5388647317886353, 17.93550682067871
4820909, 34, 1.8389936685562134, 0.569264829158783, 18.931808471679688
4820909, 34, 1.91517972946167, 0.5901864171028137, 19.93004035949707
4820909, 34, 1.9945168495178223, 0.6125767230987549, 20.9279727935791
4820909, 34, 2.076880693435669, 0.6362451910972595, 21.92560577392578
4820909, 34, 2.1510071754455566, 0.6563963294029236, 22.924009323120117
4820909, 34, 2.229329824447632, 0.6781715750694275, 23.9219970703125
4820909, 34, 2.3183555603027344, 0.7043792605400085, 24.91908073425293
4820909, 34, 2.3993263244628906, 0.7273769378662109, 25.91678810119629
4820909, 34, 2.4727225303649902, 0.7474749088287354, 26.91507911682129
4820909, 34, 2.545837640762329, 0.7676487565040588, 27.913375854492188
4820909, 34, 2.633345127105713, 0.793232262134552, 28.910560607910156
4820909, 34, 2.7041337490081787, 0.8125203251838684, 29.909059524536133
1221647, 35, 0.08433226495981216, 0.020924750715494156, 0.998502254486084
1221647, 35, 0.1625671684741974, 0.03995676338672638, 1.9972052574157715
1221647, 35, 0.23100030422210693, 0.056563131511211395, 2.9961485862731934
1221647, 35, 0.2959398031234741, 0.07248404622077942, 3.9951658248901367
1221647, 35, 0.3693941831588745, 0.08959632366895676, 4.994134902954102
1221647, 35, 0.4415820240974426, 0.10655510425567627, 5.993101596832275
1221647, 35, 0.516895055770874, 0.124357670545578, 6.991995811462402
1221647, 35, 0.5937491059303284, 0.14246828854084015, 7.9908647537231445
1221647, 35, 0.6581200361251831, 0.15772107243537903, 8.99001693725586
1221647, 35, 0.7243525385856628, 0.17313581705093384, 9.98916244506836
1221647, 35, 0.7862285375595093, 0.1882811337709427, 10.988241195678711
1221647, 35, 0.8583444356918335, 0.20556038618087769, 11.987133979797363
1221647, 35, 0.9393254518508911, 0.22560299932956696, 12.985682487487793
1221647, 35, 1.0250892639160156, 0.2475869506597519, 13.983970642089844
1221647, 35, 1.106203317642212, 0.2679290473461151, 14.982465744018555
1221647, 35, 1.1798245906829834, 0.2856956422328949, 15.98114013671875
1221647, 35, 1.2571580410003662, 0.3042382597923279, 16.979793548583984
1221647, 35, 1.3428146839141846, 0.3256615102291107, 17.978158950805664
1221647, 35, 1.4272571802139282, 0.3470993638038635, 18.97650718688965
1221647, 35, 1.5064536333084106, 0.3668832778930664, 19.975093841552734
1221647, 35, 1.5966206789016724, 0.39195817708969116, 20.97303009033203
1221647, 35, 1.6842848062515259, 0.41543856263160706, 21.971149444580078
1221647, 35, 1.7550300359725952, 0.4326007068157196, 22.969989776611328
1221647, 35, 1.8240360021591187, 0.4493575394153595, 23.968887329101562
1221647, 35, 1.8976025581359863, 0.4670921266078949, 24.967729568481445
1221647, 35, 1.9727998971939087, 0.4853212535381317, 25.966567993164062
1221647, 35, 2.0395348072052, 0.5017479062080383, 26.96560287475586
1221647, 35, 2.107635498046875, 0.5185099244117737, 27.964588165283203
1221647, 35, 2.1778604984283447, 0.5359417796134949, 28.96349334716797
1221647, 35, 2.24837327003479, 0.5532126426696777, 29.962406158447266
5195398, 36, 0.07891829311847687, 0.02061382681131363, 0.9984848499298096
5195398, 36, 0.1538759469985962, 0.04000435024499893, 1.99705970287323
5195398, 36, 0.22838973999023438, 0.05912564694881439, 2.995734691619873
5195398, 36, 0.30482566356658936, 0.07888837158679962, 3.9943976402282715
5195398, 36, 0.3786224126815796, 0.0976833924651146, 4.993158340454102
5195398, 36, 0.4496345520019531, 0.11564624309539795, 5.9920148849487305
5195398, 36, 0.5247971415519714, 0.13462582230567932, 6.990854740142822
5195398, 36, 0.5973607897758484, 0.15260589122772217, 7.9897966384887695
5195398, 36, 0.6681778430938721, 0.17016568779945374, 8.988798141479492
5195398, 36, 0.7358093857765198, 0.18699005246162415, 9.987812042236328
5195398, 36, 0.8074358105659485, 0.20514807105064392, 10.986721992492676
5195398, 36, 0.8785553574562073, 0.22305794060230255, 11.985644340515137
5195398, 36, 0.9504606127738953, 0.2411697953939438, 12.984553337097168
5195398, 36, 1.0239278078079224, 0.2597126066684723, 13.983423233032227
5195398, 36, 1.0979266166687012, 0.27822646498680115, 14.982282638549805
5195398, 36, 1.1762949228286743, 0.29881641268730164, 15.980901718139648
5195398, 36, 1.2530323266983032, 0.31849169731140137, 16.97943687438965
5195398, 36, 1.3303664922714233, 0.3377690315246582, 17.97809410095215
5195398, 36, 1.4121513366699219, 0.35899248719215393, 18.976587295532227
5195398, 36, 1.491869330406189, 0.3794405162334442, 19.975055694580078
5195398, 36, 1.5705739259719849, 0.3995959460735321, 20.973587036132812
5195398, 36, 1.6485166549682617, 0.41908836364746094, 21.97216033935547
5195398, 36, 1.7231204509735107, 0.43751260638237, 22.970863342285156
5195398, 36, 1.7986137866973877, 0.4570310413837433, 23.969545364379883
5195398, 36, 1.8684149980545044, 0.47453001141548157, 24.968427658081055
5195398, 36, 1.9382221698760986, 0.49178585410118103, 25.967397689819336
5195398, 36, 2.0048987865448, 0.5081627368927002, 26.966432571411133
5195398, 36, 2.070983648300171, 0.5244957208633423, 27.965497970581055
5195398, 36, 2.141918897628784, 0.5423197746276855, 28.964492797851562
5195398, 36, 2.210991382598877, 0.5596218109130859, 29.963510513305664
5007479, 37, 0.08115555346012115, 0.021272817626595497, 0.9983863234519958
5007479, 37, 0.15784701704978943, 0.04178318753838539, 1.9966483116149902
5007479, 37, 0.23389878869056702, 0.06140267848968506, 2.9951720237731934
5007479, 37, 0.31072670221328735, 0.0808318629860878, 3.993800163269043
5007479, 37, 0.3872045874595642, 0.10012456029653549, 4.992413520812988
5007479, 37, 0.4666711688041687, 0.12020403891801834, 5.990962028503418
5007479, 37, 0.5438230037689209, 0.13972534239292145, 6.989553451538086
5007479, 37, 0.6185015439987183, 0.15875256061553955, 7.988181114196777
5007479, 37, 0.6919068098068237, 0.1776425540447235, 8.986745834350586
5007479, 37, 0.7657428979873657, 0.19615662097930908, 9.985387802124023
5007479, 37, 0.8454618453979492, 0.21621766686439514, 10.983920097351074
5007479, 37, 0.9211544394493103, 0.23533928394317627, 11.98245620727539
5007479, 37, 0.9951802492141724, 0.25451308488845825, 12.980886459350586
5007479, 37, 1.0708612203598022, 0.27475690841674805, 13.979033470153809
5007479, 37, 1.1450083255767822, 0.2939506471157074, 14.977456092834473
5007479, 37, 1.2194215059280396, 0.3132496774196625, 15.975883483886719
5007479, 37, 1.2926710844039917, 0.3321930766105652, 16.97432518005371
5007479, 37, 1.3647340536117554, 0.3502996265888214, 17.972972869873047
5007479, 37, 1.4355226755142212, 0.3681444525718689, 18.971576690673828
5007479, 37, 1.5053755044937134, 0.38561445474624634, 19.970224380493164
5007479, 37, 1.5743263959884644, 0.4027422070503235, 20.968935012817383
5007479, 37, 1.64373779296875, 0.4198025166988373, 21.96768569946289
5007479, 37, 1.715527892112732, 0.4373154938220978, 22.966445922851562
5007479, 37, 1.78644597530365, 0.4549218416213989, 23.96517562866211
5007479, 37, 1.8563956022262573, 0.472844660282135, 24.96377944946289
5007479, 37, 1.927844524383545, 0.4905993938446045, 25.962491989135742
5007479, 37, 2.0028116703033447, 0.5110822319984436, 26.960500717163086
5007479, 37, 2.084444999694824, 0.5340119004249573, 27.958036422729492
5007479, 37, 2.1704511642456055, 0.5586932301521301, 28.95525550842285
5007479, 37, 2.2513201236724854, 0.5814171433448792, 29.952842712402344
4431350, 38, 0.07933532446622849, 0.021865034475922585, 0.9983353614807129
4431350, 38, 0.15674665570259094, 0.0429663211107254, 1.996816873550415
4431350, 38, 0.232805997133255, 0.06346417218446732, 2.995363473892212
4431350, 38, 0.3099868893623352, 0.08397399634122849, 3.99377703666687
4431350, 38, 0.3845165967941284, 0.1038912832736969, 4.992434024810791
4431350, 38, 0.45901745557785034, 0.12373863160610199, 5.9912590980529785
4431350, 38, 0.5325994491577148, 0.14282719790935516, 6.990036487579346
4431350, 38, 0.6064167022705078, 0.16188561916351318, 7.988765239715576
4431350, 38, 0.6807730197906494, 0.181142657995224, 8.987472534179688
4431350, 38, 0.7545745968818665, 0.20024807751178741, 9.986324310302734
4431350, 38, 0.8299068212509155, 0.2198825180530548, 10.985058784484863
4431350, 38, 0.9074149131774902, 0.24059569835662842, 11.983668327331543
4431350, 38, 0.9869985580444336, 0.2622445523738861, 12.982198715209961
4431350, 38, 1.0684736967086792, 0.2846141457557678, 13.980663299560547
4431350, 38, 1.1507281064987183, 0.30699726939201355, 14.978982925415039
4431350, 38, 1.2384041547775269, 0.33154410123825073, 15.977056503295898
4431350, 38, 1.3287233114242554, 0.35670801997184753, 16.97503662109375
4431350, 38, 1.4186389446258545, 0.3823993504047394, 17.97258949279785
4431350, 38, 1.5069924592971802, 0.4069524109363556, 18.970436096191406
4431350, 38, 1.599859595298767, 0.43353161215782166, 19.9681453704834
4431350, 38, 1.689986228942871, 0.4590338468551636, 20.966140747070312
4431350, 38, 1.7756556272506714, 0.48229095339775085, 21.964380264282227
4431350, 38, 1.8565077781677246, 0.5035965442657471, 22.962783813476562
4431350, 38, 1.9342031478881836, 0.5247302055358887, 23.961406707763672
4431350, 38, 2.008815050125122, 0.5440089106559753, 24.960111618041992
4431350, 38, 2.0821406841278076, 0.5630980730056763, 25.958860397338867
4431350, 38, 2.1559057235717773, 0.5831412076950073, 26.957643508911133
4431350, 38, 2.229996681213379, 0.603398859500885, 27.956361770629883
4431350, 38, 2.3043246269226074, 0.6237725615501404, 28.955059051513672
4431350, 38, 2.378005027770996, 0.6430529356002808, 29.953725814819336
5144366, 39, 0.07547646760940552, 0.019627979025244713, 0.9985475540161133
5144366, 39, 0.15863355994224548, 0.041098903864622116, 1.9969775676727295
5144366, 39, 0.23932909965515137, 0.06169743835926056, 2.9955148696899414
5144366, 39, 0.31454217433929443, 0.08047348260879517, 3.9942541122436523
5144366, 39, 0.3911270201206207, 0.09983064234256744, 4.992967128753662
5144366, 39, 0.46730735898017883, 0.1194043904542923, 5.991641521453857
5144366, 39, 0.5397987365722656, 0.1380731612443924, 6.990366458892822
5144366, 39, 0.6112499237060547, 0.15646252036094666, 7.989074230194092
5144366, 39, 0.6850587725639343, 0.17574313282966614, 8.987693786621094
5144366, 39, 0.7595252394676208, 0.19524182379245758, 9.986230850219727
5144366, 39, 0.8363984227180481, 0.2154480218887329, 10.984640121459961
5144366, 39, 0.9203662872314453, 0.2380591630935669, 11.982773780822754
5144366, 39, 1.0078885555267334, 0.2619609534740448, 12.980712890625
5144366, 39, 1.095953106880188, 0.2857227027416229, 13.978606224060059
5144366, 39, 1.186773419380188, 0.3106692135334015, 14.97632884979248
5144366, 39, 1.2761921882629395, 0.33532026410102844, 15.974101066589355
5144366, 39, 1.3674548864364624, 0.3607364892959595, 16.971832275390625
5144366, 39, 1.4560567140579224, 0.38425737619400024, 17.969751358032227
5144366, 39, 1.542525291442871, 0.40705180168151855, 18.967737197875977
5144366, 39, 1.6250585317611694, 0.42897456884384155, 19.96584701538086
5144366, 39, 1.7058054208755493, 0.4506158232688904, 20.964092254638672
5144366, 39, 1.783908486366272, 0.47148802876472473, 21.96244239807129
5144366, 39, 1.8610059022903442, 0.4922339618206024, 22.960777282714844
5144366, 39, 1.9413011074066162, 0.5142440795898438, 23.958972930908203
5144366, 39, 2.0228819847106934, 0.5364558696746826, 24.95716667175293
5144366, 39, 2.1087636947631836, 0.560095489025116, 25.955224990844727
5144366, 39, 2.1921167373657227, 0.5825538039207458, 26.953453063964844
5144366, 39, 2.275285243988037, 0.6048204302787781, 27.951717376708984
5144366, 39, 2.359755277633667, 0.6274053454399109, 28.94993782043457
5144366, 39, 2.4446511268615723, 0.6501805186271667, 29.9481258392334
5037673, 40, 0.07876824587583542, 0.0199225302785635, 0.9985249042510986
5037673, 40, 0.1570485383272171, 0.03970937430858612, 1.9970922470092773
5037673, 40, 0.2333085536956787, 0.05886615812778473, 2.995762825012207
5037673, 40, 0.3059927225112915, 0.0771629735827446, 3.9945194721221924
5037673, 40, 0.3752894401550293, 0.0951092466711998, 4.993212699890137
5037673, 40, 0.45146626234054565, 0.11405223608016968, 5.9919843673706055
5037673, 40, 0.5260331034660339, 0.13237880170345306, 6.990833282470703
5037673, 40, 0.5998987555503845, 0.15016764402389526, 7.989755153656006
5037673, 40, 0.6743993759155273, 0.16797374188899994, 8.988710403442383
5037673, 40, 0.7472244501113892, 0.18552562594413757, 9.987692832946777
5037673, 40, 0.8198217153549194, 0.2031097263097763, 10.986637115478516
5037673, 40, 0.896064043045044, 0.22183328866958618, 11.985471725463867
5037673, 40, 0.9694147109985352, 0.23968511819839478, 12.984379768371582
5037673, 40, 1.0436017513275146, 0.2579587996006012, 13.983253479003906
5037673, 40, 1.1212538480758667, 0.27736696600914, 14.982044219970703
5037673, 40, 1.1933348178863525, 0.2953886389732361, 15.980810165405273
5037673, 40, 1.2697619199752808, 0.31521299481391907, 16.97932243347168
5037673, 40, 1.351266622543335, 0.33706843852996826, 17.977787017822266
5037673, 40, 1.4319850206375122, 0.35762786865234375, 18.97634506225586
5037673, 40, 1.514662742614746, 0.3782942295074463, 19.974868774414062
5037673, 40, 1.5981887578964233, 0.39998963475227356, 20.97334098815918
5037673, 40, 1.6755657196044922, 0.41954877972602844, 21.97198486328125
5037673, 40, 1.752043604850769, 0.4385932981967926, 22.970787048339844
5037673, 40, 1.825613021850586, 0.45686936378479004, 23.969655990600586
5037673, 40, 1.8974699974060059, 0.47448188066482544, 24.968584060668945
5037673, 40, 1.9696589708328247, 0.4923769533634186, 25.9675235748291
5037673, 40, 2.041332244873047, 0.5100098848342896, 26.966493606567383
5037673, 40, 2.110504150390625, 0.527032732963562, 27.965526580810547
5037673, 40, 2.1792185306549072, 0.543864905834198, 28.964588165283203
5037673, 40, 2.247770309448242, 0.5607202053070068, 29.963626861572266
4766524, 41, 0.07758165895938873, 0.022224286571145058, 0.9982056617736816
4766524, 41, 0.1533801555633545, 0.043408408761024475, 1.9966294765472412
4766524, 41, 0.22933024168014526, 0.0643586665391922, 2.9949278831481934
4766524, 41, 0.30462485551834106, 0.08497871458530426, 3.993311882019043
4766524, 41, 0.3776390850543976, 0.10481968522071838, 4.991970062255859
4766524, 41, 0.44910091161727905, 0.12405605614185333, 5.990721225738525
4766524, 41, 0.5195487141609192, 0.1427427977323532, 6.989494800567627
4766524, 41, 0.5896034240722656, 0.16138134896755219, 7.988321781158447
4766524, 41, 0.6602077484130859, 0.18019750714302063, 8.98713207244873
4766524, 41, 0.732719898223877, 0.19943232834339142, 9.985812187194824
4766524, 41, 0.8094841837882996, 0.219904825091362, 10.98417854309082
4766524, 41, 0.887521505355835, 0.24084047973155975, 11.9824857711792
4766524, 41, 0.9644171595573425, 0.26113831996917725, 12.980998039245605
4766524, 41, 1.0443623065948486, 0.28253617882728577, 13.979341506958008
4766524, 41, 1.1278350353240967, 0.30534034967422485, 14.977606773376465
4766524, 41, 1.2151539325714111, 0.32927221059799194, 15.975776672363281
4766524, 41, 1.3036905527114868, 0.35403984785079956, 16.973676681518555
4766524, 41, 1.3907827138900757, 0.3782457113265991, 17.97162628173828
4766524, 41, 1.4808099269866943, 0.4039280414581299, 18.96941566467285
4766524, 41, 1.5696563720703125, 0.4289601147174835, 19.967302322387695
4766524, 41, 1.6552759408950806, 0.45224371552467346, 20.96546745300293
4766524, 41, 1.737173318862915, 0.47417229413986206, 21.963773727416992
4766524, 41, 1.8146470785140991, 0.49494341015815735, 22.962350845336914
4766524, 41, 1.8937746286392212, 0.516005277633667, 23.960655212402344
4766524, 41, 1.9704275131225586, 0.5364498496055603, 24.959177017211914
4766524, 41, 2.046614646911621, 0.5570674538612366, 25.95766258239746
4766524, 41, 2.122098922729492, 0.5778094530105591, 26.956205368041992
4766524, 41, 2.197937250137329, 0.5988194346427917, 27.954662322998047
4766524, 41, 2.2734696865081787, 0.6203171610832214, 28.95317840576172
4766524, 41, 2.355252981185913, 0.642877995967865, 29.951173782348633
1262475, 42, 0.08375374227762222, 0.02119501493871212, 0.9983965754508972
1262475, 42, 0.16612029075622559, 0.041681040078401566, 1.9968862533569336
1262475, 42, 0.24379697442054749, 0.060387253761291504, 2.9955813884735107
1262475, 42, 0.317438006401062, 0.07812664657831192, 3.9943857192993164
1262475, 42, 0.38391441106796265, 0.09451638162136078, 4.9932942390441895
1262475, 42, 0.4520651698112488, 0.11087444424629211, 5.99223518371582
1262475, 42, 0.5275362133979797, 0.12874534726142883, 6.991027355194092
1262475, 42, 0.6030793786048889, 0.1468563824892044, 7.989818572998047
1262475, 42, 0.6811168789863586, 0.16623982787132263, 8.988496780395508
1262475, 42, 0.7593362331390381, 0.1855820119380951, 9.9871826171875
1262475, 42, 0.8373050093650818, 0.2050434648990631, 10.985847473144531
1262475, 42, 0.9151022434234619, 0.224924698472023, 11.98447036743164
1262475, 42, 0.9945012927055359, 0.24574552476406097, 12.982995986938477
1262475, 42, 1.076993465423584, 0.26783236861228943, 13.981396675109863
1262475, 42, 1.1587557792663574, 0.2895297408103943, 14.979816436767578
1262475, 42, 1.2382230758666992, 0.31029680371284485, 15.978307723999023
1262475, 42, 1.3136310577392578, 0.3298271894454956, 16.97689437866211
1262475, 42, 1.3883363008499146, 0.3480916917324066, 17.9755859375
1262475, 42, 1.464782953262329, 0.366279661655426, 18.974328994750977
1262475, 42, 1.5407538414001465, 0.3846049904823303, 19.973051071166992
1262475, 42, 1.6214724779129028, 0.4050309956073761, 20.97148895263672
1262475, 42, 1.6993629932403564, 0.4251425266265869, 21.969968795776367
1262475, 42, 1.7735322713851929, 0.44400134682655334, 22.968582153320312
1262475, 42, 1.8440980911254883, 0.4616531729698181, 23.96731948852539
1262475, 42, 1.9204435348510742, 0.4807160496711731, 24.965946197509766
1262475, 42, 1.9905471801757812, 0.49758848547935486, 25.96484375
1262475, 42, 2.061058282852173, 0.5144684910774231, 26.96377182006836
1262475, 42, 2.127957582473755, 0.5306134819984436, 27.962770462036133
1262475, 42, 2.194847345352173, 0.54685378074646, 28.961742401123047
1262475, 42, 2.263739585876465, 0.5636608004570007, 29.960643768310547
5010602, 43, 0.08323045819997787, 0.02228420600295067, 0.9982136487960815
5010602, 43, 0.16742652654647827, 0.044755756855010986, 1.996480941772461
5010602, 43, 0.2491113841533661, 0.06598344445228577, 2.9948883056640625
5010602, 43, 0.3331878185272217, 0.08831121027469635, 3.993229389190674
5010602, 43, 0.41393476724624634, 0.10904993116855621, 4.991717338562012
5010602, 43, 0.5018513798713684, 0.13334603607654572, 5.989842414855957
5010602, 43, 0.5802234411239624, 0.15312913060188293, 6.988412857055664
5010602, 43, 0.657666802406311, 0.17262236773967743, 7.987011909484863
5010602, 43, 0.7350196242332458, 0.19226521253585815, 8.985616683959961
5010602, 43, 0.811238169670105, 0.21156196296215057, 9.98425579071045
5010602, 43, 0.8902327418327332, 0.2321910560131073, 10.982772827148438
5010602, 43, 0.9708717465400696, 0.25336819887161255, 11.981203079223633
5010602, 43, 1.048776626586914, 0.2730554938316345, 12.979761123657227
5010602, 43, 1.1248170137405396, 0.29165512323379517, 13.97840404510498
5010602, 43, 1.2004255056381226, 0.3100217878818512, 14.977025032043457
5010602, 43, 1.2788368463516235, 0.32966330647468567, 15.975476264953613
5010602, 43, 1.3618173599243164, 0.35105833411216736, 16.97367286682129
5010602, 43, 1.449721097946167, 0.37418749928474426, 17.971633911132812
5010602, 43, 1.5358753204345703, 0.3964000940322876, 18.9697208404541
5010602, 43, 1.622885823249817, 0.4188609719276428, 19.967798233032227
5010602, 43, 1.7044376134872437, 0.4390419125556946, 20.966175079345703
5010602, 43, 1.786468505859375, 0.45983368158340454, 21.964458465576172
5010602, 43, 1.8670600652694702, 0.48022332787513733, 22.962753295898438
5010602, 43, 1.944431185722351, 0.49942320585250854, 23.961193084716797
5010602, 43, 2.0202014446258545, 0.5182270407676697, 24.95973014831543
5010602, 43, 2.098287582397461, 0.5378884673118591, 25.95826530456543
5010602, 43, 2.1761748790740967, 0.5575981736183167, 26.956836700439453
5010602, 43, 2.252835512161255, 0.5770644545555115, 27.955469131469727
5010602, 43, 2.330181360244751, 0.5968453884124756, 28.954103469848633
5010602, 43, 2.4094204902648926, 0.6175037622451782, 29.952651977539062
4961513, 44, 0.0795200988650322, 0.020719779655337334, 0.9986093044281006
4961513, 44, 0.15769103169441223, 0.04074292257428169, 1.9973280429840088
4961513, 44, 0.23341453075408936, 0.05972093343734741, 2.996155261993408
4961513, 44, 0.3057260513305664, 0.07787878811359406, 3.9950270652770996
4961513, 44, 0.37717655301094055, 0.09567685425281525, 4.993972301483154
4961513, 44, 0.4458727538585663, 0.11322679370641708, 5.992842197418213
4961513, 44, 0.5134783983230591, 0.130425825715065, 6.991720199584961
4961513, 44, 0.5802358984947205, 0.1470816433429718, 7.990718364715576
4961513, 44, 0.6519280076026917, 0.1643388271331787, 8.989806175231934
4961513, 44, 0.7198449969291687, 0.1810227781534195, 9.988866806030273
4961513, 44, 0.7881326079368591, 0.1978565752506256, 10.987874984741211
4961513, 44, 0.861515462398529, 0.21591107547283173, 11.98682689666748
4961513, 44, 0.9332679510116577, 0.23397180438041687, 12.985699653625488
4961513, 44, 1.0071769952774048, 0.25256481766700745, 13.984504699707031
4961513, 44, 1.0853384733200073, 0.2727815806865692, 14.982931137084961
4961513, 44, 1.1676801443099976, 0.2943762540817261, 15.981215476989746
4961513, 44, 1.248784065246582, 0.3156227469444275, 16.979663848876953
4961513, 44, 1.327134370803833, 0.3370024561882019, 17.977825164794922
4961513, 44, 1.4124128818511963, 0.35999926924705505, 18.975955963134766
4961513, 44, 1.4979418516159058, 0.38310137391090393, 19.97417449951172
4961513, 44, 1.575048804283142, 0.40289589762687683, 20.97269058227539
4961513, 44, 1.6496009826660156, 0.4216465950012207, 21.9714298248291
4961513, 44, 1.721040964126587, 0.43957653641700745, 22.970245361328125
4961513, 44, 1.7917819023132324, 0.45739424228668213, 23.969173431396484
4961513, 44, 1.8607503175735474, 0.4748903810977936, 24.96809196472168
4961513, 44, 1.9302713871002197, 0.4926081597805023, 25.967021942138672
4961513, 44, 1.9999505281448364, 0.510337233543396, 26.96587371826172
4961513, 44, 2.069289207458496, 0.5279126763343811, 27.964643478393555
4961513, 44, 2.1381471157073975, 0.5451312065124512, 28.96356201171875
4961513, 44, 2.208771228790283, 0.5627519488334656, 29.962427139282227
5059948, 45, 0.07157794386148453, 0.019851524382829666, 0.9983354806900024
5059948, 45, 0.14206118881702423, 0.038763660937547684, 1.9968907833099365
5059948, 45, 0.21531802415847778, 0.057339806109666824, 2.9956119060516357
5059948, 45, 0.2836083173751831, 0.07509677112102509, 3.9943573474884033
5059948, 45, 0.3513246476650238, 0.09313647449016571, 4.992989540100098
5059948, 45, 0.4177711606025696, 0.11061833053827286, 5.991729736328125
5059948, 45, 0.48536431789398193, 0.1282811164855957, 6.990385055541992
5059948, 45, 0.5517423152923584, 0.14493897557258606, 7.9893622398376465
5059948, 45, 0.6281914114952087, 0.16306419670581818, 8.988262176513672
5059948, 45, 0.7011133432388306, 0.18037137389183044, 9.98719310760498
5059948, 45, 0.7702946066856384, 0.19730670750141144, 10.98611831665039
5059948, 45, 0.8393216729164124, 0.21493445336818695, 11.984851837158203
5059948, 45, 0.9103228449821472, 0.23339992761611938, 12.983415603637695
5059948, 45, 0.9822881817817688, 0.25209811329841614, 13.981953620910645
5059948, 45, 1.0584282875061035, 0.27217307686805725, 14.980228424072266
5059948, 45, 1.1360324621200562, 0.2925195097923279, 15.978477478027344
5059948, 45, 1.2140305042266846, 0.3130548596382141, 16.976716995239258
5059948, 45, 1.2964363098144531, 0.334916353225708, 17.975017547607422
5059948, 45, 1.376657247543335, 0.3557650148868561, 18.973352432250977
5059948, 45, 1.4546085596084595, 0.3765440583229065, 19.971466064453125
5059948, 45, 1.533705711364746, 0.39655861258506775, 20.969863891601562
5059948, 45, 1.6096327304840088, 0.4159410297870636, 21.968307495117188
5059948, 45, 1.6807281970977783, 0.4344038963317871, 22.966896057128906
5059948, 45, 1.7527594566345215, 0.4537668526172638, 23.965181350708008
5059948, 45, 1.82334566116333, 0.47147488594055176, 24.96396827697754
5059948, 45, 1.891782283782959, 0.48911458253860474, 25.962594985961914
5059948, 45, 1.9605059623718262, 0.5068593621253967, 26.961225509643555
5059948, 45, 2.028604745864868, 0.5239599943161011, 27.960081100463867
5059948, 45, 2.0973711013793945, 0.5412914752960205, 28.958864212036133
5059948, 45, 2.1666383743286133, 0.5588160157203674, 29.957632064819336
4855738, 46, 0.08326989412307739, 0.021098531782627106, 0.9986070394515991
4855738, 46, 0.16766449809074402, 0.042338691651821136, 1.9972403049468994
4855738, 46, 0.24403123557567596, 0.0612185113132, 2.9960906505584717
4855738, 46, 0.31760653853416443, 0.07930965721607208, 3.99499773979187
4855738, 46, 0.3900690972805023, 0.09682513773441315, 4.993953227996826
4855738, 46, 0.4658491611480713, 0.11496180295944214, 5.992889404296875
4855738, 46, 0.541598916053772, 0.13310527801513672, 6.991842269897461
4855738, 46, 0.6188997626304626, 0.15172165632247925, 7.990766525268555
4855738, 46, 0.6953200101852417, 0.170134037733078, 8.989696502685547
4855738, 46, 0.7710721492767334, 0.18847662210464478, 9.988622665405273
4855738, 46, 0.8471248745918274, 0.20696868002414703, 10.98751163482666
4855738, 46, 0.925618052482605, 0.22626367211341858, 11.986310005187988
4855738, 46, 1.0011478662490845, 0.24461297690868378, 12.985175132751465
4855738, 46, 1.081040382385254, 0.26471322774887085, 13.983868598937988
4855738, 46, 1.1620748043060303, 0.285457581281662, 14.982523918151855
4855738, 46, 1.2424851655960083, 0.3061310052871704, 15.98110580444336
4855738, 46, 1.3276774883270264, 0.32902029156684875, 16.979412078857422
4855738, 46, 1.4112493991851807, 0.3501962423324585, 17.977806091308594
4855738, 46, 1.4958326816558838, 0.3713721036911011, 18.976240158081055
4855738, 46, 1.5844517946243286, 0.3946692645549774, 19.974477767944336
4855738, 46, 1.6651432514190674, 0.4146285355091095, 20.973054885864258
4855738, 46, 1.7486023902893066, 0.436854749917984, 21.971576690673828
4855738, 46, 1.827085256576538, 0.4564834237098694, 22.97034454345703
4855738, 46, 1.9114835262298584, 0.47867122292518616, 23.968852996826172
4855738, 46, 1.997875690460205, 0.5017182230949402, 24.967256546020508
4855738, 46, 2.0819203853607178, 0.523730993270874, 25.965784072875977
4855738, 46, 2.1602518558502197, 0.5434629917144775, 26.96457290649414
4855738, 46, 2.2400195598602295, 0.5637245774269104, 27.963335037231445
4855738, 46, 2.3209517002105713, 0.5844609141349792, 28.9620361328125
4855738, 46, 2.40006160736084, 0.6045502424240112, 29.960773468017578
