Case_ID, Slide_ID, mae, mse, ssim
5266205, 1, 0.0746045857667923, 0.012362338602542877, 0.9987338185310364
5266205, 1, 0.1507234275341034, 0.02562873251736164, 1.9974368810653687
5266205, 1, 0.31659334897994995, 0.1171531155705452, 2.9926791191101074
5266205, 1, 0.3880181610584259, 0.128710076212883, 3.99168062210083
5266205, 1, 0.5692638754844666, 0.23161587119102478, 4.9841790199279785
5266205, 1, 0.756135880947113, 0.339142382144928, 5.976199626922607
5266205, 1, 0.821806013584137, 0.3476486802101135, 6.975342750549316
5266205, 1, 1.0009536743164062, 0.44892749190330505, 7.968311786651611
5266205, 1, 1.0645025968551636, 0.45659640431404114, 8.967514038085938
5266205, 1, 1.129879117012024, 0.46477338671684265, 9.966622352600098
5266205, 1, 1.302117109298706, 0.5605974793434143, 10.960480690002441
5266205, 1, 1.4703532457351685, 0.6524613499641418, 11.95540714263916
5266205, 1, 1.6386009454727173, 0.7443134784698486, 12.9504976272583
5266205, 1, 1.7219592332839966, 0.7616168856620789, 13.948744773864746
5266205, 1, 1.896130084991455, 0.8574934005737305, 14.942888259887695
5266205, 1, 2.0688371658325195, 0.9539676308631897, 15.93736743927002
5266205, 1, 2.238050937652588, 1.048012137413025, 16.93186378479004
5266205, 1, 2.32236647605896, 1.0651614665985107, 17.9300594329834
5266205, 1, 2.4032232761383057, 1.0800886154174805, 18.92849349975586
5266205, 1, 2.572714328765869, 1.1727559566497803, 19.923439025878906
5266205, 1, 2.661031723022461, 1.1908881664276123, 20.921964645385742
5266205, 1, 2.787187337875366, 1.2405439615249634, 21.918909072875977
5266205, 1, 2.957609176635742, 1.3338043689727783, 22.913372039794922
5266205, 1, 3.0324954986572266, 1.3475173711776733, 23.912084579467773
5266205, 1, 3.196255683898926, 1.4357205629348755, 24.907133102416992
5266205, 1, 3.3575496673583984, 1.5227361917495728, 25.902311325073242
5266205, 1, 3.551212787628174, 1.636976957321167, 26.89283561706543
5266205, 1, 3.6129674911499023, 1.6453779935836792, 27.89213752746582
5266205, 1, 3.788102388381958, 1.7426211833953857, 28.885896682739258
5266205, 1, 3.910646915435791, 1.795310616493225, 29.883249282836914
5110047, 2, 0.16870251297950745, 0.0952979028224945, 0.994724452495575
5110047, 2, 0.33788052201271057, 0.19073644280433655, 1.989659309387207
5110047, 2, 0.5052294135093689, 0.28393977880477905, 2.9845476150512695
5110047, 2, 0.6684912443161011, 0.37464189529418945, 3.979318141937256
5110047, 2, 0.8338797688484192, 0.46567654609680176, 4.974611282348633
5110047, 2, 0.9061225652694702, 0.478080153465271, 5.9735283851623535
5110047, 2, 1.0677335262298584, 0.5666948556900024, 6.968481540679932
5110047, 2, 1.2363871335983276, 0.66115403175354, 7.962615013122559
5110047, 2, 1.4087494611740112, 0.7571948170661926, 8.956948280334473
5110047, 2, 1.5690357685089111, 0.8455299139022827, 9.952375411987305
5110047, 2, 1.7290574312210083, 0.9330652356147766, 10.947874069213867
5110047, 2, 1.8033840656280518, 0.9466466307640076, 11.94660472869873
5110047, 2, 1.9626705646514893, 1.033774733543396, 12.941817283630371
5110047, 2, 2.1313555240631104, 1.1269636154174805, 13.936817169189453
5110047, 2, 2.287383556365967, 1.2081295251846313, 14.93252944946289
5110047, 2, 2.464939832687378, 1.3086416721343994, 15.926308631896973
5110047, 2, 2.645066738128662, 1.4117807149887085, 16.92042350769043
5110047, 2, 2.8276588916778564, 1.5169228315353394, 17.913127899169922
5110047, 2, 2.9056453704833984, 1.530946135520935, 18.9116153717041
5110047, 2, 3.076803207397461, 1.6281943321228027, 19.906021118164062
5110047, 2, 3.2518157958984375, 1.727562665939331, 20.899715423583984
5110047, 2, 3.4369778633117676, 1.8334494829177856, 21.89315414428711
5110047, 2, 3.6106109619140625, 1.929586410522461, 22.887235641479492
5110047, 2, 3.777056932449341, 2.0209615230560303, 23.882158279418945
5110047, 2, 3.9523234367370605, 2.118950366973877, 24.876495361328125
5110047, 2, 4.12352180480957, 2.2137410640716553, 25.87093734741211
5110047, 2, 4.292675495147705, 2.308243751525879, 26.865873336791992
5110047, 2, 4.463383197784424, 2.4033355712890625, 27.860593795776367
5110047, 2, 4.544990539550781, 2.4211061000823975, 28.858928680419922
5110047, 2, 4.684054374694824, 2.4878904819488525, 29.85541534423828
4954663, 3, 0.17959728837013245, 0.10294704139232635, 0.9931396245956421
4954663, 3, 0.35989779233932495, 0.20617474615573883, 1.9862557649612427
4954663, 3, 0.5317521095275879, 0.30155128240585327, 2.9807209968566895
4954663, 3, 0.708415687084198, 0.4014478027820587, 3.974336624145508
4954663, 3, 0.8828878402709961, 0.5005716681480408, 4.9686479568481445
4954663, 3, 1.0565359592437744, 0.5977935791015625, 5.963074684143066
4954663, 3, 1.1267000436782837, 0.6100900173187256, 6.962034702301025
4954663, 3, 1.1934196949005127, 0.6204021573066711, 7.961193561553955
4954663, 3, 1.2607396841049194, 0.6298925876617432, 8.960410118103027
4954663, 3, 1.43275785446167, 0.7259261608123779, 9.954374313354492
4954663, 3, 1.500206470489502, 0.7374000549316406, 10.953445434570312
4954663, 3, 1.5777125358581543, 0.7517794966697693, 11.952467918395996
4954663, 3, 1.7448241710662842, 0.8435966968536377, 12.947097778320312
4954663, 3, 1.8120001554489136, 0.853239119052887, 13.946344375610352
4954663, 3, 1.9874866008758545, 0.9516453742980957, 14.940162658691406
4954663, 3, 2.1644535064697266, 1.051814317703247, 15.933731079101562
4954663, 3, 2.335599422454834, 1.1476083993911743, 16.92752456665039
4954663, 3, 2.5057506561279297, 1.243929147720337, 17.921642303466797
4954663, 3, 2.6707937717437744, 1.3374918699264526, 18.916282653808594
4954663, 3, 2.7622976303100586, 1.357654094696045, 19.914691925048828
4954663, 3, 2.851743459701538, 1.375788688659668, 20.913225173950195
4954663, 3, 3.029306411743164, 1.4761346578598022, 21.90673828125
4954663, 3, 3.1143689155578613, 1.493073582649231, 22.905515670776367
4954663, 3, 3.280890703201294, 1.5849459171295166, 23.900388717651367
4954663, 3, 3.4564993381500244, 1.6825922727584839, 24.894363403320312
4954663, 3, 3.625074625015259, 1.776096224784851, 25.888994216918945
4954663, 3, 3.786555051803589, 1.8637161254882812, 26.883678436279297
4954663, 3, 3.9613959789276123, 1.9618245363235474, 27.877561569213867
4954663, 3, 4.141669273376465, 2.0637331008911133, 28.87063980102539
4954663, 3, 4.318253993988037, 2.1620278358459473, 29.865036010742188
4899760, 4, 0.07104334235191345, 0.011026451364159584, 0.9987099170684814
4899760, 4, 0.14259827136993408, 0.02339332178235054, 1.997523546218872
4899760, 4, 0.21153146028518677, 0.03463788703083992, 2.9964542388916016
4899760, 4, 0.38587185740470886, 0.13190330564975739, 3.9907050132751465
4899760, 4, 0.5589431524276733, 0.22792479395866394, 4.984926223754883
4899760, 4, 0.7313392162322998, 0.32253608107566833, 5.9794182777404785
4899760, 4, 0.9067818522453308, 0.4196929335594177, 6.973462104797363
4899760, 4, 1.080565094947815, 0.515954315662384, 7.967981338500977
4899760, 4, 1.252364993095398, 0.6103484630584717, 8.96256160736084
4899760, 4, 1.4246020317077637, 0.7051177620887756, 9.956571578979492
4899760, 4, 1.5973405838012695, 0.7999054789543152, 10.95064640045166
4899760, 4, 1.771399736404419, 0.8962023854255676, 11.944470405578613
4899760, 4, 1.945300817489624, 0.9925901889801025, 12.938813209533691
4899760, 4, 2.130821943283081, 1.0979247093200684, 13.931722640991211
4899760, 4, 2.3190786838531494, 1.2052644491195679, 14.924424171447754
4899760, 4, 2.505357027053833, 1.3123576641082764, 15.917250633239746
4899760, 4, 2.6775031089782715, 1.409051537513733, 16.911100387573242
4899760, 4, 2.853398084640503, 1.5095493793487549, 17.90451431274414
4899760, 4, 2.9327635765075684, 1.5239458084106445, 18.903223037719727
4899760, 4, 3.1103384494781494, 1.62388014793396, 19.89708709716797
4899760, 4, 3.2906463146209717, 1.7244030237197876, 20.891033172607422
4899760, 4, 3.466435194015503, 1.8211283683776855, 21.88509178161621
4899760, 4, 3.531294107437134, 1.8307713270187378, 22.884294509887695
4899760, 4, 3.6002535820007324, 1.8418989181518555, 23.883304595947266
4899760, 4, 3.7689571380615234, 1.9337944984436035, 24.878368377685547
4899760, 4, 3.9399943351745605, 2.027499198913574, 25.8729190826416
4899760, 4, 4.111556529998779, 2.121713638305664, 26.867618560791016
4899760, 4, 4.278897762298584, 2.2132320404052734, 27.86189842224121
4899760, 4, 4.340902328491211, 2.2215576171875, 28.86111831665039
4899760, 4, 4.4109649658203125, 2.232435941696167, 29.860111236572266
5262914_2, 5, 0.20704886317253113, 0.12810085713863373, 0.9885794520378113
5262914_2, 5, 0.3869333863258362, 0.23181936144828796, 1.981713056564331
5262914_2, 5, 0.46382567286491394, 0.24648216366767883, 2.980191469192505
5262914_2, 5, 0.6689200401306152, 0.3718658685684204, 3.9690277576446533
5262914_2, 5, 0.8734177350997925, 0.4967605769634247, 4.958385944366455
5262914_2, 5, 1.0804436206817627, 0.6240673065185547, 5.947003364562988
5262914_2, 5, 1.2855993509292603, 0.7500393390655518, 6.935535430908203
5262914_2, 5, 1.4620387554168701, 0.8498939871788025, 7.928920745849609
5262914_2, 5, 1.642929196357727, 0.9527865052223206, 8.922403335571289
5262914_2, 5, 1.712981104850769, 0.964464008808136, 9.921460151672363
5262914_2, 5, 1.7837172746658325, 0.9742134213447571, 10.92046070098877
5262914_2, 5, 1.8548243045806885, 0.9845618605613708, 11.919535636901855
5262914_2, 5, 1.9363608360290527, 0.9991902112960815, 12.918296813964844
5262914_2, 5, 2.103032350540161, 1.0928549766540527, 13.913230895996094
5262914_2, 5, 2.2738142013549805, 1.189443588256836, 14.907355308532715
5262914_2, 5, 2.362358808517456, 1.2075574398040771, 15.905805587768555
5262914_2, 5, 2.5445003509521484, 1.3140032291412354, 16.89931297302246
5262914_2, 5, 2.7189223766326904, 1.4143733978271484, 17.893447875976562
5262914_2, 5, 2.9010558128356934, 1.520836591720581, 18.885547637939453
5262914_2, 5, 3.07631254196167, 1.6220824718475342, 19.87845802307129
5262914_2, 5, 3.2504429817199707, 1.7223541736602783, 20.87214469909668
5262914_2, 5, 3.33321475982666, 1.7380146980285645, 21.870819091796875
5262914_2, 5, 3.504931926727295, 1.8348606824874878, 22.864988327026367
5262914_2, 5, 3.690598249435425, 1.9420522451400757, 23.857789993286133
5262914_2, 5, 3.8677053451538086, 2.042102813720703, 24.851072311401367
5262914_2, 5, 3.938505172729492, 2.054218292236328, 25.850004196166992
5262914_2, 5, 4.012028694152832, 2.0675394535064697, 26.848852157592773
5262914_2, 5, 4.181519985198975, 2.1622631549835205, 27.843029022216797
5262914_2, 5, 4.356124401092529, 2.26161527633667, 28.836881637573242
5262914_2, 5, 4.52475643157959, 2.3571574687957764, 29.83100128173828
5216902, 6, 0.1684536635875702, 0.0932643786072731, 0.9943988919258118
5216902, 6, 0.23799286782741547, 0.10547326505184174, 1.993173360824585
5216902, 6, 0.4033917188644409, 0.19632616639137268, 2.988063335418701
5216902, 6, 0.4709632992744446, 0.20761682093143463, 3.9869890213012695
5216902, 6, 0.6425966024398804, 0.3034263849258423, 4.98155403137207
5216902, 6, 0.8079401850700378, 0.39315059781074524, 5.97645378112793
5216902, 6, 0.872103214263916, 0.403349906206131, 6.975550174713135
5216902, 6, 1.040355920791626, 0.49614831805229187, 7.970721244812012
5216902, 6, 1.2085809707641602, 0.5877211093902588, 8.965964317321777
5216902, 6, 1.3744099140167236, 0.6781067848205566, 9.960979461669922
5216902, 6, 1.5443204641342163, 0.771166205406189, 10.9556884765625
5216902, 6, 1.609541416168213, 0.7823405861854553, 11.954699516296387
5216902, 6, 1.7792361974716187, 0.8741514682769775, 12.949599266052246
5216902, 6, 1.853403925895691, 0.888643205165863, 13.948407173156738
5216902, 6, 2.0249619483947754, 0.9830719232559204, 14.943257331848145
5216902, 6, 2.201667547225952, 1.0807936191558838, 15.937472343444824
5216902, 6, 2.2734694480895996, 1.0936863422393799, 16.93633460998535
5216902, 6, 2.3478550910949707, 1.106451153755188, 17.93514633178711
5216902, 6, 2.523247480392456, 1.2064435482025146, 18.928190231323242
5216902, 6, 2.6122918128967285, 1.2258349657058716, 19.926008224487305
5216902, 6, 2.783137321472168, 1.3218441009521484, 20.920339584350586
5216902, 6, 2.855041265487671, 1.333183765411377, 21.91932487487793
5216902, 6, 3.034867525100708, 1.4342913627624512, 22.913331985473633
5216902, 6, 3.105675220489502, 1.4466748237609863, 23.912317276000977
5216902, 6, 3.277167797088623, 1.5403227806091309, 24.907062530517578
5216902, 6, 3.443356513977051, 1.6310535669326782, 25.901630401611328
5216902, 6, 3.612867832183838, 1.723979115486145, 26.896381378173828
5216902, 6, 3.7788729667663574, 1.8141344785690308, 27.89156150817871
5216902, 6, 3.9490742683410645, 1.9071714878082275, 28.886638641357422
5216902, 6, 4.118212699890137, 1.9998518228530884, 29.881175994873047
5032506, 7, 0.0871015265583992, 0.018219634890556335, 0.9979890584945679
5032506, 7, 0.24910792708396912, 0.10772485285997391, 1.9931659698486328
5032506, 7, 0.41545015573501587, 0.19890090823173523, 2.988034963607788
5032506, 7, 0.5771710276603699, 0.2879209518432617, 3.9835281372070312
5032506, 7, 0.7363777756690979, 0.3743329644203186, 4.979085922241211
5032506, 7, 0.8044368028640747, 0.38504400849342346, 5.97822380065918
5032506, 7, 0.962920069694519, 0.4697233736515045, 6.973663806915283
5032506, 7, 1.0364322662353516, 0.48191508650779724, 7.972452163696289
5032506, 7, 1.1922606229782104, 0.5652098655700684, 8.968525886535645
5032506, 7, 1.3476170301437378, 0.6478644609451294, 9.964669227600098
5032506, 7, 1.505129337310791, 0.7322165966033936, 10.960748672485352
5032506, 7, 1.662899374961853, 0.8175252676010132, 11.956718444824219
5032506, 7, 1.826255440711975, 0.9067131280899048, 12.952524185180664
5032506, 7, 1.9007489681243896, 0.9202187657356262, 13.951180458068848
5032506, 7, 2.0642380714416504, 1.007246971130371, 14.946968078613281
5032506, 7, 2.2254691123962402, 1.0937801599502563, 15.942485809326172
5032506, 7, 2.3888015747070312, 1.1817976236343384, 16.93757438659668
5032506, 7, 2.5511386394500732, 1.2704144716262817, 17.93311309814453
5032506, 7, 2.7126286029815674, 1.3587019443511963, 18.92835235595703
5032506, 7, 2.7927639484405518, 1.3748520612716675, 19.926572799682617
5032506, 7, 2.960206985473633, 1.4661386013031006, 20.92190170288086
5032506, 7, 3.128800630569458, 1.557768702507019, 21.917268753051758
5032506, 7, 3.2956702709198, 1.6489295959472656, 22.912900924682617
5032506, 7, 3.46189284324646, 1.7381700277328491, 23.908689498901367
5032506, 7, 3.6233153343200684, 1.8247125148773193, 24.904640197753906
5032506, 7, 3.7860429286956787, 1.912528395652771, 25.9005069732666
5032506, 7, 3.9415700435638428, 1.9961752891540527, 26.89657974243164
5032506, 7, 4.101224899291992, 2.0829031467437744, 27.892358779907227
5032506, 7, 4.263298988342285, 2.169703722000122, 28.888261795043945
5032506, 7, 4.420997619628906, 2.25508975982666, 29.884014129638672
4862367, 8, 0.17742781341075897, 0.10241985321044922, 0.9931217432022095
4862367, 8, 0.34975332021713257, 0.20073947310447693, 1.9877490997314453
4862367, 8, 0.5205767750740051, 0.2965589463710785, 2.98218035697937
4862367, 8, 0.69302898645401, 0.3937242031097412, 3.976055145263672
4862367, 8, 0.8622226715087891, 0.48894572257995605, 4.970675468444824
4862367, 8, 0.9311174750328064, 0.4997299313545227, 5.96977424621582
4862367, 8, 1.1068120002746582, 0.5981959104537964, 6.963575839996338
4862367, 8, 1.2698214054107666, 0.6884384751319885, 7.959057807922363
4862367, 8, 1.431787371635437, 0.7774590849876404, 8.9541015625
4862367, 8, 1.6021831035614014, 0.8716999888420105, 9.948040008544922
4862367, 8, 1.669028401374817, 0.8817934393882751, 10.947281837463379
4862367, 8, 1.8350579738616943, 0.9737687110900879, 11.942562103271484
4862367, 8, 1.9964309930801392, 1.062089443206787, 12.937867164611816
4862367, 8, 2.0612363815307617, 1.0709621906280518, 13.93720531463623
4862367, 8, 2.2313971519470215, 1.1652779579162598, 14.931987762451172
4862367, 8, 2.404913902282715, 1.2639410495758057, 15.925724983215332
4862367, 8, 2.5848727226257324, 1.3668490648269653, 16.9195556640625
4862367, 8, 2.7422773838043213, 1.4503357410430908, 17.91461181640625
4862367, 8, 2.817795753479004, 1.4630333185195923, 18.913362503051758
4862367, 8, 2.9901692867279053, 1.5612221956253052, 19.90728759765625
4862367, 8, 3.1645233631134033, 1.6601059436798096, 20.90128517150879
4862367, 8, 3.33410382270813, 1.7542866468429565, 21.895559310913086
4862367, 8, 3.4007389545440674, 1.7639374732971191, 22.89484214782715
4862367, 8, 3.5635437965393066, 1.8534307479858398, 23.889965057373047
4862367, 8, 3.727602958679199, 1.9435268640518188, 24.884571075439453
4862367, 8, 3.887505531311035, 2.031350612640381, 25.880205154418945
4862367, 8, 4.026220798492432, 2.0987067222595215, 26.876863479614258
4862367, 8, 4.194080352783203, 2.1911203861236572, 27.871665954589844
4862367, 8, 4.360870838165283, 2.2827401161193848, 28.86667251586914
4862367, 8, 4.5338134765625, 2.3784570693969727, 29.861248016357422
1144246, 9, 0.07386250048875809, 0.013087662868201733, 0.9985471963882446
1144246, 9, 0.246082603931427, 0.10641208291053772, 1.993218183517456
1144246, 9, 0.4179040193557739, 0.20110711455345154, 2.9883663654327393
1144246, 9, 0.5053147077560425, 0.21945711970329285, 3.98618483543396
1144246, 9, 0.6742641925811768, 0.3098960518836975, 4.981395721435547
1144246, 9, 0.8535329103469849, 0.4069035053253174, 5.975584983825684
1144246, 9, 1.0372498035430908, 0.5071738958358765, 6.969278335571289
1144246, 9, 1.2168684005737305, 0.6047548651695251, 7.962664604187012
1144246, 9, 1.3956559896469116, 0.7017923593521118, 8.956637382507324
1144246, 9, 1.575880765914917, 0.7993758916854858, 9.950418472290039
1144246, 9, 1.7574806213378906, 0.8977219462394714, 10.943830490112305
1144246, 9, 1.8220385313034058, 0.9068783521652222, 11.942835807800293
1144246, 9, 1.887959361076355, 0.9164980053901672, 12.941758155822754
1144246, 9, 2.0722947120666504, 1.0174959897994995, 13.934980392456055
1144246, 9, 2.2608461380004883, 1.1206413507461548, 14.927790641784668
1144246, 9, 2.4489941596984863, 1.223829984664917, 15.920869827270508
1144246, 9, 2.586038589477539, 1.2802706956863403, 16.917131423950195
1144246, 9, 2.6506969928741455, 1.28927481174469, 17.916162490844727
1144246, 9, 2.7192416191101074, 1.299426794052124, 18.915050506591797
1144246, 9, 2.893378257751465, 1.3925975561141968, 19.910079956054688
1144246, 9, 3.065765857696533, 1.4826292991638184, 20.905057907104492
1144246, 9, 3.241651773452759, 1.5756224393844604, 21.899688720703125
1144246, 9, 3.3235902786254883, 1.5912904739379883, 22.89777374267578
1144246, 9, 3.5092992782592773, 1.6919331550598145, 23.89158058166504
1144246, 9, 3.691807746887207, 1.7900029420852661, 24.88535499572754
1144246, 9, 3.8718717098236084, 1.8869049549102783, 25.879562377929688
1144246, 9, 3.9401097297668457, 1.8972493410110474, 26.878469467163086
1144246, 9, 4.125607490539551, 1.9973719120025635, 27.87198829650879
1144246, 9, 4.305619239807129, 2.0936357975006104, 28.865882873535156
1144246, 9, 4.378149509429932, 2.1060738563537598, 29.864599227905273
4841237, 10, 0.07372847944498062, 0.013354720547795296, 0.9986041188240051
4841237, 10, 0.25002822279930115, 0.11224916577339172, 1.9921844005584717
4841237, 10, 0.3256377577781677, 0.1243535578250885, 2.990748405456543
4841237, 10, 0.39370521903038025, 0.13374443352222443, 3.989619016647339
4841237, 10, 0.5582908391952515, 0.22374886274337769, 4.984199047088623
4841237, 10, 0.7305671572685242, 0.32027286291122437, 5.978087425231934
4841237, 10, 0.7964359521865845, 0.3305004835128784, 6.9771647453308105
4841237, 10, 0.9645317196846008, 0.42285650968551636, 7.972019672393799
4841237, 10, 1.030899167060852, 0.43367376923561096, 8.971059799194336
4841237, 10, 1.198816180229187, 0.5247188210487366, 9.9658784866333
4841237, 10, 1.2676150798797607, 0.5363370776176453, 10.96485710144043
4841237, 10, 1.3371047973632812, 0.5483821034431458, 11.963720321655273
4841237, 10, 1.4035546779632568, 0.5590134859085083, 12.962725639343262
4841237, 10, 1.5832639932632446, 0.6574428677558899, 13.956399917602539
4841237, 10, 1.7557531595230103, 0.751207172870636, 14.951095581054688
4841237, 10, 1.8330283164978027, 0.765349268913269, 15.949722290039062
4841237, 10, 2.0045154094696045, 0.8586015701293945, 16.944360733032227
4841237, 10, 2.1747703552246094, 0.9502277374267578, 17.93905258178711
4841237, 10, 2.2564504146575928, 0.9668443202972412, 18.93726348876953
4841237, 10, 2.43147873878479, 1.0633493661880493, 19.93155860900879
4841237, 10, 2.607118844985962, 1.1604362726211548, 20.926158905029297
4841237, 10, 2.7813305854797363, 1.2557801008224487, 21.920551300048828
4841237, 10, 2.946737289428711, 1.3451215028762817, 22.9156551361084
4841237, 10, 3.112043619155884, 1.4338847398757935, 23.910892486572266
4841237, 10, 3.2753145694732666, 1.5221929550170898, 24.906076431274414
4841237, 10, 3.4409244060516357, 1.6116012334823608, 25.901168823242188
4841237, 10, 3.619171142578125, 1.7100142240524292, 26.895200729370117
4841237, 10, 3.7848072052001953, 1.799684762954712, 27.890443801879883
4841237, 10, 3.949291944503784, 1.8887865543365479, 28.88580894470215
4841237, 10, 4.116336822509766, 1.980850100517273, 29.88116455078125
4151265, 11, 0.15700891613960266, 0.08684872090816498, 0.9954649806022644
4151265, 11, 0.3163960576057434, 0.1746799647808075, 1.991180181503296
4151265, 11, 0.47647005319595337, 0.2642974555492401, 2.9870896339416504
4151265, 11, 0.6272505521774292, 0.3468548655509949, 3.9833531379699707
4151265, 11, 0.7884525656700134, 0.4345804750919342, 4.979124069213867
4151265, 11, 0.9378846883773804, 0.5137783288955688, 5.975306510925293
4151265, 11, 1.0121856927871704, 0.5250594615936279, 6.974135398864746
4151265, 11, 1.1666855812072754, 0.6092187762260437, 7.970339775085449
4151265, 11, 1.2448177337646484, 0.6219335198402405, 8.96895694732666
4151265, 11, 1.400072455406189, 0.7047287821769714, 9.964999198913574
4151265, 11, 1.5567669868469238, 0.7886826395988464, 10.961134910583496
4151265, 11, 1.7062538862228394, 0.8677900433540344, 11.957413673400879
4151265, 11, 1.8662199974060059, 0.9534904956817627, 12.953436851501465
4151265, 11, 2.0234735012054443, 1.0368051528930664, 13.949041366577148
4151265, 11, 2.1900811195373535, 1.126668095588684, 14.944815635681152
4151265, 11, 2.351097583770752, 1.2128857374191284, 15.940210342407227
4151265, 11, 2.4473929405212402, 1.239255666732788, 16.938575744628906
4151265, 11, 2.6146206855773926, 1.3313360214233398, 17.933839797973633
4151265, 11, 2.7769083976745605, 1.4205529689788818, 18.928726196289062
4151265, 11, 2.9417805671691895, 1.5108857154846191, 19.92365264892578
4151265, 11, 3.1043288707733154, 1.5992542505264282, 20.918781280517578
4151265, 11, 3.27003812789917, 1.6893551349639893, 21.914094924926758
4151265, 11, 3.4333317279815674, 1.7765860557556152, 22.90985679626465
4151265, 11, 3.4995200634002686, 1.7857983112335205, 23.909000396728516
4151265, 11, 3.6565961837768555, 1.8690752983093262, 24.904403686523438
4151265, 11, 3.82122540473938, 1.956676721572876, 25.900245666503906
4151265, 11, 3.980490207672119, 2.042665719985962, 26.89626693725586
4151265, 11, 4.138212203979492, 2.1277289390563965, 27.892126083374023
4151265, 11, 4.304681301116943, 2.2178378105163574, 28.887447357177734
4151265, 11, 4.463074207305908, 2.3036632537841797, 29.88300132751465
4741590, 12, 0.07167106121778488, 0.011028844863176346, 0.998807966709137
4741590, 12, 0.24522581696510315, 0.10891687870025635, 1.9921908378601074
4741590, 12, 0.43073487281799316, 0.21617916226387024, 2.984647035598755
4741590, 12, 0.6134085059165955, 0.32071882486343384, 3.9772047996520996
4741590, 12, 0.7995126843452454, 0.4273560643196106, 4.96990966796875
4741590, 12, 0.865440309047699, 0.43632054328918457, 5.969027042388916
4741590, 12, 1.0425620079040527, 0.5363448858261108, 6.962566375732422
4741590, 12, 1.2362921237945557, 0.6507884860038757, 7.952983379364014
4741590, 12, 1.421557903289795, 0.7567760944366455, 8.945568084716797
4741590, 12, 1.618594765663147, 0.8749282360076904, 9.935663223266602
4741590, 12, 1.820733904838562, 0.9974380731582642, 10.924728393554688
4741590, 12, 2.0168113708496094, 1.114680528640747, 11.915276527404785
4741590, 12, 2.1687369346618652, 1.1883851289749146, 12.910030364990234
4741590, 12, 2.256002902984619, 1.2044332027435303, 13.907990455627441
4741590, 12, 2.451667070388794, 1.3210036754608154, 14.898659706115723
4741590, 12, 2.6512765884399414, 1.4414727687835693, 15.888482093811035
4741590, 12, 2.837372303009033, 1.5495269298553467, 16.880615234375
4741590, 12, 3.041623592376709, 1.6746939420700073, 17.86943244934082
4741590, 12, 3.2310142517089844, 1.7846500873565674, 18.86181640625
4741590, 12, 3.4131033420562744, 1.8892303705215454, 19.854881286621094
4741590, 12, 3.6047842502593994, 2.0022048950195312, 20.846452713012695
4741590, 12, 3.7884397506713867, 2.1078736782073975, 21.838787078857422
4741590, 12, 3.9716172218322754, 2.2119927406311035, 22.831653594970703
4741590, 12, 4.153532981872559, 2.3146562576293945, 23.82448387145996
4741590, 12, 4.227634429931641, 2.3253180980682373, 24.823232650756836
4741590, 12, 4.419308185577393, 2.4370458126068115, 25.814592361450195
4741590, 12, 4.486547946929932, 2.448366403579712, 26.813793182373047
4741590, 12, 4.668422222137451, 2.551906108856201, 27.806419372558594
4741590, 12, 4.73342227935791, 2.560631513595581, 28.805618286132812
4741590, 12, 4.91434907913208, 2.664064645767212, 29.798704147338867
4669030, 13, 0.17193911969661713, 0.0978422462940216, 0.9945749640464783
4669030, 13, 0.3357189893722534, 0.18897199630737305, 1.989395022392273
4669030, 13, 0.5050610303878784, 0.28446266055107117, 2.9843006134033203
4669030, 13, 0.6734746694564819, 0.37781545519828796, 3.978970527648926
4669030, 13, 0.8413280248641968, 0.4703746736049652, 4.973653316497803
4669030, 13, 1.0172498226165771, 0.5687574148178101, 5.968045234680176
4669030, 13, 1.181148648262024, 0.6588441133499146, 6.962804794311523
4669030, 13, 1.3449009656906128, 0.7480776309967041, 7.957999229431152
4669030, 13, 1.5044974088668823, 0.8350738883018494, 8.953204154968262
4669030, 13, 1.664548635482788, 0.9223333597183228, 9.94879150390625
4669030, 13, 1.732330322265625, 0.9331264495849609, 10.947850227355957
4669030, 13, 1.8969210386276245, 1.024168610572815, 11.9432373046875
4669030, 13, 1.9693485498428345, 1.0368636846542358, 12.94200611114502
4669030, 13, 2.128896951675415, 1.1253046989440918, 13.937455177307129
4669030, 13, 2.2942328453063965, 1.2158814668655396, 14.932523727416992
4669030, 13, 2.460401773452759, 1.3085052967071533, 15.927451133728027
4669030, 13, 2.5393412113189697, 1.3233692646026611, 16.925981521606445
4669030, 13, 2.6162054538726807, 1.3365951776504517, 17.924671173095703
4669030, 13, 2.6961653232574463, 1.3515477180480957, 18.92315101623535
4669030, 13, 2.8612027168273926, 1.4430547952651978, 19.918109893798828
4669030, 13, 3.022191286087036, 1.5325069427490234, 20.913345336914062
4669030, 13, 3.191988229751587, 1.627053141593933, 21.907886505126953
4669030, 13, 3.3589835166931152, 1.7191311120986938, 22.90256118774414
4669030, 13, 3.524710178375244, 1.8105372190475464, 23.896821975708008
4669030, 13, 3.6932895183563232, 1.9049744606018066, 24.891454696655273
4669030, 13, 3.8577425479888916, 1.995632290840149, 25.886341094970703
4669030, 13, 4.0197672843933105, 2.0849366188049316, 26.88149642944336
4669030, 13, 4.086834907531738, 2.0955257415771484, 27.880563735961914
4669030, 13, 4.2585649490356445, 2.1904752254486084, 28.87493133544922
4669030, 13, 4.425238132476807, 2.282809257507324, 29.869752883911133
4876648, 14, 0.16487213969230652, 0.09284853935241699, 0.9947989583015442
4876648, 14, 0.33031517267227173, 0.18557588756084442, 1.9895431995391846
4876648, 14, 0.4992106556892395, 0.27969008684158325, 2.984092950820923
4876648, 14, 0.668142557144165, 0.3735613524913788, 3.9787092208862305
4876648, 14, 0.7435464262962341, 0.3864854872226715, 4.977627277374268
4876648, 14, 0.9166651368141174, 0.482281357049942, 5.972017288208008
4876648, 14, 1.075371503829956, 0.5682963132858276, 6.967461109161377
4876648, 14, 1.1414153575897217, 0.5779251456260681, 7.966681480407715
4876648, 14, 1.3057760000228882, 0.6682935953140259, 8.96150016784668
4876648, 14, 1.4772342443466187, 0.7651246190071106, 9.956119537353516
4876648, 14, 1.547756552696228, 0.7765937447547913, 10.955280303955078
4876648, 14, 1.7147505283355713, 0.8691526055335999, 11.950416564941406
4876648, 14, 1.795525074005127, 0.8848778605461121, 12.948981285095215
4876648, 14, 1.9611849784851074, 0.9769200086593628, 13.944127082824707
4876648, 14, 2.038278579711914, 0.99190753698349, 14.942827224731445
4876648, 14, 2.210466146469116, 1.089622974395752, 15.937484741210938
4876648, 14, 2.387929916381836, 1.1915366649627686, 16.93090057373047
4876648, 14, 2.5678317546844482, 1.2952909469604492, 17.924448013305664
4876648, 14, 2.732635736465454, 1.3879953622817993, 18.918895721435547
4876648, 14, 2.911735773086548, 1.4906818866729736, 19.912616729736328
4876648, 14, 3.084233283996582, 1.5852519273757935, 20.906089782714844
4876648, 14, 3.1577296257019043, 1.5971043109893799, 21.905141830444336
4876648, 14, 3.3307323455810547, 1.6932505369186401, 22.899763107299805
4876648, 14, 3.498795747756958, 1.7857517004013062, 23.89469337463379
4876648, 14, 3.6673460006713867, 1.8792818784713745, 24.88869285583496
4876648, 14, 3.831332206726074, 1.969412922859192, 25.88355827331543
4876648, 14, 3.935431957244873, 2.00290584564209, 26.881746292114258
4876648, 14, 4.1002678871154785, 2.094449281692505, 27.87684440612793
4876648, 14, 4.270466327667236, 2.1899254322052, 28.871469497680664
4876648, 14, 4.344366550445557, 2.2028400897979736, 29.870393753051758
4762480, 15, 0.18317344784736633, 0.10488243401050568, 0.9932658672332764
4762480, 15, 0.3620365262031555, 0.20637530088424683, 1.9870221614837646
4762480, 15, 0.4330797791481018, 0.21819734573364258, 2.985942840576172
4762480, 15, 0.6066243648529053, 0.31606146693229675, 3.9794931411743164
4762480, 15, 0.7817637920379639, 0.41535085439682007, 4.973036766052246
4762480, 15, 0.9570355415344238, 0.5142289996147156, 5.967151165008545
4762480, 15, 1.137902855873108, 0.6171342730522156, 6.9602885246276855
4762480, 15, 1.2066854238510132, 0.6280385851860046, 7.959362983703613
4762480, 15, 1.276386022567749, 0.6383852958679199, 8.958385467529297
4762480, 15, 1.45372474193573, 0.7384294271469116, 9.952377319335938
4762480, 15, 1.625211477279663, 0.8353579044342041, 10.946226119995117
4762480, 15, 1.798658847808838, 0.9335998296737671, 11.940221786499023
4762480, 15, 1.983964204788208, 1.0398021936416626, 12.933097839355469
4762480, 15, 2.1658761501312256, 1.1432998180389404, 13.926084518432617
4762480, 15, 2.3450818061828613, 1.2442142963409424, 14.91933822631836
4762480, 15, 2.5239226818084717, 1.3455978631973267, 15.9125337600708
4762480, 15, 2.7127819061279297, 1.4554778337478638, 16.90472984313965
4762480, 15, 2.8939669132232666, 1.559263825416565, 17.897523880004883
4762480, 15, 3.0839319229125977, 1.6710906028747559, 18.889070510864258
4762480, 15, 3.266679286956787, 1.7772817611694336, 19.881641387939453
4762480, 15, 3.3468177318573, 1.7911300659179688, 20.88034439086914
4762480, 15, 3.533895969390869, 1.8996435403823853, 21.872421264648438
4762480, 15, 3.7188727855682373, 2.0058670043945312, 22.864625930786133
4762480, 15, 3.8972573280334473, 2.108154058456421, 23.858007431030273
4762480, 15, 4.087070941925049, 2.2193398475646973, 24.84935760498047
4762480, 15, 4.159167289733887, 2.2308013439178467, 25.848346710205078
4762480, 15, 4.340379238128662, 2.3351967334747314, 26.840988159179688
4762480, 15, 4.523115158081055, 2.4407293796539307, 27.83367919921875
4762480, 15, 4.698907375335693, 2.539736747741699, 28.826879501342773
4762480, 15, 4.770537376403809, 2.551158905029297, 29.825822830200195
5050023, 16, 0.1756245642900467, 0.10037403553724289, 0.9933000206947327
5050023, 16, 0.35769736766815186, 0.2046002894639969, 1.9865264892578125
5050023, 16, 0.5233590602874756, 0.29483991861343384, 2.980762481689453
5050023, 16, 0.6978105306625366, 0.3938594460487366, 3.974331855773926
5050023, 16, 0.7664790749549866, 0.4054432213306427, 4.973119735717773
5050023, 16, 0.938330888748169, 0.5021744966506958, 5.966558456420898
5050023, 16, 1.1172564029693604, 0.6034427881240845, 6.959803581237793
5050023, 16, 1.2912980318069458, 0.7014076709747314, 7.953427791595459
5050023, 16, 1.4663187265396118, 0.7991738319396973, 8.947859764099121
5050023, 16, 1.5314463376998901, 0.8086995482444763, 9.946954727172852
5050023, 16, 1.7099250555038452, 0.9094793200492859, 10.940530776977539
5050023, 16, 1.8866679668426514, 1.0093189477920532, 11.934074401855469
5050023, 16, 1.967330813407898, 1.0254770517349243, 12.932762145996094
5050023, 16, 2.1376876831054688, 1.1211377382278442, 13.926480293273926
5050023, 16, 2.3128232955932617, 1.2192163467407227, 14.920053482055664
5050023, 16, 2.4850380420684814, 1.3161985874176025, 15.914172172546387
5050023, 16, 2.667116165161133, 1.4215142726898193, 16.906604766845703
5050023, 16, 2.8544247150421143, 1.5309600830078125, 17.899187088012695
5050023, 16, 2.928412675857544, 1.5434825420379639, 18.897937774658203
5050023, 16, 3.1054019927978516, 1.6448161602020264, 19.891145706176758
5050023, 16, 3.2876577377319336, 1.7503628730773926, 20.88416862487793
5050023, 16, 3.4713897705078125, 1.8575036525726318, 21.8761043548584
5050023, 16, 3.6501312255859375, 1.959527611732483, 22.869625091552734
5050023, 16, 3.832374334335327, 2.062631368637085, 23.8630313873291
5050023, 16, 4.006954669952393, 2.160964012145996, 24.85679817199707
5050023, 16, 4.187511920928955, 2.263888359069824, 25.850290298461914
5050023, 16, 4.369522571563721, 2.3673698902130127, 26.842918395996094
5050023, 16, 4.55010986328125, 2.4697482585906982, 27.83622169494629
5050023, 16, 4.73214054107666, 2.5724782943725586, 28.829727172851562
5050023, 16, 4.906550884246826, 2.670039415359497, 29.82412338256836
4794215, 17, 0.07486465573310852, 0.013589351437985897, 0.9987661242485046
4794215, 17, 0.25554683804512024, 0.11737943440675735, 1.992056131362915
4794215, 17, 0.3279983401298523, 0.1295432150363922, 2.9910247325897217
4794215, 17, 0.3994244337081909, 0.1413595974445343, 3.9900364875793457
4794215, 17, 0.4713723063468933, 0.15234103798866272, 4.989030838012695
4794215, 17, 0.6485370397567749, 0.25328338146209717, 5.982492923736572
4794215, 17, 0.7195148468017578, 0.2638929784297943, 6.981521129608154
4794215, 17, 0.9007278084754944, 0.36784952878952026, 7.974349021911621
4794215, 17, 1.0816564559936523, 0.47184544801712036, 8.96672248840332
4794215, 17, 1.253186583518982, 0.5690452456474304, 9.960596084594727
4794215, 17, 1.4279814958572388, 0.6682338714599609, 10.954206466674805
4794215, 17, 1.6037555932998657, 0.7668517827987671, 11.947956085205078
4794215, 17, 1.7809849977493286, 0.8674452304840088, 12.941346168518066
4794215, 17, 1.9548687934875488, 0.9664384722709656, 13.934513092041016
4794215, 17, 2.1337571144104004, 1.0693190097808838, 14.92763614654541
4794215, 17, 2.2109580039978027, 1.0832791328430176, 15.926348686218262
4794215, 17, 2.2931108474731445, 1.0982359647750854, 16.924909591674805
4794215, 17, 2.469109058380127, 1.201020359992981, 17.91807746887207
4794215, 17, 2.6419734954833984, 1.3020038604736328, 18.911521911621094
4794215, 17, 2.8192191123962402, 1.4047139883041382, 19.905006408691406
4794215, 17, 2.9960756301879883, 1.5070120096206665, 20.898775100708008
4794215, 17, 3.1742889881134033, 1.6087852716445923, 21.892030715942383
4794215, 17, 3.3498711585998535, 1.7086976766586304, 22.88595962524414
4794215, 17, 3.5200273990631104, 1.804362416267395, 23.880327224731445
4794215, 17, 3.6951181888580322, 1.9030187129974365, 24.874065399169922
4794215, 17, 3.874372720718384, 2.0043227672576904, 25.867603302001953
4794215, 17, 4.045412063598633, 2.0996289253234863, 26.86136817932129
4794215, 17, 4.210906028747559, 2.1916065216064453, 27.855926513671875
4794215, 17, 4.382134914398193, 2.28769850730896, 28.849946975708008
4794215, 17, 4.457446098327637, 2.3014955520629883, 29.849077224731445
5194805_2, 18, 0.18613004684448242, 0.10754550248384476, 0.9918617010116577
5194805_2, 18, 0.3765615224838257, 0.21888406574726105, 1.9834606647491455
5194805_2, 18, 0.4491610825061798, 0.22966250777244568, 2.982268810272217
5194805_2, 18, 0.5210887789726257, 0.24094748497009277, 3.981198787689209
5194805_2, 18, 0.7099877595901489, 0.3505287170410156, 4.973103046417236
5194805_2, 18, 0.8973948955535889, 0.4596623182296753, 5.965055465698242
5194805_2, 18, 0.9660254716873169, 0.4690438210964203, 6.964037895202637
5194805_2, 18, 1.0331928730010986, 0.4778658449649811, 7.963095664978027
5194805_2, 18, 1.0982722043991089, 0.4872491657733917, 8.962278366088867
5194805_2, 18, 1.171920657157898, 0.4995037615299225, 9.961362838745117
5194805_2, 18, 1.352626919746399, 0.6012872457504272, 10.954172134399414
5194805_2, 18, 1.5323809385299683, 0.7037573456764221, 11.947175025939941
5194805_2, 18, 1.6045705080032349, 0.71677166223526, 12.946016311645508
5194805_2, 18, 1.7764993906021118, 0.8130396604537964, 13.939698219299316
5194805_2, 18, 1.9544892311096191, 0.9129375219345093, 14.932910919189453
5194805_2, 18, 2.0326695442199707, 0.9269252419471741, 15.931686401367188
5194805_2, 18, 2.110560417175293, 0.9392767548561096, 16.930498123168945
5194805_2, 18, 2.2891018390655518, 1.0400227308273315, 17.924057006835938
5194805_2, 18, 2.4625017642974854, 1.1371957063674927, 18.918495178222656
5194805_2, 18, 2.638526439666748, 1.2361044883728027, 19.912817001342773
5194805_2, 18, 2.812331199645996, 1.3324565887451172, 20.90654945373535
5194805_2, 18, 2.991210699081421, 1.4326072931289673, 21.90070915222168
5194805_2, 18, 3.1711151599884033, 1.533098578453064, 22.894119262695312
5194805_2, 18, 3.350395679473877, 1.6330358982086182, 23.88849639892578
5194805_2, 18, 3.419179916381836, 1.6437833309173584, 24.88760757446289
5194805_2, 18, 3.6083736419677734, 1.7525510787963867, 25.879657745361328
5194805_2, 18, 3.7865705490112305, 1.8511781692504883, 26.873971939086914
5194805_2, 18, 3.8525781631469727, 1.860213041305542, 27.8731689453125
5194805_2, 18, 3.963693618774414, 1.892757773399353, 28.870208740234375
5194805_2, 18, 4.139400005340576, 1.9904091358184814, 29.86347770690918
4820624, 19, 0.1776255965232849, 0.10065148770809174, 0.9936909079551697
4820624, 19, 0.34838736057281494, 0.19662564992904663, 1.9879173040390015
4820624, 19, 0.4213988184928894, 0.20926052331924438, 2.9868571758270264
4820624, 19, 0.5918667912483215, 0.3048563599586487, 3.981199026107788
4820624, 19, 0.7615900039672852, 0.39999130368232727, 4.975462436676025
4820624, 19, 0.9309516549110413, 0.4941834807395935, 5.969590187072754
4820624, 19, 1.0894818305969238, 0.5810319185256958, 6.964949607849121
4820624, 19, 1.2483887672424316, 0.6679239273071289, 7.959972858428955
4820624, 19, 1.4152719974517822, 0.7606084942817688, 8.954825401306152
4820624, 19, 1.4817899465560913, 0.7702608704566956, 9.954054832458496
4820624, 19, 1.64109206199646, 0.8576386570930481, 10.949247360229492
4820624, 19, 1.7672181129455566, 0.9141024351119995, 11.946467399597168
4820624, 19, 1.8376089334487915, 0.9250543713569641, 12.945563316345215
4820624, 19, 1.906980276107788, 0.9356665015220642, 13.944696426391602
4820624, 19, 2.0813136100769043, 1.0328285694122314, 14.938997268676758
4820624, 19, 2.252769947052002, 1.1292542219161987, 15.933320999145508
4820624, 19, 2.329941749572754, 1.1436448097229004, 16.932039260864258
4820624, 19, 2.5018672943115234, 1.242121934890747, 17.926000595092773
4820624, 19, 2.673140048980713, 1.339139699935913, 18.92003059387207
4820624, 19, 2.750988483428955, 1.3526297807693481, 19.918895721435547
4820624, 19, 2.9262595176696777, 1.4508121013641357, 20.912614822387695
4820624, 19, 3.0986688137054443, 1.5469483137130737, 21.90728187561035
4820624, 19, 3.2684130668640137, 1.6409803628921509, 22.901409149169922
4820624, 19, 3.4310035705566406, 1.7295390367507935, 23.896602630615234
4820624, 19, 3.5972394943237305, 1.8208861351013184, 24.891963958740234
4820624, 19, 3.7680294513702393, 1.915158987045288, 25.88707733154297
4820624, 19, 3.834233283996582, 1.9248552322387695, 26.8863468170166
4820624, 19, 3.993671417236328, 2.012017250061035, 27.881839752197266
4820624, 19, 4.064592361450195, 2.023296356201172, 28.88083839416504
4820624, 19, 4.227029800415039, 2.1128921508789062, 29.876096725463867
4733553, 20, 0.10861387103796005, 0.029516534879803658, 0.9973308444023132
4733553, 20, 0.2974499464035034, 0.14060164988040924, 1.989192008972168
4733553, 20, 0.48472675681114197, 0.25095006823539734, 2.9810681343078613
4733553, 20, 0.6663584113121033, 0.3557272255420685, 3.9735405445098877
4733553, 20, 0.8538433313369751, 0.46558311581611633, 4.9651923179626465
4733553, 20, 1.042020559310913, 0.5771148204803467, 5.957197189331055
4733553, 20, 1.2289533615112305, 0.6875506043434143, 6.948683261871338
4733553, 20, 1.411433458328247, 0.7940188646316528, 7.941107749938965
4733553, 20, 1.4856877326965332, 0.8054742217063904, 8.940058708190918
4733553, 20, 1.6696264743804932, 0.9128961563110352, 9.93204402923584
4733553, 20, 1.7466961145401, 0.9249752759933472, 10.93087387084961
4733553, 20, 1.929334282875061, 1.0309362411499023, 11.923757553100586
4733553, 20, 2.1203529834747314, 1.1439825296401978, 12.914941787719727
4733553, 20, 2.2009828090667725, 1.1573474407196045, 13.913640975952148
4733553, 20, 2.392454147338867, 1.2713450193405151, 14.904894828796387
4733553, 20, 2.5823817253112793, 1.3843621015548706, 15.8970365524292
4733553, 20, 2.770627021789551, 1.4957321882247925, 16.889225006103516
4733553, 20, 2.8567233085632324, 1.5124117136001587, 17.88788604736328
4733553, 20, 3.034911632537842, 1.6163897514343262, 18.881013870239258
4733553, 20, 3.2208988666534424, 1.7262321710586548, 19.87327766418457
4733553, 20, 3.4029483795166016, 1.8313794136047363, 20.865707397460938
4733553, 20, 3.5873169898986816, 1.9379384517669678, 21.858083724975586
4733553, 20, 3.6660001277923584, 1.9510328769683838, 22.856943130493164
4733553, 20, 3.8524327278137207, 2.0590522289276123, 23.849288940429688
4733553, 20, 4.044448375701904, 2.17158842086792, 24.840763092041016
4733553, 20, 4.233829498291016, 2.282684087753296, 25.832475662231445
4733553, 20, 4.417850971221924, 2.3887534141540527, 26.82509994506836
4733553, 20, 4.60772180557251, 2.499762773513794, 27.81717300415039
4733553, 20, 4.797239780426025, 2.610816240310669, 28.80933380126953
4733553, 20, 4.981662750244141, 2.7182209491729736, 29.801904678344727
5036311, 21, 0.08229123800992966, 0.016698991879820824, 0.9981558918952942
5036311, 21, 0.25124391913414, 0.11071310192346573, 1.993006706237793
5036311, 21, 0.41803598403930664, 0.20208635926246643, 2.9879748821258545
5036311, 21, 0.49454590678215027, 0.215909942984581, 3.986499071121216
5036311, 21, 0.5744400024414062, 0.23136508464813232, 4.984830856323242
5036311, 21, 0.7386969327926636, 0.32213538885116577, 5.980191230773926
5036311, 21, 0.9029331207275391, 0.41282594203948975, 6.9755144119262695
5036311, 21, 1.069321632385254, 0.5050177574157715, 7.970781326293945
5036311, 21, 1.2229217290878296, 0.5846724510192871, 8.966495513916016
5036311, 21, 1.3876655101776123, 0.6742311716079712, 9.961746215820312
5036311, 21, 1.553335428237915, 0.765308141708374, 10.957210540771484
5036311, 21, 1.6361823081970215, 0.7832157015800476, 11.95530891418457
5036311, 21, 1.8110390901565552, 0.8779221773147583, 12.949841499328613
5036311, 21, 1.9006251096725464, 0.8987873196601868, 13.947552680969238
5036311, 21, 2.0762760639190674, 0.9944060444831848, 14.94215202331543
5036311, 21, 2.2478790283203125, 1.0895122289657593, 15.936829566955566
5036311, 21, 2.4299795627593994, 1.1902939081192017, 16.931129455566406
5036311, 21, 2.5212080478668213, 1.2089632749557495, 17.9290771484375
5036311, 21, 2.6054439544677734, 1.2245042324066162, 18.927417755126953
5036311, 21, 2.7759830951690674, 1.318452000617981, 19.922082901000977
5036311, 21, 2.951805830001831, 1.4160325527191162, 20.916431427001953
5036311, 21, 3.128188371658325, 1.5136176347732544, 21.910533905029297
5036311, 21, 3.3057644367218018, 1.6112440824508667, 22.905094146728516
5036311, 21, 3.476963758468628, 1.7046518325805664, 23.899681091308594
5036311, 21, 3.6543350219726562, 1.8017737865447998, 24.89413833618164
5036311, 21, 3.733593463897705, 1.8181599378585815, 25.89246368408203
5036311, 21, 3.909557580947876, 1.9149962663650513, 26.887020111083984
5036311, 21, 4.082467079162598, 2.0100555419921875, 27.881696701049805
5036311, 21, 4.1535797119140625, 2.0217909812927246, 28.880611419677734
5036311, 21, 4.3264617919921875, 2.1157045364379883, 29.87483787536621
4739356, 22, 0.16734091937541962, 0.09331323951482773, 0.9949371218681335
4739356, 22, 0.241244837641716, 0.10603580623865128, 1.9937098026275635
4739356, 22, 0.4167146682739258, 0.20321649312973022, 2.987788677215576
4739356, 22, 0.5863364934921265, 0.2980535626411438, 3.9825925827026367
4739356, 22, 0.7480255365371704, 0.38665157556533813, 4.97796630859375
4739356, 22, 0.902808427810669, 0.47045204043388367, 5.9738969802856445
4739356, 22, 1.0583080053329468, 0.5548174381256104, 6.969626426696777
4739356, 22, 1.2130517959594727, 0.6386014223098755, 7.965630531311035
4739356, 22, 1.370441198348999, 0.7239080667495728, 8.961163520812988
4739356, 22, 1.5262233018875122, 0.8073849678039551, 9.956877708435059
4739356, 22, 1.685952067375183, 0.8945494294166565, 10.95269775390625
4739356, 22, 1.843274474143982, 0.9807472229003906, 11.948332786560059
4739356, 22, 2.0025875568389893, 1.0671911239624023, 12.943819999694824
4739356, 22, 2.165313720703125, 1.1565921306610107, 13.939288139343262
4739356, 22, 2.2320284843444824, 1.1661376953125, 14.93857192993164
4739356, 22, 2.306074380874634, 1.1787879467010498, 15.937554359436035
4739356, 22, 2.468327045440674, 1.2682660818099976, 16.932510375976562
4739356, 22, 2.632981300354004, 1.3617534637451172, 17.927030563354492
4739356, 22, 2.808523178100586, 1.4644966125488281, 18.92062759399414
4739356, 22, 2.9868791103363037, 1.5683059692382812, 19.91395378112793
4739356, 22, 3.0723791122436523, 1.5851536989212036, 20.912330627441406
4739356, 22, 3.14969801902771, 1.598802924156189, 21.911230087280273
4739356, 22, 3.3198626041412354, 1.6927745342254639, 22.905824661254883
4739356, 22, 3.484934091567993, 1.7831535339355469, 23.900615692138672
4739356, 22, 3.6491715908050537, 1.8745479583740234, 24.896160125732422
4739356, 22, 3.725808620452881, 1.8884128332138062, 25.895305633544922
4739356, 22, 3.8863728046417236, 1.976864218711853, 26.890544891357422
4739356, 22, 4.048521995544434, 2.0665531158447266, 27.885536193847656
4739356, 22, 4.1211419105529785, 2.078413248062134, 28.884756088256836
4739356, 22, 4.288815021514893, 2.171031951904297, 29.879499435424805
5125441, 23, 0.16965840756893158, 0.09622055292129517, 0.9939464330673218
5125441, 23, 0.3374015986919403, 0.19014981389045715, 1.9889066219329834
5125441, 23, 0.4996926486492157, 0.2807948589324951, 2.9839935302734375
5125441, 23, 0.661674976348877, 0.3702627420425415, 3.97896671295166
5125441, 23, 0.7324899435043335, 0.3821106255054474, 4.977768421173096
5125441, 23, 0.9084849953651428, 0.48062464594841003, 5.972023963928223
5125441, 23, 0.9765199422836304, 0.4910590946674347, 6.971048831939697
5125441, 23, 1.1454447507858276, 0.5857267379760742, 7.965567588806152
5125441, 23, 1.3144197463989258, 0.6797620058059692, 8.959794998168945
5125441, 23, 1.4919253587722778, 0.7800710201263428, 9.953716278076172
5125441, 23, 1.6586494445800781, 0.8721480369567871, 10.9488525390625
5125441, 23, 1.825985074043274, 0.9648597836494446, 11.943798065185547
5125441, 23, 1.8975273370742798, 0.9764484763145447, 12.942787170410156
5125441, 23, 2.0651872158050537, 1.070932388305664, 13.938057899475098
5125441, 23, 2.2326152324676514, 1.1646451950073242, 14.93265438079834
5125441, 23, 2.4030189514160156, 1.2606803178787231, 15.927040100097656
5125441, 23, 2.48276948928833, 1.275846004486084, 16.925493240356445
5125441, 23, 2.655635356903076, 1.3735255002975464, 17.919538497924805
5125441, 23, 2.8211662769317627, 1.4656274318695068, 18.914060592651367
5125441, 23, 2.9001522064208984, 1.4791337251663208, 19.91267204284668
5125441, 23, 3.069453477859497, 1.5734881162643433, 20.907100677490234
5125441, 23, 3.2394556999206543, 1.6675320863723755, 21.901779174804688
5125441, 23, 3.4040136337280273, 1.758925437927246, 22.89703369140625
5125441, 23, 3.473259687423706, 1.7701812982559204, 23.895986557006836
5125441, 23, 3.644857883453369, 1.8648576736450195, 24.89043617248535
5125441, 23, 3.8128528594970703, 1.957417368888855, 25.88509750366211
5125441, 23, 3.9845049381256104, 2.0531673431396484, 26.879077911376953
5125441, 23, 4.05256462097168, 2.0640761852264404, 27.8780574798584
5125441, 23, 4.217629909515381, 2.156358242034912, 28.872678756713867
5125441, 23, 4.381097316741943, 2.2477152347564697, 29.867530822753906
4713006, 24, 0.06396690756082535, 0.009249166585505009, 0.9990893006324768
4713006, 24, 0.12913577258586884, 0.01863333396613598, 1.9981746673583984
4713006, 24, 0.24238741397857666, 0.05178774893283844, 2.9952120780944824
4713006, 24, 0.43789613246917725, 0.1656205952167511, 3.9861385822296143
4713006, 24, 0.5070782899856567, 0.1751931756734848, 4.9850335121154785
4713006, 24, 0.6948337554931641, 0.2810494601726532, 5.977598667144775
4713006, 24, 0.874879002571106, 0.37906190752983093, 6.971063613891602
4713006, 24, 0.9448419809341431, 0.3884330689907074, 7.96990442276001
4713006, 24, 1.020438551902771, 0.3994474709033966, 8.968449592590332
4713006, 24, 1.2112958431243896, 0.5087843537330627, 9.960078239440918
4713006, 24, 1.2709962129592896, 0.5164255499839783, 10.959390640258789
4713006, 24, 1.4559253454208374, 0.6203073263168335, 11.952374458312988
4713006, 24, 1.6532396078109741, 0.7351246476173401, 12.943263053894043
4713006, 24, 1.8478418588638306, 0.8483790755271912, 13.934271812438965
4713006, 24, 2.0441598892211914, 0.9622446894645691, 14.925626754760742
4713006, 24, 2.109785556793213, 0.9718512296676636, 15.924805641174316
4713006, 24, 2.293424367904663, 1.074148178100586, 16.917579650878906
4713006, 24, 2.4927430152893066, 1.1916743516921997, 17.90814971923828
4713006, 24, 2.565213680267334, 1.2028412818908691, 18.90677833557129
4713006, 24, 2.7508883476257324, 1.3090767860412598, 19.89891815185547
4713006, 24, 2.9358716011047363, 1.411839246749878, 20.892292022705078
4713006, 24, 3.1149516105651855, 1.5104570388793945, 21.886024475097656
4713006, 24, 3.2993826866149902, 1.6126490831375122, 22.87911605834961
4713006, 24, 3.4884111881256104, 1.7192989587783813, 23.87078285217285
4713006, 24, 3.6898999214172363, 1.8395345211029053, 24.860267639160156
4713006, 24, 3.8678784370422363, 1.9358444213867188, 25.854496002197266
4713006, 24, 3.9298946857452393, 1.9451435804367065, 26.853757858276367
4713006, 24, 3.9944045543670654, 1.954683542251587, 27.85301399230957
4713006, 24, 4.17159366607666, 2.0517959594726562, 28.84703254699707
4713006, 24, 4.343739032745361, 2.1464827060699463, 29.841663360595703
4699088, 25, 0.16142985224723816, 0.08945788443088531, 0.9953225255012512
4699088, 25, 0.32863879203796387, 0.18259409070014954, 1.990056037902832
4699088, 25, 0.391460657119751, 0.19150613248348236, 2.9893083572387695
4699088, 25, 0.4606906771659851, 0.20233315229415894, 3.988381862640381
4699088, 25, 0.6321014165878296, 0.2966425120830536, 4.9836626052856445
4699088, 25, 0.7864646315574646, 0.3793823719024658, 5.979441165924072
4699088, 25, 0.9487506151199341, 0.4677075147628784, 6.975214958190918
4699088, 25, 1.0173548460006714, 0.478435754776001, 7.9743499755859375
4699088, 25, 1.0914663076400757, 0.49230867624282837, 8.973389625549316
4699088, 25, 1.260170817375183, 0.5846719741821289, 9.968850135803223
4699088, 25, 1.3294241428375244, 0.5961571931838989, 10.96792221069336
4699088, 25, 1.5151346921920776, 0.7008638978004456, 11.960744857788086
4699088, 25, 1.6899042129516602, 0.7972828149795532, 12.955012321472168
4699088, 25, 1.8568432331085205, 0.8883611559867859, 13.950215339660645
4699088, 25, 2.029431104660034, 0.9828932285308838, 14.944683074951172
4699088, 25, 2.109269380569458, 0.9984323978424072, 15.94314956665039
4699088, 25, 2.2852466106414795, 1.0956381559371948, 16.936901092529297
4699088, 25, 2.4651994705200195, 1.1966266632080078, 17.93083953857422
4699088, 25, 2.63547682762146, 1.2900470495224, 18.925479888916016
4699088, 25, 2.803410768508911, 1.381640911102295, 19.920551300048828
4699088, 25, 2.8826398849487305, 1.395363688468933, 20.919147491455078
4699088, 25, 3.0640902519226074, 1.4964231252670288, 21.911869049072266
4699088, 25, 3.244654893875122, 1.5962597131729126, 22.905040740966797
4699088, 25, 3.4181628227233887, 1.6917579174041748, 23.899240493774414
4699088, 25, 3.5972087383270264, 1.7905707359313965, 24.892732620239258
4699088, 25, 3.777705430984497, 1.8918027877807617, 25.88677978515625
4699088, 25, 3.9603049755096436, 1.9943119287490845, 26.879850387573242
4699088, 25, 4.138974666595459, 2.0938093662261963, 27.873641967773438
4699088, 25, 4.327162265777588, 2.2016985416412354, 28.86589813232422
4699088, 25, 4.506217956542969, 2.301464319229126, 29.859386444091797
4772763, 26, 0.17332525551319122, 0.09769641607999802, 0.9946433305740356
4772763, 26, 0.3420323133468628, 0.19228585064411163, 1.989484429359436
4772763, 26, 0.4135676920413971, 0.20455306768417358, 2.988292932510376
4772763, 26, 0.5848141312599182, 0.3015769124031067, 3.9830455780029297
4772763, 26, 0.748467206954956, 0.39281779527664185, 4.977994441986084
4772763, 26, 0.9045107960700989, 0.4773882031440735, 5.973600387573242
4772763, 26, 1.0760605335235596, 0.5731109380722046, 6.968330383300781
4772763, 26, 1.2434322834014893, 0.6663636565208435, 7.963318824768066
4772763, 26, 1.4102144241333008, 0.7595703601837158, 8.958398818969727
4772763, 26, 1.5773844718933105, 0.8528771996498108, 9.953442573547363
4772763, 26, 1.7453898191452026, 0.9458673596382141, 10.948180198669434
4772763, 26, 1.8209152221679688, 0.9609401822090149, 11.946844100952148
4772763, 26, 1.8943668603897095, 0.9744051694869995, 12.945679664611816
4772763, 26, 2.0652027130126953, 1.0696046352386475, 13.94036865234375
4772763, 26, 2.1513350009918213, 1.0886982679367065, 14.938522338867188
4772763, 26, 2.3318276405334473, 1.1916782855987549, 15.931780815124512
4772763, 26, 2.5102272033691406, 1.294983148574829, 16.92537498474121
4772763, 26, 2.597075939178467, 1.312512755393982, 17.923566818237305
4772763, 26, 2.771918773651123, 1.411234736442566, 18.917362213134766
4772763, 26, 2.9404399394989014, 1.5062048435211182, 19.91164207458496
4772763, 26, 3.1182875633239746, 1.6073954105377197, 20.9051570892334
4772763, 26, 3.288492202758789, 1.700359582901001, 21.89900016784668
4772763, 26, 3.457878828048706, 1.7950552701950073, 22.893688201904297
4772763, 26, 3.628737449645996, 1.8894176483154297, 23.88815689086914
4772763, 26, 3.807572364807129, 1.9891242980957031, 24.882314682006836
4772763, 26, 3.9738004207611084, 2.0805611610412598, 25.87696647644043
4772763, 26, 4.138171195983887, 2.1720895767211914, 26.871788024902344
4772763, 26, 4.309152603149414, 2.2669835090637207, 27.86577796936035
4772763, 26, 4.477798938751221, 2.3609349727630615, 28.8605899810791
4772763, 26, 4.545677185058594, 2.37129282951355, 29.85972023010254
4850951, 27, 0.07022695243358612, 0.011118327267467976, 0.9986900091171265
4850951, 27, 0.26225745677948, 0.12320482730865479, 1.9902284145355225
4850951, 27, 0.4546600580215454, 0.23605740070343018, 2.981828212738037
4850951, 27, 0.6373989582061768, 0.341317355632782, 3.974090337753296
4850951, 27, 0.8206744194030762, 0.4456862211227417, 4.966889381408691
4850951, 27, 0.9983598589897156, 0.546156644821167, 5.96000862121582
4850951, 27, 1.174646019935608, 0.645627498626709, 6.9532365798950195
4850951, 27, 1.3462777137756348, 0.7422049641609192, 7.946688175201416
4850951, 27, 1.5102853775024414, 0.8319514393806458, 8.941776275634766
4850951, 27, 1.580605149269104, 0.8428754210472107, 9.94083023071289
4850951, 27, 1.7409385442733765, 0.9297946095466614, 10.936443328857422
4850951, 27, 1.9039350748062134, 1.0182945728302002, 11.931593894958496
4850951, 27, 2.065390110015869, 1.107736349105835, 12.927395820617676
4850951, 27, 2.1397745609283447, 1.119877815246582, 13.926310539245605
4850951, 27, 2.2082533836364746, 1.1300383806228638, 14.925530433654785
4850951, 27, 2.377006769180298, 1.2217824459075928, 15.92066764831543
4850951, 27, 2.5476222038269043, 1.3157912492752075, 16.915346145629883
4850951, 27, 2.615598201751709, 1.3264824151992798, 17.914424896240234
4850951, 27, 2.781520128250122, 1.417983055114746, 18.909326553344727
4850951, 27, 2.9484758377075195, 1.5103598833084106, 19.904176712036133
4850951, 27, 3.12070631980896, 1.6060338020324707, 20.898597717285156
4850951, 27, 3.2910966873168945, 1.7022053003311157, 21.893388748168945
4850951, 27, 3.4637932777404785, 1.798385500907898, 22.88776397705078
4850951, 27, 3.6299171447753906, 1.8890659809112549, 23.882631301879883
4850951, 27, 3.737999677658081, 1.9292815923690796, 24.880529403686523
4850951, 27, 3.9008922576904297, 2.0189285278320312, 25.87554931640625
4850951, 27, 4.070074081420898, 2.1122419834136963, 26.870328903198242
4850951, 27, 4.232128143310547, 2.2022783756256104, 27.865571975708008
4850951, 27, 4.402459621429443, 2.2965641021728516, 28.860244750976562
4850951, 27, 4.566997051239014, 2.3869829177856445, 29.855100631713867
2265761, 28, 0.1627710908651352, 0.09194999933242798, 0.9950461983680725
2265761, 28, 0.32515817880630493, 0.18270659446716309, 1.9900708198547363
2265761, 28, 0.4821332097053528, 0.2692089080810547, 2.9854378700256348
2265761, 28, 0.6469556093215942, 0.3618941009044647, 3.9806737899780273
2265761, 28, 0.8069863319396973, 0.45057645440101624, 4.976176738739014
2265761, 28, 0.975292444229126, 0.5432279706001282, 5.97115421295166
2265761, 28, 1.1325459480285645, 0.6272289156913757, 6.967045307159424
2265761, 28, 1.2997957468032837, 0.7195229530334473, 7.962331771850586
2265761, 28, 1.4647587537765503, 0.8099203109741211, 8.957475662231445
2265761, 28, 1.5437136888504028, 0.8252129554748535, 9.956469535827637
2265761, 28, 1.7060546875, 0.9145336747169495, 10.951905250549316
2265761, 28, 1.7790073156356812, 0.9265215992927551, 11.950784683227539
2265761, 28, 1.8524142503738403, 0.9384068250656128, 12.949639320373535
2265761, 28, 1.9382785558700562, 0.9559819102287292, 13.947720527648926
2265761, 28, 2.1051409244537354, 1.04783034324646, 14.942878723144531
2265761, 28, 2.272284984588623, 1.140185832977295, 15.93772029876709
2265761, 28, 2.4428861141204834, 1.2350108623504639, 16.9324893951416
2265761, 28, 2.615260124206543, 1.3322370052337646, 17.92723274230957
2265761, 28, 2.690579652786255, 1.3447178602218628, 18.92584800720215
2265761, 28, 2.862832546234131, 1.4416382312774658, 19.91996192932129
2265761, 28, 2.9445383548736572, 1.4568147659301758, 20.91832733154297
2265761, 28, 3.115076780319214, 1.5519427061080933, 21.9122371673584
2265761, 28, 3.18864369392395, 1.56416654586792, 22.91099739074707
2265761, 28, 3.361703634262085, 1.6600358486175537, 23.90522575378418
2265761, 28, 3.428274154663086, 1.6693257093429565, 24.904329299926758
2265761, 28, 3.5919618606567383, 1.7589473724365234, 25.8998966217041
2265761, 28, 3.7475521564483643, 1.843172550201416, 26.895584106445312
2265761, 28, 3.8209519386291504, 1.8552361726760864, 27.89442253112793
2265761, 28, 3.982631206512451, 1.9438613653182983, 28.889999389648438
2265761, 28, 4.146852970123291, 2.0333683490753174, 29.88499641418457
5038881, 29, 0.17121149599552155, 0.09458670765161514, 0.9943863749504089
5038881, 29, 0.34334495663642883, 0.19024404883384705, 1.989044189453125
5038881, 29, 0.4374142289161682, 0.21442408859729767, 2.987175464630127
5038881, 29, 0.6148660182952881, 0.31199508905410767, 3.9815731048583984
5038881, 29, 0.7914770841598511, 0.4101376533508301, 4.976012229919434
5038881, 29, 0.9709903001785278, 0.5095768570899963, 5.969554424285889
5038881, 29, 1.1511986255645752, 0.608512282371521, 6.962804317474365
5038881, 29, 1.221936821937561, 0.6217201352119446, 7.961555004119873
5038881, 29, 1.3967337608337402, 0.7178550362586975, 8.955734252929688
5038881, 29, 1.566867470741272, 0.8101352453231812, 9.950261116027832
5038881, 29, 1.6433264017105103, 0.8269768953323364, 10.94854736328125
5038881, 29, 1.8258616924285889, 0.9275047779083252, 11.942680358886719
5038881, 29, 2.0074338912963867, 1.0278842449188232, 12.936586380004883
5038881, 29, 2.0802764892578125, 1.0416340827941895, 13.935264587402344
5038881, 29, 2.271502733230591, 1.1489403247833252, 14.928028106689453
5038881, 29, 2.454406976699829, 1.2516528367996216, 15.921507835388184
5038881, 29, 2.6426310539245605, 1.3587933778762817, 16.914722442626953
5038881, 29, 2.825193405151367, 1.4612623453140259, 17.908172607421875
5038881, 29, 3.0042850971221924, 1.5621330738067627, 18.90184783935547
5038881, 29, 3.1816811561584473, 1.6606178283691406, 19.89586067199707
5038881, 29, 3.363497495651245, 1.761244773864746, 20.889720916748047
5038881, 29, 3.550908088684082, 1.866496205329895, 21.883188247680664
5038881, 29, 3.7258777618408203, 1.960256576538086, 22.877273559570312
5038881, 29, 3.917367935180664, 2.065772533416748, 23.87070083618164
5038881, 29, 4.09912109375, 2.165186882019043, 24.864198684692383
5038881, 29, 4.175926208496094, 2.182116746902466, 25.86248779296875
5038881, 29, 4.251788139343262, 2.1987569332122803, 26.86076545715332
5038881, 29, 4.434769630432129, 2.2992613315582275, 27.854814529418945
5038881, 29, 4.51991605758667, 2.3206610679626465, 28.85244369506836
5038881, 29, 4.603546142578125, 2.341254949569702, 29.850215911865234
4785791, 30, 0.17681340873241425, 0.10128185153007507, 0.9932422041893005
4785791, 30, 0.3551481366157532, 0.20329535007476807, 1.9867403507232666
4785791, 30, 0.5289073586463928, 0.3019980490207672, 2.9804933071136475
4785791, 30, 0.7084224224090576, 0.404209166765213, 3.9738008975982666
4785791, 30, 0.7781643867492676, 0.41486015915870667, 4.972736358642578
4785791, 30, 0.9676220417022705, 0.5257141590118408, 5.964779376983643
4785791, 30, 1.1528397798538208, 0.632996141910553, 6.9569315910339355
4785791, 30, 1.332196831703186, 0.7353535890579224, 7.950695037841797
4785791, 30, 1.4075002670288086, 0.746332585811615, 8.949320793151855
4785791, 30, 1.577033281326294, 0.8405179977416992, 9.943556785583496
4785791, 30, 1.6446055173873901, 0.8518466949462891, 10.942686080932617
4785791, 30, 1.8237473964691162, 0.9536873698234558, 11.93612289428711
4785791, 30, 1.9989650249481201, 1.052007794380188, 12.929821968078613
4785791, 30, 2.067413568496704, 1.0628732442855835, 13.928914070129395
4785791, 30, 2.2447478771209717, 1.1635699272155762, 14.922491073608398
4785791, 30, 2.4227302074432373, 1.265073299407959, 15.91554069519043
4785791, 30, 2.6050825119018555, 1.370003581047058, 16.908185958862305
4785791, 30, 2.7951531410217285, 1.4828295707702637, 17.899810791015625
4785791, 30, 2.8738160133361816, 1.4970471858978271, 18.898530960083008
4785791, 30, 2.9517734050750732, 1.5100890398025513, 19.897268295288086
4785791, 30, 3.1294710636138916, 1.6121126413345337, 20.890457153320312
4785791, 30, 3.2073864936828613, 1.6251472234725952, 21.889358520507812
4785791, 30, 3.2775983810424805, 1.6359200477600098, 22.888538360595703
4785791, 30, 3.4537341594696045, 1.7357794046401978, 23.882280349731445
4785791, 30, 3.626004219055176, 1.831519365310669, 24.876070022583008
4785791, 30, 3.794621467590332, 1.9255706071853638, 25.870582580566406
4785791, 30, 3.8601930141448975, 1.9355089664459229, 26.869863510131836
4785791, 30, 3.924379825592041, 1.9443782567977905, 27.869112014770508
4785791, 30, 4.097321033477783, 2.0416412353515625, 28.862873077392578
4785791, 30, 4.1722092628479, 2.052729606628418, 29.861478805541992
1089412, 31, 0.1729644238948822, 0.09859050810337067, 0.9943420886993408
1089412, 31, 0.34979552030563354, 0.19937951862812042, 1.9882569313049316
1089412, 31, 0.5136171579360962, 0.2911583185195923, 2.9828996658325195
1089412, 31, 0.6527130603790283, 0.3585522770881653, 3.979001760482788
1089412, 31, 0.7254117131233215, 0.3707813024520874, 4.977939128875732
1089412, 31, 0.9017882943153381, 0.47020310163497925, 5.9714484214782715
1089412, 31, 0.9667227268218994, 0.4791695475578308, 6.970726490020752
1089412, 31, 1.1299680471420288, 0.5697861909866333, 7.965760231018066
1089412, 31, 1.2967307567596436, 0.6623422503471375, 8.960991859436035
1089412, 31, 1.4605761766433716, 0.7525833249092102, 9.956229209899902
1089412, 31, 1.6241140365600586, 0.8426912426948547, 10.951738357543945
1089412, 31, 1.7874386310577393, 0.9322797656059265, 11.946669578552246
1089412, 31, 1.9583475589752197, 1.0286777019500732, 12.941534996032715
1089412, 31, 2.0307466983795166, 1.0409125089645386, 13.940458297729492
1089412, 31, 2.18713116645813, 1.1264963150024414, 14.935895919799805
1089412, 31, 2.354987144470215, 1.2200055122375488, 15.930540084838867
1089412, 31, 2.5240535736083984, 1.3149651288986206, 16.924814224243164
1089412, 31, 2.6915268898010254, 1.4086077213287354, 17.919462203979492
1089412, 31, 2.774785280227661, 1.4243146181106567, 18.91799545288086
1089412, 31, 2.9318039417266846, 1.5112433433532715, 19.913368225097656
1089412, 31, 3.0951507091522217, 1.6019511222839355, 20.908376693725586
1089412, 31, 3.259187698364258, 1.6931792497634888, 21.903446197509766
1089412, 31, 3.378067970275879, 1.7390947341918945, 22.90100860595703
1089412, 31, 3.450376272201538, 1.75106942653656, 23.900081634521484
1089412, 31, 3.617161273956299, 1.8427557945251465, 24.895320892333984
1089412, 31, 3.7796216011047363, 1.9317922592163086, 25.89035987854004
1089412, 31, 3.9446372985839844, 2.022202730178833, 26.885658264160156
1089412, 31, 4.110114574432373, 2.1131341457366943, 27.880477905273438
1089412, 31, 4.270690441131592, 2.201193332672119, 28.876035690307617
1089412, 31, 4.4367194175720215, 2.293713331222534, 29.87117576599121
4996894, 32, 0.07886721193790436, 0.014141852967441082, 0.9985434412956238
4996894, 32, 0.24371586740016937, 0.10687773674726486, 1.993427038192749
4996894, 32, 0.41013652086257935, 0.19966870546340942, 2.9884278774261475
4996894, 32, 0.5860460996627808, 0.298481285572052, 3.9821624755859375
4996894, 32, 0.7523665428161621, 0.38987189531326294, 4.976743221282959
4996894, 32, 0.9222546219825745, 0.48301970958709717, 5.97129487991333
4996894, 32, 1.088847279548645, 0.5751786828041077, 6.966492176055908
4996894, 32, 1.2430710792541504, 0.6592282056808472, 7.962280750274658
4996894, 32, 1.398388147354126, 0.744238018989563, 8.958232879638672
4996894, 32, 1.4694290161132812, 0.7557440400123596, 9.957240104675293
4996894, 32, 1.6228371858596802, 0.8401458859443665, 10.953263282775879
4996894, 32, 1.785413146018982, 0.9291729927062988, 11.948677062988281
4996894, 32, 1.9496899843215942, 1.0195794105529785, 12.943710327148438
4996894, 32, 2.0190389156341553, 1.0307260751724243, 13.942708015441895
4996894, 32, 2.189464569091797, 1.1258823871612549, 14.936763763427734
4996894, 32, 2.363023519515991, 1.2235257625579834, 15.930869102478027
4996894, 32, 2.535695791244507, 1.32212233543396, 16.925254821777344
4996894, 32, 2.7067620754241943, 1.4186007976531982, 17.918996810913086
4996894, 32, 2.8818936347961426, 1.5181066989898682, 18.913238525390625
4996894, 32, 3.051891326904297, 1.6134066581726074, 19.907493591308594
4996894, 32, 3.1230452060699463, 1.6249092817306519, 20.906522750854492
4996894, 32, 3.2937228679656982, 1.7200944423675537, 21.901273727416992
4996894, 32, 3.4509353637695312, 1.8052477836608887, 22.896705627441406
4996894, 32, 3.5147576332092285, 1.8143771886825562, 23.895952224731445
4996894, 32, 3.6768596172332764, 1.9019962549209595, 24.891284942626953
4996894, 32, 3.8381450176239014, 1.9903253316879272, 25.886823654174805
4996894, 32, 4.00274133682251, 2.080270767211914, 26.882373809814453
4996894, 32, 4.073424339294434, 2.0921735763549805, 27.881420135498047
4996894, 32, 4.236733913421631, 2.182894706726074, 28.876976013183594
4996894, 32, 4.403364658355713, 2.2740578651428223, 29.87212562561035
1217886, 33, 0.15853464603424072, 0.08772045373916626, 0.9956517815589905
1217886, 33, 0.3152007460594177, 0.1731487512588501, 1.9913663864135742
1217886, 33, 0.48098376393318176, 0.26402732729911804, 2.9864587783813477
1217886, 33, 0.5429562330245972, 0.2724754810333252, 3.9857051372528076
1217886, 33, 0.6986660957336426, 0.35609009861946106, 4.981527328491211
1217886, 33, 0.7710053324699402, 0.368046373128891, 5.980388164520264
1217886, 33, 0.8476114273071289, 0.38149088621139526, 6.979024887084961
1217886, 33, 1.0093616247177124, 0.46726274490356445, 7.975093364715576
1217886, 33, 1.1747651100158691, 0.5553716421127319, 8.970501899719238
1217886, 33, 1.336065649986267, 0.6412459015846252, 9.966246604919434
1217886, 33, 1.3944838047027588, 0.6485118865966797, 10.965630531311035
1217886, 33, 1.5577971935272217, 0.7352039813995361, 11.961212158203125
1217886, 33, 1.640905499458313, 0.7511590719223022, 12.959424018859863
1217886, 33, 1.7298438549041748, 0.7699798941612244, 13.95722484588623
1217886, 33, 1.8123610019683838, 0.7862260937690735, 14.955392837524414
1217886, 33, 1.9861400127410889, 0.8804530501365662, 15.949379920959473
1217886, 33, 2.1591877937316895, 0.9749737977981567, 16.943788528442383
1217886, 33, 2.2466812133789062, 0.9927334785461426, 17.941722869873047
1217886, 33, 2.4151558876037598, 1.084504246711731, 18.936735153198242
1217886, 33, 2.5872349739074707, 1.1781541109085083, 19.93158531188965
1217886, 33, 2.749499559402466, 1.2666122913360596, 20.92690658569336
1217886, 33, 2.840425729751587, 1.2876660823822021, 21.92466163635254
1217886, 33, 3.007004499435425, 1.375915765762329, 22.919862747192383
1217886, 33, 3.1730587482452393, 1.4648572206497192, 23.915111541748047
1217886, 33, 3.333775758743286, 1.5510404109954834, 24.910869598388672
1217886, 33, 3.489778518676758, 1.6340103149414062, 25.90688133239746
1217886, 33, 3.659684658050537, 1.7261813879013062, 26.902273178100586
1217886, 33, 3.8251194953918457, 1.8152527809143066, 27.897743225097656
1217886, 33, 3.9054274559020996, 1.83176589012146, 28.896577835083008
1217886, 33, 4.06657075881958, 1.9189138412475586, 29.892200469970703
4820909, 34, 0.10286935418844223, 0.02086559496819973, 0.9967197775840759
4820909, 34, 0.2083527147769928, 0.043401338160037994, 1.993211269378662
4820909, 34, 0.3103081285953522, 0.06385795027017593, 2.9899957180023193
4820909, 34, 0.5225521326065063, 0.19669193029403687, 3.977193832397461
4820909, 34, 0.7165381908416748, 0.3116428852081299, 4.967653274536133
4820909, 34, 0.8863826990127563, 0.4055258631706238, 5.961763381958008
4820909, 34, 1.0680915117263794, 0.50974440574646, 6.953836917877197
4820909, 34, 1.2653416395187378, 0.6278986930847168, 7.944544792175293
4820909, 34, 1.4528522491455078, 0.7371193766593933, 8.93602466583252
4820909, 34, 1.5325909852981567, 0.7493924498558044, 9.934341430664062
4820909, 34, 1.7373273372650146, 0.8735938668251038, 10.923892974853516
4820909, 34, 1.9283620119094849, 0.9861102104187012, 11.915043830871582
4820909, 34, 2.1251444816589355, 1.1046429872512817, 12.905357360839844
4820909, 34, 2.3310704231262207, 1.2324625253677368, 13.894250869750977
4820909, 34, 2.4137938022613525, 1.2468593120574951, 14.892358779907227
4820909, 34, 2.604315757751465, 1.3596497774124146, 15.883627891540527
4820909, 34, 2.8135499954223633, 1.4896118640899658, 16.87227439880371
4820909, 34, 3.022340774536133, 1.6206518411636353, 17.86027717590332
4820909, 34, 3.229088068008423, 1.7482329607009888, 18.84945297241211
4820909, 34, 3.295241594314575, 1.7573812007904053, 19.84862518310547
4820909, 34, 3.3633313179016113, 1.7668342590332031, 20.847688674926758
4820909, 34, 3.5497610569000244, 1.874605417251587, 21.839475631713867
4820909, 34, 3.6143100261688232, 1.8835210800170898, 22.83872413635254
4820909, 34, 3.6866507530212402, 1.8945268392562866, 23.837642669677734
4820909, 34, 3.885683059692383, 2.0146188735961914, 24.828123092651367
4820909, 34, 4.073551177978516, 2.124101400375366, 25.82037925720215
4820909, 34, 4.254584312438965, 2.2268760204315186, 26.81319808959961
4820909, 34, 4.316738605499268, 2.2351136207580566, 27.812463760375977
4820909, 34, 4.390626907348633, 2.2458980083465576, 28.811100006103516
4820909, 34, 4.465008735656738, 2.258500814437866, 29.810091018676758
1221647, 35, 0.1257307380437851, 0.056409575045108795, 0.9970439076423645
1221647, 35, 0.2044816017150879, 0.0706292986869812, 1.995551586151123
1221647, 35, 0.30246680974960327, 0.10020819306373596, 2.9938206672668457
1221647, 35, 0.4714335799217224, 0.19210883975028992, 3.9886436462402344
1221647, 35, 0.6235828399658203, 0.2729112505912781, 4.984832763671875
1221647, 35, 0.7763671278953552, 0.3532560169696808, 5.981041431427002
1221647, 35, 0.8534368276596069, 0.3667229413986206, 6.979642868041992
1221647, 35, 1.0045042037963867, 0.4469873905181885, 7.975790500640869
1221647, 35, 1.1619020700454712, 0.531006932258606, 8.971426010131836
1221647, 35, 1.3190619945526123, 0.6148107051849365, 9.96716594696045
1221647, 35, 1.3775089979171753, 0.6220836639404297, 10.966552734375
1221647, 35, 1.533919334411621, 0.7044274806976318, 11.962310791015625
1221647, 35, 1.6951886415481567, 0.7897184491157532, 12.958309173583984
1221647, 35, 1.7833869457244873, 0.8083796501159668, 13.95616340637207
1221647, 35, 1.9515306949615479, 0.8988876342773438, 14.951675415039062
1221647, 35, 2.019441843032837, 0.9081465005874634, 15.95075798034668
1221647, 35, 2.092867851257324, 0.9194483757019043, 16.9495849609375
1221647, 35, 2.2538442611694336, 1.005807638168335, 17.945087432861328
1221647, 35, 2.400634527206421, 1.0780972242355347, 18.941329956054688
1221647, 35, 2.5630178451538086, 1.165605902671814, 19.93651008605957
1221647, 35, 2.7320892810821533, 1.2581393718719482, 20.931577682495117
1221647, 35, 2.8951380252838135, 1.3467422723770142, 21.927186965942383
1221647, 35, 3.05885910987854, 1.4334229230880737, 22.922338485717773
1221647, 35, 3.2298531532287598, 1.5252050161361694, 23.91745948791504
1221647, 35, 3.3906617164611816, 1.610682725906372, 24.913354873657227
1221647, 35, 3.468149423599243, 1.624534249305725, 25.911916732788086
1221647, 35, 3.635861873626709, 1.713505744934082, 26.90732192993164
1221647, 35, 3.805511713027954, 1.8040130138397217, 27.902528762817383
1221647, 35, 3.9712202548980713, 1.8933950662612915, 28.898006439208984
1221647, 35, 4.132997512817383, 1.9803919792175293, 29.89373207092285
5195398, 36, 0.1688743382692337, 0.09492367506027222, 0.9945861101150513
5195398, 36, 0.3406968116760254, 0.19133609533309937, 1.988511085510254
5195398, 36, 0.5059553384780884, 0.28223586082458496, 2.983562707901001
5195398, 36, 0.6697173714637756, 0.3727642297744751, 3.9788575172424316
5195398, 36, 0.8327640295028687, 0.4624343514442444, 4.973957061767578
5195398, 36, 1.0001769065856934, 0.5542842149734497, 5.9688215255737305
5195398, 36, 1.16336190700531, 0.6453286409378052, 6.964268684387207
5195398, 36, 1.3246538639068604, 0.7340877652168274, 7.959859371185303
5195398, 36, 1.3952476978302002, 0.7460409998893738, 8.9587984085083
5195398, 36, 1.5596849918365479, 0.8360632658004761, 9.953907012939453
5195398, 36, 1.6306744813919067, 0.8484826683998108, 10.952756881713867
5195398, 36, 1.7962523698806763, 0.9395740032196045, 11.948098182678223
5195398, 36, 1.962632656097412, 1.0305119752883911, 12.943241119384766
5195398, 36, 2.133239269256592, 1.1254098415374756, 13.938322067260742
5195398, 36, 2.205672264099121, 1.1378893852233887, 14.937201499938965
5195398, 36, 2.369906187057495, 1.2274746894836426, 15.932486534118652
5195398, 36, 2.5459959506988525, 1.3265018463134766, 16.926746368408203
5195398, 36, 2.7205333709716797, 1.423691987991333, 17.920978546142578
5195398, 36, 2.891850233078003, 1.5192991495132446, 18.91562843322754
5195398, 36, 3.0579233169555664, 1.613086223602295, 19.91010856628418
5195398, 36, 3.2183542251586914, 1.700352668762207, 20.905109405517578
5195398, 36, 3.2917122840881348, 1.7115482091903687, 21.90404510498047
5195398, 36, 3.462496042251587, 1.8060624599456787, 22.898530960083008
5195398, 36, 3.6287238597869873, 1.8969236612319946, 23.8939151763916
5195398, 36, 3.7923495769500732, 1.9866375923156738, 24.88873291015625
5195398, 36, 3.9157185554504395, 2.0402026176452637, 25.886207580566406
5195398, 36, 4.078698635101318, 2.128812313079834, 26.8813533782959
5195398, 36, 4.14237642288208, 2.138340950012207, 27.880565643310547
5195398, 36, 4.304204940795898, 2.226316213607788, 28.876028060913086
5195398, 36, 4.46851110458374, 2.3171982765197754, 29.871376037597656
5007479, 37, 0.17144106328487396, 0.09737639874219894, 0.9941301345825195
5007479, 37, 0.350770503282547, 0.20047542452812195, 1.9874005317687988
5007479, 37, 0.4206501841545105, 0.2110833376646042, 2.9863834381103516
5007479, 37, 0.5922714471817017, 0.3072214722633362, 3.9805643558502197
5007479, 37, 0.7613821029663086, 0.40138137340545654, 4.974991321563721
5007479, 37, 0.8422473073005676, 0.416798859834671, 5.973571300506592
5007479, 37, 1.0099961757659912, 0.5101462602615356, 6.967963695526123
5007479, 37, 1.1818125247955322, 0.6061192750930786, 7.9622111320495605
5007479, 37, 1.248435378074646, 0.6156101226806641, 8.961322784423828
5007479, 37, 1.4248734712600708, 0.7144443988800049, 9.955423355102539
5007479, 37, 1.5921614170074463, 0.806725025177002, 10.950334548950195
5007479, 37, 1.7654975652694702, 0.903785228729248, 11.944801330566406
5007479, 37, 1.9418774843215942, 1.0026376247406006, 12.93839168548584
5007479, 37, 2.125274419784546, 1.1070622205734253, 13.931241989135742
5007479, 37, 2.193894624710083, 1.1168478727340698, 14.930295944213867
5007479, 37, 2.3699169158935547, 1.2151108980178833, 15.924003601074219
5007479, 37, 2.4400722980499268, 1.2254674434661865, 16.92302703857422
5007479, 37, 2.612804651260376, 1.3204940557479858, 17.917226791381836
5007479, 37, 2.7889299392700195, 1.4189798831939697, 18.910972595214844
5007479, 37, 2.8510918617248535, 1.42658269405365, 19.910247802734375
5007479, 37, 2.913025379180908, 1.4342087507247925, 20.909523010253906
5007479, 37, 3.0847432613372803, 1.5284994840621948, 21.9036922454834
5007479, 37, 3.1545867919921875, 1.5391300916671753, 22.902694702148438
5007479, 37, 3.2246787548065186, 1.5500644445419312, 23.901681900024414
5007479, 37, 3.4031481742858887, 1.6501312255859375, 24.895549774169922
5007479, 37, 3.5783801078796387, 1.747696042060852, 25.889774322509766
5007479, 37, 3.759936571121216, 1.8514348268508911, 26.8820743560791
5007479, 37, 3.952850103378296, 1.9650561809539795, 27.873096466064453
5007479, 37, 4.14383602142334, 2.077895164489746, 28.8641300201416
5007479, 37, 4.211455345153809, 2.086949348449707, 29.86298370361328
4431350, 38, 0.17422492802143097, 0.0984620675444603, 0.9939281344413757
4431350, 38, 0.34916195273399353, 0.19746950268745422, 1.9881325960159302
4431350, 38, 0.524162769317627, 0.2958773076534271, 2.981783628463745
4431350, 38, 0.6399994492530823, 0.33670303225517273, 3.979116916656494
4431350, 38, 0.8170340061187744, 0.4366149604320526, 4.972919464111328
4431350, 38, 0.9841126203536987, 0.5293500423431396, 5.9674391746521
4431350, 38, 1.157486081123352, 0.626539409160614, 6.961420059204102
4431350, 38, 1.2248516082763672, 0.636860728263855, 7.960607528686523
4431350, 38, 1.397403597831726, 0.7339903712272644, 8.954703330993652
4431350, 38, 1.56496000289917, 0.8265834450721741, 9.949111938476562
4431350, 38, 1.6360836029052734, 0.8387855887413025, 10.94811725616455
4431350, 38, 1.810295820236206, 0.9366834163665771, 11.942466735839844
4431350, 38, 1.9314451217651367, 0.9839761257171631, 12.939818382263184
4431350, 38, 2.106940269470215, 1.082444667816162, 13.933846473693848
4431350, 38, 2.2839932441711426, 1.182982087135315, 14.92748737335205
4431350, 38, 2.4658422470092773, 1.2871724367141724, 15.920909881591797
4431350, 38, 2.6429176330566406, 1.3873766660690308, 16.913984298706055
4431350, 38, 2.8263490200042725, 1.4947563409805298, 17.906240463256836
4431350, 38, 2.9974193572998047, 1.5926636457443237, 18.90011215209961
4431350, 38, 3.177320957183838, 1.696480393409729, 19.893747329711914
4431350, 38, 3.3592395782470703, 1.8022441864013672, 20.886783599853516
4431350, 38, 3.438995838165283, 1.816742181777954, 21.885469436645508
4431350, 38, 3.6200156211853027, 1.919218897819519, 22.878740310668945
4431350, 38, 3.7944281101226807, 2.016840696334839, 23.87316131591797
4431350, 38, 3.8631064891815186, 2.0273685455322266, 24.872331619262695
4431350, 38, 3.9306445121765137, 2.0379252433776855, 25.871509552001953
4431350, 38, 4.00059700012207, 2.0503783226013184, 26.87055015563965
4431350, 38, 4.069998741149902, 2.0626111030578613, 27.86960792541504
4431350, 38, 4.240973949432373, 2.1581103801727295, 28.86431884765625
4431350, 38, 4.411986827850342, 2.253314256668091, 29.85845184326172
5144366, 39, 0.16693495213985443, 0.09361454099416733, 0.994545042514801
5144366, 39, 0.3326300382614136, 0.18604776263237, 1.989696741104126
5144366, 39, 0.4144156575202942, 0.20203952491283417, 2.988001585006714
5144366, 39, 0.5784633159637451, 0.29240286350250244, 3.98306941986084
5144366, 39, 0.6545731425285339, 0.3065378963947296, 4.9817399978637695
5144366, 39, 0.8197652697563171, 0.3976922929286957, 5.976813316345215
5144366, 39, 0.8955351710319519, 0.41152918338775635, 6.975637912750244
5144366, 39, 1.0686510801315308, 0.5061792135238647, 7.97011661529541
5144366, 39, 1.2377276420593262, 0.5980979204177856, 8.964903831481934
5144366, 39, 1.4063373804092407, 0.6890531778335571, 9.959538459777832
5144366, 39, 1.5803310871124268, 0.7831259965896606, 10.953810691833496
5144366, 39, 1.7509822845458984, 0.8762166500091553, 11.948336601257324
5144366, 39, 1.9196606874465942, 0.9679153561592102, 12.94300365447998
5144366, 39, 2.090745687484741, 1.0604636669158936, 13.937806129455566
5144366, 39, 2.2574470043182373, 1.1510707139968872, 14.932642936706543
5144366, 39, 2.4274487495422363, 1.2439197301864624, 15.9273099899292
5144366, 39, 2.5175914764404297, 1.263911247253418, 16.924917221069336
5144366, 39, 2.6891586780548096, 1.3570870161056519, 17.919179916381836
5144366, 39, 2.7720117568969727, 1.3728382587432861, 18.917394638061523
5144366, 39, 2.9555258750915527, 1.4746646881103516, 19.910615921020508
5144366, 39, 3.1358306407928467, 1.5739140510559082, 20.904430389404297
5144366, 39, 3.3126184940338135, 1.6704316139221191, 21.89878273010254
5144366, 39, 3.4880871772766113, 1.7653958797454834, 22.892927169799805
5144366, 39, 3.6586782932281494, 1.85805344581604, 23.887643814086914
5144366, 39, 3.8278286457061768, 1.9499543905258179, 24.88258934020996
5144366, 39, 3.993701457977295, 2.039999485015869, 25.877944946289062
5144366, 39, 4.160133361816406, 2.1313915252685547, 26.873106002807617
5144366, 39, 4.32409143447876, 2.2196712493896484, 27.868375778198242
5144366, 39, 4.485589981079102, 2.307119846343994, 28.86383056640625
5144366, 39, 4.6550822257995605, 2.4012227058410645, 29.859195709228516
5037673, 40, 0.16325685381889343, 0.09092934429645538, 0.9949272871017456
5037673, 40, 0.24093499779701233, 0.10535836219787598, 1.9934337139129639
5037673, 40, 0.4067917466163635, 0.19767531752586365, 2.988370895385742
5037673, 40, 0.4772999882698059, 0.20921345055103302, 3.987236976623535
5037673, 40, 0.5409132242202759, 0.21830689907073975, 4.986389636993408
5037673, 40, 0.6993745565414429, 0.30541375279426575, 5.981958389282227
5037673, 40, 0.8580819368362427, 0.39134320616722107, 6.977556228637695
5037673, 40, 1.0155644416809082, 0.4775741696357727, 7.9733099937438965
5037673, 40, 1.0922199487686157, 0.49205446243286133, 8.972223281860352
5037673, 40, 1.2479803562164307, 0.5758772492408752, 9.968194007873535
5037673, 40, 1.4102067947387695, 0.6641730666160583, 10.963791847229004
5037673, 40, 1.5675851106643677, 0.7494500875473022, 11.959688186645508
5037673, 40, 1.7263002395629883, 0.8355896472930908, 12.95544147491455
5037673, 40, 1.8923008441925049, 0.9262970685958862, 13.950887680053711
5037673, 40, 1.9703738689422607, 0.9407574534416199, 14.949490547180176
5037673, 40, 2.144198179244995, 1.0368436574935913, 15.943483352661133
5037673, 40, 2.322053909301758, 1.137614369392395, 16.936979293823242
5037673, 40, 2.4925856590270996, 1.2333219051361084, 17.93134880065918
5037673, 40, 2.666698694229126, 1.3319011926651, 18.925447463989258
5037673, 40, 2.839690685272217, 1.4294301271438599, 19.919763565063477
5037673, 40, 3.010819673538208, 1.5259754657745361, 20.91436004638672
5037673, 40, 3.185344696044922, 1.6233656406402588, 21.908601760864258
5037673, 40, 3.353518009185791, 1.7162601947784424, 22.90353775024414
5037673, 40, 3.5158028602600098, 1.8047850131988525, 23.89892578125
5037673, 40, 3.6829845905303955, 1.8971636295318604, 24.894079208374023
5037673, 40, 3.8476247787475586, 1.9876477718353271, 25.889408111572266
5037673, 40, 3.9187352657318115, 1.9993256330490112, 26.888351440429688
5037673, 40, 4.085748195648193, 2.0905728340148926, 27.883623123168945
5037673, 40, 4.15319299697876, 2.101088285446167, 28.88271713256836
5037673, 40, 4.3135294914245605, 2.188495397567749, 29.877960205078125
4766524, 41, 0.17943112552165985, 0.10269875079393387, 0.9931252598762512
4766524, 41, 0.2502153515815735, 0.11502626538276672, 1.992048978805542
4766524, 41, 0.42849552631378174, 0.21714356541633606, 2.9850776195526123
4766524, 41, 0.4954935312271118, 0.22753958404064178, 3.984170436859131
4766524, 41, 0.672458291053772, 0.3275446593761444, 4.978083610534668
4766524, 41, 0.8450517654418945, 0.42459189891815186, 5.972121715545654
4766524, 41, 0.9089508056640625, 0.4344669282436371, 6.971360206604004
4766524, 41, 1.081421136856079, 0.5317651629447937, 7.965644836425781
4766524, 41, 1.148825764656067, 0.5429452657699585, 8.964814186096191
4766524, 41, 1.3248904943466187, 0.6423314213752747, 9.958657264709473
4766524, 41, 1.3922169208526611, 0.6519532799720764, 10.957839012145996
4766524, 41, 1.5755115747451782, 0.7571167945861816, 11.950620651245117
4766524, 41, 1.754612922668457, 0.8590367436408997, 12.943933486938477
4766524, 41, 1.937383770942688, 0.964275598526001, 13.936759948730469
4766524, 41, 2.1156930923461914, 1.0668327808380127, 14.929718971252441
4766524, 41, 2.295602321624756, 1.1719703674316406, 15.922954559326172
4766524, 41, 2.47714900970459, 1.2788935899734497, 16.91603660583496
4766524, 41, 2.653489351272583, 1.3818366527557373, 17.9094295501709
4766524, 41, 2.834226608276367, 1.4882649183273315, 18.902206420898438
4766524, 41, 3.015376091003418, 1.5946325063705444, 19.89482879638672
4766524, 41, 3.193065881729126, 1.697218418121338, 20.888076782226562
4766524, 41, 3.3745100498199463, 1.8018314838409424, 21.880813598632812
4766524, 41, 3.5517187118530273, 1.902991533279419, 22.874462127685547
4766524, 41, 3.623225212097168, 1.913823127746582, 23.87354278564453
4766524, 41, 3.6910336017608643, 1.924325704574585, 24.87273406982422
4766524, 41, 3.868638038635254, 2.025580883026123, 25.8660888671875
4766524, 41, 4.041733264923096, 2.12323260307312, 26.85979461669922
4766524, 41, 4.110232353210449, 2.1348953247070312, 27.858821868896484
4766524, 41, 4.290831565856934, 2.2378408908843994, 28.852876663208008
4766524, 41, 4.475053787231445, 2.344034433364868, 29.845352172851562
1262475, 42, 0.16017606854438782, 0.08746115118265152, 0.9955664277076721
1262475, 42, 0.31744033098220825, 0.1736738532781601, 1.991302490234375
1262475, 42, 0.47491157054901123, 0.25903236865997314, 2.9869511127471924
1262475, 42, 0.6276162266731262, 0.33936357498168945, 3.983133554458618
1262475, 42, 0.7936116456985474, 0.4306644797325134, 4.978011608123779
1262475, 42, 0.8614526987075806, 0.4411303400993347, 5.977005481719971
1262475, 42, 0.9935783743858337, 0.5037636160850525, 6.974079608917236
1262475, 42, 1.146716594696045, 0.5857256054878235, 7.969991683959961
1262475, 42, 1.2987842559814453, 0.6668147444725037, 8.966201782226562
1262475, 42, 1.457946538925171, 0.7526252865791321, 9.962034225463867
1262475, 42, 1.6159703731536865, 0.8379063010215759, 10.957874298095703
1262475, 42, 1.77482008934021, 0.9232534766197205, 11.953566551208496
1262475, 42, 1.9390075206756592, 1.0128753185272217, 12.94908332824707
1262475, 42, 2.1026291847229004, 1.1016161441802979, 13.9444580078125
1262475, 42, 2.2687294483184814, 1.192718505859375, 14.939640045166016
1262475, 42, 2.347222089767456, 1.2080484628677368, 15.938164710998535
1262475, 42, 2.5158934593200684, 1.2989592552185059, 16.933269500732422
1262475, 42, 2.5882155895233154, 1.3108241558074951, 17.93210792541504
1262475, 42, 2.752859354019165, 1.3998701572418213, 18.926921844482422
1262475, 42, 2.828352689743042, 1.413214087486267, 19.92551612854004
1262475, 42, 2.9906954765319824, 1.5021331310272217, 20.920970916748047
1262475, 42, 3.1531946659088135, 1.5900501012802124, 21.91623878479004
1262475, 42, 3.3215458393096924, 1.681098222732544, 22.91122817993164
1262475, 42, 3.4879567623138428, 1.771066427230835, 23.906278610229492
1262475, 42, 3.647317409515381, 1.8560069799423218, 24.901931762695312
1262475, 42, 3.717686414718628, 1.8675506114959717, 25.900728225708008
1262475, 42, 3.8792288303375244, 1.9545717239379883, 26.89669418334961
1262475, 42, 4.040413856506348, 2.0408010482788086, 27.892194747924805
1262475, 42, 4.108273029327393, 2.051630735397339, 28.891216278076172
1262475, 42, 4.2691731452941895, 2.1393251419067383, 29.886816024780273
5010602, 43, 0.08146285265684128, 0.015911228954792023, 0.9982669949531555
5010602, 43, 0.24222645163536072, 0.10592805594205856, 1.9931650161743164
5010602, 43, 0.4103734493255615, 0.20088665187358856, 2.9877099990844727
5010602, 43, 0.5689817070960999, 0.2895682752132416, 3.9828691482543945
5010602, 43, 0.6476994156837463, 0.3040076792240143, 4.981401443481445
5010602, 43, 0.8046071529388428, 0.39115798473358154, 5.976759433746338
5010602, 43, 0.9728734493255615, 0.48525094985961914, 6.971538543701172
5010602, 43, 1.1347291469573975, 0.5750076174736023, 7.966515064239502
5010602, 43, 1.2495436668395996, 0.6190706491470337, 8.964058876037598
5010602, 43, 1.3247133493423462, 0.6325357556343079, 9.962682723999023
5010602, 43, 1.4036319255828857, 0.6480137705802917, 10.961051940917969
5010602, 43, 1.5653996467590332, 0.7380830645561218, 11.956452369689941
5010602, 43, 1.7287771701812744, 0.8296403884887695, 12.95155143737793
5010602, 43, 1.8917441368103027, 0.9196780323982239, 13.94662094116211
5010602, 43, 1.9634581804275513, 0.9305949211120605, 14.94548225402832
5010602, 43, 2.131626605987549, 1.024468183517456, 15.940103530883789
5010602, 43, 2.297028064727783, 1.1167534589767456, 16.93450927734375
5010602, 43, 2.46606183052063, 1.212556004524231, 17.928897857666016
5010602, 43, 2.5515456199645996, 1.2292165756225586, 18.926876068115234
5010602, 43, 2.713700532913208, 1.319339632987976, 19.921680450439453
5010602, 43, 2.8777389526367188, 1.4116288423538208, 20.916677474975586
5010602, 43, 2.990243911743164, 1.4488235712051392, 21.914091110229492
5010602, 43, 3.159008264541626, 1.5437581539154053, 22.90818977355957
5010602, 43, 3.232048511505127, 1.5551186800003052, 23.907005310058594
5010602, 43, 3.3968048095703125, 1.6470061540603638, 24.901817321777344
5010602, 43, 3.5628154277801514, 1.7394481897354126, 25.896791458129883
5010602, 43, 3.721806526184082, 1.8278043270111084, 26.892005920410156
5010602, 43, 3.7969908714294434, 1.8412033319473267, 27.890649795532227
5010602, 43, 3.9580016136169434, 1.930922031402588, 28.88580894470215
5010602, 43, 4.121311187744141, 2.02213191986084, 29.880897521972656
4961513, 44, 0.1694067120552063, 0.09501032531261444, 0.9946022629737854
4961513, 44, 0.33535975217819214, 0.18776361644268036, 1.9893856048583984
4961513, 44, 0.4100343883037567, 0.20120689272880554, 2.988274097442627
4961513, 44, 0.4793998897075653, 0.2120811492204666, 3.9873569011688232
4961513, 44, 0.6479268670082092, 0.3055313229560852, 4.9823150634765625
4961513, 44, 0.7121822237968445, 0.31475672125816345, 5.981561183929443
4961513, 44, 0.8800802826881409, 0.40804412961006165, 6.975821018218994
4961513, 44, 1.048772931098938, 0.5012231469154358, 7.970180511474609
4961513, 44, 1.2056962251663208, 0.5865498185157776, 8.965715408325195
4961513, 44, 1.3700339794158936, 0.6765130162239075, 9.960556030273438
4961513, 44, 1.5394062995910645, 0.7696504592895508, 10.95529842376709
4961513, 44, 1.6111677885055542, 0.7815191745758057, 11.954288482666016
4961513, 44, 1.7815169095993042, 0.875886082649231, 12.948345184326172
4961513, 44, 1.9522355794906616, 0.9704492688179016, 13.942752838134766
4961513, 44, 2.1247541904449463, 1.0673261880874634, 14.936330795288086
4961513, 44, 2.3053343296051025, 1.1710511445999146, 15.929490089416504
4961513, 44, 2.4817421436309814, 1.2716220617294312, 16.92338752746582
4961513, 44, 2.6645920276641846, 1.3768320083618164, 17.916364669799805
4961513, 44, 2.839801788330078, 1.4771243333816528, 18.910099029541016
4961513, 44, 3.0095722675323486, 1.5729275941848755, 19.904062271118164
4961513, 44, 3.0796024799346924, 1.5828453302383423, 20.90321159362793
4961513, 44, 3.2510340213775635, 1.678230881690979, 21.89739227294922
4961513, 44, 3.4264402389526367, 1.7754360437393188, 22.89153480529785
4961513, 44, 3.5946295261383057, 1.8678950071334839, 23.88629913330078
4961513, 44, 3.659653663635254, 1.877351999282837, 24.88555335998535
4961513, 44, 3.725565195083618, 1.8873785734176636, 25.884746551513672
4961513, 44, 3.8995256423950195, 1.984721302986145, 26.879077911376953
4961513, 44, 4.071208477020264, 2.080979585647583, 27.8731689453125
4961513, 44, 4.243926525115967, 2.1768980026245117, 28.867679595947266
4961513, 44, 4.405243396759033, 2.2657907009124756, 29.862682342529297
5059948, 45, 0.06390267610549927, 0.009818565100431442, 0.9989897608757019
5059948, 45, 0.13048246502876282, 0.020336829125881195, 1.998000144958496
5059948, 45, 0.30306869745254517, 0.11616287380456924, 2.992414951324463
5059948, 45, 0.4788811504840851, 0.21454253792762756, 3.986722946166992
5059948, 45, 0.6477679014205933, 0.30733251571655273, 4.980619430541992
5059948, 45, 0.826565146446228, 0.40726417303085327, 5.974593639373779
5059948, 45, 1.0031465291976929, 0.5054295659065247, 6.968614101409912
5059948, 45, 1.066179871559143, 0.5142830014228821, 7.967883586883545
5059948, 45, 1.2351993322372437, 0.6050277352333069, 8.963327407836914
5059948, 45, 1.3071322441101074, 0.6165215373039246, 9.962316513061523
5059948, 45, 1.4745230674743652, 0.7065383791923523, 10.957067489624023
5059948, 45, 1.6435935497283936, 0.7981735467910767, 11.951828956604004
5059948, 45, 1.8206919431686401, 0.8953775763511658, 12.945486068725586
5059948, 45, 2.0022668838500977, 0.9960759282112122, 13.938764572143555
5059948, 45, 2.188418388366699, 1.1012375354766846, 14.931900978088379
5059948, 45, 2.2570102214813232, 1.1108518838882446, 15.930931091308594
5059948, 45, 2.444732666015625, 1.2172688245773315, 16.923608779907227
5059948, 45, 2.6122360229492188, 1.3078354597091675, 17.91817855834961
5059948, 45, 2.7924888134002686, 1.4083470106124878, 18.911657333374023
5059948, 45, 2.978243827819824, 1.5130418539047241, 19.904151916503906
5059948, 45, 3.156381130218506, 1.6109298467636108, 20.89780616760254
5059948, 45, 3.3367795944213867, 1.7104309797286987, 21.891263961791992
5059948, 45, 3.5165772438049316, 1.8096356391906738, 22.88494873046875
5059948, 45, 3.6987528800964355, 1.9098381996154785, 23.877681732177734
5059948, 45, 3.869948387145996, 2.002081871032715, 24.872404098510742
5059948, 45, 4.051086902618408, 2.1007277965545654, 25.865949630737305
5059948, 45, 4.233056545257568, 2.2012932300567627, 26.859594345092773
5059948, 45, 4.40787410736084, 2.2960875034332275, 27.854103088378906
5059948, 45, 4.581506252288818, 2.3902406692504883, 28.848461151123047
5059948, 45, 4.757647514343262, 2.4865806102752686, 29.842605590820312
4855738, 46, 0.16770486533641815, 0.09390874952077866, 0.9947603344917297
4855738, 46, 0.3323988914489746, 0.18685132265090942, 1.9900412559509277
4855738, 46, 0.5009840130805969, 0.28080564737319946, 2.9848289489746094
4855738, 46, 0.573205292224884, 0.2924063801765442, 3.98380184173584
4855738, 46, 0.7382281422615051, 0.3838120698928833, 4.978683948516846
4855738, 46, 0.8999382257461548, 0.47337454557418823, 5.974185466766357
4855738, 46, 1.0659747123718262, 0.5661610960960388, 6.96937370300293
4855738, 46, 1.2200899124145508, 0.651239812374115, 7.965249538421631
4855738, 46, 1.2975090742111206, 0.6650415062904358, 8.963971138000488
4855738, 46, 1.4541147947311401, 0.7512038350105286, 9.959566116333008
4855738, 46, 1.6113516092300415, 0.8376566767692566, 10.955084800720215
4855738, 46, 1.7690749168395996, 0.9250908493995667, 11.950883865356445
4855738, 46, 1.8705722093582153, 0.9565950632095337, 12.94912338256836
4855738, 46, 2.029531240463257, 1.0442161560058594, 13.94466781616211
4855738, 46, 2.1926493644714355, 1.1363803148269653, 14.94001293182373
4855738, 46, 2.36549973487854, 1.2340514659881592, 15.934536933898926
4855738, 46, 2.5310330390930176, 1.3272027969360352, 16.929370880126953
4855738, 46, 2.7022576332092285, 1.4255253076553345, 17.923561096191406
4855738, 46, 2.8707377910614014, 1.521346092224121, 18.918312072753906
4855738, 46, 2.9599263668060303, 1.5403982400894165, 19.916242599487305
4855738, 46, 3.130571126937866, 1.636383295059204, 20.910442352294922
4855738, 46, 3.2919723987579346, 1.7255783081054688, 21.90593147277832
4855738, 46, 3.3694846630096436, 1.739898920059204, 22.90460777282715
4855738, 46, 3.5330922603607178, 1.8308508396148682, 23.900390625
4855738, 46, 3.692422389984131, 1.9185535907745361, 24.89622688293457
4855738, 46, 3.84798002243042, 2.004587173461914, 25.89191436767578
4855738, 46, 3.9280271530151367, 2.0202555656433105, 26.89038848876953
4855738, 46, 4.090859889984131, 2.109927177429199, 27.886037826538086
4855738, 46, 4.175028324127197, 2.127229928970337, 28.88430404663086
4855738, 46, 4.333409309387207, 2.2145094871520996, 29.87969398498535
