Case_ID, Slide_ID, mae, mse, ssim
5266205, 1, 0.17962081730365753, 0.04242485389113426, 0.9952400326728821
5266205, 1, 0.3570746183395386, 0.08379493653774261, 1.9906864166259766
5266205, 1, 0.5339463353157043, 0.1247434988617897, 2.9863343238830566
5266205, 1, 0.7123330235481262, 0.1661262810230255, 3.981696367263794
5266205, 1, 0.9082503318786621, 0.21610981225967407, 4.975337505340576
5266205, 1, 1.1069648265838623, 0.26758629083633423, 5.968719959259033
5266205, 1, 1.3013570308685303, 0.31706178188323975, 6.962493419647217
5266205, 1, 1.4947965145111084, 0.366143137216568, 7.956342697143555
5266205, 1, 1.6907395124435425, 0.4166029095649719, 8.949920654296875
5266205, 1, 1.8892288208007812, 0.46835047006607056, 9.943267822265625
5266205, 1, 2.0731515884399414, 0.5133274793624878, 10.937935829162598
5266205, 1, 2.2467143535614014, 0.5534257888793945, 11.933730125427246
5266205, 1, 2.419954776763916, 0.5931029915809631, 12.929641723632812
5266205, 1, 2.594968795776367, 0.6330170035362244, 13.925652503967285
5266205, 1, 2.7741024494171143, 0.6760714054107666, 14.920699119567871
5266205, 1, 2.952862024307251, 0.7190906405448914, 15.91590690612793
5266205, 1, 3.133316993713379, 0.7627390027046204, 16.911169052124023
5266205, 1, 3.3143718242645264, 0.8051981925964355, 17.906673431396484
5266205, 1, 3.489886999130249, 0.8453439474105835, 18.902395248413086
5266205, 1, 3.6648998260498047, 0.8849871158599854, 19.898191452026367
5266205, 1, 3.8447182178497314, 0.9272902011871338, 20.893661499023438
5266205, 1, 4.027921676635742, 0.9723313450813293, 21.888418197631836
5266205, 1, 4.203714370727539, 1.0133421421051025, 22.883941650390625
5266205, 1, 4.376018047332764, 1.0526515245437622, 23.87993621826172
5266205, 1, 4.549037456512451, 1.092657208442688, 24.87563705444336
5266205, 1, 4.7210307121276855, 1.132092833518982, 25.871417999267578
5266205, 1, 4.92930793762207, 1.18865966796875, 26.86382293701172
5266205, 1, 5.1050567626953125, 1.229715347290039, 27.859214782714844
5266205, 1, 5.287990093231201, 1.2741506099700928, 28.853912353515625
5266205, 1, 5.459730625152588, 1.3130348920822144, 29.849843978881836
5110047, 2, 0.18256109952926636, 0.04408353567123413, 0.995157778263092
5110047, 2, 0.3626161217689514, 0.0868314728140831, 1.9905359745025635
5110047, 2, 0.5430500507354736, 0.1294306516647339, 2.9859118461608887
5110047, 2, 0.7245671153068542, 0.1722678542137146, 3.9811794757843018
5110047, 2, 0.9031952619552612, 0.214159294962883, 4.976657390594482
5110047, 2, 1.0829665660858154, 0.256471186876297, 5.97212028503418
5110047, 2, 1.2639009952545166, 0.299187570810318, 6.967482089996338
5110047, 2, 1.4479928016662598, 0.3434010148048401, 7.962404251098633
5110047, 2, 1.6297658681869507, 0.38673508167266846, 8.957517623901367
5110047, 2, 1.8043230772018433, 0.42758598923683167, 9.953201293945312
5110047, 2, 1.9768738746643066, 0.46752166748046875, 10.949098587036133
5110047, 2, 2.1512398719787598, 0.5079571008682251, 11.94489574432373
5110047, 2, 2.3281328678131104, 0.5494961738586426, 12.940547943115234
5110047, 2, 2.506286144256592, 0.5916243195533752, 13.93615436553955
5110047, 2, 2.686836004257202, 0.6350609660148621, 14.9315185546875
5110047, 2, 2.876506805419922, 0.6825248003005981, 15.92614459991455
5110047, 2, 3.0690484046936035, 0.7306627631187439, 16.920970916748047
5110047, 2, 3.2631850242614746, 0.7811240553855896, 17.914955139160156
5110047, 2, 3.4471967220306396, 0.8258149027824402, 18.90985870361328
5110047, 2, 3.6327662467956543, 0.8699082732200623, 19.90499496459961
5110047, 2, 3.8250136375427246, 0.9182380437850952, 20.899362564086914
5110047, 2, 4.016894340515137, 0.966058611869812, 21.893869400024414
5110047, 2, 4.2005534172058105, 1.010233759880066, 22.888933181762695
5110047, 2, 4.379648685455322, 1.0527180433273315, 23.884445190429688
5110047, 2, 4.56051778793335, 1.095974326133728, 24.87978172302246
5110047, 2, 4.741636276245117, 1.1392531394958496, 25.875045776367188
5110047, 2, 4.920358657836914, 1.1817065477371216, 26.87065315246582
5110047, 2, 5.098612308502197, 1.2241857051849365, 27.86628532409668
5110047, 2, 5.276951313018799, 1.2670910358428955, 28.861907958984375
5110047, 2, 5.455282688140869, 1.3099900484085083, 29.857614517211914
4954663, 3, 0.19658365845680237, 0.04967060312628746, 0.9941239953041077
4954663, 3, 0.396043062210083, 0.10111314058303833, 1.987790584564209
4954663, 3, 0.5877643823623657, 0.1481858491897583, 2.9824533462524414
4954663, 3, 0.7809560894966125, 0.19592460989952087, 3.976898431777954
4954663, 3, 0.9703748226165771, 0.2420070767402649, 4.971726894378662
4954663, 3, 1.1591695547103882, 0.2877581715583801, 5.966587543487549
4954663, 3, 1.343498706817627, 0.33161473274230957, 6.961818695068359
4954663, 3, 1.5289820432662964, 0.3756800591945648, 7.9568939208984375
4954663, 3, 1.7184869050979614, 0.42202672362327576, 8.951464653015137
4954663, 3, 1.9040287733078003, 0.46645504236221313, 9.94641399383545
4954663, 3, 2.0847861766815186, 0.508869469165802, 10.941865921020508
4954663, 3, 2.2668509483337402, 0.5516343712806702, 11.937227249145508
4954663, 3, 2.4492685794830322, 0.594571590423584, 12.932549476623535
4954663, 3, 2.6350326538085938, 0.6392321586608887, 13.927427291870117
4954663, 3, 2.8229825496673584, 0.6848638653755188, 14.92216968536377
4954663, 3, 3.016301393508911, 0.7334688305854797, 15.916447639465332
4954663, 3, 3.211280345916748, 0.782915472984314, 16.910688400268555
4954663, 3, 3.3998239040374756, 0.8286500573158264, 17.905643463134766
4954663, 3, 3.5851564407348633, 0.8733123540878296, 18.90059471130371
4954663, 3, 3.7726025581359863, 0.9186897277832031, 19.895505905151367
4954663, 3, 3.9644594192504883, 0.9660736918449402, 20.89017677307129
4954663, 3, 4.156370639801025, 1.013689398765564, 21.88467025756836
4954663, 3, 4.343751907348633, 1.0589693784713745, 22.879575729370117
4954663, 3, 4.525582790374756, 1.1017577648162842, 23.874963760375977
4954663, 3, 4.71116828918457, 1.146438479423523, 24.86981201171875
4954663, 3, 4.891236305236816, 1.1887761354446411, 25.865190505981445
4954663, 3, 5.074759483337402, 1.2324928045272827, 26.86024284362793
4954663, 3, 5.2621588706970215, 1.2779099941253662, 27.85491943359375
4954663, 3, 5.453745365142822, 1.3254278898239136, 28.849172592163086
4954663, 3, 5.636051654815674, 1.3687022924423218, 29.844369888305664
4899760, 4, 0.20357777178287506, 0.05451931431889534, 0.9929319620132446
4899760, 4, 0.38605567812919617, 0.09923112392425537, 1.987844467163086
4899760, 4, 0.567902147769928, 0.1436520665884018, 2.982774257659912
4899760, 4, 0.7474378347396851, 0.18710294365882874, 3.9777991771698
4899760, 4, 0.9252638816833496, 0.22964376211166382, 4.972933769226074
4899760, 4, 1.099969744682312, 0.27093756198883057, 5.968337535858154
4899760, 4, 1.2768992185592651, 0.31306198239326477, 6.963566780090332
4899760, 4, 1.4518800973892212, 0.35432517528533936, 7.959014415740967
4899760, 4, 1.629496693611145, 0.3967074751853943, 8.954255104064941
4899760, 4, 1.8082221746444702, 0.4393722116947174, 9.949399948120117
4899760, 4, 1.9906988143920898, 0.48368021845817566, 10.944242477416992
4899760, 4, 2.1715824604034424, 0.527520477771759, 11.93923568725586
4899760, 4, 2.3528003692626953, 0.571514368057251, 12.93421745300293
4899760, 4, 2.5425519943237305, 0.6192492246627808, 13.928452491760254
4899760, 4, 2.735689163208008, 0.6687639951705933, 14.922486305236816
4899760, 4, 2.929198980331421, 0.7187545299530029, 15.916512489318848
4899760, 4, 3.115058183670044, 0.7640694379806519, 16.911447525024414
4899760, 4, 3.3034286499023438, 0.8108882904052734, 17.90606117248535
4899760, 4, 3.495488166809082, 0.8605291843414307, 18.9002742767334
4899760, 4, 3.6812639236450195, 0.9068979620933533, 19.89508628845215
4899760, 4, 3.860757827758789, 0.9502130150794983, 20.890289306640625
4899760, 4, 4.03983211517334, 0.99314284324646, 21.885478973388672
4899760, 4, 4.215951919555664, 1.034966230392456, 22.880897521972656
4899760, 4, 4.387174129486084, 1.0744794607162476, 23.87674903869629
4899760, 4, 4.559718608856201, 1.1143637895584106, 24.872411727905273
4899760, 4, 4.733908653259277, 1.1550005674362183, 25.86789894104004
4899760, 4, 4.907027244567871, 1.195259690284729, 26.86345863342285
4899760, 4, 5.086170196533203, 1.2380625009536743, 27.858482360839844
4899760, 4, 5.26915168762207, 1.2826520204544067, 28.85321044921875
4899760, 4, 5.454260349273682, 1.3282257318496704, 29.847789764404297
5262914_2, 5, 0.22717233002185822, 0.0681377649307251, 0.990454375743866
5262914_2, 5, 0.4218732714653015, 0.11727595329284668, 1.9846971035003662
5262914_2, 5, 0.6156469583511353, 0.16613741219043732, 2.97896671295166
5262914_2, 5, 0.8396355509757996, 0.23230428993701935, 3.969780445098877
5262914_2, 5, 1.061593770980835, 0.29722994565963745, 4.960832595825195
5262914_2, 5, 1.2891676425933838, 0.3654027581214905, 5.951274871826172
5262914_2, 5, 1.5151551961898804, 0.43255606293678284, 6.941897392272949
5262914_2, 5, 1.7071788311004639, 0.48079580068588257, 7.936191082000732
5262914_2, 5, 1.8986055850982666, 0.5285603404045105, 8.93056583404541
5262914_2, 5, 2.0863351821899414, 0.5743525624275208, 9.925396919250488
5262914_2, 5, 2.2862603664398193, 0.6269370913505554, 10.918743133544922
5262914_2, 5, 2.480969190597534, 0.6766570210456848, 11.912755012512207
5262914_2, 5, 2.6761116981506348, 0.726844310760498, 12.90673828125
5262914_2, 5, 2.865945339202881, 0.7733611464500427, 13.901890754699707
5262914_2, 5, 3.0588982105255127, 0.8213605284690857, 14.896734237670898
5262914_2, 5, 3.2537989616394043, 0.8704312443733215, 15.891329765319824
5262914_2, 5, 3.4483306407928467, 0.9197118878364563, 16.885772705078125
5262914_2, 5, 3.6376662254333496, 0.9661898612976074, 17.880657196044922
5262914_2, 5, 3.8356406688690186, 1.0198121070861816, 18.87383270263672
5262914_2, 5, 4.028858661651611, 1.0705095529556274, 19.867807388305664
5262914_2, 5, 4.226175308227539, 1.1205523014068604, 20.86241340637207
5262914_2, 5, 4.419964790344238, 1.1691985130310059, 21.857128143310547
5262914_2, 5, 4.611743927001953, 1.2170408964157104, 22.851850509643555
5262914_2, 5, 4.806890964508057, 1.2670974731445312, 23.845888137817383
5262914_2, 5, 4.9988789558410645, 1.314998745918274, 24.840301513671875
5262914_2, 5, 5.187236309051514, 1.3608826398849487, 25.835113525390625
5262914_2, 5, 5.375268459320068, 1.4065289497375488, 26.829988479614258
5262914_2, 5, 5.565372467041016, 1.4532908201217651, 27.824623107910156
5262914_2, 5, 5.755558013916016, 1.500235676765442, 28.819211959838867
5262914_2, 5, 5.944582462310791, 1.5464458465576172, 29.81397247314453
5216902, 6, 0.1798500418663025, 0.04277295991778374, 0.9951541423797607
5216902, 6, 0.3568601608276367, 0.0844355896115303, 1.9905680418014526
5216902, 6, 0.5329501032829285, 0.12553340196609497, 2.9861254692077637
5216902, 6, 0.7107692956924438, 0.16713640093803406, 3.9815635681152344
5216902, 6, 0.8896820545196533, 0.2090492844581604, 4.9769086837768555
5216902, 6, 1.0690186023712158, 0.2511290907859802, 5.972209930419922
5216902, 6, 1.2438420057296753, 0.29158350825309753, 6.967833518981934
5216902, 6, 1.415403127670288, 0.3308963477611542, 7.963686943054199
5216902, 6, 1.586944818496704, 0.3702791929244995, 8.959540367126465
5216902, 6, 1.7609481811523438, 0.4103558361530304, 9.955194473266602
5216902, 6, 1.937650442123413, 0.45121970772743225, 10.950631141662598
5216902, 6, 2.110926628112793, 0.4911153316497803, 11.94638729095459
5216902, 6, 2.2837111949920654, 0.5311445593833923, 12.942193984985352
5216902, 6, 2.457643985748291, 0.5716890692710876, 13.937984466552734
5216902, 6, 2.6329381465911865, 0.6128685474395752, 14.9337158203125
5216902, 6, 2.8137893676757812, 0.6563171744346619, 15.928971290588379
5216902, 6, 2.998361587524414, 0.7012794613838196, 16.924062728881836
5216902, 6, 3.188598155975342, 0.7488593459129333, 17.91863250732422
5216902, 6, 3.378817081451416, 0.7972016930580139, 18.912979125976562
5216902, 6, 3.5650389194488525, 0.8420828580856323, 19.908061981201172
5216902, 6, 3.7512269020080566, 0.8870469927787781, 20.903108596801758
5216902, 6, 3.939035415649414, 0.9331139922142029, 21.897857666015625
5216902, 6, 4.124250888824463, 0.9779743552207947, 22.89277458190918
5216902, 6, 4.30392599105835, 1.0205464363098145, 23.88815689086914
5216902, 6, 4.480600833892822, 1.062140703201294, 24.883806228637695
5216902, 6, 4.658151149749756, 1.1037325859069824, 25.879301071166992
5216902, 6, 4.834489822387695, 1.1447217464447021, 26.874862670898438
5216902, 6, 5.005982875823975, 1.1842654943466187, 27.870759963989258
5216902, 6, 5.178773403167725, 1.2243043184280396, 28.866539001464844
5216902, 6, 5.3561625480651855, 1.2658377885818481, 29.8619441986084
5032506, 7, 0.17686724662780762, 0.042053043842315674, 0.9954930543899536
5032506, 7, 0.35120630264282227, 0.08288445323705673, 1.9911330938339233
5032506, 7, 0.5241073369979858, 0.12326154112815857, 2.986722946166992
5032506, 7, 0.6944718360900879, 0.16258636116981506, 3.9825632572174072
5032506, 7, 0.8635500073432922, 0.20113269984722137, 4.978551864624023
5032506, 7, 1.032383680343628, 0.23976944386959076, 5.974361419677734
5032506, 7, 1.199143409729004, 0.2777330279350281, 6.970317840576172
5032506, 7, 1.3644496202468872, 0.31487980484962463, 7.966510772705078
5032506, 7, 1.5296940803527832, 0.35179609060287476, 8.962782859802246
5032506, 7, 1.6937774419784546, 0.3883357048034668, 9.959107398986816
5032506, 7, 1.8591669797897339, 0.4250473976135254, 10.9555082321167
5032506, 7, 2.024711847305298, 0.4620444178581238, 11.951868057250977
5032506, 7, 2.190847396850586, 0.4993254542350769, 12.948224067687988
5032506, 7, 2.3572075366973877, 0.5368989706039429, 13.944463729858398
5032506, 7, 2.524876117706299, 0.5746119618415833, 14.940760612487793
5032506, 7, 2.6966400146484375, 0.6133925914764404, 15.93680191040039
5032506, 7, 2.8749186992645264, 0.6543141007423401, 16.932533264160156
5032506, 7, 3.0528318881988525, 0.6951519250869751, 17.92829704284668
5032506, 7, 3.230740547180176, 0.7358764410018921, 18.924020767211914
5032506, 7, 3.406188488006592, 0.7753169536590576, 19.919925689697266
5032506, 7, 3.5807652473449707, 0.8148427605628967, 20.915836334228516
5032506, 7, 3.753920078277588, 0.8543696999549866, 21.911815643310547
5032506, 7, 3.9245405197143555, 0.8932652473449707, 22.907974243164062
5032506, 7, 4.091946601867676, 0.9309544563293457, 23.904253005981445
5032506, 7, 4.260367393493652, 0.9690537452697754, 24.9005184173584
5032506, 7, 4.4278059005737305, 1.006859540939331, 25.896753311157227
5032506, 7, 4.594107151031494, 1.0442945957183838, 26.89305305480957
5032506, 7, 4.759307861328125, 1.0813502073287964, 27.889293670654297
5032506, 7, 4.925260543823242, 1.1184189319610596, 28.885581970214844
5032506, 7, 5.092032432556152, 1.155753493309021, 29.881765365600586
4862367, 8, 0.19156600534915924, 0.048375602811574936, 0.9941778182983398
4862367, 8, 0.3752821087837219, 0.09287084639072418, 1.9892265796661377
4862367, 8, 0.5597460865974426, 0.13724926114082336, 2.9841997623443604
4862367, 8, 0.7452399730682373, 0.18197134137153625, 3.9790191650390625
4862367, 8, 0.9276031255722046, 0.22533532977104187, 4.974201202392578
4862367, 8, 1.1090328693389893, 0.26828819513320923, 5.969479560852051
4862367, 8, 1.2935376167297363, 0.3124784827232361, 6.964390754699707
4862367, 8, 1.469261646270752, 0.353178471326828, 7.960151195526123
4862367, 8, 1.6481668949127197, 0.39496049284935, 8.955617904663086
4862367, 8, 1.832817554473877, 0.43921881914138794, 9.950523376464844
4862367, 8, 2.0110485553741455, 0.4806953966617584, 10.946073532104492
4862367, 8, 2.1874947547912598, 0.5215043425559998, 11.941814422607422
4862367, 8, 2.3655755519866943, 0.5631411671638489, 12.937414169311523
4862367, 8, 2.5463919639587402, 0.6060713529586792, 13.93262767791748
4862367, 8, 2.727520704269409, 0.6491195559501648, 14.928000450134277
4862367, 8, 2.91715931892395, 0.6963449120521545, 15.922663688659668
4862367, 8, 3.1096248626708984, 0.7445222735404968, 16.917253494262695
4862367, 8, 3.300426959991455, 0.7921926975250244, 17.911767959594727
4862367, 8, 3.4868533611297607, 0.8384575247764587, 18.906417846679688
4862367, 8, 3.6751182079315186, 0.8853833079338074, 19.90096664428711
4862367, 8, 3.862518548965454, 0.9307894110679626, 20.895919799804688
4862367, 8, 4.0464959144592285, 0.974891722202301, 21.891132354736328
4862367, 8, 4.228038787841797, 1.018004298210144, 22.886367797851562
4862367, 8, 4.407165050506592, 1.0600945949554443, 23.88184356689453
4862367, 8, 4.588106632232666, 1.1029332876205444, 24.877063751220703
4862367, 8, 4.762423992156982, 1.1428452730178833, 25.873023986816406
4862367, 8, 4.938668727874756, 1.183478832244873, 26.868690490722656
4862367, 8, 5.116938591003418, 1.225158452987671, 27.86409568786621
4862367, 8, 5.293740749359131, 1.266502022743225, 28.85966682434082
4862367, 8, 5.473280906677246, 1.3088443279266357, 29.854982376098633
1144246, 9, 0.17483671009540558, 0.040993500500917435, 0.9954473376274109
1144246, 9, 0.3471882939338684, 0.08056635409593582, 1.9910752773284912
1144246, 9, 0.5173094272613525, 0.11862121522426605, 2.987166404724121
1144246, 9, 0.6858228445053101, 0.15623131394386292, 3.983328342437744
1144246, 9, 0.8546334505081177, 0.19483622908592224, 4.979137420654297
1144246, 9, 1.027332067489624, 0.23549705743789673, 5.974548816680908
1144246, 9, 1.2033034563064575, 0.2778152525424957, 6.969657897949219
1144246, 9, 1.3790559768676758, 0.31991711258888245, 7.964788436889648
1144246, 9, 1.549503207206726, 0.35986262559890747, 8.960315704345703
1144246, 9, 1.7211878299713135, 0.4004063010215759, 9.95572566986084
1144246, 9, 1.8956866264343262, 0.442266583442688, 10.950864791870117
1144246, 9, 2.07576584815979, 0.48681142926216125, 11.945533752441406
1144246, 9, 2.256584405899048, 0.5319316983222961, 12.94009780883789
1144246, 9, 2.435898780822754, 0.5765492916107178, 13.934733390808105
1144246, 9, 2.6123955249786377, 0.6199572086334229, 14.929581642150879
1144246, 9, 2.7879281044006348, 0.6629191040992737, 15.924507141113281
1144246, 9, 2.9635725021362305, 0.705635666847229, 16.919471740722656
1144246, 9, 3.137098550796509, 0.7474554181098938, 17.914588928222656
1144246, 9, 3.304499864578247, 0.786354660987854, 18.91026496887207
1144246, 9, 3.4714579582214355, 0.8227637410163879, 19.906620025634766
1144246, 9, 3.6361165046691895, 0.8587603569030762, 20.902952194213867
1144246, 9, 3.8024911880493164, 0.895832359790802, 21.899105072021484
1144246, 9, 3.9707796573638916, 0.9343816637992859, 22.89495277404785
1144246, 9, 4.142237663269043, 0.9752283096313477, 23.890348434448242
1144246, 9, 4.3119893074035645, 1.015473484992981, 24.88589096069336
1144246, 9, 4.481154441833496, 1.0552849769592285, 25.881481170654297
1144246, 9, 4.652370929718018, 1.0959928035736084, 26.876869201660156
1144246, 9, 4.826859474182129, 1.137992262840271, 27.872053146362305
1144246, 9, 4.99902868270874, 1.178672194480896, 28.867565155029297
1144246, 9, 5.171165466308594, 1.2192445993423462, 29.863142013549805
4841237, 10, 0.1773258000612259, 0.041818056255578995, 0.9953943490982056
4841237, 10, 0.3629152476787567, 0.0870814099907875, 1.989985466003418
4841237, 10, 0.5676480531692505, 0.14161813259124756, 2.982801914215088
4841237, 10, 0.7697255611419678, 0.19487866759300232, 3.9758524894714355
4841237, 10, 0.9461291432380676, 0.23594272136688232, 4.971308708190918
4841237, 10, 1.1281121969223022, 0.2796421945095062, 5.9662299156188965
4841237, 10, 1.3061974048614502, 0.3214464783668518, 6.961581230163574
4841237, 10, 1.4821686744689941, 0.3624192774295807, 7.9571919441223145
4841237, 10, 1.6593365669250488, 0.40404805541038513, 8.952651023864746
4841237, 10, 1.83440363407135, 0.44509831070899963, 9.948224067687988
4841237, 10, 2.009721279144287, 0.4867030382156372, 10.94365406036377
4841237, 10, 2.1845571994781494, 0.5286846160888672, 11.939069747924805
4841237, 10, 2.3600876331329346, 0.5709145665168762, 12.934399604797363
4841237, 10, 2.537465810775757, 0.6139061450958252, 13.929520606994629
4841237, 10, 2.7075459957122803, 0.6541701555252075, 14.925239562988281
4841237, 10, 2.876138687133789, 0.6934278011322021, 15.921249389648438
4841237, 10, 3.0489704608917236, 0.7339017391204834, 16.917011260986328
4841237, 10, 3.2244181632995605, 0.7745232582092285, 17.912721633911133
4841237, 10, 3.4015634059906006, 0.8155646920204163, 18.908403396606445
4841237, 10, 3.5795817375183105, 0.8573448061943054, 19.90386962890625
4841237, 10, 3.752967596054077, 0.8977246284484863, 20.899370193481445
4841237, 10, 3.926393747329712, 0.9379621148109436, 21.894826889038086
4841237, 10, 4.094336986541748, 0.9761033058166504, 22.890775680541992
4841237, 10, 4.260566711425781, 1.0141932964324951, 23.886795043945312
4841237, 10, 4.426904678344727, 1.0527044534683228, 24.88273811340332
4841237, 10, 4.59257698059082, 1.091159701347351, 25.87872886657715
4841237, 10, 4.767568588256836, 1.1324741840362549, 26.874032974243164
4841237, 10, 4.933358192443848, 1.170791506767273, 27.87006187438965
4841237, 10, 5.098928451538086, 1.2089203596115112, 28.866167068481445
4841237, 10, 5.2662353515625, 1.2475000619888306, 29.862207412719727
4151265, 11, 0.1743524968624115, 0.03908773884177208, 0.9958145618438721
4151265, 11, 0.34403297305107117, 0.07702590525150299, 1.9917371273040771
4151265, 11, 0.5183730125427246, 0.11486508697271347, 2.987835168838501
4151265, 11, 0.6893887519836426, 0.15169960260391235, 3.984055757522583
4151265, 11, 0.8547630906105042, 0.18825334310531616, 4.9801926612854
4151265, 11, 1.0198649168014526, 0.2241675704717636, 5.97649621963501
4151265, 11, 1.1840757131576538, 0.2601839601993561, 6.972754955291748
4151265, 11, 1.3471062183380127, 0.29556602239608765, 7.9691290855407715
4151265, 11, 1.5105488300323486, 0.33082184195518494, 8.96553897857666
4151265, 11, 1.6723599433898926, 0.36616769433021545, 9.961895942687988
4151265, 11, 1.8338260650634766, 0.4012884497642517, 10.958327293395996
4151265, 11, 1.9970576763153076, 0.4365244507789612, 11.954791069030762
4151265, 11, 2.1586382389068604, 0.4719148874282837, 12.951140403747559
4151265, 11, 2.321288824081421, 0.5076029300689697, 13.947442054748535
4151265, 11, 2.485635280609131, 0.5436081886291504, 14.943743705749512
4151265, 11, 2.652944803237915, 0.5806084871292114, 15.93993854522705
4151265, 11, 2.823556423187256, 0.6190747022628784, 16.935895919799805
4151265, 11, 2.995323657989502, 0.6582715511322021, 17.93166732788086
4151265, 11, 3.170607566833496, 0.6991685628890991, 18.927108764648438
4151265, 11, 3.343473434448242, 0.7385793924331665, 19.922786712646484
4151265, 11, 3.513143539428711, 0.7768059968948364, 20.918582916259766
4151265, 11, 3.6825084686279297, 0.8145461082458496, 21.914525985717773
4151265, 11, 3.8495867252349854, 0.8513422608375549, 22.910751342773438
4151265, 11, 4.016057014465332, 0.8889573216438293, 23.906700134277344
4151265, 11, 4.180842399597168, 0.9258734583854675, 24.902740478515625
4151265, 11, 4.344545841217041, 0.9618661403656006, 25.89902687072754
4151265, 11, 4.507493495941162, 0.9977657794952393, 26.89533233642578
4151265, 11, 4.671568393707275, 1.0346932411193848, 27.89139747619629
4151265, 11, 4.837944984436035, 1.072547197341919, 28.887292861938477
4151265, 11, 5.003405570983887, 1.1099001169204712, 29.883377075195312
4741590, 12, 0.20349691808223724, 0.053861577063798904, 0.9930933117866516
4741590, 12, 0.39599284529685974, 0.10253997147083282, 1.9871824979782104
4741590, 12, 0.5940412282943726, 0.15360048413276672, 2.9807870388031006
4741590, 12, 0.7902581095695496, 0.20396411418914795, 3.974524736404419
4741590, 12, 0.9846793413162231, 0.253400057554245, 4.9684553146362305
4741590, 12, 1.18394935131073, 0.30526989698410034, 5.96195125579834
4741590, 12, 1.3714290857315063, 0.35153454542160034, 6.956608295440674
4741590, 12, 1.581774353981018, 0.408796489238739, 7.949052810668945
4741590, 12, 1.7797108888626099, 0.4595188498497009, 8.94277572631836
4741590, 12, 2.0036587715148926, 0.5248367786407471, 9.933716773986816
4741590, 12, 2.231813669204712, 0.5928054451942444, 10.92418098449707
4741590, 12, 2.4494283199310303, 0.6541691422462463, 11.91584300994873
4741590, 12, 2.6564085483551025, 0.7097218036651611, 12.908599853515625
4741590, 12, 2.874238967895508, 0.7714614272117615, 13.900218963623047
4741590, 12, 3.088034152984619, 0.8309746384620667, 14.892243385314941
4741590, 12, 3.30604887008667, 0.8931757211685181, 15.883787155151367
4741590, 12, 3.5084667205810547, 0.9472593665122986, 16.876976013183594
4741590, 12, 3.734247922897339, 1.0144416093826294, 17.867652893066406
4741590, 12, 3.930718421936035, 1.0653009414672852, 18.861377716064453
4741590, 12, 4.1215739250183105, 1.1134357452392578, 19.85563850402832
4741590, 12, 4.325578689575195, 1.1681538820266724, 20.848636627197266
4741590, 12, 4.522770881652832, 1.2188934087753296, 21.842430114746094
4741590, 12, 4.714415073394775, 1.2668317556381226, 22.836753845214844
4741590, 12, 4.9096808433532715, 1.3166038990020752, 23.83067512512207
4741590, 12, 5.118194103240967, 1.3733571767807007, 24.8232479095459
4741590, 12, 5.323301315307617, 1.42801833152771, 25.81619644165039
4741590, 12, 5.51067590713501, 1.4739625453948975, 26.810861587524414
4741590, 12, 5.705794811248779, 1.5234750509262085, 27.804771423339844
4741590, 12, 5.901257514953613, 1.5729788541793823, 28.798662185668945
4741590, 12, 6.098245620727539, 1.6230748891830444, 29.79241371154785
4669030, 13, 0.18465885519981384, 0.04451591148972511, 0.9951757788658142
4669030, 13, 0.36647480726242065, 0.08766920864582062, 1.9905637502670288
4669030, 13, 0.5471265912055969, 0.13045409321784973, 2.9861056804656982
4669030, 13, 0.7273880243301392, 0.17292030155658722, 3.981536865234375
4669030, 13, 0.9099657535552979, 0.2166759967803955, 4.976553916931152
4669030, 13, 1.0900753736495972, 0.2591703236103058, 5.971799850463867
4669030, 13, 1.2662765979766846, 0.29998907446861267, 6.967397212982178
4669030, 13, 1.4411110877990723, 0.3403139114379883, 7.963181495666504
4669030, 13, 1.6158453226089478, 0.3805448114871979, 8.958942413330078
4669030, 13, 1.7882885932922363, 0.41993772983551025, 9.954914093017578
4669030, 13, 1.9614557027816772, 0.4596601128578186, 10.950677871704102
4669030, 13, 2.133493661880493, 0.4985767602920532, 11.94665241241455
4669030, 13, 2.3073627948760986, 0.5380083918571472, 12.942509651184082
4669030, 13, 2.4830448627471924, 0.5783211588859558, 13.938392639160156
4669030, 13, 2.661181926727295, 0.6192246675491333, 14.934075355529785
4669030, 13, 2.840879440307617, 0.6606044769287109, 15.929850578308105
4669030, 13, 3.02449893951416, 0.7039655447006226, 16.92516326904297
4669030, 13, 3.2099177837371826, 0.7491808533668518, 17.920047760009766
4669030, 13, 3.3907604217529297, 0.791910707950592, 18.915430068969727
4669030, 13, 3.56881046295166, 0.8320739269256592, 19.911148071289062
4669030, 13, 3.7497103214263916, 0.8727519512176514, 20.906856536865234
4669030, 13, 3.9320485591888428, 0.9152480363845825, 21.90223503112793
4669030, 13, 4.1130499839782715, 0.9576416015625, 22.897716522216797
4669030, 13, 4.294613838195801, 1.0007106065750122, 23.892892837524414
4669030, 13, 4.477609634399414, 1.0446723699569702, 24.887874603271484
4669030, 13, 4.656991481781006, 1.0866166353225708, 25.883398056030273
4669030, 13, 4.835269927978516, 1.128016710281372, 26.879026412963867
4669030, 13, 5.016113758087158, 1.1706163883209229, 27.874300003051758
4669030, 13, 5.197057723999023, 1.2134243249893188, 28.869482040405273
4669030, 13, 5.375148296356201, 1.2547180652618408, 29.86499786376953
4876648, 14, 0.18340350687503815, 0.04469841346144676, 0.9951881766319275
4876648, 14, 0.3649643063545227, 0.08841970562934875, 1.9904654026031494
4876648, 14, 0.546654462814331, 0.13217949867248535, 2.985647678375244
4876648, 14, 0.7276449203491211, 0.17571651935577393, 3.9808976650238037
4876648, 14, 0.9055305123329163, 0.21787139773368835, 4.9764862060546875
4876648, 14, 1.0862572193145752, 0.2615183889865875, 5.971566200256348
4876648, 14, 1.2611833810806274, 0.3025563955307007, 6.967221260070801
4876648, 14, 1.4378572702407837, 0.34423601627349854, 7.96264123916626
4876648, 14, 1.6148306131362915, 0.38602495193481445, 8.958111763000488
4876648, 14, 1.793168544769287, 0.42839568853378296, 9.953505516052246
4876648, 14, 1.9722929000854492, 0.47097402811050415, 10.948925971984863
4876648, 14, 2.1492583751678467, 0.51240074634552, 11.944549560546875
4876648, 14, 2.3263773918151855, 0.5535191297531128, 12.940447807312012
4876648, 14, 2.504535675048828, 0.5952428579330444, 13.936180114746094
4876648, 14, 2.685784339904785, 0.6382425427436829, 14.931609153747559
4876648, 14, 2.8738889694213867, 0.6841102838516235, 15.926753044128418
4876648, 14, 3.0667901039123535, 0.7332109212875366, 16.921207427978516
4876648, 14, 3.255000114440918, 0.7805635333061218, 17.91582679748535
4876648, 14, 3.4398341178894043, 0.8256162405014038, 18.910762786865234
4876648, 14, 3.6297192573547363, 0.8734480738639832, 19.905237197875977
4876648, 14, 3.8264925479888916, 0.9253457188606262, 20.89887809753418
4876648, 14, 4.011170864105225, 0.9702407717704773, 21.893953323364258
4876648, 14, 4.191850662231445, 1.013417363166809, 22.889272689819336
4876648, 14, 4.37181282043457, 1.0560308694839478, 23.884794235229492
4876648, 14, 4.556805610656738, 1.101610779762268, 24.879531860351562
4876648, 14, 4.736166477203369, 1.143959879875183, 25.875028610229492
4876648, 14, 4.916119575500488, 1.1865622997283936, 26.870412826538086
4876648, 14, 5.095108509063721, 1.2288888692855835, 27.86595916748047
4876648, 14, 5.275971412658691, 1.2721704244613647, 28.861251831054688
4876648, 14, 5.454652309417725, 1.314156174659729, 29.856874465942383
4762480, 15, 0.19259996712207794, 0.04866980388760567, 0.9943579435348511
4762480, 15, 0.38200604915618896, 0.09556670486927032, 1.9891154766082764
4762480, 15, 0.5741002559661865, 0.14357516169548035, 2.983556032180786
4762480, 15, 0.7636256217956543, 0.19041962921619415, 3.9781999588012695
4762480, 15, 0.9528164863586426, 0.2373504489660263, 4.972811698913574
4762480, 15, 1.1391587257385254, 0.28299784660339355, 5.967743873596191
4762480, 15, 1.3303524255752563, 0.33104339241981506, 6.962059497833252
4762480, 15, 1.5194027423858643, 0.37791892886161804, 7.956671237945557
4762480, 15, 1.7145828008651733, 0.42809322476387024, 8.950569152832031
4762480, 15, 1.9027342796325684, 0.47471046447753906, 9.945236206054688
4762480, 15, 2.0917809009552, 0.5215326547622681, 10.93984317779541
4762480, 15, 2.2811617851257324, 0.5684370398521423, 11.934467315673828
4762480, 15, 2.4749114513397217, 0.6181227564811707, 12.928525924682617
4762480, 15, 2.6671369075775146, 0.6671501994132996, 13.922752380371094
4762480, 15, 2.8579347133636475, 0.7155308127403259, 14.917070388793945
4762480, 15, 3.0479676723480225, 0.7634377479553223, 15.911548614501953
4762480, 15, 3.2479279041290283, 0.8167800903320312, 16.904884338378906
4762480, 15, 3.44467830657959, 0.8682886362075806, 17.898719787597656
4762480, 15, 3.647106170654297, 0.9232910871505737, 18.891799926757812
4762480, 15, 3.8426074981689453, 0.9741561412811279, 19.885663986206055
4762480, 15, 4.035107135772705, 1.0233070850372314, 20.879898071289062
4762480, 15, 4.232274055480957, 1.07520592212677, 21.873626708984375
4762480, 15, 4.431071758270264, 1.1276159286499023, 22.867420196533203
4762480, 15, 4.625160217285156, 1.177537441253662, 23.861692428588867
4762480, 15, 4.831175327301025, 1.2341392040252686, 24.854341506958008
4762480, 15, 5.024397373199463, 1.283398151397705, 25.8485164642334
4762480, 15, 5.222531795501709, 1.3351058959960938, 26.84214973449707
4762480, 15, 5.420388698577881, 1.3867429494857788, 27.835834503173828
4762480, 15, 5.613371849060059, 1.4360160827636719, 28.83002281188965
4762480, 15, 5.805917263031006, 1.4849447011947632, 29.824264526367188
5050023, 16, 0.19169211387634277, 0.04851900786161423, 0.9941017031669617
5050023, 16, 0.3832176923751831, 0.09680978208780289, 1.988236665725708
5050023, 16, 0.5723508596420288, 0.14379535615444183, 2.982583999633789
5050023, 16, 0.7585424184799194, 0.18973681330680847, 3.977142810821533
5050023, 16, 0.9464229941368103, 0.2361697256565094, 4.971597671508789
5050023, 16, 1.132757544517517, 0.2817087769508362, 5.966241836547852
5050023, 16, 1.3195801973342896, 0.32744067907333374, 6.960874080657959
5050023, 16, 1.5068224668502808, 0.37336039543151855, 7.95547342300415
5050023, 16, 1.6879947185516357, 0.417030930519104, 8.95057487487793
5050023, 16, 1.8808647394180298, 0.465169757604599, 9.944732666015625
5050023, 16, 2.0675997734069824, 0.510831892490387, 10.939430236816406
5050023, 16, 2.2559218406677246, 0.5570747256278992, 11.933987617492676
5050023, 16, 2.4465444087982178, 0.6040953397750854, 12.928363800048828
5050023, 16, 2.6357805728912354, 0.6503759026527405, 13.922858238220215
5050023, 16, 2.8248255252838135, 0.6966370940208435, 14.917304039001465
5050023, 16, 3.01413631439209, 0.7433419227600098, 15.911714553833008
5050023, 16, 3.2147438526153564, 0.7954196929931641, 16.905134201049805
5050023, 16, 3.412630319595337, 0.8464173078536987, 17.898881912231445
5050023, 16, 3.6062324047088623, 0.8951043486595154, 18.89312744140625
5050023, 16, 3.797694206237793, 0.9428250193595886, 19.88759994506836
5050023, 16, 3.993954658508301, 0.9932171106338501, 20.88162612915039
5050023, 16, 4.199367046356201, 1.048651099205017, 21.874597549438477
5050023, 16, 4.3913960456848145, 1.0969854593276978, 22.868980407714844
5050023, 16, 4.580702781677246, 1.1437963247299194, 23.863569259643555
5050023, 16, 4.76825475692749, 1.1896846294403076, 24.858232498168945
5050023, 16, 4.958060264587402, 1.2366986274719238, 25.852619171142578
5050023, 16, 5.151512622833252, 1.2853072881698608, 26.84661865234375
5050023, 16, 5.338380813598633, 1.3309030532836914, 27.84115982055664
5050023, 16, 5.524570465087891, 1.3763245344161987, 28.835744857788086
5050023, 16, 5.700756549835205, 1.418200135231018, 29.83110237121582
4794215, 17, 0.19822637736797333, 0.051210757344961166, 0.993996262550354
4794215, 17, 0.39485907554626465, 0.10179466754198074, 1.9881832599639893
4794215, 17, 0.5924520492553711, 0.15241539478302002, 2.9822404384613037
4794215, 17, 0.7882978320121765, 0.20199552178382874, 3.976431369781494
4794215, 17, 0.9882405996322632, 0.2536453604698181, 4.970101356506348
4794215, 17, 1.1830049753189087, 0.30271804332733154, 5.964336395263672
4794215, 17, 1.3820581436157227, 0.3538873791694641, 6.958059787750244
4794215, 17, 1.578291654586792, 0.40372946858406067, 7.952048301696777
4794215, 17, 1.7780311107635498, 0.45522913336753845, 8.945680618286133
4794215, 17, 1.9706884622573853, 0.5033242702484131, 9.940065383911133
4794215, 17, 2.1627635955810547, 0.5511894822120667, 10.93447494506836
4794215, 17, 2.353188991546631, 0.5982258319854736, 11.92901611328125
4794215, 17, 2.545185089111328, 0.6462178826332092, 12.923429489135742
4794215, 17, 2.7422263622283936, 0.6969088912010193, 13.917282104492188
4794215, 17, 2.937906265258789, 0.7472987771034241, 14.911383628845215
4794215, 17, 3.1371192932128906, 0.7996662855148315, 15.905172348022461
4794215, 17, 3.3424625396728516, 0.8552273511886597, 16.898452758789062
4794215, 17, 3.544245481491089, 0.908879816532135, 17.89211082458496
4794215, 17, 3.7405405044555664, 0.9596496224403381, 18.88619041442871
4794215, 17, 3.9345192909240723, 1.0089458227157593, 19.88046646118164
4794215, 17, 4.131914138793945, 1.059383749961853, 20.87484359741211
4794215, 17, 4.329628944396973, 1.1102606058120728, 21.869144439697266
4794215, 17, 4.522497653961182, 1.1584707498550415, 22.863840103149414
4794215, 17, 4.712753772735596, 1.205182433128357, 23.858652114868164
4794215, 17, 4.903769016265869, 1.2521803379058838, 24.853376388549805
4794215, 17, 5.095739841461182, 1.2997266054153442, 25.847898483276367
4794215, 17, 5.288234233856201, 1.347396731376648, 26.842294692993164
4794215, 17, 5.477097511291504, 1.3931564092636108, 27.837116241455078
4794215, 17, 5.6658616065979, 1.4388809204101562, 28.831884384155273
4794215, 17, 5.8501458168029785, 1.4828639030456543, 29.82722282409668
5194805_2, 18, 0.20140767097473145, 0.05298209562897682, 0.9932723641395569
5194805_2, 18, 0.40588274598121643, 0.10773405432701111, 1.9862170219421387
5194805_2, 18, 0.6077726483345032, 0.16133329272270203, 2.9793853759765625
5194805_2, 18, 0.8024458885192871, 0.21083693206310272, 3.9733870029449463
5194805_2, 18, 1.0020105838775635, 0.26312658190727234, 4.96677827835083
5194805_2, 18, 1.2017762660980225, 0.3155626952648163, 5.9601006507873535
5194805_2, 18, 1.4008970260620117, 0.3677460253238678, 6.953474044799805
5194805_2, 18, 1.5977340936660767, 0.4187602400779724, 7.947041034698486
5194805_2, 18, 1.782731294631958, 0.4635120630264282, 8.941861152648926
5194805_2, 18, 1.9666064977645874, 0.5076445937156677, 9.9368257522583
5194805_2, 18, 2.1578238010406494, 0.5556591749191284, 10.931020736694336
5194805_2, 18, 2.3508379459381104, 0.6048510074615479, 11.924988746643066
5194805_2, 18, 2.5328426361083984, 0.64847731590271, 12.920259475708008
5194805_2, 18, 2.7218174934387207, 0.6962441802024841, 13.914752960205078
5194805_2, 18, 2.912835121154785, 0.7449833750724792, 14.90916633605957
5194805_2, 18, 3.104388475418091, 0.7936363220214844, 15.903711318969727
5194805_2, 18, 3.300601005554199, 0.8453306555747986, 16.897497177124023
5194805_2, 18, 3.4903995990753174, 0.8922823667526245, 17.8924560546875
5194805_2, 18, 3.6764307022094727, 0.9377921223640442, 18.88756561279297
5194805_2, 18, 3.8614091873168945, 0.982481062412262, 19.882884979248047
5194805_2, 18, 4.048887729644775, 1.0289331674575806, 20.8776912689209
5194805_2, 18, 4.235219478607178, 1.0745352506637573, 21.87281036376953
5194805_2, 18, 4.424742698669434, 1.1220905780792236, 22.867389678955078
5194805_2, 18, 4.607701301574707, 1.1662898063659668, 23.862611770629883
5194805_2, 18, 4.792686939239502, 1.2114473581314087, 24.857561111450195
5194805_2, 18, 4.988706588745117, 1.2622514963150024, 25.851245880126953
5194805_2, 18, 5.169626235961914, 1.3051217794418335, 26.846567153930664
5194805_2, 18, 5.357058525085449, 1.3513063192367554, 27.84110450744629
5194805_2, 18, 5.563566207885742, 1.4074803590774536, 28.83367156982422
5194805_2, 18, 5.75276517868042, 1.4546239376068115, 29.828018188476562
4820624, 19, 0.18482141196727753, 0.04603252559900284, 0.994670569896698
4820624, 19, 0.3671801686286926, 0.0908186137676239, 1.9896293878555298
4820624, 19, 0.5484436750411987, 0.13498494029045105, 2.984646797180176
4820624, 19, 0.7307345867156982, 0.17945373058319092, 3.9795050621032715
4820624, 19, 0.9108470678329468, 0.2229105532169342, 4.974569320678711
4820624, 19, 1.0906198024749756, 0.26618102192878723, 5.969623565673828
4820624, 19, 1.26497220993042, 0.306915819644928, 6.965264797210693
4820624, 19, 1.4408820867538452, 0.3484589457511902, 7.96071195602417
4820624, 19, 1.6158006191253662, 0.3894369304180145, 8.956244468688965
4820624, 19, 1.7897593975067139, 0.43000486493110657, 9.951862335205078
4820624, 19, 1.964140772819519, 0.47056105732917786, 10.947427749633789
4820624, 19, 2.1379685401916504, 0.5108570456504822, 11.943070411682129
4820624, 19, 2.3119707107543945, 0.5511168837547302, 12.938809394836426
4820624, 19, 2.490920066833496, 0.5934848189353943, 13.934164047241211
4820624, 19, 2.67232608795166, 0.6371303200721741, 14.929388046264648
4820624, 19, 2.8585262298583984, 0.682927131652832, 15.924346923828125
4820624, 19, 3.051265001296997, 0.7315773963928223, 16.91892433166504
4820624, 19, 3.245244026184082, 0.7809620499610901, 17.91331672668457
4820624, 19, 3.432615280151367, 0.8268146514892578, 18.908166885375977
4820624, 19, 3.616278648376465, 0.870381772518158, 19.90350914001465
4820624, 19, 3.804260015487671, 0.9168037176132202, 20.89816665649414
4820624, 19, 3.9874794483184814, 0.9610869288444519, 21.893312454223633
4820624, 19, 4.170945167541504, 1.005522608757019, 22.888328552246094
4820624, 19, 4.346236705780029, 1.0464978218078613, 23.8840389251709
4820624, 19, 4.5181989669799805, 1.085856318473816, 24.88002586364746
4820624, 19, 4.690375804901123, 1.125321626663208, 25.875839233398438
4820624, 19, 4.865172386169434, 1.1660076379776, 26.87137222290039
4820624, 19, 5.037913799285889, 1.2057390213012695, 27.867170333862305
4820624, 19, 5.209357261657715, 1.2447620630264282, 28.863046646118164
4820624, 19, 5.382237911224365, 1.2846018075942993, 29.858654022216797
4733553, 20, 0.21316133439540863, 0.05942774936556816, 0.9923357367515564
4733553, 20, 0.4218400716781616, 0.11599011719226837, 1.9852426052093506
4733553, 20, 0.6334059834480286, 0.17417436838150024, 2.977781057357788
4733553, 20, 0.8421746492385864, 0.23084551095962524, 3.97068190574646
4733553, 20, 1.0543502569198608, 0.2893317639827728, 4.963144779205322
4733553, 20, 1.2630916833877563, 0.34596800804138184, 5.956027030944824
4733553, 20, 1.4718838930130005, 0.4025665819644928, 6.948905944824219
4733553, 20, 1.6766341924667358, 0.4569094479084015, 7.942261695861816
4733553, 20, 1.8814502954483032, 0.5113816857337952, 8.935569763183594
4733553, 20, 2.0871005058288574, 0.5664592981338501, 9.928739547729492
4733553, 20, 2.294147253036499, 0.6225776076316833, 10.921764373779297
4733553, 20, 2.4975786209106445, 0.6766145825386047, 11.915303230285645
4733553, 20, 2.707014560699463, 0.7342584133148193, 12.907999038696289
4733553, 20, 2.9160079956054688, 0.7920826077461243, 13.90078353881836
4733553, 20, 3.1253907680511475, 0.8505433797836304, 14.893540382385254
4733553, 20, 3.3341922760009766, 0.9088500738143921, 15.886367797851562
4733553, 20, 3.538483142852783, 0.9643427133560181, 16.879852294921875
4733553, 20, 3.7356278896331787, 1.0156030654907227, 17.874114990234375
4733553, 20, 3.9354586601257324, 1.0685900449752808, 18.868080139160156
4733553, 20, 4.139224052429199, 1.123887062072754, 19.861549377441406
4733553, 20, 4.3427228927612305, 1.1785764694213867, 20.85504913330078
4733553, 20, 4.5463948249816895, 1.2332428693771362, 21.848569869995117
4733553, 20, 4.750194549560547, 1.2876975536346436, 22.84209632873535
4733553, 20, 4.9547343254089355, 1.3421337604522705, 23.835609436035156
4733553, 20, 5.1631646156311035, 1.3988174200057983, 24.828502655029297
4733553, 20, 5.369131088256836, 1.4541314840316772, 25.821687698364258
4733553, 20, 5.571695327758789, 1.5070980787277222, 26.815420150756836
4733553, 20, 5.776954650878906, 1.5618826150894165, 27.808679580688477
4733553, 20, 5.979949474334717, 1.6153268814086914, 28.80227279663086
4733553, 20, 6.1805291175842285, 1.6671470403671265, 29.79618263244629
5036311, 21, 0.18239057064056396, 0.043277617543935776, 0.9952566623687744
5036311, 21, 0.36405783891677856, 0.08662179112434387, 1.9906976222991943
5036311, 21, 0.5447896718978882, 0.12858949601650238, 2.9861814975738525
5036311, 21, 0.7248481512069702, 0.17022570967674255, 3.981623411178589
5036311, 21, 0.902630090713501, 0.21087077260017395, 4.9773125648498535
5036311, 21, 1.081383228302002, 0.2525445520877838, 5.9730706214904785
5036311, 21, 1.2589330673217773, 0.29393380880355835, 6.968869686126709
5036311, 21, 1.4347375631332397, 0.3348728120326996, 7.964722633361816
5036311, 21, 1.61062490940094, 0.37634551525115967, 8.960514068603516
5036311, 21, 1.7847044467926025, 0.4175696074962616, 9.956400871276855
5036311, 21, 1.9600341320037842, 0.4593263864517212, 10.952308654785156
5036311, 21, 2.1358377933502197, 0.5005747079849243, 11.948125839233398
5036311, 21, 2.3140814304351807, 0.5426898002624512, 12.943648338317871
5036311, 21, 2.4929254055023193, 0.5853233933448792, 13.939326286315918
5036311, 21, 2.6714913845062256, 0.6270537376403809, 14.935053825378418
5036311, 21, 2.855679988861084, 0.6709687113761902, 15.93066120147705
5036311, 21, 3.0388166904449463, 0.714491605758667, 16.926050186157227
5036311, 21, 3.2207281589508057, 0.7569265365600586, 17.921632766723633
5036311, 21, 3.3966526985168457, 0.7976149916648865, 18.9173526763916
5036311, 21, 3.576028823852539, 0.8391470313072205, 19.91310691833496
5036311, 21, 3.760124444961548, 0.8827924132347107, 20.908525466918945
5036311, 21, 3.948420286178589, 0.9283632636070251, 21.903690338134766
5036311, 21, 4.133322238922119, 0.9732245206832886, 22.89902687072754
5036311, 21, 4.3134331703186035, 1.016008734703064, 23.894529342651367
5036311, 21, 4.492660045623779, 1.0584042072296143, 24.890064239501953
5036311, 21, 4.669675350189209, 1.1002126932144165, 25.88573455810547
5036311, 21, 4.845466613769531, 1.141576886177063, 26.881410598754883
5036311, 21, 5.02252721786499, 1.1833245754241943, 27.877046585083008
5036311, 21, 5.20249605178833, 1.2263402938842773, 28.87224006652832
5036311, 21, 5.381988525390625, 1.2688875198364258, 29.86747932434082
4739356, 22, 0.17926622927188873, 0.042302556335926056, 0.9953001141548157
4739356, 22, 0.35682132840156555, 0.08381396532058716, 1.99076509475708
4739356, 22, 0.5379360914230347, 0.12658289074897766, 2.985836982727051
4739356, 22, 0.7147747278213501, 0.16770966351032257, 3.9813268184661865
4739356, 22, 0.8883630633354187, 0.20758230984210968, 4.977110385894775
4739356, 22, 1.0605430603027344, 0.2469060868024826, 5.973088264465332
4739356, 22, 1.231656789779663, 0.2856796979904175, 6.969142436981201
4739356, 22, 1.401322603225708, 0.32394230365753174, 7.965303897857666
4739356, 22, 1.57254958152771, 0.36284559965133667, 8.961262702941895
4739356, 22, 1.7456614971160889, 0.4023444354534149, 9.95703125
4739356, 22, 1.9154411554336548, 0.44050171971321106, 10.953282356262207
4739356, 22, 2.0872271060943604, 0.47941145300865173, 11.949260711669922
4739356, 22, 2.2611684799194336, 0.5190336108207703, 12.94503402709961
4739356, 22, 2.435819387435913, 0.5587552189826965, 13.94083309173584
4739356, 22, 2.6122255325317383, 0.5993514657020569, 14.936470985412598
4739356, 22, 2.7907769680023193, 0.6406868696212769, 15.93220043182373
4739356, 22, 2.9761569499969482, 0.6847106218338013, 16.927518844604492
4739356, 22, 3.1669955253601074, 0.7317007780075073, 17.922494888305664
4739356, 22, 3.357490301132202, 0.7802935838699341, 18.91676139831543
4739356, 22, 3.548102378845215, 0.8283345699310303, 19.9111385345459
4739356, 22, 3.738797187805176, 0.8747360706329346, 20.906110763549805
4739356, 22, 3.926194429397583, 0.920318067073822, 21.901227951049805
4739356, 22, 4.109342098236084, 0.9638671875, 22.896623611450195
4739356, 22, 4.289358615875244, 1.0061322450637817, 23.892074584960938
4739356, 22, 4.4673848152160645, 1.0474658012390137, 24.887956619262695
4739356, 22, 4.6470794677734375, 1.089661955833435, 25.883365631103516
4739356, 22, 4.825345516204834, 1.1311413049697876, 26.879018783569336
4739356, 22, 5.0051188468933105, 1.1731969118118286, 27.87444496154785
4739356, 22, 5.186357498168945, 1.2160345315933228, 28.869638442993164
4739356, 22, 5.366509437561035, 1.2585762739181519, 29.86496925354004
5125441, 23, 0.185171440243721, 0.04578407481312752, 0.9946967363357544
5125441, 23, 0.3670559823513031, 0.09026085585355759, 1.9896962642669678
5125441, 23, 0.5462695956230164, 0.13344457745552063, 2.9849557876586914
5125441, 23, 0.724711537361145, 0.17630280554294586, 3.980236053466797
5125441, 23, 0.9050637483596802, 0.21964845061302185, 4.975277423858643
5125441, 23, 1.0844733715057373, 0.26271623373031616, 5.970372200012207
5125441, 23, 1.263404369354248, 0.30533984303474426, 6.965526580810547
5125441, 23, 1.4442174434661865, 0.3486543893814087, 7.960512161254883
5125441, 23, 1.629567265510559, 0.3937831521034241, 8.955119132995605
5125441, 23, 1.8131200075149536, 0.4379982054233551, 9.949907302856445
5125441, 23, 1.9895333051681519, 0.479373961687088, 10.945390701293945
5125441, 23, 2.1661570072174072, 0.5206677913665771, 11.941020965576172
5125441, 23, 2.3445141315460205, 0.5625694990158081, 12.936471939086914
5125441, 23, 2.5213370323181152, 0.6037904024124146, 13.932239532470703
5125441, 23, 2.702012300491333, 0.6467729210853577, 14.92755126953125
5125441, 23, 2.88625431060791, 0.6911570429801941, 15.922682762145996
5125441, 23, 3.0712921619415283, 0.7355599403381348, 16.917814254760742
5125441, 23, 3.2564198970794678, 0.7803646922111511, 17.912670135498047
5125441, 23, 3.4387152194976807, 0.8238316774368286, 18.907705307006836
5125441, 23, 3.6238272190093994, 0.8682802319526672, 19.902690887451172
5125441, 23, 3.809845447540283, 0.9127717614173889, 20.897857666015625
5125441, 23, 3.9916329383850098, 0.9558609127998352, 21.893213272094727
5125441, 23, 4.167799472808838, 0.9972469210624695, 22.888866424560547
5125441, 23, 4.345958709716797, 1.0391422510147095, 23.884254455566406
5125441, 23, 4.526273250579834, 1.081703782081604, 24.879486083984375
5125441, 23, 4.706209182739258, 1.1240630149841309, 25.874774932861328
5125441, 23, 4.889776706695557, 1.1679692268371582, 26.86971664428711
5125441, 23, 5.071397304534912, 1.2109777927398682, 27.864866256713867
5125441, 23, 5.251654148101807, 1.2534328699111938, 28.86015510559082
5125441, 23, 5.431170463562012, 1.2956242561340332, 29.85544776916504
4713006, 24, 0.1880095899105072, 0.04687221348285675, 0.9943420886993408
4713006, 24, 0.37462329864501953, 0.09300243854522705, 1.9887944459915161
4713006, 24, 0.5757104158401489, 0.14571478962898254, 2.9819679260253906
4713006, 24, 0.7837024927139282, 0.2020745426416397, 3.9744648933410645
4713006, 24, 0.9801851511001587, 0.2527346611022949, 4.968016624450684
4713006, 24, 1.1729094982147217, 0.3016819953918457, 5.961875915527344
4713006, 24, 1.3499853610992432, 0.34381887316703796, 6.957039833068848
4713006, 24, 1.5525033473968506, 0.39782580733299255, 7.949967861175537
4713006, 24, 1.760973334312439, 0.45515507459640503, 8.942298889160156
4713006, 24, 1.9589868783950806, 0.50715172290802, 9.935616493225098
4713006, 24, 2.1423449516296387, 0.552159309387207, 10.930259704589844
4713006, 24, 2.328803539276123, 0.598665714263916, 11.924633979797363
4713006, 24, 2.528925895690918, 0.6520805358886719, 12.917716979980469
4713006, 24, 2.735516309738159, 0.70887690782547, 13.910163879394531
4713006, 24, 2.9385499954223633, 0.7637597322463989, 14.902960777282715
4713006, 24, 3.11651611328125, 0.8069118857383728, 15.898072242736816
4713006, 24, 3.3038315773010254, 0.85453200340271, 16.892345428466797
4713006, 24, 3.509082794189453, 0.9115176796913147, 17.884845733642578
4713006, 24, 3.7096974849700928, 0.9655570387840271, 18.87783432006836
4713006, 24, 3.905304431915283, 1.0173372030258179, 19.871232986450195
4713006, 24, 4.086526870727539, 1.062238097190857, 20.86598777770996
4713006, 24, 4.268290042877197, 1.106889009475708, 21.860986709594727
4713006, 24, 4.452826499938965, 1.153108835220337, 22.855506896972656
4713006, 24, 4.646852493286133, 1.2033888101577759, 23.849185943603516
4713006, 24, 4.863853931427002, 1.2658487558364868, 24.840608596801758
4713006, 24, 5.038815498352051, 1.3072576522827148, 25.836130142211914
4713006, 24, 5.216645240783691, 1.349717617034912, 26.83142852783203
4713006, 24, 5.398575782775879, 1.3939528465270996, 27.826370239257812
4713006, 24, 5.574782848358154, 1.4354784488677979, 28.821847915649414
4713006, 24, 5.750095844268799, 1.4766809940338135, 29.81743049621582
4699088, 25, 0.17484687268733978, 0.04169483110308647, 0.9955912232398987
4699088, 25, 0.35330072045326233, 0.08384081721305847, 1.9908685684204102
4699088, 25, 0.5336542129516602, 0.12657830119132996, 2.986006021499634
4699088, 25, 0.7078827023506165, 0.16702976822853088, 3.981684446334839
4699088, 25, 0.8805173635482788, 0.20681634545326233, 4.977502346038818
4699088, 25, 1.0510282516479492, 0.2458377480506897, 5.973483562469482
4699088, 25, 1.219935417175293, 0.28429675102233887, 6.969605922698975
4699088, 25, 1.3900649547576904, 0.32318198680877686, 7.965599060058594
4699088, 25, 1.5601338148117065, 0.36213281750679016, 8.961713790893555
4699088, 25, 1.7307442426681519, 0.4011906683444977, 9.957830429077148
4699088, 25, 1.9052594900131226, 0.4414484202861786, 10.95367431640625
4699088, 25, 2.093923330307007, 0.4889441132545471, 11.94789981842041
4699088, 25, 2.2721405029296875, 0.5311262011528015, 12.94327163696289
4699088, 25, 2.4468817710876465, 0.5717010498046875, 13.939245223999023
4699088, 25, 2.6248583793640137, 0.6132278442382812, 14.93478775024414
4699088, 25, 2.8049964904785156, 0.655267596244812, 15.930381774902344
4699088, 25, 2.988508462905884, 0.7005489468574524, 16.925148010253906
4699088, 25, 3.1697912216186523, 0.7446111440658569, 17.920141220092773
4699088, 25, 3.345364570617676, 0.785041868686676, 18.9157657623291
4699088, 25, 3.523312568664551, 0.8255536556243896, 19.911527633666992
4699088, 25, 3.7067983150482178, 0.8695909380912781, 20.90663719177246
4699088, 25, 3.8969571590423584, 0.9183962941169739, 21.900672912597656
4699088, 25, 4.080891132354736, 0.9637026190757751, 22.895408630371094
4699088, 25, 4.260295867919922, 1.0064069032669067, 23.890766143798828
4699088, 25, 4.445126533508301, 1.0517914295196533, 24.885540008544922
4699088, 25, 4.629787921905518, 1.0971430540084839, 25.880386352539062
4699088, 25, 4.820221900939941, 1.1454087495803833, 26.87459945678711
4699088, 25, 5.003535747528076, 1.1897298097610474, 27.86967658996582
4699088, 25, 5.197473049163818, 1.2399860620498657, 28.86347007751465
4699088, 25, 5.383101463317871, 1.285388708114624, 29.85828971862793
4772763, 26, 0.18528874218463898, 0.04426221176981926, 0.9951916933059692
4772763, 26, 0.3700161576271057, 0.08806753158569336, 1.990413784980774
4772763, 26, 0.5566408038139343, 0.13237033784389496, 2.9853997230529785
4772763, 26, 0.740821123123169, 0.1757328361272812, 3.9806790351867676
4772763, 26, 0.925316333770752, 0.2192382663488388, 4.975910663604736
4772763, 26, 1.1080877780914307, 0.2624427378177643, 5.971314907073975
4772763, 26, 1.2911015748977661, 0.3058376610279083, 6.96666955947876
4772763, 26, 1.473160982131958, 0.34917402267456055, 7.962182998657227
4772763, 26, 1.6543169021606445, 0.39230072498321533, 8.957720756530762
4772763, 26, 1.8348888158798218, 0.4350893199443817, 9.953278541564941
4772763, 26, 2.0162205696105957, 0.47819504141807556, 10.948732376098633
4772763, 26, 2.196993589401245, 0.5213380455970764, 11.944295883178711
4772763, 26, 2.379507064819336, 0.5648679733276367, 12.939665794372559
4772763, 26, 2.562307119369507, 0.608791172504425, 13.935044288635254
4772763, 26, 2.7482314109802246, 0.6541774272918701, 14.930367469787598
4772763, 26, 2.9409220218658447, 0.7026931643486023, 15.924781799316406
4772763, 26, 3.140098810195923, 0.7533170580863953, 16.91925811767578
4772763, 26, 3.3274142742156982, 0.798682451248169, 17.914337158203125
4772763, 26, 3.511080265045166, 0.8437538146972656, 18.909183502197266
4772763, 26, 3.6952240467071533, 0.8868244886398315, 19.904531478881836
4772763, 26, 3.8881747722625732, 0.9356467723846436, 20.898921966552734
4772763, 26, 4.083643913269043, 0.9866997599601746, 21.892818450927734
4772763, 26, 4.270574569702148, 1.0319311618804932, 22.888105392456055
4772763, 26, 4.454451084136963, 1.0759074687957764, 23.883373260498047
4772763, 26, 4.638779163360596, 1.1204465627670288, 24.87843132019043
4772763, 26, 4.8205461502075195, 1.1637368202209473, 25.873809814453125
4772763, 26, 5.003664493560791, 1.207396388053894, 26.869077682495117
4772763, 26, 5.1899847984313965, 1.2524408102035522, 27.864004135131836
4772763, 26, 5.371953964233398, 1.2955080270767212, 28.859426498413086
4772763, 26, 5.556789875030518, 1.3399593830108643, 29.854415893554688
4850951, 27, 0.20261912047863007, 0.05400064215064049, 0.993003785610199
4850951, 27, 0.405725359916687, 0.10806052386760712, 1.9859671592712402
4850951, 27, 0.608478844165802, 0.16189028322696686, 2.978984832763672
4850951, 27, 0.8074305653572083, 0.2137603461742401, 3.972364902496338
4850951, 27, 0.9992572069168091, 0.2622656524181366, 4.9663615226745605
4850951, 27, 1.1904047727584839, 0.3104824423789978, 5.960386753082275
4850951, 27, 1.3776564598083496, 0.3569492995738983, 6.95473575592041
4850951, 27, 1.5619252920150757, 0.4019981026649475, 7.949314117431641
4850951, 27, 1.7309285402297974, 0.44064491987228394, 8.94520378112793
4850951, 27, 1.8985357284545898, 0.478560209274292, 9.9412841796875
4850951, 27, 2.065078020095825, 0.5160323977470398, 10.937490463256836
4850951, 27, 2.234039545059204, 0.5549894571304321, 11.93329906463623
4850951, 27, 2.4013636112213135, 0.5924543142318726, 12.929553031921387
4850951, 27, 2.569516658782959, 0.6301271915435791, 13.925765991210938
4850951, 27, 2.7390847206115723, 0.6688281297683716, 14.921717643737793
4850951, 27, 2.909817934036255, 0.7081614136695862, 15.917648315429688
4850951, 27, 3.085153341293335, 0.7497259974479675, 16.913225173950195
4850951, 27, 3.2657947540283203, 0.7935838103294373, 17.90830421447754
4850951, 27, 3.442141056060791, 0.835090696811676, 18.903844833374023
4850951, 27, 3.6186680793762207, 0.8770320415496826, 19.899110794067383
4850951, 27, 3.794266939163208, 0.9186636805534363, 20.89442253112793
4850951, 27, 3.968601703643799, 0.9600520133972168, 21.889848709106445
4850951, 27, 4.143738746643066, 1.0019593238830566, 22.88516616821289
4850951, 27, 4.3162665367126465, 1.0427483320236206, 23.88072967529297
4850951, 27, 4.487959861755371, 1.0834048986434937, 24.876312255859375
4850951, 27, 4.6602654457092285, 1.124494194984436, 25.871749877929688
4850951, 27, 4.832221031188965, 1.1654291152954102, 26.867233276367188
4850951, 27, 5.002902030944824, 1.2053996324539185, 27.862977981567383
4850951, 27, 5.176180839538574, 1.2468538284301758, 28.85834312438965
4850951, 27, 5.348199844360352, 1.287855625152588, 29.853839874267578
2265761, 28, 0.1824854016304016, 0.04359908401966095, 0.9952134490013123
2265761, 28, 0.3634146451950073, 0.08628417551517487, 1.9905297756195068
2265761, 28, 0.5425753593444824, 0.12810134887695312, 2.9860029220581055
2265761, 28, 0.7199481725692749, 0.16903603076934814, 3.9815902709960938
2265761, 28, 0.8955923318862915, 0.209123894572258, 4.977419376373291
2265761, 28, 1.0717895030975342, 0.24954815208911896, 5.9730072021484375
2265761, 28, 1.2454373836517334, 0.28889715671539307, 6.968831539154053
2265761, 28, 1.4191462993621826, 0.3282648026943207, 7.964629173278809
2265761, 28, 1.5928637981414795, 0.3679114580154419, 8.960311889648438
2265761, 28, 1.76457679271698, 0.40697240829467773, 9.956127166748047
2265761, 28, 1.9373339414596558, 0.4464276432991028, 10.951892852783203
2265761, 28, 2.1100449562072754, 0.4858754873275757, 11.947746276855469
2265761, 28, 2.2825710773468018, 0.5250157713890076, 12.943611145019531
2265761, 28, 2.456260919570923, 0.5638636350631714, 13.939681053161621
2265761, 28, 2.628901481628418, 0.6024706363677979, 14.935589790344238
2265761, 28, 2.8041772842407227, 0.6424353122711182, 15.931190490722656
2265761, 28, 2.9813480377197266, 0.682567298412323, 16.92694854736328
2265761, 28, 3.1616601943969727, 0.7240487933158875, 17.922557830810547
2265761, 28, 3.3444974422454834, 0.7686009407043457, 18.917375564575195
2265761, 28, 3.526477336883545, 0.8121690154075623, 19.912410736083984
2265761, 28, 3.7105281352996826, 0.8557733297348022, 20.907575607299805
2265761, 28, 3.895402431488037, 0.9005646705627441, 21.902353286743164
2265761, 28, 4.073209285736084, 0.9419223666191101, 22.89780044555664
2265761, 28, 4.251368522644043, 0.9842748641967773, 23.89288330078125
2265761, 28, 4.426575183868408, 1.024865984916687, 24.888324737548828
2265761, 28, 4.599524021148682, 1.0639705657958984, 25.88424301147461
2265761, 28, 4.770796775817871, 1.1022295951843262, 26.88029670715332
2265761, 28, 4.942030429840088, 1.1404649019241333, 27.876317977905273
2265761, 28, 5.113138675689697, 1.1788361072540283, 28.872329711914062
2265761, 28, 5.287256240844727, 1.218847393989563, 29.867979049682617
5038881, 29, 0.17825888097286224, 0.04286084324121475, 0.9953429102897644
5038881, 29, 0.3563087284564972, 0.08571326732635498, 1.9907760620117188
5038881, 29, 0.5323957800865173, 0.12795192003250122, 2.9863576889038086
5038881, 29, 0.709277868270874, 0.17031045258045197, 3.9818778038024902
5038881, 29, 0.8859329223632812, 0.21246467530727386, 4.977388381958008
5038881, 29, 1.0696324110031128, 0.2569698393344879, 5.972266674041748
5038881, 29, 1.254503846168518, 0.3020626902580261, 6.967019081115723
5038881, 29, 1.4295235872268677, 0.3437272310256958, 7.96258544921875
5038881, 29, 1.6074236631393433, 0.38615453243255615, 8.957962036132812
5038881, 29, 1.7832328081130981, 0.428244024515152, 9.953518867492676
5038881, 29, 1.959845781326294, 0.47090044617652893, 10.949055671691895
5038881, 29, 2.1366961002349854, 0.5139945149421692, 11.944608688354492
5038881, 29, 2.315316677093506, 0.5575740337371826, 12.940048217773438
5038881, 29, 2.5011558532714844, 0.6036274433135986, 13.934882164001465
5038881, 29, 2.6918225288391113, 0.6519185304641724, 14.929243087768555
5038881, 29, 2.8808987140655518, 0.699399471282959, 15.92392349243164
5038881, 29, 3.0728936195373535, 0.7483744621276855, 16.91840934753418
5038881, 29, 3.263115406036377, 0.7964330315589905, 17.913042068481445
5038881, 29, 3.449098825454712, 0.8425467610359192, 18.907888412475586
5038881, 29, 3.6317031383514404, 0.8866332769393921, 19.90325164794922
5038881, 29, 3.816490888595581, 0.9320018887519836, 20.89847755432129
5038881, 29, 4.0042877197265625, 0.979062020778656, 21.893346786499023
5038881, 29, 4.188239097595215, 1.0247504711151123, 22.888492584228516
5038881, 29, 4.370863914489746, 1.069837212562561, 23.88369369506836
5038881, 29, 4.5525054931640625, 1.1141371726989746, 24.878936767578125
5038881, 29, 4.7318925857543945, 1.1575745344161987, 25.87434196472168
5038881, 29, 4.911063194274902, 1.200941801071167, 26.869735717773438
5038881, 29, 5.088922023773193, 1.244184970855713, 27.865201950073242
5038881, 29, 5.266543388366699, 1.2879455089569092, 28.860700607299805
5038881, 29, 5.445940971374512, 1.332387924194336, 29.85610580444336
4785791, 30, 0.19195391237735748, 0.0488281175494194, 0.9940863847732544
4785791, 30, 0.38257497549057007, 0.09685385227203369, 1.9883029460906982
4785791, 30, 0.5729143619537354, 0.14460629224777222, 2.9825940132141113
4785791, 30, 0.7609061002731323, 0.1915901154279709, 3.9770843982696533
4785791, 30, 0.9568940997123718, 0.24221917986869812, 4.970808982849121
4785791, 30, 1.1570087671279907, 0.29458439350128174, 5.964151382446289
4785791, 30, 1.3552979230880737, 0.3460637331008911, 6.9577317237854
4785791, 30, 1.542543649673462, 0.39263638854026794, 7.952388286590576
4785791, 30, 1.7543785572052002, 0.4512785077095032, 8.944578170776367
4785791, 30, 1.9362682104110718, 0.4951343238353729, 9.939759254455566
4785791, 30, 2.1198291778564453, 0.5398281812667847, 10.934847831726074
4785791, 30, 2.3100075721740723, 0.5873589515686035, 11.929287910461426
4785791, 30, 2.4962570667266846, 0.6333529949188232, 12.924086570739746
4785791, 30, 2.6859829425811768, 0.6811071634292603, 13.918560981750488
4785791, 30, 2.8757829666137695, 0.7290745377540588, 14.91307258605957
4785791, 30, 3.0700314044952393, 0.7794453501701355, 15.907129287719727
4785791, 30, 3.2689812183380127, 0.8321929574012756, 16.900836944580078
4785791, 30, 3.4744229316711426, 0.8886978626251221, 17.893701553344727
4785791, 30, 3.6698575019836426, 0.939127504825592, 18.88786506652832
4785791, 30, 3.859865427017212, 0.9865257740020752, 19.882375717163086
4785791, 30, 4.05429220199585, 1.0357508659362793, 20.876672744750977
4785791, 30, 4.251396179199219, 1.086795449256897, 21.870647430419922
4785791, 30, 4.4414567947387695, 1.1344984769821167, 22.865201950073242
4785791, 30, 4.627923488616943, 1.1805944442749023, 23.86008644104004
4785791, 30, 4.813094139099121, 1.2261600494384766, 24.855030059814453
4785791, 30, 4.998182773590088, 1.2716147899627686, 25.850000381469727
4785791, 30, 5.183103084564209, 1.3171045780181885, 26.844892501831055
4785791, 30, 5.375434875488281, 1.365587592124939, 27.839059829711914
4785791, 30, 5.562267303466797, 1.4116283655166626, 28.83377456665039
4785791, 30, 5.774609565734863, 1.4704035520553589, 29.825939178466797
1089412, 31, 0.18883052468299866, 0.046569522470235825, 0.9947201609611511
1089412, 31, 0.37759754061698914, 0.09275579452514648, 1.989377498626709
1089412, 31, 0.5628884434700012, 0.13733427226543427, 2.984377861022949
1089412, 31, 0.7493603229522705, 0.18232521414756775, 3.979208469390869
1089412, 31, 0.9320697784423828, 0.225764662027359, 4.974422454833984
1089412, 31, 1.1200296878814697, 0.2717181444168091, 5.968980312347412
1089412, 31, 1.305845022201538, 0.31671345233917236, 6.963768005371094
1089412, 31, 1.4875130653381348, 0.3598237633705139, 7.958986759185791
1089412, 31, 1.666128158569336, 0.4014374911785126, 8.954513549804688
1089412, 31, 1.8446673154830933, 0.4428441822528839, 9.95003604888916
1089412, 31, 2.021803855895996, 0.4836857318878174, 10.945795059204102
1089412, 31, 2.201925754547119, 0.5258087515830994, 11.941157341003418
1089412, 31, 2.3814570903778076, 0.5677636861801147, 12.936558723449707
1089412, 31, 2.5605626106262207, 0.6092623472213745, 13.932173728942871
1089412, 31, 2.7413525581359863, 0.651405394077301, 14.927711486816406
1089412, 31, 2.924285888671875, 0.6949636936187744, 15.922966003417969
1089412, 31, 3.11173415184021, 0.7409250736236572, 16.91773796081543
1089412, 31, 3.2987678050994873, 0.7860784530639648, 17.912790298461914
1089412, 31, 3.4840426445007324, 0.829747200012207, 18.908185958862305
1089412, 31, 3.667290210723877, 0.8719571828842163, 19.903732299804688
1089412, 31, 3.8507490158081055, 0.9147923588752747, 20.899106979370117
1089412, 31, 4.034116268157959, 0.9575208425521851, 21.894697189331055
1089412, 31, 4.216663360595703, 1.0005801916122437, 22.89010238647461
1089412, 31, 4.397937297821045, 1.0432847738265991, 23.88547134399414
1089412, 31, 4.577881336212158, 1.0852125883102417, 24.880977630615234
1089412, 31, 4.756984710693359, 1.1268129348754883, 25.876527786254883
1089412, 31, 4.9345502853393555, 1.1678251028060913, 26.872224807739258
1089412, 31, 5.115326404571533, 1.2101426124572754, 27.867586135864258
1089412, 31, 5.292776107788086, 1.2512011528015137, 28.863405227661133
1089412, 31, 5.472402572631836, 1.2931458950042725, 29.858985900878906
4996894, 32, 0.18104533851146698, 0.044679973274469376, 0.99494469165802
4996894, 32, 0.3606213629245758, 0.08790135383605957, 1.9902108907699585
4996894, 32, 0.5393075942993164, 0.13082924485206604, 2.985398530960083
4996894, 32, 0.7222130298614502, 0.17528676986694336, 3.980173110961914
4996894, 32, 0.9011048674583435, 0.21805992722511292, 4.975252628326416
4996894, 32, 1.07857084274292, 0.2601109445095062, 5.970494270324707
4996894, 32, 1.252591609954834, 0.30076444149017334, 6.96604061126709
4996894, 32, 1.423816204071045, 0.34012070298194885, 7.9619646072387695
4996894, 32, 1.5940649509429932, 0.3789600431919098, 8.957974433898926
4996894, 32, 1.7655824422836304, 0.418134480714798, 9.953925132751465
4996894, 32, 1.9380981922149658, 0.4576142132282257, 10.949957847595215
4996894, 32, 2.112520694732666, 0.49796468019485474, 11.94568157196045
4996894, 32, 2.289094924926758, 0.5392600297927856, 12.941231727600098
4996894, 32, 2.468963146209717, 0.5820361375808716, 13.9365234375
4996894, 32, 2.652036666870117, 0.6263564825057983, 14.93149471282959
4996894, 32, 2.8364102840423584, 0.6712288856506348, 15.926471710205078
4996894, 32, 3.0227980613708496, 0.7168639898300171, 16.92141342163086
4996894, 32, 3.2103283405303955, 0.7630928754806519, 17.916120529174805
4996894, 32, 3.3928680419921875, 0.806914210319519, 18.91121482849121
4996894, 32, 3.5756592750549316, 0.8509975671768188, 19.906312942504883
4996894, 32, 3.7581324577331543, 0.8946434259414673, 20.90154457092285
4996894, 32, 3.938913583755493, 0.9376199841499329, 21.89673614501953
4996894, 32, 4.112239837646484, 0.9774782061576843, 22.89249610900879
4996894, 32, 4.287131309509277, 1.0180093050003052, 23.888072967529297
4996894, 32, 4.459036827087402, 1.057307481765747, 24.88395118713379
4996894, 32, 4.630184173583984, 1.0962687730789185, 25.879911422729492
4996894, 32, 4.802636623382568, 1.1356313228607178, 26.875829696655273
4996894, 32, 4.976755142211914, 1.1755828857421875, 27.87156867980957
4996894, 32, 5.150207996368408, 1.2155581712722778, 28.86748504638672
4996894, 32, 5.32645845413208, 1.256517767906189, 29.86321449279785
1217886, 33, 0.17331939935684204, 0.03978526592254639, 0.9958489537239075
1217886, 33, 0.3433438539505005, 0.07873740792274475, 1.9917199611663818
1217886, 33, 0.5143857002258301, 0.11785641312599182, 2.9874203205108643
1217886, 33, 0.6865472793579102, 0.1573152393102646, 3.9830355644226074
1217886, 33, 0.8523483276367188, 0.19439879059791565, 4.979205131530762
1217886, 33, 1.017708420753479, 0.2313663512468338, 5.97539758682251
1217886, 33, 1.1830991506576538, 0.2681484818458557, 6.971691131591797
1217886, 33, 1.3478889465332031, 0.3045575022697449, 7.968073844909668
1217886, 33, 1.5141180753707886, 0.3417275846004486, 8.964109420776367
1217886, 33, 1.678323745727539, 0.3781762719154358, 9.960310935974121
1217886, 33, 1.8461910486221313, 0.4162309467792511, 10.956147193908691
1217886, 33, 2.0090768337249756, 0.45245033502578735, 11.952470779418945
1217886, 33, 2.1736738681793213, 0.4886794090270996, 12.948905944824219
1217886, 33, 2.342010021209717, 0.5257917046546936, 13.945273399353027
1217886, 33, 2.5110316276550293, 0.5635966658592224, 14.941450119018555
1217886, 33, 2.6854827404022217, 0.6047528386116028, 15.936789512634277
1217886, 33, 2.858752489089966, 0.6443581581115723, 16.932470321655273
1217886, 33, 3.031074285507202, 0.6819266676902771, 17.928665161132812
1217886, 33, 3.2046170234680176, 0.720660924911499, 18.924638748168945
1217886, 33, 3.3768117427825928, 0.7593380808830261, 19.920602798461914
1217886, 33, 3.554194688796997, 0.800076425075531, 20.916507720947266
1217886, 33, 3.7271180152893066, 0.8393161296844482, 21.912612915039062
1217886, 33, 3.8927929401397705, 0.8765221238136292, 22.908710479736328
1217886, 33, 4.056768894195557, 0.9132048487663269, 23.904876708984375
1217886, 33, 4.219202518463135, 0.949150800704956, 24.901264190673828
1217886, 33, 4.382711887359619, 0.9852982759475708, 25.897695541381836
1217886, 33, 4.548573017120361, 1.0225327014923096, 26.893827438354492
1217886, 33, 4.7144389152526855, 1.0598376989364624, 27.88994789123535
1217886, 33, 4.88011360168457, 1.0969905853271484, 28.886119842529297
1217886, 33, 5.044992923736572, 1.1337230205535889, 29.882341384887695
4820909, 34, 0.24486571550369263, 0.07927268743515015, 0.9884589314460754
4820909, 34, 0.4895821511745453, 0.15827734768390656, 1.9769459962844849
4820909, 34, 0.733698308467865, 0.23684445023536682, 2.9655048847198486
4820909, 34, 0.9688559174537659, 0.309256374835968, 3.95516037940979
4820909, 34, 1.183218240737915, 0.3691166639328003, 4.947087287902832
4820909, 34, 1.3734372854232788, 0.4172646105289459, 5.941240310668945
4820909, 34, 1.5752923488616943, 0.4707154631614685, 6.934367656707764
4820909, 34, 1.7890326976776123, 0.5302444696426392, 7.926384925842285
4820909, 34, 1.9967209100723267, 0.5864553451538086, 8.919020652770996
4820909, 34, 2.2167158126831055, 0.6493996381759644, 9.910387992858887
4820909, 34, 2.4378175735473633, 0.7130329608917236, 10.901649475097656
4820909, 34, 2.648956775665283, 0.7712067365646362, 11.893964767456055
4820909, 34, 2.8704559803009033, 0.8352797031402588, 12.885169982910156
4820909, 34, 3.0928359031677246, 0.9000413417816162, 13.876261711120605
4820909, 34, 3.311293125152588, 0.9627708792686462, 14.8677396774292
4820909, 34, 3.517963409423828, 1.0189471244812012, 15.860462188720703
4820909, 34, 3.7442455291748047, 1.0863475799560547, 16.85106086730957
4820909, 34, 3.981849431991577, 1.1609654426574707, 17.840335845947266
4820909, 34, 4.204994201660156, 1.226621150970459, 18.83125114440918
4820909, 34, 4.397984027862549, 1.2763413190841675, 19.825204849243164
4820909, 34, 4.59583044052124, 1.328363060951233, 20.818714141845703
4820909, 34, 4.798588275909424, 1.3828669786453247, 21.81170654296875
4820909, 34, 4.987977981567383, 1.4306244850158691, 22.806015014648438
4820909, 34, 5.1852498054504395, 1.4820319414138794, 23.799575805664062
4820909, 34, 5.397828578948975, 1.5412687063217163, 24.79164695739746
4820909, 34, 5.600555896759033, 1.59519362449646, 25.78470230102539
4820909, 34, 5.792638778686523, 1.6439756155014038, 26.778738021850586
4820909, 34, 5.985177040100098, 1.6929736137390137, 27.77273941040039
4820909, 34, 6.197003364562988, 1.7514594793319702, 28.764923095703125
4820909, 34, 6.385272979736328, 1.7986607551574707, 29.75929069519043
1221647, 35, 0.1735999584197998, 0.039894361048936844, 0.9958332180976868
1221647, 35, 0.3440072536468506, 0.07897602766752243, 1.9916908740997314
1221647, 35, 0.5151634216308594, 0.11809291690587997, 2.9873902797698975
1221647, 35, 0.6871905326843262, 0.15752962231636047, 3.983011484146118
1221647, 35, 0.8528046011924744, 0.19453279674053192, 4.979185581207275
1221647, 35, 1.0178766250610352, 0.2314324975013733, 5.975380897521973
1221647, 35, 1.182752013206482, 0.2680225372314453, 6.9716997146606445
1221647, 35, 1.3476157188415527, 0.30447089672088623, 7.968075275421143
1221647, 35, 1.5136491060256958, 0.341570645570755, 8.96412181854248
1221647, 35, 1.6776063442230225, 0.37793534994125366, 9.96033000946045
1221647, 35, 1.8454242944717407, 0.41597673296928406, 10.95616626739502
1221647, 35, 2.008197784423828, 0.45217928290367126, 11.952492713928223
1221647, 35, 2.17279314994812, 0.4883313477039337, 12.94894027709961
1221647, 35, 2.3411343097686768, 0.5254361033439636, 13.945308685302734
1221647, 35, 2.510148048400879, 0.5632618069648743, 14.941484451293945
1221647, 35, 2.6847939491271973, 0.6044508218765259, 15.936819076538086
1221647, 35, 2.8581857681274414, 0.6440593600273132, 16.932498931884766
1221647, 35, 3.0301833152770996, 0.6814898252487183, 17.928709030151367
1221647, 35, 3.203727960586548, 0.7202954888343811, 18.924678802490234
1221647, 35, 3.37610125541687, 0.759037435054779, 19.92063331604004
1221647, 35, 3.55387020111084, 0.7999324202537537, 20.916515350341797
1221647, 35, 3.7268340587615967, 0.8391756415367126, 21.912622451782227
1221647, 35, 3.892341136932373, 0.8763207793235779, 22.908729553222656
1221647, 35, 4.056331157684326, 0.9130129218101501, 23.904891967773438
1221647, 35, 4.218965530395508, 0.949028491973877, 24.901269912719727
1221647, 35, 4.3819899559021, 0.9850618839263916, 25.897720336914062
1221647, 35, 4.547936916351318, 1.0223283767700195, 26.893850326538086
1221647, 35, 4.713815212249756, 1.0596097707748413, 27.889968872070312
1221647, 35, 4.879150390625, 1.096606969833374, 28.886154174804688
1221647, 35, 5.04401969909668, 1.1333900690078735, 29.88237190246582
5195398, 36, 0.18281613290309906, 0.04357409477233887, 0.9951353669166565
5195398, 36, 0.3673742115497589, 0.08755997568368912, 1.9901034832000732
5195398, 36, 0.5487353205680847, 0.1300816535949707, 2.9853734970092773
5195398, 36, 0.7268596291542053, 0.17127633094787598, 3.9809722900390625
5195398, 36, 0.9046920537948608, 0.21231722831726074, 4.976541519165039
5195398, 36, 1.082662582397461, 0.25362688302993774, 5.972031116485596
5195398, 36, 1.257228970527649, 0.29377853870391846, 6.967877388000488
5195398, 36, 1.4314147233963013, 0.3337436616420746, 7.963696002960205
5195398, 36, 1.6051506996154785, 0.37359580397605896, 8.9595365524292
5195398, 36, 1.7801127433776855, 0.4139077067375183, 9.955183982849121
5195398, 36, 1.9529935121536255, 0.4536161720752716, 10.951044082641602
5195398, 36, 2.1269631385803223, 0.4935905635356903, 11.946847915649414
5195398, 36, 2.3006558418273926, 0.5335480570793152, 12.942656517028809
5195398, 36, 2.475337505340576, 0.5735272765159607, 13.938502311706543
5195398, 36, 2.6508615016937256, 0.6136484146118164, 14.934306144714355
5195398, 36, 2.8278403282165527, 0.6542556881904602, 15.930139541625977
5195398, 36, 3.0096089839935303, 0.6971004009246826, 16.92534637451172
5195398, 36, 3.1895527839660645, 0.7391653656959534, 17.920724868774414
5195398, 36, 3.369129180908203, 0.781090259552002, 18.916261672973633
5195398, 36, 3.5479793548583984, 0.8232241868972778, 19.911598205566406
5195398, 36, 3.726296901702881, 0.8646866679191589, 20.90707778930664
5195398, 36, 3.908046007156372, 0.9077565670013428, 21.902219772338867
5195398, 36, 4.087479114532471, 0.9498860836029053, 22.897499084472656
5195398, 36, 4.26216459274292, 0.9900412559509277, 23.89331817626953
5195398, 36, 4.43608283996582, 1.0301508903503418, 24.888994216918945
5195398, 36, 4.608652114868164, 1.0694570541381836, 25.88485336303711
5195398, 36, 4.783101558685303, 1.1095820665359497, 26.8804931640625
5195398, 36, 4.95747709274292, 1.1495925188064575, 27.876178741455078
5195398, 36, 5.1293182373046875, 1.1888796091079712, 28.872169494628906
5195398, 36, 5.302006721496582, 1.2285791635513306, 29.86800193786621
5007479, 37, 0.18471567332744598, 0.04536494240164757, 0.9948490262031555
5007479, 37, 0.37497976422309875, 0.09374800324440002, 1.9889415502548218
5007479, 37, 0.5596778392791748, 0.13922849297523499, 2.98362398147583
5007479, 37, 0.7410315275192261, 0.1827893853187561, 3.9787063598632812
5007479, 37, 0.921638011932373, 0.22608479857444763, 4.9738006591796875
5007479, 37, 1.100357174873352, 0.2683267891407013, 5.969141006469727
5007479, 37, 1.2794315814971924, 0.31098705530166626, 6.964366912841797
5007479, 37, 1.4599555730819702, 0.3545368015766144, 7.959389686584473
5007479, 37, 1.643623948097229, 0.3996352553367615, 8.954070091247559
5007479, 37, 1.8239907026290894, 0.44321107864379883, 9.949028968811035
5007479, 37, 2.001347303390503, 0.48456838726997375, 10.944513320922852
5007479, 37, 2.179795503616333, 0.5269418358802795, 11.93967342376709
5007479, 37, 2.3627383708953857, 0.5714654326438904, 12.93436050415039
5007479, 37, 2.553757905960083, 0.6196956038475037, 13.928328514099121
5007479, 37, 2.73903226852417, 0.6652151942253113, 14.922860145568848
5007479, 37, 2.9241819381713867, 0.7107722759246826, 15.917420387268066
5007479, 37, 3.109438419342041, 0.7563455700874329, 16.91192626953125
5007479, 37, 3.2898552417755127, 0.7997211217880249, 17.90687370300293
5007479, 37, 3.4733760356903076, 0.8445053696632385, 18.901498794555664
5007479, 37, 3.6554129123687744, 0.8887686133384705, 19.896194458007812
5007479, 37, 3.8348388671875, 0.9317771196365356, 20.8911075592041
5007479, 37, 4.011229991912842, 0.9733975529670715, 21.88628387451172
5007479, 37, 4.18423318862915, 1.0133780241012573, 22.881816864013672
5007479, 37, 4.3590087890625, 1.0544614791870117, 23.877147674560547
5007479, 37, 4.539060592651367, 1.0980020761489868, 24.87198829650879
5007479, 37, 4.715723514556885, 1.139728307723999, 25.867223739624023
5007479, 37, 4.910877704620361, 1.190035343170166, 26.86077308654785
5007479, 37, 5.1160078048706055, 1.24480140209198, 27.853498458862305
5007479, 37, 5.32701301574707, 1.3023858070373535, 28.84571647644043
5007479, 37, 5.531487464904785, 1.3567085266113281, 29.838523864746094
4431350, 38, 0.19357742369174957, 0.048232123255729675, 0.9944354891777039
4431350, 38, 0.38407257199287415, 0.09492091834545135, 1.989150881767273
4431350, 38, 0.574387788772583, 0.14150652289390564, 2.9838545322418213
4431350, 38, 0.7678573131561279, 0.1897837072610855, 3.978142261505127
4431350, 38, 0.9565543532371521, 0.23573529720306396, 4.972960948944092
4431350, 38, 1.141494631767273, 0.2800597548484802, 5.968213081359863
4431350, 38, 1.32872474193573, 0.3255278468132019, 6.963111877441406
4431350, 38, 1.5167653560638428, 0.3715478777885437, 7.957902431488037
4431350, 38, 1.7045645713806152, 0.4174734354019165, 8.952716827392578
4431350, 38, 1.889279842376709, 0.46130990982055664, 9.948005676269531
4431350, 38, 2.074989080429077, 0.5057841539382935, 10.943178176879883
4431350, 38, 2.2614352703094482, 0.5508060455322266, 11.938309669494629
4431350, 38, 2.4472246170043945, 0.5954816341400146, 12.93354606628418
4431350, 38, 2.633479118347168, 0.6401941180229187, 13.928792953491211
4431350, 38, 2.8221538066864014, 0.6865745782852173, 14.92363452911377
4431350, 38, 3.0145909786224365, 0.7351306080818176, 15.918262481689453
4431350, 38, 3.210500717163086, 0.7859600782394409, 16.912534713745117
4431350, 38, 3.4093573093414307, 0.8400266766548157, 17.90589714050293
4431350, 38, 3.5981245040893555, 0.887482225894928, 18.900436401367188
4431350, 38, 3.791468858718872, 0.9362468123435974, 19.894929885864258
4431350, 38, 3.9891233444213867, 0.987385630607605, 20.88914680480957
4431350, 38, 4.1835150718688965, 1.0368037223815918, 21.88353157043457
4431350, 38, 4.374441146850586, 1.0842517614364624, 22.87810516357422
4431350, 38, 4.560889720916748, 1.1293015480041504, 23.87329864501953
4431350, 38, 4.747554302215576, 1.1744908094406128, 24.868236541748047
4431350, 38, 4.932851314544678, 1.2191753387451172, 25.863265991210938
4431350, 38, 5.116375923156738, 1.2631314992904663, 26.858604431152344
4431350, 38, 5.301217079162598, 1.3073680400848389, 27.853851318359375
4431350, 38, 5.48543643951416, 1.3511502742767334, 28.84916877746582
4431350, 38, 5.671203136444092, 1.3958407640457153, 29.84413719177246
5144366, 39, 0.1803552508354187, 0.043340303003787994, 0.9951388239860535
5144366, 39, 0.3573574125766754, 0.0850391834974289, 1.9907417297363281
5144366, 39, 0.5332005620002747, 0.12600177526474, 2.986435890197754
5144366, 39, 0.7087926864624023, 0.16677415370941162, 3.982060670852661
5144366, 39, 0.8828443884849548, 0.20721107721328735, 4.977806091308594
5144366, 39, 1.057849645614624, 0.24794866144657135, 5.97349214553833
5144366, 39, 1.2349916696548462, 0.2893217206001282, 6.968980312347412
5144366, 39, 1.4119935035705566, 0.3307022452354431, 7.964402675628662
5144366, 39, 1.586045742034912, 0.37099117040634155, 8.960077285766602
5144366, 39, 1.760496973991394, 0.4113837778568268, 9.955694198608398
5144366, 39, 1.9361155033111572, 0.4524036645889282, 10.951196670532227
5144366, 39, 2.112276077270508, 0.4935515522956848, 11.946805953979492
5144366, 39, 2.288590669631958, 0.5343042612075806, 12.942505836486816
5144366, 39, 2.46504807472229, 0.5745312571525574, 13.938222885131836
5144366, 39, 2.64321231842041, 0.6151978969573975, 14.933874130249023
5144366, 39, 2.8223564624786377, 0.656836211681366, 15.9293794631958
5144366, 39, 3.003095865249634, 0.699013888835907, 16.924861907958984
5144366, 39, 3.1846587657928467, 0.742336094379425, 17.920040130615234
5144366, 39, 3.3662326335906982, 0.7859520316123962, 18.915122985839844
5144366, 39, 3.548567771911621, 0.8303892612457275, 19.91001319885254
5144366, 39, 3.7298126220703125, 0.8738754391670227, 20.90516471862793
5144366, 39, 3.908579111099243, 0.9159821271896362, 21.900514602661133
5144366, 39, 4.085468769073486, 0.9573076963424683, 22.89596939086914
5144366, 39, 4.260795593261719, 0.9978978633880615, 23.89165496826172
5144366, 39, 4.435945510864258, 1.0382622480392456, 24.887407302856445
5144366, 39, 4.610976219177246, 1.0784988403320312, 25.883275985717773
5144366, 39, 4.785009384155273, 1.1181552410125732, 26.879194259643555
5144366, 39, 4.959160327911377, 1.1577584743499756, 27.87512969970703
5144366, 39, 5.133853912353516, 1.1975102424621582, 28.871051788330078
5144366, 39, 5.308724880218506, 1.2375271320343018, 29.866958618164062
5037673, 40, 0.1793939173221588, 0.04265619441866875, 0.9952204823493958
5037673, 40, 0.3568505048751831, 0.08443222939968109, 1.9906277656555176
5037673, 40, 0.5329041481018066, 0.12568992376327515, 2.9861412048339844
5037673, 40, 0.7089439034461975, 0.16694152355194092, 3.9815938472747803
5037673, 40, 0.889581561088562, 0.210004061460495, 4.976596355438232
5037673, 40, 1.061021327972412, 0.24931441247463226, 5.972483158111572
5037673, 40, 1.232153058052063, 0.2885168492794037, 6.968410015106201
5037673, 40, 1.401728868484497, 0.32716676592826843, 7.96442985534668
5037673, 40, 1.570231556892395, 0.3653419017791748, 8.960563659667969
5037673, 40, 1.7399016618728638, 0.4039901793003082, 9.956584930419922
5037673, 40, 1.9100418090820312, 0.442651629447937, 10.95255184173584
5037673, 40, 2.0798795223236084, 0.4808887839317322, 11.948663711547852
5037673, 40, 2.2511236667633057, 0.5198050141334534, 12.944610595703125
5037673, 40, 2.424121141433716, 0.5594729781150818, 13.940469741821289
5037673, 40, 2.598598003387451, 0.5995816588401794, 14.936347007751465
5037673, 40, 2.7801928520202637, 0.6432501673698425, 15.931344032287598
5037673, 40, 2.9668307304382324, 0.6891452670097351, 16.92601203918457
5037673, 40, 3.1519980430603027, 0.7339567542076111, 17.92116928100586
5037673, 40, 3.335960865020752, 0.7787650227546692, 18.91620635986328
5037673, 40, 3.518228769302368, 0.8224328756332397, 19.911413192749023
5037673, 40, 3.7020344734191895, 0.8661587238311768, 20.90674591064453
5037673, 40, 3.885315418243408, 0.9100947976112366, 21.90184211730957
5037673, 40, 4.063314914703369, 0.9513794183731079, 22.897443771362305
5037673, 40, 4.239156246185303, 0.9918075203895569, 23.89312171936035
5037673, 40, 4.413979530334473, 1.031805157661438, 24.888843536376953
5037673, 40, 4.588205814361572, 1.0717483758926392, 25.884645462036133
5037673, 40, 4.76096773147583, 1.111405849456787, 26.880474090576172
5037673, 40, 4.934423446655273, 1.151458501815796, 27.876182556152344
5037673, 40, 5.108025074005127, 1.1913684606552124, 28.871925354003906
5037673, 40, 5.282127380371094, 1.2316675186157227, 29.86758041381836
4766524, 41, 0.19386619329452515, 0.049438346177339554, 0.994091808795929
4766524, 41, 0.38308221101760864, 0.09699241071939468, 1.988556146621704
4766524, 41, 0.577491044998169, 0.1464899182319641, 2.9825727939605713
4766524, 41, 0.7709611654281616, 0.19532476365566254, 3.976738691329956
4766524, 41, 0.9579622149467468, 0.24149781465530396, 4.971488952636719
4766524, 41, 1.1446354389190674, 0.2872191071510315, 5.9663214683532715
4766524, 41, 1.3325871229171753, 0.3332730233669281, 6.961052894592285
4766524, 41, 1.5199817419052124, 0.3790590465068817, 7.955883502960205
4766524, 41, 1.7071387767791748, 0.42470958828926086, 8.950750350952148
4766524, 41, 1.89759361743927, 0.47165095806121826, 9.945330619812012
4766524, 41, 2.0931360721588135, 0.5211718082427979, 10.939380645751953
4766524, 41, 2.2895686626434326, 0.5711257457733154, 11.933366775512695
4766524, 41, 2.483031988143921, 0.6195650100708008, 12.927711486816406
4766524, 41, 2.6798646450042725, 0.6701673269271851, 13.921704292297363
4766524, 41, 2.878325939178467, 0.7218544483184814, 14.915684700012207
4766524, 41, 3.077976942062378, 0.7744029760360718, 15.90959358215332
4766524, 41, 3.278688430786133, 0.8280330896377563, 16.90317153930664
4766524, 41, 3.474188804626465, 0.8783400058746338, 17.897241592407227
4766524, 41, 3.6718618869781494, 0.9294846653938293, 18.89125633239746
4766524, 41, 3.8727869987487793, 0.9823150038719177, 19.885000228881836
4766524, 41, 4.0729756355285645, 1.0345606803894043, 20.878843307495117
4766524, 41, 4.271928310394287, 1.08622407913208, 21.872724533081055
4766524, 41, 4.465123653411865, 1.134750485420227, 22.867210388183594
4766524, 41, 4.6630859375, 1.1855069398880005, 23.861087799072266
4766524, 41, 4.8574371337890625, 1.2343648672103882, 24.85542106628418
4766524, 41, 5.0509161949157715, 1.282961368560791, 25.849843978881836
4766524, 41, 5.241593837738037, 1.3303828239440918, 26.844533920288086
4766524, 41, 5.43278169631958, 1.377933144569397, 27.839126586914062
4766524, 41, 5.620238304138184, 1.424025297164917, 28.83408546447754
4766524, 41, 5.819554805755615, 1.4754149913787842, 29.827796936035156
1262475, 42, 0.1750611960887909, 0.04052145034074783, 0.9956795573234558
1262475, 42, 0.34702855348587036, 0.07953716814517975, 1.9915882349014282
1262475, 42, 0.5163707137107849, 0.11767329275608063, 2.987572431564331
1262475, 42, 0.6848068833351135, 0.15562641620635986, 3.9835314750671387
1262475, 42, 0.856242835521698, 0.1946326345205307, 4.979178428649902
1262475, 42, 1.0238165855407715, 0.23210637271404266, 5.975121974945068
1262475, 42, 1.1886497735977173, 0.2683451771736145, 6.97138786315918
1262475, 42, 1.3543225526809692, 0.3051334023475647, 7.967599868774414
1262475, 42, 1.5214391946792603, 0.34271305799484253, 8.963788986206055
1262475, 42, 1.688027262687683, 0.38009482622146606, 9.960034370422363
1262475, 42, 1.8540122509002686, 0.41735440492630005, 10.956287384033203
1262475, 42, 2.0213961601257324, 0.4555264115333557, 11.952423095703125
1262475, 42, 2.190891981124878, 0.49465280771255493, 12.948473930358887
1262475, 42, 2.3628993034362793, 0.5346262454986572, 13.944463729858398
1262475, 42, 2.5348708629608154, 0.5744448900222778, 14.940434455871582
1262475, 42, 2.705209493637085, 0.6135043501853943, 15.936437606811523
1262475, 42, 2.877143144607544, 0.6528429985046387, 16.932287216186523
1262475, 42, 3.052733898162842, 0.6933029890060425, 17.92782974243164
1262475, 42, 3.2288947105407715, 0.7337701320648193, 18.92341423034668
1262475, 42, 3.402634859085083, 0.7729936242103577, 19.919189453125
1262475, 42, 3.5752062797546387, 0.811130940914154, 20.915206909179688
1262475, 42, 3.7486965656280518, 0.850143551826477, 21.91106605529785
1262475, 42, 3.9228248596191406, 0.8902784585952759, 22.906675338745117
1262475, 42, 4.094786643981934, 0.9299710392951965, 23.902292251586914
1262475, 42, 4.261031627655029, 0.9671294093132019, 24.89845848083496
1262475, 42, 4.4264750480651855, 1.0041770935058594, 25.89455795288086
1262475, 42, 4.591362476348877, 1.0410422086715698, 26.89072036743164
1262475, 42, 4.757859706878662, 1.0783450603485107, 27.88675308227539
1262475, 42, 4.925076007843018, 1.1157649755477905, 28.882741928100586
1262475, 42, 5.093905925750732, 1.1535621881484985, 29.87868881225586
5010602, 43, 0.18793854117393494, 0.045695774257183075, 0.9948224425315857
5010602, 43, 0.3753063678741455, 0.09061792492866516, 1.9898831844329834
5010602, 43, 0.5620162487030029, 0.13519762456417084, 2.9849495887756348
5010602, 43, 0.7481710314750671, 0.17929548025131226, 3.980207681655884
5010602, 43, 0.9337809681892395, 0.22311371564865112, 4.975391864776611
5010602, 43, 1.1191133260726929, 0.2666674852371216, 5.970853805541992
5010602, 43, 1.3015385866165161, 0.30898427963256836, 6.966214656829834
5010602, 43, 1.4830942153930664, 0.3509320616722107, 7.961616516113281
5010602, 43, 1.663588047027588, 0.39267465472221375, 8.957110404968262
5010602, 43, 1.8433139324188232, 0.4343610107898712, 9.952576637268066
5010602, 43, 2.0218451023101807, 0.47584518790245056, 10.948169708251953
5010602, 43, 2.200263023376465, 0.5170804262161255, 11.943807601928711
5010602, 43, 2.376984119415283, 0.5573747158050537, 12.93947696685791
5010602, 43, 2.552948236465454, 0.5974212288856506, 13.935097694396973
5010602, 43, 2.732267141342163, 0.6390029788017273, 14.930387496948242
5010602, 43, 2.9154629707336426, 0.6819220185279846, 15.925483703613281
5010602, 43, 3.100640058517456, 0.7249984741210938, 16.92058563232422
5010602, 43, 3.286309003829956, 0.7675012350082397, 17.91582489013672
5010602, 43, 3.46995210647583, 0.8096907138824463, 18.91107940673828
5010602, 43, 3.6544113159179688, 0.8522071838378906, 19.906301498413086
5010602, 43, 3.836728811264038, 0.8942287564277649, 20.90151023864746
5010602, 43, 4.021947860717773, 0.937254011631012, 21.896575927734375
5010602, 43, 4.209145545959473, 0.9814466238021851, 22.891416549682617
5010602, 43, 4.394229412078857, 1.0253504514694214, 23.886255264282227
5010602, 43, 4.576371669769287, 1.0682283639907837, 24.88129425048828
5010602, 43, 4.755869388580322, 1.109635829925537, 25.876718521118164
5010602, 43, 4.935080528259277, 1.151073694229126, 26.872190475463867
5010602, 43, 5.114867210388184, 1.1928848028182983, 27.867616653442383
5010602, 43, 5.295515060424805, 1.2349625825881958, 28.863065719604492
5010602, 43, 5.47800874710083, 1.2778457403182983, 29.858428955078125
4961513, 44, 0.1805611252784729, 0.04408026114106178, 0.9951721429824829
4961513, 44, 0.3597649335861206, 0.08736459910869598, 1.9904958009719849
4961513, 44, 0.5383809804916382, 0.13026998937129974, 2.9858555793762207
4961513, 44, 0.7179290056228638, 0.17335209250450134, 3.9811084270477295
4961513, 44, 0.8960251808166504, 0.21577835083007812, 4.976495742797852
4961513, 44, 1.0778236389160156, 0.2594054341316223, 5.971534252166748
4961513, 44, 1.259964942932129, 0.303265243768692, 6.966498851776123
4961513, 44, 1.4394066333770752, 0.34588485956192017, 7.961707592010498
4961513, 44, 1.6133943796157837, 0.3863981366157532, 8.957473754882812
4961513, 44, 1.7914689779281616, 0.4280882775783539, 9.952914237976074
4961513, 44, 1.9698718786239624, 0.4699926972389221, 10.948282241821289
4961513, 44, 2.1462113857269287, 0.5110059976577759, 11.943952560424805
4961513, 44, 2.326507806777954, 0.5538893938064575, 12.939216613769531
4961513, 44, 2.508617639541626, 0.5975432395935059, 13.934392929077148
4961513, 44, 2.6995151042938232, 0.6455010771751404, 14.928707122802734
4961513, 44, 2.892911434173584, 0.6946336030960083, 15.922900199890137
4961513, 44, 3.0798773765563965, 0.7399349212646484, 16.917821884155273
4961513, 44, 3.2680165767669678, 0.7874688506126404, 17.912084579467773
4961513, 44, 3.45743727684021, 0.8344473242759705, 18.90669059753418
4961513, 44, 3.6468563079833984, 0.8802292346954346, 19.901628494262695
4961513, 44, 3.8348517417907715, 0.9265661239624023, 20.896238327026367
4961513, 44, 4.0191569328308105, 0.9712011814117432, 21.891193389892578
4961513, 44, 4.2016921043396, 1.014876127243042, 22.88626480102539
4961513, 44, 4.379359245300293, 1.0564991235733032, 23.881793975830078
4961513, 44, 4.558587551116943, 1.0987462997436523, 24.877151489257812
4961513, 44, 4.737227439880371, 1.1407325267791748, 25.87258529663086
4961513, 44, 4.919895648956299, 1.184302806854248, 26.867664337158203
4961513, 44, 5.105020523071289, 1.228787899017334, 27.862472534179688
4961513, 44, 5.285208225250244, 1.2711881399154663, 28.85774040222168
4961513, 44, 5.465641498565674, 1.313625693321228, 29.85302734375
5059948, 45, 0.18759685754776, 0.047154784202575684, 0.9943029880523682
5059948, 45, 0.37015968561172485, 0.09199732542037964, 1.9890563488006592
5059948, 45, 0.5451506972312927, 0.13398465514183044, 2.9843990802764893
5059948, 45, 0.7228304743766785, 0.17650878429412842, 3.979524612426758
5059948, 45, 0.9044759273529053, 0.22056806087493896, 4.974320411682129
5059948, 45, 1.0844427347183228, 0.26390862464904785, 5.969261169433594
5059948, 45, 1.2676206827163696, 0.3085351586341858, 6.963935375213623
5059948, 45, 1.4403820037841797, 0.34904998540878296, 7.959461688995361
5059948, 45, 1.6064748764038086, 0.3868286609649658, 8.95562744140625
5059948, 45, 1.7723997831344604, 0.4246101379394531, 9.95169448852539
5059948, 45, 1.9413868188858032, 0.4635160267353058, 10.947514533996582
5059948, 45, 2.117546796798706, 0.505197286605835, 11.942795753479004
5059948, 45, 2.297738552093506, 0.5487781167030334, 12.937723159790039
5059948, 45, 2.478170394897461, 0.5923922657966614, 13.93264389038086
5059948, 45, 2.6636710166931152, 0.6385380625724792, 14.927088737487793
5059948, 45, 2.849630832672119, 0.6851229071617126, 15.92147159576416
5059948, 45, 3.03483247756958, 0.7317555546760559, 16.915876388549805
5059948, 45, 3.2152035236358643, 0.775309681892395, 17.91106414794922
5059948, 45, 3.3951046466827393, 0.8188173770904541, 18.906139373779297
5059948, 45, 3.582141876220703, 0.8663858771324158, 19.90028953552246
5059948, 45, 3.7626523971557617, 0.9100833535194397, 20.895273208618164
5059948, 45, 3.942087411880493, 0.9533002972602844, 21.890287399291992
5059948, 45, 4.117216110229492, 0.9949102401733398, 22.885557174682617
5059948, 45, 4.30197811126709, 1.0410196781158447, 23.87991714477539
5059948, 45, 4.470517158508301, 1.0799471139907837, 24.87574005126953
5059948, 45, 4.64872407913208, 1.1228694915771484, 25.870702743530273
5059948, 45, 4.827795505523682, 1.1661829948425293, 26.865612030029297
5059948, 45, 5.0000481605529785, 1.206375241279602, 27.861175537109375
5059948, 45, 5.175258159637451, 1.2477586269378662, 28.85650634765625
5059948, 45, 5.351751327514648, 1.2893863916397095, 29.851816177368164
4855738, 46, 0.181229829788208, 0.04378056898713112, 0.9953128695487976
4855738, 46, 0.3611423969268799, 0.0869050920009613, 1.9907867908477783
4855738, 46, 0.5401569604873657, 0.1296376883983612, 2.9861552715301514
4855738, 46, 0.7187807559967041, 0.17196591198444366, 3.981520414352417
4855738, 46, 0.8964880704879761, 0.21380141377449036, 4.976938247680664
4855738, 46, 1.071319580078125, 0.25455206632614136, 5.972626686096191
4855738, 46, 1.2454737424850464, 0.29496169090270996, 6.968402862548828
4855738, 46, 1.4195445775985718, 0.3352683186531067, 7.964252471923828
4855738, 46, 1.5935020446777344, 0.3755491077899933, 8.96007251739502
4855738, 46, 1.7680113315582275, 0.41573596000671387, 9.955904006958008
4855738, 46, 1.942353367805481, 0.45559996366500854, 10.951778411865234
4855738, 46, 2.1179747581481934, 0.4958052635192871, 11.947639465332031
4855738, 46, 2.2950491905212402, 0.5363989472389221, 12.943328857421875
4855738, 46, 2.4736649990081787, 0.5774108171463013, 13.939066886901855
4855738, 46, 2.6547300815582275, 0.6194764375686646, 14.93469524383545
4855738, 46, 2.8407504558563232, 0.663508951663971, 15.929903030395508
4855738, 46, 3.031648635864258, 0.7094969749450684, 16.924854278564453
4855738, 46, 3.2217442989349365, 0.75627201795578, 17.91948890686035
4855738, 46, 3.4080984592437744, 0.8000993728637695, 18.914670944213867
4855738, 46, 3.59501051902771, 0.8432803153991699, 19.910110473632812
4855738, 46, 3.7829360961914062, 0.8881242871284485, 20.905054092407227
4855738, 46, 3.968822717666626, 0.9318614602088928, 21.900554656982422
4855738, 46, 4.149269104003906, 0.9735752940177917, 22.896215438842773
4855738, 46, 4.3292365074157715, 1.0153203010559082, 23.892038345336914
4855738, 46, 4.5091753005981445, 1.056962251663208, 24.887908935546875
4855738, 46, 4.687982082366943, 1.0981212854385376, 25.883800506591797
4855738, 46, 4.865137577056885, 1.1389119625091553, 26.879627227783203
4855738, 46, 5.042037010192871, 1.1796579360961914, 27.875518798828125
4855738, 46, 5.219239711761475, 1.2205626964569092, 28.871381759643555
4855738, 46, 5.396288871765137, 1.2615031003952026, 29.867168426513672
