Case_ID, Slide_ID, mae, mse, ssim
5266205, 1, 0.05300736427307129, 0.009500496089458466, 0.9992378354072571
5266205, 2, 0.09645715355873108, 0.016035936772823334, 1.9988303184509277
5266205, 3, 0.1398981213569641, 0.02239859104156494, 2.998419761657715
5266205, 4, 0.1857696771621704, 0.029786013066768646, 3.997925043106079
5266205, 5, 0.2453773319721222, 0.04110707342624664, 4.997159481048584
5266205, 6, 0.3010554015636444, 0.05152583867311478, 5.996565341949463
5266205, 7, 0.35712894797325134, 0.06208077445626259, 6.9959564208984375
5266205, 8, 0.41380757093429565, 0.07224145531654358, 7.995302677154541
5266205, 9, 0.4692520797252655, 0.08230612426996231, 8.9946928024292
5266205, 10, 0.5226091146469116, 0.09217480570077896, 9.994152069091797
5266205, 11, 0.5756055116653442, 0.10218093544244766, 10.993635177612305
5266205, 12, 0.6282857656478882, 0.11206893622875214, 11.993106842041016
5266205, 13, 0.6821355819702148, 0.12187668681144714, 12.992539405822754
5266205, 14, 0.7342808842658997, 0.1310928910970688, 13.992015838623047
5266205, 15, 0.7873696684837341, 0.14054320752620697, 14.991474151611328
5266205, 16, 0.8425047993659973, 0.15035636723041534, 15.990861892700195
5266205, 17, 0.8996010422706604, 0.16104918718338013, 16.990163803100586
5266205, 18, 0.9566586017608643, 0.1717095971107483, 17.989437103271484
5266205, 19, 1.013833999633789, 0.18215107917785645, 18.988666534423828
5266205, 20, 1.0675623416900635, 0.19146445393562317, 19.987979888916016
5266205, 21, 1.1262515783309937, 0.20197878777980804, 20.98713493347168
5266205, 22, 1.1884589195251465, 0.21347051858901978, 21.986120223999023
5266205, 23, 1.2472894191741943, 0.22410663962364197, 22.985197067260742
5266205, 24, 1.3031501770019531, 0.23379558324813843, 23.98439598083496
5266205, 25, 1.3594242334365845, 0.24353818595409393, 24.983537673950195
5266205, 26, 1.3900794982910156, 0.2467804104089737, 25.983369827270508
5266205, 27, 1.4455175399780273, 0.25647813081741333, 26.9825382232666
5266205, 28, 1.5073195695877075, 0.26843708753585815, 27.981399536132812
5266205, 29, 1.5637003183364868, 0.27836909890174866, 28.980527877807617
5266205, 30, 1.6032768487930298, 0.2837885618209839, 29.98016357421875
5110047, 1, 0.043726544827222824, 0.0069498335942626, 0.9995976090431213
5110047, 2, 0.08805554360151291, 0.014295789413154125, 1.9991683959960938
5110047, 3, 0.13464495539665222, 0.02245701476931572, 2.9986724853515625
5110047, 4, 0.1910046935081482, 0.0334935300052166, 3.9980218410491943
5110047, 5, 0.25220656394958496, 0.04554877057671547, 4.997131824493408
5110047, 6, 0.3106338679790497, 0.0567152164876461, 5.9963765144348145
5110047, 7, 0.3684121370315552, 0.0674106553196907, 6.99562931060791
5110047, 8, 0.4090072810649872, 0.07349453121423721, 7.995298385620117
5110047, 9, 0.44732218980789185, 0.07887604087591171, 8.995019912719727
5110047, 10, 0.4851589798927307, 0.0840044617652893, 9.994735717773438
5110047, 11, 0.5224750638008118, 0.0892983227968216, 10.994455337524414
5110047, 12, 0.5594478249549866, 0.09425459057092667, 11.994183540344238
5110047, 13, 0.596672534942627, 0.09940139204263687, 12.993901252746582
5110047, 14, 0.6563893556594849, 0.11095275729894638, 13.992939949035645
5110047, 15, 0.7257601022720337, 0.1255970299243927, 14.991384506225586
5110047, 16, 0.7957269549369812, 0.1401766687631607, 15.989779472351074
5110047, 17, 0.863713264465332, 0.1542278230190277, 16.98830795288086
5110047, 18, 0.9291285276412964, 0.16753298044204712, 17.986995697021484
5110047, 19, 0.9919862747192383, 0.1801680624485016, 18.9858455657959
5110047, 20, 1.052748203277588, 0.19175714254379272, 19.98481559753418
5110047, 21, 1.1129114627838135, 0.20294782519340515, 20.983776092529297
5110047, 22, 1.172165036201477, 0.21392525732517242, 21.982763290405273
5110047, 23, 1.2324994802474976, 0.2252563238143921, 22.981712341308594
5110047, 24, 1.2844548225402832, 0.23394304513931274, 23.98097038269043
5110047, 25, 1.348361849784851, 0.24676235020160675, 24.97967529296875
5110047, 26, 1.4124699831008911, 0.2598870098590851, 25.97835350036621
5110047, 27, 1.479455828666687, 0.27429914474487305, 26.97683334350586
5110047, 28, 1.5317806005477905, 0.2839873731136322, 27.97614097595215
5110047, 29, 1.584209680557251, 0.29358938336372375, 28.975448608398438
5110047, 30, 1.6421732902526855, 0.3049284815788269, 29.974451065063477
4954663, 1, 0.07349556684494019, 0.01674223132431507, 0.9986709356307983
4954663, 2, 0.14681553840637207, 0.03320083022117615, 1.9973924160003662
4954663, 3, 0.21849116683006287, 0.04917281121015549, 2.9961190223693848
4954663, 4, 0.29296720027923584, 0.06653650850057602, 3.99473237991333
4954663, 5, 0.3599536418914795, 0.08176015317440033, 4.993777275085449
4954663, 6, 0.4265422224998474, 0.0970282107591629, 5.992840766906738
4954663, 7, 0.49528205394744873, 0.1122257187962532, 6.991823196411133
4954663, 8, 0.5502387881278992, 0.12379716336727142, 7.990951061248779
4954663, 9, 0.6017991304397583, 0.1341555267572403, 8.990189552307129
4954663, 10, 0.648945689201355, 0.1425817310810089, 9.989631652832031
4954663, 11, 0.7001006603240967, 0.1525670886039734, 10.98888111114502
4954663, 12, 0.7461506128311157, 0.15987341105937958, 11.988435745239258
4954663, 13, 0.7961462140083313, 0.1681039184331894, 12.987903594970703
4954663, 14, 0.8423190712928772, 0.17573119699954987, 13.987419128417969
4954663, 15, 0.8867560029029846, 0.18279314041137695, 14.986984252929688
4954663, 16, 0.9505167603492737, 0.19617366790771484, 15.986067771911621
4954663, 17, 1.0232512950897217, 0.21245864033699036, 16.984601974487305
4954663, 18, 1.088360071182251, 0.22600767016410828, 17.983564376831055
4954663, 19, 1.1537857055664062, 0.23981375992298126, 18.98247528076172
4954663, 20, 1.231664776802063, 0.2582176625728607, 19.98054313659668
4954663, 21, 1.2919528484344482, 0.27011585235595703, 20.979698181152344
4954663, 22, 1.3583968877792358, 0.2841483950614929, 21.978532791137695
4954663, 23, 1.4210933446884155, 0.2971343696117401, 22.977575302124023
4954663, 24, 1.4873666763305664, 0.3114214539527893, 23.976404190063477
4954663, 25, 1.5518333911895752, 0.3251764476299286, 24.975265502929688
4954663, 26, 1.6201341152191162, 0.340254008769989, 25.973892211914062
4954663, 27, 1.6897716522216797, 0.3558875322341919, 26.9725341796875
4954663, 28, 1.762013554573059, 0.3725739121437073, 27.970970153808594
4954663, 29, 1.8122367858886719, 0.38125720620155334, 28.970327377319336
4954663, 30, 1.8589410781860352, 0.3891010284423828, 29.969804763793945
4899760, 1, 0.04761451110243797, 0.00845122616738081, 0.9994304180145264
4899760, 2, 0.09369325637817383, 0.015915079042315483, 1.9989261627197266
4899760, 3, 0.13918817043304443, 0.023217905312776566, 2.998483657836914
4899760, 4, 0.20630867779254913, 0.038108065724372864, 3.997559070587158
4899760, 5, 0.27594852447509766, 0.05348154157400131, 4.996530532836914
4899760, 6, 0.3440617024898529, 0.06877277791500092, 5.995665073394775
4899760, 7, 0.3923509120941162, 0.07667601108551025, 6.995197772979736
4899760, 8, 0.43780192732810974, 0.08390893787145615, 7.994765758514404
4899760, 9, 0.4868791103363037, 0.0923650860786438, 8.994211196899414
4899760, 10, 0.5352948904037476, 0.10013329982757568, 9.993658065795898
4899760, 11, 0.5840647220611572, 0.10861270874738693, 10.9931640625
4899760, 12, 0.6326874494552612, 0.1169547289609909, 11.992664337158203
4899760, 13, 0.6866125464439392, 0.1267206370830536, 12.991992950439453
4899760, 14, 0.7552691102027893, 0.1423749178647995, 13.990958213806152
4899760, 15, 0.8201903700828552, 0.15653863549232483, 14.990062713623047
4899760, 16, 0.8675930500030518, 0.16434936225414276, 15.989555358886719
4899760, 17, 0.9142863154411316, 0.172125905752182, 16.98905372619629
4899760, 18, 0.9884741306304932, 0.1884843409061432, 17.987585067749023
4899760, 19, 1.0557711124420166, 0.20317479968070984, 18.98658561706543
4899760, 20, 1.1272156238555908, 0.2192605584859848, 19.985363006591797
4899760, 21, 1.2101041078567505, 0.24032296240329742, 20.983367919921875
4899760, 22, 1.2969388961791992, 0.2628245949745178, 21.98101806640625
4899760, 23, 1.3749775886535645, 0.28098252415657043, 22.97924041748047
4899760, 24, 1.4512587785720825, 0.2985181510448456, 23.977527618408203
4899760, 25, 1.4976452589035034, 0.30545899271965027, 24.976966857910156
4899760, 26, 1.5464870929718018, 0.3130705654621124, 25.976322174072266
4899760, 27, 1.5973010063171387, 0.32099398970603943, 26.97561264038086
4899760, 28, 1.6488597393035889, 0.32933369278907776, 27.9748592376709
4899760, 29, 1.7015039920806885, 0.33830249309539795, 28.974042892456055
4899760, 30, 1.7500073909759521, 0.3463267982006073, 29.973464965820312
5262914_2, 1, 0.07395743578672409, 0.0181440282613039, 0.9989415407180786
5262914_2, 2, 0.15116532146930695, 0.03755839914083481, 1.997828722000122
5262914_2, 3, 0.2280413806438446, 0.057075634598731995, 2.9967308044433594
5262914_2, 4, 0.3038657605648041, 0.07607986032962799, 3.9957032203674316
5262914_2, 5, 0.3786536157131195, 0.09391233325004578, 4.994683265686035
5262914_2, 6, 0.44115859270095825, 0.10813215374946594, 5.9937615394592285
5262914_2, 7, 0.50465989112854, 0.12299931794404984, 6.992782115936279
5262914_2, 8, 0.5635523200035095, 0.13570581376552582, 7.992011070251465
5262914_2, 9, 0.6169898509979248, 0.14619432389736176, 8.991400718688965
5262914_2, 10, 0.6712098121643066, 0.15724143385887146, 9.990750312805176
5262914_2, 11, 0.72356778383255, 0.16747954487800598, 10.990168571472168
5262914_2, 12, 0.7752214074134827, 0.17770500481128693, 11.989595413208008
5262914_2, 13, 0.8281052112579346, 0.1882784366607666, 12.988997459411621
5262914_2, 14, 0.8811535835266113, 0.19914311170578003, 13.988369941711426
5262914_2, 15, 0.93508380651474, 0.21083812415599823, 14.987693786621094
5262914_2, 16, 0.9840775728225708, 0.219582661986351, 15.987225532531738
5262914_2, 17, 1.0328915119171143, 0.22751401364803314, 16.98679542541504
5262914_2, 18, 1.0813857316970825, 0.2348705679178238, 17.98638153076172
5262914_2, 19, 1.1275595426559448, 0.24231012165546417, 18.98601722717285
5262914_2, 20, 1.1735538244247437, 0.24991489946842194, 19.985626220703125
5262914_2, 21, 1.2195329666137695, 0.2579617500305176, 20.985187530517578
5262914_2, 22, 1.2645303010940552, 0.26533403992652893, 21.984773635864258
5262914_2, 23, 1.332802653312683, 0.27970725297927856, 22.983638763427734
5262914_2, 24, 1.3788131475448608, 0.2870902717113495, 23.983219146728516
5262914_2, 25, 1.4283114671707153, 0.2951495945453644, 24.982704162597656
5262914_2, 26, 1.4972041845321655, 0.30968859791755676, 25.98145294189453
5262914_2, 27, 1.5667426586151123, 0.32467758655548096, 26.98013687133789
5262914_2, 28, 1.631079912185669, 0.3384180963039398, 27.979177474975586
5262914_2, 29, 1.6954180002212524, 0.352379709482193, 28.97825050354004
5262914_2, 30, 1.7601172924041748, 0.3664262294769287, 29.977279663085938
5216902, 1, 0.04447738453745842, 0.0069834887981414795, 0.9995366334915161
5216902, 2, 0.08796146512031555, 0.0141191640868783, 1.9990578889846802
5216902, 3, 0.13104090094566345, 0.021156489849090576, 2.998600959777832
5216902, 4, 0.1763170212507248, 0.028422797098755836, 3.9981257915496826
5216902, 5, 0.23351214826107025, 0.03874294459819794, 4.997384071350098
5216902, 6, 0.291470468044281, 0.04949226975440979, 5.996590614318848
5216902, 7, 0.3495731055736542, 0.06062982603907585, 6.995880126953125
5216902, 8, 0.4065702259540558, 0.07135342061519623, 7.995238304138184
5216902, 9, 0.46557432413101196, 0.08232898265123367, 8.9945068359375
5216902, 10, 0.5265675187110901, 0.09370960295200348, 9.993688583374023
5216902, 11, 0.5921290516853333, 0.1068219542503357, 10.992563247680664
5216902, 12, 0.6540653109550476, 0.11913665384054184, 11.991548538208008
5216902, 13, 0.7104626297950745, 0.12959571182727814, 12.990840911865234
5216902, 14, 0.7720275521278381, 0.14163221418857574, 13.989886283874512
5216902, 15, 0.8352694511413574, 0.15428119897842407, 14.988834381103516
5216902, 16, 0.8993876576423645, 0.16712643206119537, 15.987772941589355
5216902, 17, 0.9644423723220825, 0.18027657270431519, 16.986690521240234
5216902, 18, 1.0297642946243286, 0.19366145133972168, 17.98552703857422
5216902, 19, 1.0905654430389404, 0.2053576111793518, 18.984601974487305
5216902, 20, 1.1473708152770996, 0.21569477021694183, 19.983844757080078
5216902, 21, 1.2041144371032715, 0.2260848581790924, 20.983057022094727
5216902, 22, 1.2588143348693848, 0.23589228093624115, 21.982370376586914
5216902, 23, 1.3133078813552856, 0.24550096690654755, 22.981643676757812
5216902, 24, 1.3656829595565796, 0.25454267859458923, 23.980976104736328
5216902, 25, 1.4182237386703491, 0.2634948194026947, 24.980310440063477
5216902, 26, 1.471059799194336, 0.2726459205150604, 25.97962188720703
5216902, 27, 1.5221457481384277, 0.2811359465122223, 26.979000091552734
5216902, 28, 1.5769155025482178, 0.29069778323173523, 27.97817039489746
5216902, 29, 1.6264430284500122, 0.298880934715271, 28.977508544921875
5216902, 30, 1.680489182472229, 0.3083471357822418, 29.976688385009766
5032506, 1, 0.04761094972491264, 0.006800283212214708, 0.9994094967842102
5032506, 2, 0.10605274885892868, 0.01679745875298977, 1.9983669519424438
5032506, 3, 0.15840816497802734, 0.025051813572645187, 2.9975993633270264
5032506, 4, 0.20859304070472717, 0.032853223383426666, 3.9968783855438232
5032506, 5, 0.2641974985599518, 0.04236968979239464, 4.995885848999023
5032506, 6, 0.32750236988067627, 0.0544307567179203, 5.994511604309082
5032506, 7, 0.38469403982162476, 0.06592786312103271, 6.993691921234131
5032506, 8, 0.44303908944129944, 0.07599841058254242, 7.9925737380981445
5032506, 9, 0.49338987469673157, 0.08366357535123825, 8.991805076599121
5032506, 10, 0.5472400784492493, 0.09224338829517365, 9.990904808044434
5032506, 11, 0.6093112230300903, 0.10322733223438263, 10.98964786529541
5032506, 12, 0.662083625793457, 0.11304180324077606, 11.98901653289795
5032506, 13, 0.7128533720970154, 0.1211010068655014, 12.98824691772461
5032506, 14, 0.767922043800354, 0.12982328236103058, 13.987318992614746
5032506, 15, 0.820606529712677, 0.13792993128299713, 14.986505508422852
5032506, 16, 0.8737922310829163, 0.14613808691501617, 15.985676765441895
5032506, 17, 0.9255502223968506, 0.15542274713516235, 16.98512077331543
5032506, 18, 0.9760742783546448, 0.1640789657831192, 17.984607696533203
5032506, 19, 1.0227036476135254, 0.17154428362846375, 18.98415184020996
5032506, 20, 1.0673072338104248, 0.17834827303886414, 19.983728408813477
5032506, 21, 1.1128668785095215, 0.18535159528255463, 20.983299255371094
5032506, 22, 1.1586289405822754, 0.19245131313800812, 21.982860565185547
5032506, 23, 1.2048659324645996, 0.19957347214221954, 22.98240089416504
5032506, 24, 1.251254916191101, 0.206847682595253, 23.9819278717041
5032506, 25, 1.2971980571746826, 0.21377480030059814, 24.98145866394043
5032506, 26, 1.3493711948394775, 0.22253359854221344, 25.980743408203125
5032506, 27, 1.4034621715545654, 0.23225809633731842, 26.979951858520508
5032506, 28, 1.4413270950317383, 0.2367279976606369, 27.979597091674805
5032506, 29, 1.4789884090423584, 0.24092809855937958, 28.979236602783203
5032506, 30, 1.5104790925979614, 0.24431973695755005, 29.97900390625
4862367, 1, 0.04936416074633598, 0.008928239345550537, 0.999541699886322
4862367, 2, 0.10880717635154724, 0.020795913413167, 1.9987317323684692
4862367, 3, 0.16917404532432556, 0.032937198877334595, 2.997997760772705
4862367, 4, 0.2297762632369995, 0.04549754038453102, 3.997274160385132
4862367, 5, 0.28686201572418213, 0.05682619661092758, 4.996676445007324
4862367, 6, 0.34106481075286865, 0.06713241338729858, 5.996136665344238
4862367, 7, 0.40084972977638245, 0.07890694588422775, 6.9952921867370605
4862367, 8, 0.461842805147171, 0.09084659814834595, 7.994391441345215
4862367, 9, 0.5221971869468689, 0.10252127051353455, 8.993521690368652
4862367, 10, 0.576996386051178, 0.11272752285003662, 9.992921829223633
4862367, 11, 0.63637775182724, 0.12375381588935852, 10.992080688476562
4862367, 12, 0.7003567218780518, 0.13627474009990692, 11.991019248962402
4862367, 13, 0.7372357249259949, 0.141028493642807, 12.990792274475098
4862367, 14, 0.7919061183929443, 0.15087051689624786, 13.990192413330078
4862367, 15, 0.8477164506912231, 0.1609475463628769, 14.989542007446289
4862367, 16, 0.9128116965293884, 0.17389965057373047, 15.988373756408691
4862367, 17, 0.9719319343566895, 0.18518082797527313, 16.987497329711914
4862367, 18, 1.0366753339767456, 0.19815142452716827, 17.9863224029541
4862367, 19, 1.0999337434768677, 0.2105717658996582, 18.985191345214844
4862367, 20, 1.1555278301239014, 0.22044110298156738, 19.984453201293945
4862367, 21, 1.2126519680023193, 0.23068931698799133, 20.983644485473633
4862367, 22, 1.277390480041504, 0.243623748421669, 21.982383728027344
4862367, 23, 1.3418200016021729, 0.25634926557540894, 22.981121063232422
4862367, 24, 1.4006428718566895, 0.2674276828765869, 23.98013687133789
4862367, 25, 1.4595305919647217, 0.27834343910217285, 24.979177474975586
4862367, 26, 1.5158613920211792, 0.2885863482952118, 25.978349685668945
4862367, 27, 1.5555225610733032, 0.2942156195640564, 26.978012084960938
4862367, 28, 1.5963711738586426, 0.2999715209007263, 27.97759437561035
4862367, 29, 1.6406638622283936, 0.3073813319206238, 28.977100372314453
4862367, 30, 1.6877546310424805, 0.3154483139514923, 29.976484298706055
1144246, 1, 0.061151545494794846, 0.010805620811879635, 0.998955488204956
1144246, 2, 0.12084825336933136, 0.021055979654192924, 1.9979815483093262
1144246, 3, 0.1814824342727661, 0.03149757906794548, 2.9970123767852783
1144246, 4, 0.2525007724761963, 0.046006180346012115, 3.9954967498779297
1144246, 5, 0.31735894083976746, 0.05803804472088814, 4.99433708190918
1144246, 6, 0.39247235655784607, 0.07371559739112854, 5.992603302001953
1144246, 7, 0.47004908323287964, 0.09023210406303406, 6.99076509475708
1144246, 8, 0.5415225028991699, 0.10432927310466766, 7.9892778396606445
1144246, 9, 0.6283687949180603, 0.12555032968521118, 8.987456321716309
1144246, 10, 0.715312123298645, 0.14691446721553802, 9.985716819763184
1144246, 11, 0.8012048602104187, 0.16776570677757263, 10.98408031463623
1144246, 12, 0.8992363810539246, 0.1942085474729538, 11.981729507446289
1144246, 13, 0.9891239404678345, 0.21674147248268127, 12.980020523071289
1144246, 14, 1.0795958042144775, 0.23983646929264069, 13.978139877319336
1144246, 15, 1.1677802801132202, 0.2622625231742859, 14.976287841796875
1144246, 16, 1.2524923086166382, 0.2834036350250244, 15.974591255187988
1144246, 17, 1.3330061435699463, 0.30284011363983154, 16.97308349609375
1144246, 18, 1.412130355834961, 0.3216516673564911, 17.971559524536133
1144246, 19, 1.4638839960098267, 0.3308431804180145, 18.970746994018555
1144246, 20, 1.5121864080429077, 0.33848798274993896, 19.9700870513916
1144246, 21, 1.5601056814193726, 0.34557491540908813, 20.969470977783203
1144246, 22, 1.6096117496490479, 0.3533402979373932, 21.968772888183594
1144246, 23, 1.6781576871871948, 0.36692124605178833, 22.96717643737793
1144246, 24, 1.743525505065918, 0.3792310655117035, 23.965740203857422
1144246, 25, 1.8030155897140503, 0.38973942399024963, 24.96457290649414
1144246, 26, 1.8643261194229126, 0.4010217785835266, 25.963348388671875
1144246, 27, 1.92009437084198, 0.4106866419315338, 26.9624080657959
1144246, 28, 1.9690029621124268, 0.4181806445121765, 27.96176528930664
1144246, 29, 2.0160672664642334, 0.42497214674949646, 28.961196899414062
1144246, 30, 2.080291748046875, 0.4372406601905823, 29.959884643554688
4841237, 1, 0.04587476700544357, 0.006954075302928686, 0.9995291233062744
4841237, 2, 0.08844136446714401, 0.013281282968819141, 1.99912428855896
4841237, 3, 0.13174444437026978, 0.019744500517845154, 2.998666286468506
4841237, 4, 0.1750727891921997, 0.026327868923544884, 3.9982612133026123
4841237, 5, 0.2223171591758728, 0.034205976873636246, 4.9977827072143555
4841237, 6, 0.28185391426086426, 0.045796990394592285, 5.996925354003906
4841237, 7, 0.3433489203453064, 0.0580444261431694, 6.995940685272217
4841237, 8, 0.4046727418899536, 0.07016003131866455, 7.994926929473877
4841237, 9, 0.4441416263580322, 0.07577773183584213, 8.994596481323242
4841237, 10, 0.48437705636024475, 0.08139890432357788, 9.994196891784668
4841237, 11, 0.5241860747337341, 0.08684400469064713, 10.993802070617676
4841237, 12, 0.5625147819519043, 0.09211588650941849, 11.993454933166504
4841237, 13, 0.6009171009063721, 0.09750113636255264, 12.993132591247559
4841237, 14, 0.6626385450363159, 0.10954844951629639, 13.99213981628418
4841237, 15, 0.723687469959259, 0.1209687739610672, 14.991168022155762
4841237, 16, 0.7817590832710266, 0.13132819533348083, 15.990315437316895
4841237, 17, 0.8370388746261597, 0.1411714404821396, 16.989540100097656
4841237, 18, 0.8960262537002563, 0.15193377435207367, 17.98855972290039
4841237, 19, 0.9539359211921692, 0.16221463680267334, 18.987655639648438
4841237, 20, 1.0087554454803467, 0.17178413271903992, 19.98691177368164
4841237, 21, 1.0657680034637451, 0.18191008269786835, 20.986059188842773
4841237, 22, 1.1015273332595825, 0.18648084998130798, 21.985790252685547
4841237, 23, 1.1368484497070312, 0.1908850520849228, 22.985530853271484
4841237, 24, 1.1740312576293945, 0.19564685225486755, 23.9852294921875
4841237, 25, 1.2099735736846924, 0.2002083957195282, 24.984943389892578
4841237, 26, 1.246328353881836, 0.2048645168542862, 25.984622955322266
4841237, 27, 1.2837022542953491, 0.20984378457069397, 26.98430633544922
4841237, 28, 1.3278039693832397, 0.21631333231925964, 27.983821868896484
4841237, 29, 1.3730823993682861, 0.22289186716079712, 28.983314514160156
4841237, 30, 1.4119040966033936, 0.2280646413564682, 29.98296546936035
4151265, 1, 0.04803761839866638, 0.007075521629303694, 0.9993833899497986
4151265, 2, 0.08881767094135284, 0.012489039450883865, 1.9990026950836182
4151265, 3, 0.13314011693000793, 0.01863851398229599, 2.998528003692627
4151265, 4, 0.18466956913471222, 0.02756393700838089, 3.997934341430664
4151265, 5, 0.23784159123897552, 0.036663640290498734, 4.997267723083496
4151265, 6, 0.29177531599998474, 0.04604765772819519, 5.996567726135254
4151265, 7, 0.34596937894821167, 0.05540922284126282, 6.995860576629639
4151265, 8, 0.39520254731178284, 0.06352866441011429, 7.995347499847412
4151265, 9, 0.4451552629470825, 0.07202513515949249, 8.99477481842041
4151265, 10, 0.49447542428970337, 0.08056642860174179, 9.994234085083008
4151265, 11, 0.5443437099456787, 0.0893840342760086, 10.993691444396973
4151265, 12, 0.59418785572052, 0.09823063015937805, 11.993159294128418
4151265, 13, 0.6439831256866455, 0.10691030323505402, 12.9926176071167
4151265, 14, 0.6952505707740784, 0.11584349721670151, 13.991991996765137
4151265, 15, 0.7447376847267151, 0.12434669584035873, 14.991459846496582
4151265, 16, 0.7943708300590515, 0.13317129015922546, 15.990935325622559
4151265, 17, 0.8448487520217896, 0.1423533409833908, 16.990360260009766
4151265, 18, 0.8932468891143799, 0.15065410733222961, 17.989843368530273
4151265, 19, 0.9392862319946289, 0.15830540657043457, 18.989377975463867
4151265, 20, 0.9923171401023865, 0.16775119304656982, 19.98863410949707
4151265, 21, 1.041653037071228, 0.17619507014751434, 20.988069534301758
4151265, 22, 1.0885428190231323, 0.18382306396961212, 21.98760414123535
4151265, 23, 1.1342847347259521, 0.19092810153961182, 22.98716163635254
4151265, 24, 1.1849572658538818, 0.19911110401153564, 23.986465454101562
4151265, 25, 1.2157769203186035, 0.2024349868297577, 24.98628044128418
4151265, 26, 1.247439980506897, 0.2060052454471588, 25.9860782623291
4151265, 27, 1.2806901931762695, 0.20966070890426636, 26.98587417602539
4151265, 28, 1.3113679885864258, 0.21281370520591736, 27.98569679260254
4151265, 29, 1.3436015844345093, 0.21623656153678894, 28.985492706298828
4151265, 30, 1.3754215240478516, 0.21955029666423798, 29.985319137573242
4741590, 1, 0.05060930177569389, 0.008821586146950722, 0.9992914199829102
4741590, 2, 0.09737234562635422, 0.0164019875228405, 1.9988925457000732
4741590, 3, 0.14677956700325012, 0.024926695972681046, 2.9982504844665527
4741590, 4, 0.19359716773033142, 0.03229184076189995, 3.997756004333496
4741590, 5, 0.24153663218021393, 0.04034493863582611, 4.997285842895508
4741590, 6, 0.300921767950058, 0.051221124827861786, 5.996163845062256
4741590, 7, 0.3523692488670349, 0.06014113500714302, 6.995443344116211
4741590, 8, 0.4002465605735779, 0.06808392703533173, 7.994909286499023
4741590, 9, 0.4704592823982239, 0.08155351132154465, 8.993239402770996
4741590, 10, 0.5154320597648621, 0.08848428726196289, 9.99286937713623
4741590, 11, 0.559687614440918, 0.09521742910146713, 10.992521286010742
4741590, 12, 0.6053102016448975, 0.10266774147748947, 11.992120742797852
4741590, 13, 0.6498295068740845, 0.1097998097538948, 12.991747856140137
4741590, 14, 0.6941957473754883, 0.11714216321706772, 13.991374015808105
4741590, 15, 0.767806887626648, 0.13187682628631592, 14.989453315734863
4741590, 16, 0.834058940410614, 0.14486975967884064, 15.987936019897461
4741590, 17, 0.8782755136489868, 0.15176072716712952, 16.98760986328125
4741590, 18, 0.9324747920036316, 0.1608814299106598, 17.986774444580078
4741590, 19, 0.983285129070282, 0.16966967284679413, 18.986135482788086
4741590, 20, 1.0662671327590942, 0.1904020607471466, 19.98406219482422
4741590, 21, 1.188623070716858, 0.2313792109489441, 20.978376388549805
4741590, 22, 1.3134291172027588, 0.2738276720046997, 21.97241973876953
4741590, 23, 1.3748918771743774, 0.2855605185031891, 22.971261978149414
4741590, 24, 1.4444167613983154, 0.2994239032268524, 23.969579696655273
4741590, 25, 1.5563863515853882, 0.33625659346580505, 24.96469497680664
4741590, 26, 1.6449384689331055, 0.36101335287094116, 25.962045669555664
4741590, 27, 1.7489771842956543, 0.39416322112083435, 26.957792282104492
4741590, 28, 1.8186602592468262, 0.40824437141418457, 27.95599365234375
4741590, 29, 1.8714810609817505, 0.4174129366874695, 28.955184936523438
4741590, 30, 1.924587607383728, 0.42645564675331116, 29.954334259033203
4669030, 1, 0.04532557353377342, 0.00782279297709465, 0.999499499797821
4669030, 2, 0.08973392099142075, 0.014933731406927109, 1.9990718364715576
4669030, 3, 0.14714089035987854, 0.025574922561645508, 2.9983766078948975
4669030, 4, 0.20594832301139832, 0.03678593784570694, 3.997636318206787
4669030, 5, 0.2688513398170471, 0.04897363856434822, 4.996664047241211
4669030, 6, 0.3124775290489197, 0.05513828247785568, 5.996287822723389
4669030, 7, 0.35701754689216614, 0.062309589236974716, 6.995809555053711
4669030, 8, 0.40466979146003723, 0.07063420116901398, 7.995192050933838
4669030, 9, 0.44664832949638367, 0.07714857161045074, 8.99477767944336
4669030, 10, 0.4847986698150635, 0.08238983154296875, 9.994458198547363
4669030, 11, 0.5244420170783997, 0.08804638683795929, 10.994093894958496
4669030, 12, 0.565043032169342, 0.093949094414711, 11.993700981140137
4669030, 13, 0.6029046773910522, 0.09908940643072128, 12.993392944335938
4669030, 14, 0.6404678225517273, 0.10417082160711288, 13.993097305297852
4669030, 15, 0.6778432726860046, 0.1087389662861824, 14.99281120300293
4669030, 16, 0.7147254347801208, 0.11336024105548859, 15.992527961730957
4669030, 17, 0.7527250051498413, 0.11843320727348328, 16.99220085144043
4669030, 18, 0.8109018802642822, 0.12905342876911163, 17.9912109375
4669030, 19, 0.8685675263404846, 0.13961246609687805, 18.990276336669922
4669030, 20, 0.9237531423568726, 0.14958950877189636, 19.989484786987305
4669030, 21, 0.9850329160690308, 0.16115617752075195, 20.988426208496094
4669030, 22, 1.0215891599655151, 0.16577571630477905, 21.988115310668945
4669030, 23, 1.0959166288375854, 0.18200059235095978, 22.98624038696289
4669030, 24, 1.163761019706726, 0.19595658779144287, 23.984756469726562
4669030, 25, 1.2022720575332642, 0.2008327692747116, 24.984373092651367
4669030, 26, 1.2396944761276245, 0.20563070476055145, 25.984006881713867
4669030, 27, 1.2791849374771118, 0.21120645105838776, 26.983583450317383
4669030, 28, 1.3187432289123535, 0.2166680544614792, 27.983173370361328
4669030, 29, 1.3601011037826538, 0.22188693284988403, 28.982723236083984
4669030, 30, 1.4008549451828003, 0.22725233435630798, 29.982309341430664
4876648, 1, 0.04414338991045952, 0.006977671757340431, 0.9996057748794556
4876648, 2, 0.10006161034107208, 0.017607878893613815, 1.9990153312683105
4876648, 3, 0.1576499342918396, 0.028389107435941696, 2.9983463287353516
4876648, 4, 0.20947512984275818, 0.03778298944234848, 3.9976773262023926
4876648, 5, 0.2577333152294159, 0.04613076522946358, 4.997152805328369
4876648, 6, 0.3015812933444977, 0.05320323631167412, 5.996795177459717
4876648, 7, 0.35561224818229675, 0.06323085725307465, 6.996250152587891
4876648, 8, 0.41277575492858887, 0.07384906709194183, 7.99561882019043
4876648, 9, 0.47088897228240967, 0.08478471636772156, 8.99494743347168
4876648, 10, 0.5258628129959106, 0.0948791652917862, 9.994368553161621
4876648, 11, 0.5850881338119507, 0.10597536712884903, 10.99359130859375
4876648, 12, 0.6258624196052551, 0.11185362190008163, 11.993282318115234
4876648, 13, 0.6731839179992676, 0.11954791843891144, 12.992765426635742
4876648, 14, 0.7294164896011353, 0.12972626090049744, 13.992117881774902
4876648, 15, 0.7860632538795471, 0.1402139812707901, 14.991486549377441
4876648, 16, 0.8413552045822144, 0.15041093528270721, 15.99091911315918
4876648, 17, 0.8960136771202087, 0.16034705936908722, 16.99030113220215
4876648, 18, 0.9557012915611267, 0.17158687114715576, 17.98938751220703
4876648, 19, 1.0098731517791748, 0.1811022311449051, 18.988758087158203
4876648, 20, 1.0606526136398315, 0.18955925107002258, 19.988258361816406
4876648, 21, 1.1132749319076538, 0.1984674483537674, 20.987655639648438
4876648, 22, 1.1681612730026245, 0.20808514952659607, 21.986963272094727
4876648, 23, 1.2209347486495972, 0.21715374290943146, 22.98638343811035
4876648, 24, 1.2802128791809082, 0.22817263007164001, 23.985496520996094
4876648, 25, 1.344601035118103, 0.24106471240520477, 24.984233856201172
4876648, 26, 1.3999335765838623, 0.2509974539279938, 25.983394622802734
4876648, 27, 1.4562181234359741, 0.2614000141620636, 26.98248863220215
4876648, 28, 1.5073846578598022, 0.269870787858963, 27.98171615600586
4876648, 29, 1.5452961921691895, 0.27464795112609863, 28.981435775756836
4876648, 30, 1.5856224298477173, 0.2800781726837158, 29.981117248535156
4762480, 1, 0.050131503492593765, 0.008692310191690922, 0.9995350241661072
4762480, 2, 0.10530740022659302, 0.017909884452819824, 1.998730182647705
4762480, 3, 0.15534140169620514, 0.025928989052772522, 2.998229503631592
4762480, 4, 0.23083212971687317, 0.04367959871888161, 3.996634006500244
4762480, 5, 0.30734559893608093, 0.061825454235076904, 4.995000839233398
4762480, 6, 0.3563229441642761, 0.06957259029150009, 5.994555950164795
4762480, 7, 0.4065316319465637, 0.07756836712360382, 6.993993759155273
4762480, 8, 0.4548962116241455, 0.0854123905301094, 7.993584156036377
4762480, 9, 0.5059253573417664, 0.09398704767227173, 8.993038177490234
4762480, 10, 0.5591789484024048, 0.10274237394332886, 9.992311477661133
4762480, 11, 0.6195354461669922, 0.11292128264904022, 10.991181373596191
4762480, 12, 0.67857825756073, 0.12282051146030426, 11.990107536315918
4762480, 13, 0.7276815176010132, 0.13068273663520813, 12.989574432373047
4762480, 14, 0.7735542058944702, 0.13758699595928192, 13.989166259765625
4762480, 15, 0.8227601647377014, 0.14498919248580933, 14.988539695739746
4762480, 16, 0.8698031902313232, 0.1519750952720642, 15.98805046081543
4762480, 17, 0.9146680235862732, 0.15865163505077362, 16.98764991760254
4762480, 18, 0.9619356393814087, 0.16567090153694153, 17.987096786499023
4762480, 19, 1.0123286247253418, 0.1733970046043396, 18.986438751220703
4762480, 20, 1.0637049674987793, 0.18133771419525146, 19.98567008972168
4762480, 21, 1.1131720542907715, 0.1888415366411209, 20.98497200012207
4762480, 22, 1.158821940422058, 0.1955597996711731, 21.984533309936523
4762480, 23, 1.204248070716858, 0.2020716518163681, 22.984079360961914
4762480, 24, 1.2496659755706787, 0.2085874229669571, 23.98355484008789
4762480, 25, 1.2954708337783813, 0.21519188582897186, 24.983007431030273
4762480, 26, 1.3502106666564941, 0.22390377521514893, 25.982027053833008
4762480, 27, 1.3978222608566284, 0.23129087686538696, 26.981416702270508
4762480, 28, 1.4492862224578857, 0.23974201083183289, 27.98064422607422
4762480, 29, 1.4985772371292114, 0.2476150095462799, 28.98000144958496
4762480, 30, 1.5486900806427002, 0.25555387139320374, 29.97931671142578
5050023, 1, 0.05012628808617592, 0.008911860175430775, 0.9994643330574036
5050023, 2, 0.1245436817407608, 0.027724649757146835, 1.9981123208999634
5050023, 3, 0.19909217953681946, 0.047162845730781555, 2.996781349182129
5050023, 4, 0.27684319019317627, 0.06768128275871277, 3.995241403579712
5050023, 5, 0.3506396412849426, 0.08675390481948853, 4.993904113769531
5050023, 6, 0.40075230598449707, 0.09556075185537338, 5.9932661056518555
5050023, 7, 0.45511338114738464, 0.10478856414556503, 6.992434978485107
5050023, 8, 0.5030450224876404, 0.1129443421959877, 7.99190092086792
5050023, 9, 0.5506929159164429, 0.12110860645771027, 8.991425514221191
5050023, 10, 0.5979122519493103, 0.12912054359912872, 9.990941047668457
5050023, 11, 0.6451603770256042, 0.13735169172286987, 10.990426063537598
5050023, 12, 0.6916059255599976, 0.14549648761749268, 11.989900588989258
5050023, 13, 0.745907187461853, 0.15474826097488403, 12.989044189453125
5050023, 14, 0.7971106767654419, 0.16341112554073334, 13.988322257995605
5050023, 15, 0.8544818758964539, 0.1736830174922943, 14.987334251403809
5050023, 16, 0.9146541357040405, 0.18462608754634857, 15.986227035522461
5050023, 17, 0.9722639322280884, 0.19500575959682465, 16.985225677490234
5050023, 18, 1.0276658535003662, 0.20477280020713806, 17.984317779541016
5050023, 19, 1.084341049194336, 0.2150004506111145, 18.983356475830078
5050023, 20, 1.1428186893463135, 0.22645516693592072, 19.982324600219727
5050023, 21, 1.2317471504211426, 0.2512481212615967, 20.979663848876953
5050023, 22, 1.288051724433899, 0.26175957918167114, 21.978670120239258
5050023, 23, 1.3395394086837769, 0.2710546553134918, 22.977848052978516
5050023, 24, 1.3868199586868286, 0.2792995274066925, 23.97723960876465
5050023, 25, 1.4719228744506836, 0.30310213565826416, 24.974815368652344
5050023, 26, 1.556044340133667, 0.32623204588890076, 25.972492218017578
5050023, 27, 1.638412594795227, 0.3481768071651459, 26.970264434814453
5050023, 28, 1.7214144468307495, 0.3699662983417511, 27.96799659729004
5050023, 29, 1.804983377456665, 0.3916822373867035, 28.96568489074707
5050023, 30, 1.8874998092651367, 0.413155734539032, 29.96347427368164
4794215, 1, 0.048408523201942444, 0.008181912824511528, 0.9995711445808411
4794215, 2, 0.09739354252815247, 0.01669781096279621, 1.9991346597671509
4794215, 3, 0.17002946138381958, 0.03364245593547821, 2.997875452041626
4794215, 4, 0.23000794649124146, 0.04570361226797104, 3.997196912765503
4794215, 5, 0.283381849527359, 0.055856313556432724, 4.996705532073975
4794215, 6, 0.35439640283584595, 0.0724051222205162, 5.995584011077881
4794215, 7, 0.4356442391872406, 0.09272827208042145, 6.993725776672363
4794215, 8, 0.49189168214797974, 0.10250505059957504, 7.992918491363525
4794215, 9, 0.548300564289093, 0.1121421605348587, 8.992083549499512
4794215, 10, 0.5985003709793091, 0.12154799699783325, 9.991621017456055
4794215, 11, 0.6452347040176392, 0.12922735512256622, 10.991250991821289
4794215, 12, 0.6908872723579407, 0.1364811509847641, 11.990901947021484
4794215, 13, 0.7397293448448181, 0.14424854516983032, 12.990437507629395
4794215, 14, 0.7878607511520386, 0.15209870040416718, 13.989974975585938
4794215, 15, 0.8374969959259033, 0.1616240292787552, 14.989524841308594
4794215, 16, 0.8847628235816956, 0.16997858881950378, 15.989129066467285
4794215, 17, 0.9301167726516724, 0.17745038866996765, 16.988773345947266
4794215, 18, 1.0033979415893555, 0.1945570707321167, 17.98737907409668
4794215, 19, 1.0501434803009033, 0.2017514705657959, 18.986909866333008
4794215, 20, 1.0949546098709106, 0.2086213380098343, 19.98651123046875
4794215, 21, 1.1531566381454468, 0.21856066584587097, 20.985504150390625
4794215, 22, 1.2115685939788818, 0.22947534918785095, 21.98455238342285
4794215, 23, 1.2557125091552734, 0.23643149435520172, 22.98420524597168
4794215, 24, 1.3149127960205078, 0.2482994794845581, 23.983388900756836
4794215, 25, 1.3879032135009766, 0.26542210578918457, 24.981679916381836
4794215, 26, 1.4616180658340454, 0.28276196122169495, 25.9799861907959
4794215, 27, 1.5282751321792603, 0.2979101836681366, 26.978866577148438
4794215, 28, 1.6013292074203491, 0.31501826643943787, 27.977252960205078
4794215, 29, 1.6533374786376953, 0.32401782274246216, 28.976604461669922
4794215, 30, 1.7357168197631836, 0.34557145833969116, 29.9742431640625
5194805_2, 1, 0.08844751864671707, 0.023569487035274506, 0.998354971408844
5194805_2, 2, 0.1744447648525238, 0.046453967690467834, 1.9969278573989868
5194805_2, 3, 0.25935181975364685, 0.06867659091949463, 2.9956183433532715
5194805_2, 4, 0.34226682782173157, 0.08977758884429932, 3.994316577911377
5194805_2, 5, 0.4225218594074249, 0.10958166420459747, 4.993010997772217
5194805_2, 6, 0.5031737089157104, 0.12951530516147614, 5.991615295410156
5194805_2, 7, 0.5921323299407959, 0.15228939056396484, 6.989611625671387
5194805_2, 8, 0.6780029535293579, 0.17388290166854858, 7.987821102142334
5194805_2, 9, 0.756515383720398, 0.19322386384010315, 8.986481666564941
5194805_2, 10, 0.810731828212738, 0.20319409668445587, 9.9859037399292
5194805_2, 11, 0.8620010018348694, 0.21260014176368713, 10.985434532165527
5194805_2, 12, 0.9154326915740967, 0.2230970710515976, 11.984874725341797
5194805_2, 13, 0.9900857210159302, 0.24104979634284973, 12.983717918395996
5194805_2, 14, 1.0770221948623657, 0.2631884515285492, 13.981588363647461
5194805_2, 15, 1.1602193117141724, 0.28372135758399963, 14.979792594909668
5194805_2, 16, 1.2301573753356934, 0.3003510534763336, 15.978757858276367
5194805_2, 17, 1.279524803161621, 0.3080848455429077, 16.978240966796875
5194805_2, 18, 1.3309133052825928, 0.3161168694496155, 17.977598190307617
5194805_2, 19, 1.3759043216705322, 0.323284387588501, 18.977216720581055
5194805_2, 20, 1.4219216108322144, 0.3307730257511139, 19.97683334350586
5194805_2, 21, 1.466834545135498, 0.33799341320991516, 20.976465225219727
5194805_2, 22, 1.5123687982559204, 0.3455526828765869, 21.976043701171875
5194805_2, 23, 1.557547688484192, 0.3528970181941986, 22.975645065307617
5194805_2, 24, 1.603166937828064, 0.3602532148361206, 23.975261688232422
5194805_2, 25, 1.6723885536193848, 0.3761846423149109, 24.97408676147461
5194805_2, 26, 1.7445377111434937, 0.3932318687438965, 25.972749710083008
5194805_2, 27, 1.8238639831542969, 0.4132734537124634, 26.970863342285156
5194805_2, 28, 1.910989761352539, 0.43710580468177795, 27.9682674407959
5194805_2, 29, 1.9906408786773682, 0.45793208479881287, 28.96624183654785
5194805_2, 30, 2.0463011264801025, 0.46889448165893555, 29.965486526489258
4820624, 1, 0.06190164014697075, 0.013612044043838978, 0.9990997314453125
4820624, 2, 0.12442973256111145, 0.027231313288211823, 1.998110294342041
4820624, 3, 0.16552135348320007, 0.03313877061009407, 2.9978060722351074
4820624, 4, 0.21462766826152802, 0.040669407695531845, 3.9972822666168213
4820624, 5, 0.2595340609550476, 0.04710553586483002, 4.996895790100098
4820624, 6, 0.3121111989021301, 0.056872185319662094, 5.996349334716797
4820624, 7, 0.36577728390693665, 0.06689627468585968, 6.995772361755371
4820624, 8, 0.41429927945137024, 0.0743284821510315, 7.995280742645264
4820624, 9, 0.45749393105506897, 0.0805029422044754, 8.994933128356934
4820624, 10, 0.510379433631897, 0.0902712345123291, 9.99435043334961
4820624, 11, 0.5671780705451965, 0.10104197263717651, 10.99360466003418
4820624, 12, 0.6086680889129639, 0.1068015918135643, 11.993209838867188
4820624, 13, 0.6503275036811829, 0.11233124881982803, 12.99277114868164
4820624, 14, 0.7092087268829346, 0.12388645112514496, 13.991870880126953
4820624, 15, 0.768582820892334, 0.13611897826194763, 14.99090576171875
4820624, 16, 0.8285141587257385, 0.1484387218952179, 15.989961624145508
4820624, 17, 0.8911346793174744, 0.1619904339313507, 16.988872528076172
4820624, 18, 0.9556319713592529, 0.1762247383594513, 17.9876708984375
4820624, 19, 0.9940330386161804, 0.18162080645561218, 18.987375259399414
4820624, 20, 1.0339490175247192, 0.18733839690685272, 19.987089157104492
4820624, 21, 1.0900686979293823, 0.19824492931365967, 20.986282348632812
4820624, 22, 1.1268001794815063, 0.20310845971107483, 21.986021041870117
4820624, 23, 1.1646627187728882, 0.20806124806404114, 22.985719680786133
4820624, 24, 1.2077029943466187, 0.21479889750480652, 23.98528480529785
4820624, 25, 1.2456122636795044, 0.21987679600715637, 24.985017776489258
4820624, 26, 1.3061167001724243, 0.2323320508003235, 25.983911514282227
4820624, 27, 1.3442103862762451, 0.23767971992492676, 26.983570098876953
4820624, 28, 1.4077774286270142, 0.25139355659484863, 27.982208251953125
4820624, 29, 1.446422815322876, 0.25676435232162476, 28.981792449951172
4820624, 30, 1.487943410873413, 0.26273590326309204, 29.9813289642334
4733553, 1, 0.09402710944414139, 0.028782308101654053, 0.9970335960388184
4733553, 2, 0.16239190101623535, 0.043414317071437836, 1.9956916570663452
4733553, 3, 0.22902889549732208, 0.05739657208323479, 2.994471549987793
4733553, 4, 0.32154878973960876, 0.08486233651638031, 3.991654872894287
4733553, 5, 0.41203486919403076, 0.11079348623752594, 4.989068984985352
4733553, 6, 0.4785354435443878, 0.12434116750955582, 5.987773895263672
4733553, 7, 0.5421497821807861, 0.13730280101299286, 6.98677396774292
4733553, 8, 0.6056271195411682, 0.1496054232120514, 7.985683917999268
4733553, 9, 0.6683146953582764, 0.16145430505275726, 8.98468017578125
4733553, 10, 0.7322641015052795, 0.17348510026931763, 9.983539581298828
4733553, 11, 0.7960922718048096, 0.18591628968715668, 10.982481002807617
4733553, 12, 0.8650956749916077, 0.19980619847774506, 11.98106861114502
4733553, 13, 0.9627680778503418, 0.2285342663526535, 12.97774887084961
4733553, 14, 1.0588821172714233, 0.25685328245162964, 13.97457218170166
4733553, 15, 1.1270272731781006, 0.27033185958862305, 14.973155975341797
4733553, 16, 1.1955331563949585, 0.2842235267162323, 15.9716796875
4733553, 17, 1.29097580909729, 0.3122551143169403, 16.968538284301758
4733553, 18, 1.3870189189910889, 0.34098517894744873, 17.965240478515625
4733553, 19, 1.4904478788375854, 0.37272268533706665, 18.961305618286133
4733553, 20, 1.5907459259033203, 0.40304094552993774, 19.957685470581055
4733553, 21, 1.688039779663086, 0.4321364462375641, 20.95432472229004
4733553, 22, 1.7897822856903076, 0.46335241198539734, 21.950519561767578
4733553, 23, 1.8546262979507446, 0.476218581199646, 22.949247360229492
4733553, 24, 1.9568750858306885, 0.5077769756317139, 23.94537353515625
4733553, 25, 2.053067207336426, 0.5366417169570923, 24.94205665588379
4733553, 26, 2.117928981781006, 0.5495317578315735, 25.940818786621094
4733553, 27, 2.1883084774017334, 0.5650500655174255, 26.93918228149414
4733553, 28, 2.2533586025238037, 0.5781596302986145, 27.937971115112305
4733553, 29, 2.3195149898529053, 0.5918508768081665, 28.936670303344727
4733553, 30, 2.3873674869537354, 0.6056893467903137, 29.93522834777832
5036311, 1, 0.06660786271095276, 0.014999601058661938, 0.9986009001731873
5036311, 2, 0.13497070968151093, 0.030364269390702248, 1.9971098899841309
5036311, 3, 0.20350204408168793, 0.04565483704209328, 2.995615005493164
5036311, 4, 0.26938724517822266, 0.059970077127218246, 3.994284152984619
5036311, 5, 0.32718631625175476, 0.07113780081272125, 4.993382930755615
5036311, 6, 0.3794008195400238, 0.08042556047439575, 5.99273157119751
5036311, 7, 0.44575271010398865, 0.09462852776050568, 6.991821765899658
5036311, 8, 0.5111242532730103, 0.10893318802118301, 7.990942478179932
5036311, 9, 0.5759403705596924, 0.12232262641191483, 8.990058898925781
5036311, 10, 0.6389217376708984, 0.13489103317260742, 9.989253997802734
5036311, 11, 0.6996005773544312, 0.14717943966388702, 10.988537788391113
5036311, 12, 0.7612195611000061, 0.1595563441514969, 11.987781524658203
5036311, 13, 0.8218613862991333, 0.17167441546916962, 12.987021446228027
5036311, 14, 0.879654586315155, 0.18299651145935059, 13.986331939697266
5036311, 15, 0.9349626898765564, 0.1938253790140152, 14.985694885253906
5036311, 16, 0.9784898161888123, 0.20078377425670624, 15.985257148742676
5036311, 17, 1.0186686515808105, 0.2062581330537796, 16.984962463378906
5036311, 18, 1.076907753944397, 0.21680662035942078, 17.98427963256836
5036311, 19, 1.1343457698822021, 0.22741389274597168, 18.98360252380371
5036311, 20, 1.1892683506011963, 0.2378333956003189, 19.982967376708984
5036311, 21, 1.2435880899429321, 0.24765720963478088, 20.982343673706055
5036311, 22, 1.2877172231674194, 0.25477829575538635, 21.9818172454834
5036311, 23, 1.3287794589996338, 0.26093974709510803, 22.981409072875977
5036311, 24, 1.3745414018630981, 0.26844462752342224, 23.980833053588867
5036311, 25, 1.4267997741699219, 0.27800533175468445, 24.980010986328125
5036311, 26, 1.480339527130127, 0.2880266010761261, 25.979148864746094
5036311, 27, 1.5205497741699219, 0.29390108585357666, 26.978801727294922
5036311, 28, 1.5681582689285278, 0.30224743485450745, 27.978166580200195
5036311, 29, 1.6096464395523071, 0.3086559772491455, 28.97776985168457
5036311, 30, 1.6571776866912842, 0.31702563166618347, 29.977134704589844
4739356, 1, 0.04675474762916565, 0.007999313063919544, 0.9995200634002686
4739356, 2, 0.09204807877540588, 0.015359772369265556, 1.999098539352417
4739356, 3, 0.1354299634695053, 0.021967627108097076, 2.9987339973449707
4739356, 4, 0.1786276251077652, 0.02867978624999523, 3.9983646869659424
4739356, 5, 0.23052166402339935, 0.03832500800490379, 4.997738361358643
4739356, 6, 0.2852386236190796, 0.0491805262863636, 5.9969940185546875
4739356, 7, 0.33951881527900696, 0.059848569333553314, 6.99629545211792
4739356, 8, 0.40959596633911133, 0.07616322487592697, 7.99511194229126
4739356, 9, 0.4765129089355469, 0.09230805188417435, 8.994170188903809
4739356, 10, 0.5478200316429138, 0.10856880247592926, 9.992886543273926
4739356, 11, 0.5982550978660583, 0.11812371015548706, 10.992228507995605
4739356, 12, 0.6452120542526245, 0.1266469806432724, 11.991677284240723
4739356, 13, 0.6961685419082642, 0.1365390419960022, 12.990971565246582
4739356, 14, 0.7567166686058044, 0.14951904118061066, 13.990114212036133
4739356, 15, 0.8162490725517273, 0.16193610429763794, 14.98930835723877
4739356, 16, 0.8814425468444824, 0.17573216557502747, 15.988234519958496
4739356, 17, 0.9461764097213745, 0.18969841301441193, 16.987163543701172
4739356, 18, 1.0080299377441406, 0.20338758826255798, 17.986221313476562
4739356, 19, 1.067995548248291, 0.21646001935005188, 18.985315322875977
4739356, 20, 1.1254030466079712, 0.22810640931129456, 19.98447036743164
4739356, 21, 1.1658720970153809, 0.23455891013145447, 20.984085083007812
4739356, 22, 1.2056221961975098, 0.24029457569122314, 21.983722686767578
4739356, 23, 1.246445655822754, 0.24621476233005524, 22.983312606811523
4739356, 24, 1.2871235609054565, 0.25272202491760254, 23.982900619506836
4739356, 25, 1.3287105560302734, 0.2593061923980713, 24.982498168945312
4739356, 26, 1.3712048530578613, 0.26606324315071106, 25.982074737548828
4739356, 27, 1.4132393598556519, 0.27308085560798645, 26.981632232666016
4739356, 28, 1.4554563760757446, 0.2800333499908447, 27.98119354248047
4739356, 29, 1.4994151592254639, 0.28701481223106384, 28.980712890625
4739356, 30, 1.5480895042419434, 0.2947845757007599, 29.980024337768555
5125441, 1, 0.05059546232223511, 0.009187555871903896, 0.9994588494300842
5125441, 2, 0.10333701968193054, 0.0187736414372921, 1.9989123344421387
5125441, 3, 0.15980321168899536, 0.028975002467632294, 2.998237371444702
5125441, 4, 0.2121056467294693, 0.03833595663309097, 3.997697591781616
5125441, 5, 0.26409074664115906, 0.047574471682310104, 4.997180461883545
5125441, 6, 0.3170379102230072, 0.05724838748574257, 5.996650218963623
5125441, 7, 0.3698802590370178, 0.06710126250982285, 6.9961042404174805
5125441, 8, 0.4213014841079712, 0.07656583935022354, 7.995616912841797
5125441, 9, 0.46625688672065735, 0.08361154049634933, 8.99514102935791
5125441, 10, 0.5038318037986755, 0.08853959292173386, 9.994882583618164
5125441, 11, 0.5553422570228577, 0.09734854102134705, 10.994361877441406
5125441, 12, 0.6101117134094238, 0.1070440262556076, 11.993734359741211
5125441, 13, 0.6659820079803467, 0.11699239909648895, 12.992968559265137
5125441, 14, 0.7205296158790588, 0.12637637555599213, 13.9922456741333
5125441, 15, 0.7790361046791077, 0.136951744556427, 14.991332054138184
5125441, 16, 0.8321115374565125, 0.14609940350055695, 15.990686416625977
5125441, 17, 0.8877209424972534, 0.1559467613697052, 16.989871978759766
5125441, 18, 0.9402799606323242, 0.16474631428718567, 17.989147186279297
5125441, 19, 0.9935022592544556, 0.17363500595092773, 18.98838233947754
5125441, 20, 1.0490964651107788, 0.18330413103103638, 19.987567901611328
5125441, 21, 1.101837396621704, 0.1921183466911316, 20.986858367919922
5125441, 22, 1.1542699337005615, 0.20065456628799438, 21.986125946044922
5125441, 23, 1.2066060304641724, 0.20911438763141632, 22.985397338867188
5125441, 24, 1.2588096857070923, 0.2176470309495926, 23.98467254638672
5125441, 25, 1.3112496137619019, 0.2261749505996704, 24.983917236328125
5125441, 26, 1.3729441165924072, 0.23737996816635132, 25.982669830322266
5125441, 27, 1.4414095878601074, 0.25115346908569336, 26.980995178222656
5125441, 28, 1.5150867700576782, 0.2672467827796936, 27.9790096282959
5125441, 29, 1.5522555112838745, 0.2714851200580597, 28.978681564331055
5125441, 30, 1.5900408029556274, 0.2758704125881195, 29.97833251953125
4713006, 1, 0.0456317737698555, 0.006983927916735411, 0.999528706073761
4713006, 2, 0.10743702948093414, 0.01868996024131775, 1.998443603515625
4713006, 3, 0.16216765344142914, 0.028057921677827835, 2.9976706504821777
4713006, 4, 0.22258725762367249, 0.03984684497117996, 3.996859073638916
4713006, 5, 0.283149778842926, 0.05170435458421707, 4.996045112609863
4713006, 6, 0.3431206941604614, 0.0633193626999855, 5.995228290557861
4713006, 7, 0.3982967734336853, 0.07381932437419891, 6.994634628295898
4713006, 8, 0.4567706882953644, 0.08520154654979706, 7.993932247161865
4713006, 9, 0.5144063234329224, 0.09622534364461899, 8.993234634399414
4713006, 10, 0.5746110081672668, 0.10769340395927429, 9.992403984069824
4713006, 11, 0.6346244812011719, 0.11912067234516144, 10.991559028625488
4713006, 12, 0.7029838562011719, 0.13356468081474304, 11.990265846252441
4713006, 13, 0.7396159172058105, 0.13864625990390778, 12.990020751953125
4713006, 14, 0.7770642042160034, 0.14406812191009521, 13.989727020263672
4713006, 15, 0.8234366774559021, 0.15072330832481384, 14.989113807678223
4713006, 16, 0.8609217405319214, 0.15565283596515656, 15.988811492919922
4713006, 17, 0.8972057104110718, 0.1602780818939209, 16.988544464111328
4713006, 18, 0.9363341331481934, 0.165367990732193, 17.988229751586914
4713006, 19, 0.984808087348938, 0.17302383482456207, 18.98775863647461
4713006, 20, 1.0363616943359375, 0.18139560520648956, 19.987159729003906
4713006, 21, 1.104088544845581, 0.19485212862491608, 20.985727310180664
4713006, 22, 1.1603283882141113, 0.20482724905014038, 21.98491668701172
4713006, 23, 1.2140834331512451, 0.2141561359167099, 22.984256744384766
4713006, 24, 1.2972939014434814, 0.23448146879673004, 23.981779098510742
4713006, 25, 1.3562427759170532, 0.24554459750652313, 24.9808349609375
4713006, 26, 1.4084060192108154, 0.25479716062545776, 25.980205535888672
4713006, 27, 1.5211892127990723, 0.2913185954093933, 26.9751033782959
4713006, 28, 1.6469645500183105, 0.3367341160774231, 27.96851348876953
4713006, 29, 1.7043406963348389, 0.3476034998893738, 28.9676513671875
4713006, 30, 1.7418843507766724, 0.35238710045814514, 29.96738052368164
4699088, 1, 0.036829181015491486, 0.004859347827732563, 0.9997235536575317
4699088, 2, 0.07653980702161789, 0.010921737179160118, 1.999346375465393
4699088, 3, 0.11474767327308655, 0.016608331352472305, 2.9990413188934326
4699088, 4, 0.1540994942188263, 0.022570863366127014, 3.9987049102783203
4699088, 5, 0.19692784547805786, 0.029253605753183365, 4.9982686042785645
4699088, 6, 0.2352270483970642, 0.03461689502000809, 5.997977256774902
4699088, 7, 0.27810555696487427, 0.0410420224070549, 6.997648239135742
4699088, 8, 0.3288523256778717, 0.04971634969115257, 7.997133731842041
4699088, 9, 0.37993642687797546, 0.05844844877719879, 8.996564865112305
4699088, 10, 0.42993173003196716, 0.06682346761226654, 9.996006965637207
4699088, 11, 0.46325477957725525, 0.07083867490291595, 10.995803833007812
4699088, 12, 0.4951845407485962, 0.07450998574495316, 11.995610237121582
4699088, 13, 0.5262588262557983, 0.07797238975763321, 12.995444297790527
4699088, 14, 0.5787304639816284, 0.08660568296909332, 13.994762420654297
4699088, 15, 0.6346400380134583, 0.09621819108724594, 14.993911743164062
4699088, 16, 0.6982734799385071, 0.10842610895633698, 15.992626190185547
4699088, 17, 0.756985604763031, 0.11890731751918793, 16.991607666015625
4699088, 18, 0.8208598494529724, 0.13108189404010773, 17.990327835083008
4699088, 19, 0.8788576126098633, 0.14135347306728363, 18.98942756652832
4699088, 20, 0.9325511455535889, 0.15027450025081635, 19.988739013671875
4699088, 21, 0.9811418056488037, 0.15787985920906067, 20.988239288330078
4699088, 22, 1.032027244567871, 0.16585886478424072, 21.98763084411621
4699088, 23, 1.0786477327346802, 0.17299239337444305, 22.987154006958008
4699088, 24, 1.1348387002944946, 0.18238306045532227, 23.98630142211914
4699088, 25, 1.193086862564087, 0.19249357283115387, 24.985321044921875
4699088, 26, 1.2464334964752197, 0.2012161761522293, 25.984569549560547
4699088, 27, 1.295364260673523, 0.20876562595367432, 26.9840087890625
4699088, 28, 1.339898705482483, 0.2155085802078247, 27.983591079711914
4699088, 29, 1.3809674978256226, 0.22176744043827057, 28.983238220214844
4699088, 30, 1.4288873672485352, 0.22919723391532898, 29.9826602935791
4772763, 1, 0.04517083242535591, 0.006376105826348066, 0.9995572566986084
4772763, 2, 0.09057167172431946, 0.01355839241296053, 1.9990984201431274
4772763, 3, 0.13747626543045044, 0.02133188582956791, 2.998603343963623
4772763, 4, 0.19155751168727875, 0.032344602048397064, 3.997748851776123
4772763, 5, 0.24250701069831848, 0.042201004922389984, 4.997037410736084
4772763, 6, 0.30572807788848877, 0.05492845177650452, 5.996098518371582
4772763, 7, 0.3524168133735657, 0.061914172023534775, 6.995614528656006
4772763, 8, 0.40261781215667725, 0.07045844197273254, 7.995080471038818
4772763, 9, 0.4626464247703552, 0.08182767778635025, 8.994251251220703
4772763, 10, 0.5257458090782166, 0.09391035884618759, 9.993210792541504
4772763, 11, 0.5648068785667419, 0.0990222916007042, 10.99289321899414
4772763, 12, 0.6028400659561157, 0.10390180349349976, 11.992606163024902
4772763, 13, 0.6407048106193542, 0.10953310132026672, 12.99229907989502
4772763, 14, 0.7013596296310425, 0.12108136713504791, 13.991384506225586
4772763, 15, 0.7675542235374451, 0.1346135288476944, 14.990145683288574
4772763, 16, 0.8245337009429932, 0.14496901631355286, 15.989343643188477
4772763, 17, 0.88381427526474, 0.1555148959159851, 16.988428115844727
4772763, 18, 0.9182129502296448, 0.15964646637439728, 17.98821449279785
4772763, 19, 0.9517964124679565, 0.16364195942878723, 18.987998962402344
4772763, 20, 0.985366702079773, 0.16757169365882874, 19.987796783447266
4772763, 21, 1.0384052991867065, 0.17607401311397552, 20.987102508544922
4772763, 22, 1.0927810668945312, 0.18490275740623474, 21.986339569091797
4772763, 23, 1.126310110092163, 0.18870152533054352, 22.986129760742188
4772763, 24, 1.160864233970642, 0.19271966814994812, 23.98590087890625
4772763, 25, 1.2000788450241089, 0.19718149304389954, 24.98552703857422
4772763, 26, 1.273375153541565, 0.21318544447422028, 25.98366928100586
4772763, 27, 1.3397760391235352, 0.22660842537879944, 26.98226547241211
4772763, 28, 1.4061506986618042, 0.24042800068855286, 27.980819702148438
4772763, 29, 1.460081934928894, 0.2503749132156372, 28.98003387451172
4772763, 30, 1.5175706148147583, 0.26120665669441223, 29.979103088378906
4850951, 1, 0.07100576162338257, 0.016877496615052223, 0.9985072016716003
4850951, 2, 0.13306593894958496, 0.03043401427567005, 1.9977359771728516
4850951, 3, 0.1954067051410675, 0.044166043400764465, 2.996971607208252
4850951, 4, 0.2590208649635315, 0.05794132500886917, 3.996229887008667
4850951, 5, 0.3312988877296448, 0.07263178378343582, 4.994826316833496
4850951, 6, 0.39308688044548035, 0.0856490284204483, 5.994084358215332
4850951, 7, 0.4507538080215454, 0.09573416411876678, 6.993326663970947
4850951, 8, 0.5020676851272583, 0.10382010042667389, 7.992799758911133
4850951, 9, 0.5633088946342468, 0.11658509820699692, 8.992130279541016
4850951, 10, 0.6286394596099854, 0.1304401159286499, 9.991146087646484
4850951, 11, 0.6881256699562073, 0.14225171506404877, 10.990449905395508
4850951, 12, 0.7460317611694336, 0.15403857827186584, 11.989810943603516
4850951, 13, 0.8047569394111633, 0.16597652435302734, 12.989195823669434
4850951, 14, 0.8528497219085693, 0.17348510026931763, 13.988744735717773
4850951, 15, 0.9141442179679871, 0.18640057742595673, 14.987998962402344
4850951, 16, 0.9728935956954956, 0.19850482046604156, 15.987357139587402
4850951, 17, 1.0358805656433105, 0.2124546766281128, 16.986587524414062
4850951, 18, 1.1286935806274414, 0.23865675926208496, 17.983535766601562
4850951, 19, 1.2096072435379028, 0.25908327102661133, 18.981449127197266
4850951, 20, 1.2754623889923096, 0.27366703748703003, 19.98044776916504
4850951, 21, 1.340013027191162, 0.28764310479164124, 20.979402542114258
4850951, 22, 1.3911774158477783, 0.2965727150440216, 21.978748321533203
4850951, 23, 1.4593274593353271, 0.3113105893135071, 22.97742462158203
4850951, 24, 1.5241388082504272, 0.32501447200775146, 23.976289749145508
4850951, 25, 1.5839452743530273, 0.33700475096702576, 24.975502014160156
4850951, 26, 1.6434646844863892, 0.3491332232952118, 25.974689483642578
4850951, 27, 1.7016078233718872, 0.36096900701522827, 26.973995208740234
4850951, 28, 1.7632157802581787, 0.37407350540161133, 27.97311782836914
4850951, 29, 1.806196689605713, 0.3802911937236786, 28.972747802734375
4850951, 30, 1.8482768535614014, 0.386083722114563, 29.972389221191406
2265761, 1, 0.04850306361913681, 0.007832190953195095, 0.9994285702705383
2265761, 2, 0.10269670188426971, 0.017428094521164894, 1.998590350151062
2265761, 3, 0.1721588373184204, 0.03267967700958252, 2.99696946144104
2265761, 4, 0.23244836926460266, 0.04456162452697754, 3.9962308406829834
2265761, 5, 0.2935708463191986, 0.056894008070230484, 4.9953999519348145
2265761, 6, 0.35302674770355225, 0.06878842413425446, 5.994622230529785
2265761, 7, 0.4152994155883789, 0.08203098177909851, 6.993795871734619
2265761, 8, 0.47792327404022217, 0.09532438963651657, 7.9929728507995605
2265761, 9, 0.5383164286613464, 0.10812093317508698, 8.992171287536621
2265761, 10, 0.5968271493911743, 0.12006328254938126, 9.991450309753418
2265761, 11, 0.6556577682495117, 0.132040336728096, 10.990720748901367
2265761, 12, 0.7113606929779053, 0.14313137531280518, 11.99006175994873
2265761, 13, 0.7705497145652771, 0.1543715000152588, 12.989293098449707
2265761, 14, 0.8353906273841858, 0.16720473766326904, 13.988219261169434
2265761, 15, 0.8992218375205994, 0.17982740700244904, 14.987234115600586
2265761, 16, 0.9634085893630981, 0.1926874816417694, 15.98622989654541
2265761, 17, 1.0247029066085815, 0.20444153249263763, 16.985370635986328
2265761, 18, 1.0838212966918945, 0.21545472741127014, 17.98456573486328
2265761, 19, 1.1383541822433472, 0.2249922901391983, 18.983936309814453
2265761, 20, 1.1915441751480103, 0.23371198773384094, 19.983314514160156
2265761, 21, 1.2226544618606567, 0.23690956830978394, 20.983142852783203
2265761, 22, 1.254655361175537, 0.24017684161663055, 21.982942581176758
2265761, 23, 1.2866177558898926, 0.24354949593544006, 22.982751846313477
2265761, 24, 1.3207287788391113, 0.2474563866853714, 23.982513427734375
2265761, 25, 1.3545762300491333, 0.25123098492622375, 24.98227882385254
2265761, 26, 1.3890727758407593, 0.2551623582839966, 25.98203468322754
2265761, 27, 1.42579185962677, 0.2598942220211029, 26.981739044189453
2265761, 28, 1.4906738996505737, 0.27287015318870544, 27.980451583862305
2265761, 29, 1.545021891593933, 0.28299298882484436, 28.979707717895508
2265761, 30, 1.5978755950927734, 0.2932353615760803, 29.979049682617188
5038881, 1, 0.06313853710889816, 0.016182679682970047, 0.9985587000846863
5038881, 2, 0.13987329602241516, 0.036507539451122284, 1.9970242977142334
5038881, 3, 0.19577465951442719, 0.04858960956335068, 2.996091365814209
5038881, 4, 0.25048255920410156, 0.06036306545138359, 3.9951725006103516
5038881, 5, 0.3047330975532532, 0.07209983468055725, 4.994241237640381
5038881, 6, 0.36441072821617126, 0.08572827279567719, 5.993103504180908
5038881, 7, 0.4326428472995758, 0.10228879749774933, 6.991562843322754
5038881, 8, 0.498163640499115, 0.11738108098506927, 7.990167617797852
5038881, 9, 0.5592920184135437, 0.13099852204322815, 8.988981246948242
5038881, 10, 0.6193814873695374, 0.14477334916591644, 9.987815856933594
5038881, 11, 0.6899765133857727, 0.16263706982135773, 10.986527442932129
5038881, 12, 0.7584153413772583, 0.17997005581855774, 11.98525619506836
5038881, 13, 0.8262656927108765, 0.1973533034324646, 12.983994483947754
5038881, 14, 0.8942549824714661, 0.21316777169704437, 13.982821464538574
5038881, 15, 0.9679651260375977, 0.23029878735542297, 14.9814453125
5038881, 16, 1.0441679954528809, 0.248233824968338, 15.979928016662598
5038881, 17, 1.1177606582641602, 0.2651471197605133, 16.978513717651367
5038881, 18, 1.1878087520599365, 0.28061383962631226, 17.977310180664062
5038881, 19, 1.2540348768234253, 0.2944851517677307, 18.976282119750977
5038881, 20, 1.2955422401428223, 0.30102434754371643, 19.97589874267578
5038881, 21, 1.35782790184021, 0.3133447468280792, 20.975034713745117
5038881, 22, 1.4258301258087158, 0.3271953761577606, 21.973791122436523
5038881, 23, 1.4657191038131714, 0.3330509662628174, 22.97347068786621
5038881, 24, 1.5048128366470337, 0.33863893151283264, 23.973167419433594
5038881, 25, 1.5447014570236206, 0.34430399537086487, 24.972837448120117
5038881, 26, 1.5866191387176514, 0.35053426027297974, 25.972436904907227
5038881, 27, 1.6277015209197998, 0.35657286643981934, 26.972078323364258
5038881, 28, 1.6699308156967163, 0.36328884959220886, 27.971668243408203
5038881, 29, 1.7126494646072388, 0.3701211214065552, 28.971261978149414
5038881, 30, 1.7720692157745361, 0.3823491632938385, 29.97050666809082
4785791, 1, 0.07294993847608566, 0.018214887008070946, 0.9985084533691406
4785791, 2, 0.12032260745763779, 0.026330260559916496, 1.998100757598877
4785791, 3, 0.1943257451057434, 0.044402651488780975, 2.9964284896850586
4785791, 4, 0.2608283758163452, 0.05992404371500015, 3.995295524597168
4785791, 5, 0.3267821669578552, 0.07490846514701843, 4.994093418121338
4785791, 6, 0.39592403173446655, 0.08851347118616104, 5.992397785186768
4785791, 7, 0.46301543712615967, 0.10348786413669586, 6.991194725036621
4785791, 8, 0.5371906757354736, 0.12096141278743744, 7.989579200744629
4785791, 9, 0.6165339946746826, 0.14037305116653442, 8.987560272216797
4785791, 10, 0.6668773889541626, 0.14906491339206696, 9.986934661865234
4785791, 11, 0.7174550294876099, 0.15768681466579437, 10.986302375793457
4785791, 12, 0.762702226638794, 0.16520866751670837, 11.985936164855957
4785791, 13, 0.8108325600624084, 0.17352208495140076, 12.98542308807373
4785791, 14, 0.8580055832862854, 0.18180879950523376, 13.98498249053955
4785791, 15, 0.906426727771759, 0.18987902998924255, 14.984432220458984
4785791, 16, 0.9828137755393982, 0.20815719664096832, 15.98259162902832
4785791, 17, 1.0518213510513306, 0.22378888726234436, 16.981292724609375
4785791, 18, 1.1018766164779663, 0.23282334208488464, 17.98077392578125
4785791, 19, 1.1641709804534912, 0.24572059512138367, 18.979711532592773
4785791, 20, 1.240930438041687, 0.26456794142723083, 19.97785186767578
4785791, 21, 1.3199472427368164, 0.28430813550949097, 20.975811004638672
4785791, 22, 1.3940387964248657, 0.301799476146698, 21.97412872314453
4785791, 23, 1.4390674829483032, 0.3090401291847229, 22.973718643188477
4785791, 24, 1.5052261352539062, 0.32349318265914917, 23.972517013549805
4785791, 25, 1.5674347877502441, 0.3347136080265045, 24.971172332763672
4785791, 26, 1.6125069856643677, 0.3418748676776886, 25.970760345458984
4785791, 27, 1.6795364618301392, 0.35687455534935, 26.969491958618164
4785791, 28, 1.7538334131240845, 0.37499600648880005, 27.967702865600586
4785791, 29, 1.8170758485794067, 0.38774019479751587, 28.96633529663086
4785791, 30, 1.8836770057678223, 0.4025360345840454, 29.964946746826172
1089412, 1, 0.057670146226882935, 0.011224397458136082, 0.9993392825126648
1089412, 2, 0.11480818688869476, 0.02207290567457676, 1.998713493347168
1089412, 3, 0.17443828284740448, 0.03404199704527855, 2.9980406761169434
1089412, 4, 0.2351013720035553, 0.0463346503674984, 3.9973645210266113
1089412, 5, 0.2818093001842499, 0.05409074202179909, 4.996941089630127
1089412, 6, 0.3306891918182373, 0.06253445148468018, 5.996504783630371
1089412, 7, 0.3890438675880432, 0.07333432883024216, 6.9957780838012695
1089412, 8, 0.4348844885826111, 0.0809873566031456, 7.995326995849609
1089412, 9, 0.483766108751297, 0.0895744115114212, 8.994771003723145
1089412, 10, 0.5296863913536072, 0.09714382141828537, 9.994309425354004
1089412, 11, 0.5704426765441895, 0.10315863788127899, 10.994011878967285
1089412, 12, 0.6142001748085022, 0.11028271168470383, 11.993680953979492
1089412, 13, 0.6564913988113403, 0.11688024550676346, 12.993324279785156
1089412, 14, 0.6975306868553162, 0.12325073033571243, 13.993021011352539
1089412, 15, 0.7566071152687073, 0.13506151735782623, 14.992243766784668
1089412, 16, 0.8164499998092651, 0.14691586792469025, 15.991362571716309
1089412, 17, 0.8788900375366211, 0.15941180288791656, 16.990249633789062
1089412, 18, 0.9373363256454468, 0.17056147754192352, 17.989330291748047
1089412, 19, 0.9773366451263428, 0.17625153064727783, 18.989038467407227
1089412, 20, 1.0140674114227295, 0.18095123767852783, 19.988815307617188
1089412, 21, 1.05232834815979, 0.1859414428472519, 20.988548278808594
1089412, 22, 1.0925105810165405, 0.19146248698234558, 21.98822593688965
1089412, 23, 1.1336601972579956, 0.19737012684345245, 22.98787498474121
1089412, 24, 1.1728039979934692, 0.2027422934770584, 23.987590789794922
1089412, 25, 1.2124686241149902, 0.2082931101322174, 24.987287521362305
1089412, 26, 1.2684568166732788, 0.21868576109409332, 25.98653793334961
1089412, 27, 1.3154605627059937, 0.22655387222766876, 26.98609161376953
1089412, 28, 1.3568239212036133, 0.2327275276184082, 27.98577880859375
1089412, 29, 1.399355173110962, 0.23926064372062683, 28.98542594909668
1089412, 30, 1.4397058486938477, 0.24499358236789703, 29.9851016998291
4996894, 1, 0.052691034972667694, 0.009173033758997917, 0.9993014931678772
4996894, 2, 0.10691120475530624, 0.018730351701378822, 1.9985414743423462
4996894, 3, 0.14837968349456787, 0.024749653413891792, 2.998234987258911
4996894, 4, 0.19284340739250183, 0.03142038360238075, 3.9978203773498535
4996894, 5, 0.2538454234600067, 0.04291083663702011, 4.996732234954834
4996894, 6, 0.3040785491466522, 0.05103519931435585, 5.996082782745361
4996894, 7, 0.3480187952518463, 0.05737702548503876, 6.995673179626465
4996894, 8, 0.40022072196006775, 0.06669636070728302, 7.995198726654053
4996894, 9, 0.4517073929309845, 0.07601114362478256, 8.994691848754883
4996894, 10, 0.5047202110290527, 0.08592935651540756, 9.994140625
4996894, 11, 0.5576443672180176, 0.09582936018705368, 10.993590354919434
4996894, 12, 0.6045737266540527, 0.10358297824859619, 11.993175506591797
4996894, 13, 0.6635634899139404, 0.11472886055707932, 12.992384910583496
4996894, 14, 0.7213745713233948, 0.12540361285209656, 13.991649627685547
4996894, 15, 0.7814322113990784, 0.13684402406215668, 14.990777969360352
4996894, 16, 0.841801643371582, 0.1484808772802353, 15.989883422851562
4996894, 17, 0.9000258445739746, 0.15939338505268097, 16.98902702331543
4996894, 18, 0.9571160674095154, 0.16997644305229187, 17.988189697265625
4996894, 19, 1.0095387697219849, 0.17904554307460785, 18.98753547668457
4996894, 20, 1.0617753267288208, 0.18821492791175842, 19.986865997314453
4996894, 21, 1.112390398979187, 0.19697590172290802, 20.98626708984375
4996894, 22, 1.1638981103897095, 0.2059924304485321, 21.985641479492188
4996894, 23, 1.212355136871338, 0.21413195133209229, 22.985164642333984
4996894, 24, 1.2633130550384521, 0.22299633920192719, 23.984622955322266
4996894, 25, 1.3157833814620972, 0.23225505650043488, 24.98402976989746
4996894, 26, 1.3648382425308228, 0.240625262260437, 25.983539581298828
4996894, 27, 1.4232147932052612, 0.2517629861831665, 26.982606887817383
4996894, 28, 1.4821637868881226, 0.2629512548446655, 27.981637954711914
4996894, 29, 1.5409064292907715, 0.27407416701316833, 28.980648040771484
4996894, 30, 1.592624306678772, 0.28332728147506714, 29.979999542236328
1217886, 1, 0.03481662645936012, 0.004198273178189993, 0.9997650980949402
1217886, 2, 0.08568327128887177, 0.011843949556350708, 1.9989951848983765
1217886, 3, 0.13307508826255798, 0.01877274364233017, 2.99837064743042
1217886, 4, 0.18340277671813965, 0.026590440422296524, 3.997650623321533
1217886, 5, 0.23499640822410583, 0.035428475588560104, 4.997170448303223
1217886, 6, 0.2887289226055145, 0.04503194987773895, 5.9966230392456055
1217886, 7, 0.33934229612350464, 0.05376307666301727, 6.9961256980896
1217886, 8, 0.3883921504020691, 0.06210463121533394, 7.9956440925598145
1217886, 9, 0.4356093108654022, 0.06986509263515472, 8.995233535766602
1217886, 10, 0.48312675952911377, 0.0773768201470375, 9.994808197021484
1217886, 11, 0.515762209892273, 0.08077999204397202, 10.994579315185547
1217886, 12, 0.545583188533783, 0.08358588814735413, 11.994421005249023
1217886, 13, 0.5758571624755859, 0.08644139766693115, 12.99425220489502
1217886, 14, 0.6150321364402771, 0.09088216722011566, 13.993853569030762
1217886, 15, 0.6563957333564758, 0.09583466500043869, 14.99341106414795
1217886, 16, 0.7058921456336975, 0.1037532240152359, 15.992935180664062
1217886, 17, 0.7544076442718506, 0.11168744415044785, 16.992443084716797
1217886, 18, 0.8016102910041809, 0.11918681114912033, 17.99199867248535
1217886, 19, 0.8483026623725891, 0.12672021985054016, 18.99155044555664
1217886, 20, 0.8965520858764648, 0.13492633402347565, 19.991018295288086
1217886, 21, 0.9437810778617859, 0.1426357626914978, 20.99053192138672
1217886, 22, 0.9868160486221313, 0.14906209707260132, 21.990140914916992
1217886, 23, 1.0307096242904663, 0.1557675302028656, 22.98973274230957
1217886, 24, 1.0757375955581665, 0.16293421387672424, 23.98929214477539
1217886, 25, 1.120116949081421, 0.16996154189109802, 24.98885154724121
1217886, 26, 1.1584784984588623, 0.1745593100786209, 25.988454818725586
1217886, 27, 1.1970901489257812, 0.17916586995124817, 26.988039016723633
1217886, 28, 1.2468616962432861, 0.186390221118927, 27.987247467041016
1217886, 29, 1.2966316938400269, 0.19361072778701782, 28.986459732055664
1217886, 30, 1.335108757019043, 0.19817450642585754, 29.986087799072266
4820909, 1, 0.09226623922586441, 0.027766482904553413, 0.9968315362930298
4820909, 2, 0.17517948150634766, 0.04718654602766037, 1.9941514730453491
4820909, 3, 0.2231869399547577, 0.0553012490272522, 2.9936304092407227
4820909, 4, 0.301516592502594, 0.07568176090717316, 3.9916787147521973
4820909, 5, 0.40689337253570557, 0.11019794642925262, 4.987400054931641
4820909, 6, 0.48084914684295654, 0.12633220851421356, 5.985432147979736
4820909, 7, 0.5402669906616211, 0.13748396933078766, 6.984426975250244
4820909, 8, 0.6030759811401367, 0.149704709649086, 7.9831862449646
4820909, 9, 0.6818669438362122, 0.17027300596237183, 8.98127555847168
4820909, 10, 0.7605468034744263, 0.19008584320545197, 9.979281425476074
4820909, 11, 0.8757898211479187, 0.2283947616815567, 10.974026679992676
4820909, 12, 0.9474275708198547, 0.24314628541469574, 11.972187995910645
4820909, 13, 1.0010554790496826, 0.2523724138736725, 12.971363067626953
4820909, 14, 1.0843791961669922, 0.27139848470687866, 13.9686918258667
4820909, 15, 1.1319365501403809, 0.2792832553386688, 14.968221664428711
4820909, 16, 1.2134099006652832, 0.3002382814884186, 15.966153144836426
4820909, 17, 1.304202675819397, 0.32479971647262573, 16.963253021240234
4820909, 18, 1.3974766731262207, 0.35024863481521606, 17.959991455078125
4820909, 19, 1.4822663068771362, 0.37329065799713135, 18.957698822021484
4820909, 20, 1.5745896100997925, 0.39982759952545166, 19.954769134521484
4820909, 21, 1.688011646270752, 0.438301682472229, 20.949703216552734
4820909, 22, 1.8082095384597778, 0.4803309142589569, 21.9438419342041
4820909, 23, 1.9089086055755615, 0.5104941129684448, 22.939966201782227
4820909, 24, 1.9608243703842163, 0.5194026827812195, 23.939254760742188
4820909, 25, 2.02772855758667, 0.5325156450271606, 24.937664031982422
4820909, 26, 2.105557680130005, 0.549479067325592, 25.935340881347656
4820909, 27, 2.20450758934021, 0.5799697041511536, 26.93161392211914
4820909, 28, 2.3050906658172607, 0.6116332411766052, 27.927682876586914
4820909, 29, 2.448526382446289, 0.6708337068557739, 28.918880462646484
4820909, 30, 2.586259365081787, 0.7259628772735596, 29.910778045654297
1221647, 1, 0.03509830683469772, 0.004279149230569601, 0.9997605085372925
1221647, 2, 0.08589062839746475, 0.011924933642148972, 1.9989962577819824
1221647, 3, 0.13346444070339203, 0.018896330147981644, 2.99837064743042
1221647, 4, 0.1837618350982666, 0.02669409103691578, 3.997654438018799
1221647, 5, 0.23514442145824432, 0.03539518639445305, 4.9971795082092285
1221647, 6, 0.28880053758621216, 0.04496369510889053, 5.996637344360352
1221647, 7, 0.33954769372940063, 0.05374675989151001, 6.996135711669922
1221647, 8, 0.3886616826057434, 0.06212008371949196, 7.995650291442871
1221647, 9, 0.436039537191391, 0.06993220746517181, 8.99523639678955
1221647, 10, 0.4834604859352112, 0.07742507010698318, 9.994810104370117
1221647, 11, 0.5161617398262024, 0.08085081726312637, 10.99458122253418
1221647, 12, 0.546163022518158, 0.08368663489818573, 11.994421005249023
1221647, 13, 0.5764992237091064, 0.0865640789270401, 12.994251251220703
1221647, 14, 0.6155467629432678, 0.09097445011138916, 13.993854522705078
1221647, 15, 0.6562833786010742, 0.09587639570236206, 14.993441581726074
1221647, 16, 0.7057735323905945, 0.10377037525177002, 15.992964744567871
1221647, 17, 0.7548816800117493, 0.11187794804573059, 16.99245834350586
1221647, 18, 0.8021994829177856, 0.11940573155879974, 17.992008209228516
1221647, 19, 0.8489876985549927, 0.1269916296005249, 18.991559982299805
1221647, 20, 0.8974423408508301, 0.13526169955730438, 19.99102210998535
1221647, 21, 0.944819450378418, 0.1430092304944992, 20.99053192138672
1221647, 22, 0.9879876971244812, 0.14944791793823242, 21.990140914916992
1221647, 23, 1.0318512916564941, 0.15613077580928802, 22.989736557006836
1221647, 24, 1.0767755508422852, 0.1633065640926361, 23.989295959472656
1221647, 25, 1.1212003231048584, 0.17034700512886047, 24.988853454589844
1221647, 26, 1.1593687534332275, 0.1749134510755539, 25.988462448120117
1221647, 27, 1.198065996170044, 0.17952167987823486, 26.988048553466797
1221647, 28, 1.2478892803192139, 0.18675056099891663, 27.987255096435547
1221647, 29, 1.2978140115737915, 0.19403678178787231, 28.98646354675293
1221647, 30, 1.3357869386672974, 0.19850796461105347, 29.986101150512695
5195398, 1, 0.0399593859910965, 0.005251545459032059, 0.9996939897537231
5195398, 2, 0.1017642617225647, 0.01665334776043892, 1.9988325834274292
5195398, 3, 0.1628192961215973, 0.02784457430243492, 2.998030424118042
5195398, 4, 0.22168447077274323, 0.038388870656490326, 3.9973254203796387
5195398, 5, 0.2766818702220917, 0.048288002610206604, 4.996737003326416
5195398, 6, 0.33226868510246277, 0.05861862003803253, 5.996121406555176
5195398, 7, 0.38996621966362, 0.06956891715526581, 6.995467662811279
5195398, 8, 0.44763538241386414, 0.08062754571437836, 7.994760990142822
5195398, 9, 0.502638578414917, 0.09070897102355957, 8.994150161743164
5195398, 10, 0.5545654296875, 0.09980037808418274, 9.993644714355469
5195398, 11, 0.6102269887924194, 0.10948646813631058, 10.992988586425781
5195398, 12, 0.6679823398590088, 0.11970880627632141, 11.992203712463379
5195398, 13, 0.7219796180725098, 0.12879839539527893, 12.991557121276855
5195398, 14, 0.7553201913833618, 0.13264445960521698, 13.991344451904297
5195398, 15, 0.8083376884460449, 0.14140090346336365, 14.990760803222656
5195398, 16, 0.8651412129402161, 0.15156427025794983, 15.989967346191406
5195398, 17, 0.9162741303443909, 0.1598546802997589, 16.989421844482422
5195398, 18, 0.9682675004005432, 0.1679094433784485, 17.988832473754883
5195398, 19, 1.0262938737869263, 0.17793935537338257, 18.987947463989258
5195398, 20, 1.0922503471374512, 0.19060255587100983, 19.986637115478516
5195398, 21, 1.1481983661651611, 0.1999971568584442, 20.985870361328125
5195398, 22, 1.2019507884979248, 0.20887121558189392, 21.985214233398438
5195398, 23, 1.2529715299606323, 0.2168453186750412, 22.984651565551758
5195398, 24, 1.303946614265442, 0.22449614107608795, 23.98406410217285
5195398, 25, 1.3564724922180176, 0.23277288675308228, 24.98335838317871
5195398, 26, 1.4045956134796143, 0.24011746048927307, 25.982837677001953
5195398, 27, 1.453794002532959, 0.2477542757987976, 26.98227310180664
5195398, 28, 1.5039007663726807, 0.255621999502182, 27.981666564941406
5195398, 29, 1.5352928638458252, 0.25891077518463135, 28.981502532958984
5195398, 30, 1.589332938194275, 0.26821744441986084, 29.980690002441406
5007479, 1, 0.07687371969223022, 0.018372442573308945, 0.9984369277954102
5007479, 2, 0.148000106215477, 0.034386515617370605, 1.997292160987854
5007479, 3, 0.21892087161540985, 0.05055156722664833, 2.99625563621521
5007479, 4, 0.2978177070617676, 0.06999526172876358, 3.9945125579833984
5007479, 5, 0.3697798550128937, 0.08679782599210739, 4.993369102478027
5007479, 6, 0.443295419216156, 0.10434830188751221, 5.992171287536621
5007479, 7, 0.5204449892044067, 0.12299183011054993, 6.990856647491455
5007479, 8, 0.5983250141143799, 0.14207983016967773, 7.989520072937012
5007479, 9, 0.6778449416160583, 0.16175830364227295, 8.988093376159668
5007479, 10, 0.7558374404907227, 0.1809443235397339, 9.986701011657715
5007479, 11, 0.8312715888023376, 0.19904059171676636, 10.98547077178955
5007479, 12, 0.9079870581626892, 0.21808761358261108, 11.984201431274414
5007479, 13, 0.9957399368286133, 0.24208737909793854, 12.9820556640625
5007479, 14, 1.0744589567184448, 0.262625128030777, 13.980709075927734
5007479, 15, 1.1517140865325928, 0.28295645117759705, 14.979442596435547
5007479, 16, 1.2303285598754883, 0.30408087372779846, 15.97800064086914
5007479, 17, 1.3138986825942993, 0.3266907334327698, 16.976089477539062
5007479, 18, 1.3968443870544434, 0.34893760085105896, 17.97410774230957
5007479, 19, 1.4688551425933838, 0.36650189757347107, 18.9729061126709
5007479, 20, 1.54342520236969, 0.3848665952682495, 19.97153663635254
5007479, 21, 1.6237343549728394, 0.40571129322052, 20.969738006591797
5007479, 22, 1.7110743522644043, 0.42930400371551514, 21.96725082397461
5007479, 23, 1.802494764328003, 0.45467033982276917, 22.964344024658203
5007479, 24, 1.8938719034194946, 0.4798741638660431, 23.961381912231445
5007479, 25, 1.9938044548034668, 0.509524405002594, 24.957706451416016
5007479, 26, 2.102731704711914, 0.5443766117095947, 25.95314598083496
5007479, 27, 2.214747667312622, 0.5811778903007507, 26.948198318481445
5007479, 28, 2.323320150375366, 0.6157760620117188, 27.943618774414062
5007479, 29, 2.4078712463378906, 0.6383662223815918, 28.941234588623047
5007479, 30, 2.485170841217041, 0.657892644405365, 29.939390182495117
4431350, 1, 0.04761497303843498, 0.00838891789317131, 0.9994918704032898
4431350, 2, 0.09461992979049683, 0.016405969858169556, 1.9990208148956299
4431350, 3, 0.14220406115055084, 0.024647803977131844, 2.9985270500183105
4431350, 4, 0.1879061758518219, 0.03141969069838524, 3.998133659362793
4431350, 5, 0.23317445814609528, 0.03860769420862198, 4.997735977172852
4431350, 6, 0.2793564796447754, 0.045341189950704575, 5.997330665588379
4431350, 7, 0.3257479667663574, 0.052078455686569214, 6.9969072341918945
4431350, 8, 0.36986836791038513, 0.058123521506786346, 7.996536731719971
4431350, 9, 0.4134584069252014, 0.06488707661628723, 8.996175765991211
4431350, 10, 0.46610695123672485, 0.07400535047054291, 9.995553016662598
4431350, 11, 0.5129233598709106, 0.08081205189228058, 10.995020866394043
4431350, 12, 0.5672823786735535, 0.08899074047803879, 11.994163513183594
4431350, 13, 0.6190819144248962, 0.09663546085357666, 12.993414878845215
4431350, 14, 0.6919313073158264, 0.11239508539438248, 13.991842269897461
4431350, 15, 0.7726552486419678, 0.13129675388336182, 14.98963737487793
4431350, 16, 0.8413271307945251, 0.14559108018875122, 15.988326072692871
4431350, 17, 0.8818958401679993, 0.15087398886680603, 16.987985610961914
4431350, 18, 0.9208500981330872, 0.15601284801959991, 17.987688064575195
4431350, 19, 0.9597386121749878, 0.1612643003463745, 18.98738670349121
4431350, 20, 1.01935875415802, 0.1720966398715973, 19.986398696899414
4431350, 21, 1.082262396812439, 0.18377964198589325, 20.985231399536133
4431350, 22, 1.1447705030441284, 0.19536620378494263, 21.98411750793457
4431350, 23, 1.2118427753448486, 0.2085627168416977, 22.982711791992188
4431350, 24, 1.2775862216949463, 0.22199496626853943, 23.98134994506836
4431350, 25, 1.346366047859192, 0.23668509721755981, 24.97979736328125
4431350, 26, 1.421737551689148, 0.254107803106308, 25.977764129638672
4431350, 27, 1.489517092704773, 0.2684410810470581, 26.976261138916016
4431350, 28, 1.5340608358383179, 0.2744942307472229, 27.97574234008789
4431350, 29, 1.5748766660690308, 0.280100017786026, 28.975399017333984
4431350, 30, 1.6176165342330933, 0.28605684638023376, 29.975011825561523
5144366, 1, 0.04815593734383583, 0.00811767578125, 0.9993864297866821
5144366, 2, 0.0942109227180481, 0.015765629708766937, 1.998849868774414
5144366, 3, 0.14711079001426697, 0.025446249172091484, 2.998032569885254
5144366, 4, 0.1957201510667801, 0.03390456736087799, 3.9973342418670654
5144366, 5, 0.2540813684463501, 0.0452827513217926, 4.996577739715576
5144366, 6, 0.3121432363986969, 0.056552398949861526, 5.995828628540039
5144366, 7, 0.37063664197921753, 0.06783493608236313, 6.995041370391846
5144366, 8, 0.43006354570388794, 0.07929323613643646, 7.994223594665527
5144366, 9, 0.48954081535339355, 0.09073255211114883, 8.993363380432129
5144366, 10, 0.5454411506652832, 0.10123427212238312, 9.992632865905762
5144366, 11, 0.5984627604484558, 0.11100533604621887, 10.992008209228516
5144366, 12, 0.6507705450057983, 0.12068821489810944, 11.991411209106445
5144366, 13, 0.7058815956115723, 0.13128861784934998, 12.990696907043457
5144366, 14, 0.7644994258880615, 0.14310792088508606, 13.989848136901855
5144366, 15, 0.8261638879776001, 0.15586553514003754, 14.988874435424805
5144366, 16, 0.8848081827163696, 0.167227104306221, 15.988043785095215
5144366, 17, 0.9401267766952515, 0.17733843624591827, 16.98731231689453
5144366, 18, 0.9908376932144165, 0.18623939156532288, 17.986738204956055
5144366, 19, 1.0411930084228516, 0.19490298628807068, 18.98616600036621
5144366, 20, 1.0827171802520752, 0.2011178880929947, 19.98562240600586
5144366, 21, 1.1205226182937622, 0.2063417285680771, 20.98526382446289
5144366, 22, 1.1734142303466797, 0.21541258692741394, 21.984607696533203
5144366, 23, 1.2249799966812134, 0.22431698441505432, 22.984018325805664
5144366, 24, 1.2779492139816284, 0.2335631400346756, 23.9834041595459
5144366, 25, 1.31360924243927, 0.23841427266597748, 24.983041763305664
5144366, 26, 1.3517638444900513, 0.24384009838104248, 25.982589721679688
5144366, 27, 1.391098976135254, 0.24943774938583374, 26.982139587402344
5144366, 28, 1.4322713613510132, 0.25558894872665405, 27.981632232666016
5144366, 29, 1.4713538885116577, 0.2610976994037628, 28.98122215270996
5144366, 30, 1.5238301753997803, 0.27088645100593567, 29.980567932128906
5037673, 1, 0.05743427947163582, 0.01038988959044218, 0.9991405606269836
5037673, 2, 0.11202727258205414, 0.019827913492918015, 1.9983816146850586
5037673, 3, 0.15667922794818878, 0.02637043595314026, 2.9979798793792725
5037673, 4, 0.19701729714870453, 0.03188084065914154, 3.997711658477783
5037673, 5, 0.24465574324131012, 0.039453111588954926, 4.997233867645264
5037673, 6, 0.28593769669532776, 0.04534248635172844, 5.996928691864014
5037673, 7, 0.3280414938926697, 0.05152520164847374, 6.996601581573486
5037673, 8, 0.3838428258895874, 0.06190972402691841, 7.996007919311523
5037673, 9, 0.4378014802932739, 0.07177317887544632, 8.995464324951172
5037673, 10, 0.4810197353363037, 0.07801541686058044, 9.995062828063965
5037673, 11, 0.5295441150665283, 0.08574802428483963, 10.994468688964844
5037673, 12, 0.5749635100364685, 0.09258052706718445, 11.993976593017578
5037673, 13, 0.614622175693512, 0.09789657592773438, 12.99366569519043
5037673, 14, 0.6496850848197937, 0.10225242376327515, 13.9934720993042
5037673, 15, 0.6901394128799438, 0.10779573023319244, 14.993162155151367
5037673, 16, 0.7263395190238953, 0.11233995109796524, 15.992937088012695
5037673, 17, 0.7643269896507263, 0.11724583059549332, 16.99266242980957
5037673, 18, 0.8172582983970642, 0.12680314481258392, 17.99209213256836
5037673, 19, 0.8687583208084106, 0.13574232161045074, 18.991559982299805
5037673, 20, 0.920281708240509, 0.14440086483955383, 19.990982055664062
5037673, 21, 0.977409303188324, 0.15472690761089325, 20.990127563476562
5037673, 22, 1.0329680442810059, 0.16462022066116333, 21.989355087280273
5037673, 23, 1.0856937170028687, 0.17401844263076782, 22.98871612548828
5037673, 24, 1.1385653018951416, 0.18345442414283752, 23.98809242248535
5037673, 25, 1.1942285299301147, 0.1935766190290451, 24.987340927124023
5037673, 26, 1.2492419481277466, 0.2034015953540802, 25.986671447753906
5037673, 27, 1.3070745468139648, 0.21420735120773315, 26.98587989807129
5037673, 28, 1.360185146331787, 0.2236993908882141, 27.985280990600586
5037673, 29, 1.41256844997406, 0.23266687989234924, 28.984651565551758
5037673, 30, 1.4483892917633057, 0.2369966357946396, 29.98441505432129
4766524, 1, 0.06627871841192245, 0.015668492764234543, 0.9990224838256836
4766524, 2, 0.11782120168209076, 0.02504539117217064, 1.9984517097473145
4766524, 3, 0.1693965643644333, 0.03370073437690735, 2.9978270530700684
4766524, 4, 0.21978740394115448, 0.04215065389871597, 3.997260808944702
4766524, 5, 0.2678977847099304, 0.050359368324279785, 4.996809482574463
4766524, 6, 0.32005956768989563, 0.05880715698003769, 5.996150016784668
4766524, 7, 0.3698135018348694, 0.0670524314045906, 6.99557638168335
4766524, 8, 0.4470323324203491, 0.08585529029369354, 7.993826866149902
4766524, 9, 0.5211745500564575, 0.10360520333051682, 8.992182731628418
4766524, 10, 0.566719651222229, 0.11090227961540222, 9.991742134094238
4766524, 11, 0.6153004169464111, 0.11870268732309341, 10.991142272949219
4766524, 12, 0.6941211819648743, 0.1379295289516449, 11.989211082458496
4766524, 13, 0.7763384580612183, 0.1586262285709381, 12.987051963806152
4766524, 14, 0.8573209047317505, 0.17893943190574646, 13.98494815826416
4766524, 15, 0.9361796975135803, 0.19816550612449646, 14.98294734954834
4766524, 16, 1.0193586349487305, 0.21909299492835999, 15.980644226074219
4766524, 17, 1.1099475622177124, 0.2437773048877716, 16.977771759033203
4766524, 18, 1.195037603378296, 0.26619818806648254, 17.975448608398438
4766524, 19, 1.2756294012069702, 0.28644248843193054, 18.97342300415039
4766524, 20, 1.3642983436584473, 0.3103404939174652, 19.970657348632812
4766524, 21, 1.447281002998352, 0.33172544836997986, 20.9683895111084
4766524, 22, 1.5350475311279297, 0.35579943656921387, 21.96575355529785
4766524, 23, 1.627630352973938, 0.3826954662799835, 22.962705612182617
4766524, 24, 1.7155544757843018, 0.40677908062934875, 23.960065841674805
4766524, 25, 1.8002649545669556, 0.42902863025665283, 24.957685470581055
4766524, 26, 1.8806535005569458, 0.4494673013687134, 25.95561408996582
4766524, 27, 1.9659407138824463, 0.4724607467651367, 26.95307159423828
4766524, 28, 2.0443015098571777, 0.4931018650531769, 27.951007843017578
4766524, 29, 2.1280956268310547, 0.5146040320396423, 28.948328018188477
4766524, 30, 2.190552234649658, 0.5272135734558105, 29.947154998779297
1262475, 1, 0.04068746045231819, 0.005584717262536287, 0.9995962381362915
1262475, 2, 0.08357656002044678, 0.011638227850198746, 1.9991497993469238
1262475, 3, 0.14203372597694397, 0.02297816425561905, 2.998417854309082
1262475, 4, 0.20076502859592438, 0.03472412750124931, 3.9976847171783447
1262475, 5, 0.2612408697605133, 0.047323621809482574, 4.996920108795166
1262475, 6, 0.3224908411502838, 0.060174982994794846, 5.996135234832764
1262475, 7, 0.38057780265808105, 0.07188554108142853, 6.995431423187256
1262475, 8, 0.43696001172065735, 0.08312907814979553, 7.994748115539551
1262475, 9, 0.4890189468860626, 0.09264211356639862, 8.993997573852539
1262475, 10, 0.5426669120788574, 0.1018829494714737, 9.993133544921875
1262475, 11, 0.5934390425682068, 0.10999128967523575, 10.992364883422852
1262475, 12, 0.6381880640983582, 0.11640685051679611, 11.991809844970703
1262475, 13, 0.6800632476806641, 0.12211121618747711, 12.991349220275879
1262475, 14, 0.7183906435966492, 0.12721936404705048, 13.990988731384277
1262475, 15, 0.7560611367225647, 0.13218747079372406, 14.99064826965332
1262475, 16, 0.7938281893730164, 0.1371314376592636, 15.990304946899414
1262475, 17, 0.8428470492362976, 0.14574597775936127, 16.98980712890625
1262475, 18, 0.8906552195549011, 0.15360195934772491, 17.989341735839844
1262475, 19, 0.9367742538452148, 0.16138827800750732, 18.988862991333008
1262475, 20, 0.9829453229904175, 0.16943642497062683, 19.988344192504883
1262475, 21, 1.0305821895599365, 0.17751681804656982, 20.98782730102539
1262475, 22, 1.078613042831421, 0.18542008101940155, 21.98731231689453
1262475, 23, 1.1238230466842651, 0.19264483451843262, 22.98687171936035
1262475, 24, 1.1686915159225464, 0.19965669512748718, 23.986461639404297
1262475, 25, 1.2171834707260132, 0.20717060565948486, 24.985958099365234
1262475, 26, 1.2693054676055908, 0.21551519632339478, 25.98531150817871
1262475, 27, 1.3000556230545044, 0.21884596347808838, 26.985107421875
1262475, 28, 1.3314180374145508, 0.22225363552570343, 27.984895706176758
1262475, 29, 1.376042127609253, 0.22949106991291046, 28.984466552734375
1262475, 30, 1.4228137731552124, 0.2373741716146469, 29.98395538330078
5010602, 1, 0.06857021898031235, 0.01548582874238491, 0.9984486103057861
5010602, 2, 0.1426769196987152, 0.033078715205192566, 1.9965702295303345
5010602, 3, 0.20749643445014954, 0.04681100323796272, 2.9952330589294434
5010602, 4, 0.27539074420928955, 0.061530228704214096, 3.9942541122436523
5010602, 5, 0.34495073556900024, 0.07704291492700577, 4.99326753616333
5010602, 6, 0.4152122139930725, 0.09281700849533081, 5.992239475250244
5010602, 7, 0.4879339039325714, 0.10930949449539185, 6.991105079650879
5010602, 8, 0.5615941882133484, 0.12595105171203613, 7.989876747131348
5010602, 9, 0.6349981427192688, 0.14257705211639404, 8.988572120666504
5010602, 10, 0.7040776610374451, 0.15784135460853577, 9.987507820129395
5010602, 11, 0.7759385704994202, 0.17404110729694366, 10.98628044128418
5010602, 12, 0.8465454578399658, 0.19013424217700958, 11.985179901123047
5010602, 13, 0.918036937713623, 0.20648658275604248, 12.984099388122559
5010602, 14, 0.9861303567886353, 0.2215912640094757, 13.983138084411621
5010602, 15, 1.0495797395706177, 0.235132098197937, 14.982315063476562
5010602, 16, 1.109694242477417, 0.2474195510149002, 15.981587409973145
5010602, 17, 1.1675515174865723, 0.2589927911758423, 16.980892181396484
5010602, 18, 1.2150733470916748, 0.26637592911720276, 17.980287551879883
5010602, 19, 1.262423038482666, 0.2733936905860901, 18.979698181152344
5010602, 20, 1.3169969320297241, 0.28231990337371826, 19.978824615478516
5010602, 21, 1.365401029586792, 0.28960120677948, 20.97818374633789
5010602, 22, 1.40792715549469, 0.29568785429000854, 21.977710723876953
5010602, 23, 1.4632282257080078, 0.3053848147392273, 22.97706413269043
5010602, 24, 1.506256103515625, 0.3118878901004791, 23.97659683227539
5010602, 25, 1.5494877099990845, 0.31791993975639343, 24.976224899291992
5010602, 26, 1.6116873025894165, 0.3300352096557617, 25.975263595581055
5010602, 27, 1.6707189083099365, 0.3420015871524811, 26.974422454833984
5010602, 28, 1.7308053970336914, 0.35451650619506836, 27.973541259765625
5010602, 29, 1.777179479598999, 0.361507773399353, 28.972984313964844
5010602, 30, 1.8313851356506348, 0.37009766697883606, 29.97209930419922
4961513, 1, 0.05177454650402069, 0.009411218576133251, 0.9992508888244629
4961513, 2, 0.10973533242940903, 0.020495932549238205, 1.9982528686523438
4961513, 3, 0.14879876375198364, 0.02575681358575821, 2.9979467391967773
4961513, 4, 0.1881185919046402, 0.03102034702897072, 3.9976279735565186
4961513, 5, 0.22973385453224182, 0.03714587166905403, 4.997270107269287
4961513, 6, 0.2734345495700836, 0.04387172311544418, 5.996854782104492
4961513, 7, 0.33474308252334595, 0.05594261363148689, 6.9959306716918945
4961513, 8, 0.3983965516090393, 0.06898664683103561, 7.99484395980835
4961513, 9, 0.458644837141037, 0.0811411440372467, 8.99394702911377
4961513, 10, 0.5123793482780457, 0.09128870069980621, 9.993391036987305
4961513, 11, 0.5659523010253906, 0.10147103667259216, 10.992853164672852
4961513, 12, 0.627244234085083, 0.1133589819073677, 11.99191665649414
4961513, 13, 0.699846088886261, 0.12946078181266785, 12.990303039550781
4961513, 14, 0.7621904611587524, 0.1418815702199936, 13.989304542541504
4961513, 15, 0.8274509310722351, 0.15511451661586761, 14.988057136535645
4961513, 16, 0.8863670825958252, 0.16615477204322815, 15.987136840820312
4961513, 17, 0.945828378200531, 0.17752210795879364, 16.986162185668945
4961513, 18, 1.000232458114624, 0.1872931569814682, 17.9854736328125
4961513, 19, 1.0641765594482422, 0.20008724927902222, 18.984275817871094
4961513, 20, 1.1246134042739868, 0.21168039739131927, 19.9832706451416
4961513, 21, 1.190003514289856, 0.22451072931289673, 20.98192596435547
4961513, 22, 1.248457431793213, 0.23486676812171936, 21.980958938598633
4961513, 23, 1.3071049451828003, 0.2455049753189087, 22.98000144958496
4961513, 24, 1.3668646812438965, 0.25676393508911133, 23.97899055480957
4961513, 25, 1.42766535282135, 0.2685244679450989, 24.977886199951172
4961513, 26, 1.4846185445785522, 0.2787724733352661, 25.976940155029297
4961513, 27, 1.5471965074539185, 0.2909320294857025, 26.97564697265625
4961513, 28, 1.6103706359863281, 0.3031644821166992, 27.97432518005371
4961513, 29, 1.6684991121292114, 0.3136792778968811, 28.973316192626953
4961513, 30, 1.7261028289794922, 0.3246663212776184, 29.972352981567383
5059948, 1, 0.04477475583553314, 0.006491971667855978, 0.9995412826538086
5059948, 2, 0.089288130402565, 0.013243841007351875, 1.9990828037261963
5059948, 3, 0.13034601509571075, 0.018992170691490173, 2.998727560043335
5059948, 4, 0.18575604259967804, 0.028652865439653397, 3.9980897903442383
5059948, 5, 0.257943332195282, 0.04338865354657173, 4.996403694152832
5059948, 6, 0.32860487699508667, 0.05783997103571892, 5.994771480560303
5059948, 7, 0.4079684317111969, 0.07573641091585159, 6.992785930633545
5059948, 8, 0.4742621183395386, 0.08876694738864899, 7.991653919219971
5059948, 9, 0.5404572486877441, 0.10199511796236038, 8.990558624267578
5059948, 10, 0.603291928768158, 0.1139974445104599, 9.989631652832031
5059948, 11, 0.6688162088394165, 0.12683136761188507, 10.988455772399902
5059948, 12, 0.7200190424919128, 0.13578230142593384, 11.987939834594727
5059948, 13, 0.7724875211715698, 0.145111083984375, 12.987329483032227
5059948, 14, 0.8236380815505981, 0.1542753428220749, 13.9867582321167
5059948, 15, 0.8715898990631104, 0.16253115236759186, 14.986284255981445
5059948, 16, 0.9250630140304565, 0.1717858761548996, 15.985644340515137
5059948, 17, 0.9726497530937195, 0.17946407198905945, 16.985177993774414
5059948, 18, 1.0145906209945679, 0.18560846149921417, 17.984848022460938
5059948, 19, 1.0571746826171875, 0.1917521208524704, 18.984500885009766
5059948, 20, 1.0991936922073364, 0.19775092601776123, 19.984167098999023
5059948, 21, 1.1508041620254517, 0.205783873796463, 20.98348045349121
5059948, 22, 1.204245686531067, 0.2144833207130432, 21.98270034790039
5059948, 23, 1.2506475448608398, 0.2214585393667221, 22.98219871520996
5059948, 24, 1.2792121171951294, 0.2241712212562561, 23.982051849365234
5059948, 25, 1.308725118637085, 0.22720888257026672, 24.98187828063965
5059948, 26, 1.346560001373291, 0.23187197744846344, 25.98151969909668
5059948, 27, 1.379043459892273, 0.23539814352989197, 26.98130226135254
5059948, 28, 1.4150382280349731, 0.2398207187652588, 27.980993270874023
5059948, 29, 1.4515600204467773, 0.24425743520259857, 28.98065948486328
5059948, 30, 1.4904536008834839, 0.24947941303253174, 29.980247497558594
4855738, 1, 0.04574599862098694, 0.007428614888340235, 0.999523937702179
4855738, 2, 0.09256236255168915, 0.01527770422399044, 1.9990066289901733
4855738, 3, 0.14258074760437012, 0.02411516197025776, 2.998344659805298
4855738, 4, 0.1957649290561676, 0.03412672132253647, 3.9975578784942627
4855738, 5, 0.24578775465488434, 0.043209709227085114, 4.99690055847168
4855738, 6, 0.299186110496521, 0.0538150891661644, 5.9962477684021
4855738, 7, 0.3565128743648529, 0.06571383774280548, 6.9955644607543945
4855738, 8, 0.4148581624031067, 0.07772034406661987, 7.994862079620361
4855738, 9, 0.4719853401184082, 0.09033341705799103, 8.994080543518066
4855738, 10, 0.5292322039604187, 0.10226494818925858, 9.993391990661621
4855738, 11, 0.5862000584602356, 0.11308319121599197, 10.992438316345215
4855738, 12, 0.646446168422699, 0.12468171864748001, 11.991338729858398
4855738, 13, 0.7018371820449829, 0.13490301370620728, 12.990809440612793
4855738, 14, 0.7579926252365112, 0.14560721814632416, 13.990236282348633
4855738, 15, 0.8146146535873413, 0.15658316016197205, 14.989619255065918
4855738, 16, 0.8720081448554993, 0.16779522597789764, 15.988953590393066
4855738, 17, 0.9284180998802185, 0.17847837507724762, 16.98834228515625
4855738, 18, 0.981726884841919, 0.18835300207138062, 17.987770080566406
4855738, 19, 1.0332601070404053, 0.19753745198249817, 18.987201690673828
4855738, 20, 1.0815372467041016, 0.20551326870918274, 19.98672866821289
4855738, 21, 1.1288039684295654, 0.21313996613025665, 20.986265182495117
4855738, 22, 1.174531102180481, 0.22043456137180328, 21.985807418823242
4855738, 23, 1.2190927267074585, 0.22725355625152588, 22.985403060913086
4855738, 24, 1.26409912109375, 0.2342393398284912, 23.985010147094727
4855738, 25, 1.3096702098846436, 0.2416166514158249, 24.984609603881836
4855738, 26, 1.3605080842971802, 0.25024107098579407, 25.984027862548828
4855738, 27, 1.4116261005401611, 0.25904521346092224, 26.983413696289062
4855738, 28, 1.45928955078125, 0.2673284411430359, 27.98291778564453
4855738, 29, 1.5061886310577393, 0.2753075063228607, 28.982421875
4855738, 30, 1.5539586544036865, 0.2835114598274231, 29.981901168823242
