Case_ID, Slide_ID, mae, mse, ssim
5266205, 1, 0.05113532394170761, 0.008617639541625977, 0.9995507001876831
5266205, 2, 0.10737183690071106, 0.018627934157848358, 1.9988824129104614
5266205, 3, 0.16772720217704773, 0.02959643304347992, 2.9979968070983887
5266205, 4, 0.21967235207557678, 0.038134220987558365, 3.99747371673584
5266205, 5, 0.270868718624115, 0.046339377760887146, 4.9969162940979
5266205, 6, 0.31624457240104675, 0.0530712753534317, 5.9965643882751465
5266205, 7, 0.3612046539783478, 0.05967330187559128, 6.996221542358398
5266205, 8, 0.4080418050289154, 0.06656814366579056, 7.995828628540039
5266205, 9, 0.4551708400249481, 0.07377097010612488, 8.995450973510742
5266205, 10, 0.5022513270378113, 0.0812944546341896, 9.995018005371094
5266205, 11, 0.5491360425949097, 0.08875025808811188, 10.994585990905762
5266205, 12, 0.5950285792350769, 0.09582193195819855, 11.994193077087402
5266205, 13, 0.6413331627845764, 0.10300420969724655, 12.99377155303955
5266205, 14, 0.6862948536872864, 0.10984641313552856, 13.993406295776367
5266205, 15, 0.7314426898956299, 0.11678148061037064, 14.9930419921875
5266205, 16, 0.7781567573547363, 0.12391118705272675, 15.992642402648926
5266205, 17, 0.8130979537963867, 0.1279304325580597, 16.992361068725586
5266205, 18, 0.8472247123718262, 0.13169825077056885, 17.992101669311523
5266205, 19, 0.8786112666130066, 0.1348981261253357, 18.991910934448242
5266205, 20, 0.9073655605316162, 0.13752837479114532, 19.991771697998047
5266205, 21, 0.9356124997138977, 0.14008641242980957, 20.991641998291016
5266205, 22, 0.9631516337394714, 0.14239248633384705, 21.99152374267578
5266205, 23, 0.9898362755775452, 0.14455756545066833, 22.99141502380371
5266205, 24, 1.0171153545379639, 0.1468718945980072, 23.99129867553711
5266205, 25, 1.068293809890747, 0.15481173992156982, 24.990602493286133
5266205, 26, 1.1179534196853638, 0.16241398453712463, 25.989992141723633
5266205, 27, 1.1696783304214478, 0.1705522984266281, 26.98931121826172
5266205, 28, 1.225559949874878, 0.17990723252296448, 27.98838233947754
5266205, 29, 1.2777554988861084, 0.18811163306236267, 28.987651824951172
5266205, 30, 1.3210952281951904, 0.19450995326042175, 29.98727798461914
5110047, 1, 0.053054243326187134, 0.008990266360342503, 0.9993418455123901
5110047, 2, 0.10373301059007645, 0.017322959378361702, 1.9987869262695312
5110047, 3, 0.15343423187732697, 0.025426704436540604, 2.9983043670654297
5110047, 4, 0.2036937028169632, 0.03367430344223976, 3.9978065490722656
5110047, 5, 0.25899210572242737, 0.043086353689432144, 4.997058391571045
5110047, 6, 0.3097023367881775, 0.05130651965737343, 5.996490001678467
5110047, 7, 0.36030900478363037, 0.059584759175777435, 6.995898246765137
5110047, 8, 0.4108463525772095, 0.06799537688493729, 7.995339393615723
5110047, 9, 0.4634402096271515, 0.07680540531873703, 8.994680404663086
5110047, 10, 0.49796628952026367, 0.0806768536567688, 9.994451522827148
5110047, 11, 0.532569944858551, 0.08489365875720978, 10.99422550201416
5110047, 12, 0.5900189876556396, 0.09511177986860275, 11.993324279785156
5110047, 13, 0.6246452927589417, 0.09933844953775406, 12.993101119995117
5110047, 14, 0.6566325426101685, 0.10282985866069794, 13.992929458618164
5110047, 15, 0.6907973289489746, 0.10638467222452164, 14.992660522460938
5110047, 16, 0.724703311920166, 0.10985042154788971, 15.99238109588623
5110047, 17, 0.756801962852478, 0.11306104809045792, 16.99213409423828
5110047, 18, 0.7870267629623413, 0.1160624623298645, 17.991918563842773
5110047, 19, 0.817098081111908, 0.11920548975467682, 18.991724014282227
5110047, 20, 0.8477855920791626, 0.12244667112827301, 19.99153709411621
5110047, 21, 0.8784297108650208, 0.12565991282463074, 20.991355895996094
5110047, 22, 0.9079516530036926, 0.12859253585338593, 21.99118995666504
5110047, 23, 0.9373486042022705, 0.1313420534133911, 22.99102210998535
5110047, 24, 0.9667645692825317, 0.1341133415699005, 23.9908447265625
5110047, 25, 0.9973479509353638, 0.13704822957515717, 24.990636825561523
5110047, 26, 1.0282045602798462, 0.14006993174552917, 25.99042320251465
5110047, 27, 1.0616765022277832, 0.1434594839811325, 26.990148544311523
5110047, 28, 1.0956937074661255, 0.14734020829200745, 27.989887237548828
5110047, 29, 1.142029047012329, 0.15441550314426422, 28.989383697509766
5110047, 30, 1.193613052368164, 0.16275982558727264, 29.988624572753906
4954663, 1, 0.06002843752503395, 0.011089629493653774, 0.9991583228111267
4954663, 2, 0.11933322250843048, 0.022073470056056976, 1.998352289199829
4954663, 3, 0.181253120303154, 0.03389429673552513, 2.9974141120910645
4954663, 4, 0.24386531114578247, 0.04635734483599663, 3.9964816570281982
4954663, 5, 0.3004964590072632, 0.057445771992206573, 4.995829105377197
4954663, 6, 0.356401652097702, 0.06807291507720947, 5.995233535766602
4954663, 7, 0.4144781231880188, 0.07896628230810165, 6.994468688964844
4954663, 8, 0.4705450236797333, 0.08990564197301865, 7.993748664855957
4954663, 9, 0.5255120992660522, 0.10017399489879608, 8.993093490600586
4954663, 10, 0.5833983421325684, 0.11115065217018127, 9.992318153381348
4954663, 11, 0.638496994972229, 0.12134529650211334, 10.991669654846191
4954663, 12, 0.7012944221496582, 0.13344122469425201, 11.990735054016113
4954663, 13, 0.7643342018127441, 0.1457783579826355, 12.98976993560791
4954663, 14, 0.8223684430122375, 0.15669609606266022, 13.989029884338379
4954663, 15, 0.8797847032546997, 0.16709685325622559, 14.988295555114746
4954663, 16, 0.9209072589874268, 0.17326679825782776, 15.987902641296387
4954663, 17, 0.95875483751297, 0.1779925674200058, 16.987634658813477
4954663, 18, 0.9965714812278748, 0.18316707015037537, 17.98734474182129
4954663, 19, 1.0324231386184692, 0.18777942657470703, 18.987085342407227
4954663, 20, 1.0721005201339722, 0.19266696274280548, 19.986671447753906
4954663, 21, 1.1093809604644775, 0.1974603533744812, 20.986385345458984
4954663, 22, 1.143785834312439, 0.2013489156961441, 21.986169815063477
4954663, 23, 1.1786288022994995, 0.20554500818252563, 22.985942840576172
4954663, 24, 1.2137144804000854, 0.20964133739471436, 23.985706329345703
4954663, 25, 1.270364761352539, 0.21976783871650696, 24.98487091064453
4954663, 26, 1.3303368091583252, 0.23089277744293213, 25.98383140563965
4954663, 27, 1.3906179666519165, 0.24236266314983368, 26.982770919799805
4954663, 28, 1.4545601606369019, 0.2550441324710846, 27.981496810913086
4954663, 29, 1.5142582654953003, 0.26628977060317993, 28.980478286743164
4954663, 30, 1.571640968322754, 0.27678361535072327, 29.979610443115234
4899760, 1, 0.06026136875152588, 0.011829872615635395, 0.9990869760513306
4899760, 2, 0.12813152372837067, 0.02584921009838581, 1.9977805614471436
4899760, 3, 0.19354505836963654, 0.038627803325653076, 2.9966421127319336
4899760, 4, 0.25066590309143066, 0.04902808368206024, 3.995882272720337
4899760, 5, 0.30727529525756836, 0.059362806379795074, 4.995177268981934
4899760, 6, 0.36192789673805237, 0.06940355151891708, 5.994593143463135
4899760, 7, 0.4170525074005127, 0.07912836968898773, 6.993947982788086
4899760, 8, 0.48238348960876465, 0.09195684641599655, 7.992771625518799
4899760, 9, 0.5469741821289062, 0.10480522364377975, 8.99166488647461
4899760, 10, 0.6183112859725952, 0.11955782771110535, 9.990187644958496
4899760, 11, 0.6829913854598999, 0.13221845030784607, 10.989108085632324
4899760, 12, 0.7503160238265991, 0.1455172896385193, 11.98786735534668
4899760, 13, 0.805833101272583, 0.15570083260536194, 12.987204551696777
4899760, 14, 0.8618978261947632, 0.16587986052036285, 13.986472129821777
4899760, 15, 0.9155688881874084, 0.17484691739082336, 14.985647201538086
4899760, 16, 0.9559177160263062, 0.18039008975028992, 15.985297203063965
4899760, 17, 0.9973600506782532, 0.18631833791732788, 16.984920501708984
4899760, 18, 1.0364911556243896, 0.19159623980522156, 17.984588623046875
4899760, 19, 1.078530192375183, 0.1978108286857605, 18.98421859741211
4899760, 20, 1.1184567213058472, 0.20336593687534332, 19.983888626098633
4899760, 21, 1.163185477256775, 0.20996125042438507, 20.983333587646484
4899760, 22, 1.2100991010665894, 0.21689555048942566, 21.982681274414062
4899760, 23, 1.2513020038604736, 0.22250139713287354, 22.98226547241211
4899760, 24, 1.2919209003448486, 0.22801326215267181, 23.981842041015625
4899760, 25, 1.3698731660842896, 0.24564167857170105, 24.979820251464844
4899760, 26, 1.4503178596496582, 0.26443448662757874, 25.977649688720703
4899760, 27, 1.5300471782684326, 0.28270116448402405, 26.9754581451416
4899760, 28, 1.609558343887329, 0.3010590374469757, 27.97323226928711
4899760, 29, 1.691210389137268, 0.3206477761268616, 28.970909118652344
4899760, 30, 1.7594318389892578, 0.33541756868362427, 29.969453811645508
5262914_2, 1, 0.0634160190820694, 0.013968592509627342, 0.9991649389266968
5262914_2, 2, 0.1286899596452713, 0.02858380787074566, 1.9983258247375488
5262914_2, 3, 0.1937752664089203, 0.04314761981368065, 2.9975006580352783
5262914_2, 4, 0.2584967613220215, 0.05765090137720108, 3.996685028076172
5262914_2, 5, 0.32316839694976807, 0.07155157625675201, 4.9958696365356445
5262914_2, 6, 0.38731253147125244, 0.08544296771287918, 5.995079517364502
5262914_2, 7, 0.4522002041339874, 0.10005871206521988, 6.994263172149658
5262914_2, 8, 0.5176571011543274, 0.11466255784034729, 7.993345737457275
5262914_2, 9, 0.5858792066574097, 0.12990321218967438, 8.99224853515625
5262914_2, 10, 0.6512922644615173, 0.14415483176708221, 9.99129867553711
5262914_2, 11, 0.7135160565376282, 0.15671582520008087, 10.990456581115723
5262914_2, 12, 0.774125874042511, 0.16872596740722656, 11.989655494689941
5262914_2, 13, 0.8348272442817688, 0.18096496164798737, 12.988837242126465
5262914_2, 14, 0.8956820368766785, 0.1931631863117218, 13.988053321838379
5262914_2, 15, 0.9551149606704712, 0.205092653632164, 14.987325668334961
5262914_2, 16, 1.019846796989441, 0.21799065172672272, 15.986347198486328
5262914_2, 17, 1.0868871212005615, 0.23109757900238037, 16.985170364379883
5262914_2, 18, 1.1557683944702148, 0.2448357492685318, 17.98384666442871
5262914_2, 19, 1.21961510181427, 0.25689074397087097, 18.98284149169922
5262914_2, 20, 1.281406044960022, 0.2684001624584198, 19.981935501098633
5262914_2, 21, 1.337841272354126, 0.27864059805870056, 20.981266021728516
5262914_2, 22, 1.395180583000183, 0.28885418176651, 21.98055076599121
5262914_2, 23, 1.4336892366409302, 0.2938254177570343, 22.98029327392578
5262914_2, 24, 1.4706532955169678, 0.29843807220458984, 23.980060577392578
5262914_2, 25, 1.5077482461929321, 0.3029197156429291, 24.97981834411621
5262914_2, 26, 1.5468077659606934, 0.30791041254997253, 25.979534149169922
5262914_2, 27, 1.5889060497283936, 0.31363236904144287, 26.979198455810547
5262914_2, 28, 1.6450552940368652, 0.3238943815231323, 27.97848892211914
5262914_2, 29, 1.7001320123672485, 0.33376795053482056, 28.977848052978516
5262914_2, 30, 1.7551246881484985, 0.3433891534805298, 29.977184295654297
5216902, 1, 0.054881639778614044, 0.009374246932566166, 0.9993219375610352
5216902, 2, 0.10935918986797333, 0.018923642113804817, 1.9986095428466797
5216902, 3, 0.16249465942382812, 0.027969200164079666, 2.997962236404419
5216902, 4, 0.21594716608524323, 0.037080537527799606, 3.997288703918457
5216902, 5, 0.2649340331554413, 0.044709451496601105, 4.996822357177734
5216902, 6, 0.31428948044776917, 0.05239206552505493, 5.996321201324463
5216902, 7, 0.3604949712753296, 0.05924577638506889, 6.995895862579346
5216902, 8, 0.40693017840385437, 0.06616360694169998, 7.9954915046691895
5216902, 9, 0.45426052808761597, 0.0733243077993393, 8.995023727416992
5216902, 10, 0.5041213035583496, 0.08111070841550827, 9.994426727294922
5216902, 11, 0.5589587688446045, 0.0902334600687027, 10.993576049804688
5216902, 12, 0.6117933988571167, 0.09891779720783234, 11.992807388305664
5216902, 13, 0.6592285633087158, 0.10619550943374634, 12.992274284362793
5216902, 14, 0.7123271822929382, 0.11504342406988144, 13.991534233093262
5216902, 15, 0.7665385007858276, 0.12418816983699799, 14.99077033996582
5216902, 16, 0.7974423766136169, 0.12739863991737366, 15.990609169006348
5216902, 17, 0.8280074596405029, 0.13047482073307037, 16.99045181274414
5216902, 18, 0.8590614795684814, 0.13361531496047974, 17.990285873413086
5216902, 19, 0.8891860246658325, 0.13667058944702148, 18.99013900756836
5216902, 20, 0.9198299646377563, 0.139812633395195, 19.98998260498047
5216902, 21, 0.9499708414077759, 0.1428382396697998, 20.98982810974121
5216902, 22, 0.9808592796325684, 0.14602887630462646, 21.989646911621094
5216902, 23, 1.009190559387207, 0.1486753523349762, 22.989513397216797
5216902, 24, 1.0390323400497437, 0.15166059136390686, 23.98934555053711
5216902, 25, 1.0698379278182983, 0.1548737734556198, 24.989166259765625
5216902, 26, 1.1006845235824585, 0.15804167091846466, 25.98899269104004
5216902, 27, 1.1461931467056274, 0.1645885407924652, 26.988492965698242
5216902, 28, 1.196219801902771, 0.1724521815776825, 27.987821578979492
5216902, 29, 1.2462621927261353, 0.1804424226284027, 28.987123489379883
5216902, 30, 1.297719955444336, 0.18889759480953217, 29.98637580871582
5032506, 1, 0.04583160579204559, 0.006941772066056728, 0.9996079206466675
5032506, 2, 0.09280427545309067, 0.014366229996085167, 1.999131679534912
5032506, 3, 0.14068546891212463, 0.021930648013949394, 2.9987025260925293
5032506, 4, 0.18936865031719208, 0.02984931319952011, 3.9982447624206543
5032506, 5, 0.23843194544315338, 0.03834017366170883, 4.99769401550293
5032506, 6, 0.2898796498775482, 0.04780346527695656, 5.996987342834473
5032506, 7, 0.3436743915081024, 0.05784747749567032, 6.996195316314697
5032506, 8, 0.3925658166408539, 0.06595146656036377, 7.995655059814453
5032506, 9, 0.43729519844055176, 0.0726858377456665, 8.995261192321777
5032506, 10, 0.481681764125824, 0.0793905109167099, 9.994817733764648
5032506, 11, 0.5287822484970093, 0.08687695115804672, 10.994243621826172
5032506, 12, 0.5751680135726929, 0.09420277178287506, 11.99372673034668
5032506, 13, 0.6226254105567932, 0.1017981693148613, 12.993202209472656
5032506, 14, 0.6773437857627869, 0.10990646481513977, 13.992242813110352
5032506, 15, 0.7283297777175903, 0.11703676730394363, 14.991425514221191
5032506, 16, 0.7785588502883911, 0.12388255447149277, 15.990636825561523
5032506, 17, 0.8294333219528198, 0.13099424540996552, 16.989809036254883
5032506, 18, 0.8787584900856018, 0.13762757182121277, 17.989023208618164
5032506, 19, 0.9258126616477966, 0.14353898167610168, 18.988323211669922
5032506, 20, 0.969304621219635, 0.14865455031394958, 19.987743377685547
5032506, 21, 1.013330340385437, 0.15377448499202728, 20.987159729003906
5032506, 22, 1.0596771240234375, 0.15939100086688995, 21.986494064331055
5032506, 23, 1.1072182655334473, 0.16530437767505646, 22.98577880859375
5032506, 24, 1.1517293453216553, 0.17052964866161346, 23.985170364379883
5032506, 25, 1.1874910593032837, 0.17406265437602997, 24.984821319580078
5032506, 26, 1.21533203125, 0.17634637653827667, 25.98467254638672
5032506, 27, 1.2431120872497559, 0.178654745221138, 26.984529495239258
5032506, 28, 1.2794805765151978, 0.1824605017900467, 27.984182357788086
5032506, 29, 1.3233956098556519, 0.18906717002391815, 28.98373794555664
5032506, 30, 1.3519374132156372, 0.19166456162929535, 29.98356819152832
4862367, 1, 0.05305010825395584, 0.009302227757871151, 0.9994503259658813
4862367, 2, 0.10810224711894989, 0.018979687243700027, 1.9988062381744385
4862367, 3, 0.15975670516490936, 0.027569932863116264, 2.998332977294922
4862367, 4, 0.21106639504432678, 0.036272548139095306, 3.997844696044922
4862367, 5, 0.2605692744255066, 0.044279929250478745, 4.99744176864624
4862367, 6, 0.30831220746040344, 0.05191337317228317, 5.997060775756836
4862367, 7, 0.3580028712749481, 0.059650763869285583, 6.996516704559326
4862367, 8, 0.4106554388999939, 0.06830605119466782, 7.995846271514893
4862367, 9, 0.46413305401802063, 0.07734392583370209, 8.995209693908691
4862367, 10, 0.5134366154670715, 0.08537997305393219, 9.994812965393066
4862367, 11, 0.566620409488678, 0.094403475522995, 10.994170188903809
4862367, 12, 0.6239628791809082, 0.10480491816997528, 11.993301391601562
4862367, 13, 0.6805832386016846, 0.11470472812652588, 12.992462158203125
4862367, 14, 0.7301586270332336, 0.12273336201906204, 13.991982460021973
4862367, 15, 0.7801203727722168, 0.13090099394321442, 14.991491317749023
4862367, 16, 0.8121660947799683, 0.13425561785697937, 15.99133014678955
4862367, 17, 0.8438301682472229, 0.13761675357818604, 16.99118995666504
4862367, 18, 0.8756938576698303, 0.1410595029592514, 17.991018295288086
4862367, 19, 0.9071999192237854, 0.14444078505039215, 18.9908390045166
4862367, 20, 0.9389758706092834, 0.14774948358535767, 19.99068832397461
4862367, 21, 0.9699434041976929, 0.15088927745819092, 20.990541458129883
4862367, 22, 1.00096595287323, 0.15385764837265015, 21.9903564453125
4862367, 23, 1.0317344665527344, 0.15678316354751587, 22.99016761779785
4862367, 24, 1.0608487129211426, 0.15946045517921448, 23.99004554748535
4862367, 25, 1.090928316116333, 0.16237372159957886, 24.98991584777832
4862367, 26, 1.1225502490997314, 0.16571292281150818, 25.98976707458496
4862367, 27, 1.15477454662323, 0.16918444633483887, 26.989604949951172
4862367, 28, 1.2129963636398315, 0.17968130111694336, 27.988555908203125
4862367, 29, 1.2668007612228394, 0.18902908265590668, 28.987768173217773
4862367, 30, 1.323573350906372, 0.1993066966533661, 29.986812591552734
1144246, 1, 0.055211298167705536, 0.009663390927016735, 0.9990168809890747
1144246, 2, 0.10955841094255447, 0.018787600100040436, 1.9981093406677246
1144246, 3, 0.18010269105434418, 0.03276778757572174, 2.9967970848083496
1144246, 4, 0.24902991950511932, 0.0467277429997921, 3.9955217838287354
1144246, 5, 0.31580573320388794, 0.059594739228487015, 4.994377613067627
1144246, 6, 0.38390082120895386, 0.07338976860046387, 5.993103504180908
1144246, 7, 0.45283734798431396, 0.08780588209629059, 6.991774082183838
1144246, 8, 0.5189456939697266, 0.10099511593580246, 7.990601539611816
1144246, 9, 0.5885372161865234, 0.11562613397836685, 8.989208221435547
1144246, 10, 0.6567787528038025, 0.12985844910144806, 9.987849235534668
1144246, 11, 0.723750650882721, 0.14258155226707458, 10.986344337463379
1144246, 12, 0.8102433681488037, 0.16171124577522278, 11.983837127685547
1144246, 13, 0.8705872297286987, 0.1728881448507309, 12.982866287231445
1144246, 14, 0.9395232200622559, 0.18625789880752563, 13.981525421142578
1144246, 15, 1.0118765830993652, 0.20074784755706787, 14.97999382019043
1144246, 16, 1.0751383304595947, 0.21381224691867828, 15.978707313537598
1144246, 17, 1.1371797323226929, 0.2258397936820984, 16.977581024169922
1144246, 18, 1.2001159191131592, 0.23786461353302002, 17.976421356201172
1144246, 19, 1.2645509243011475, 0.2501937448978424, 18.97515296936035
1144246, 20, 1.3335630893707275, 0.2634143531322479, 19.97370719909668
1144246, 21, 1.4060474634170532, 0.277599573135376, 20.972087860107422
1144246, 22, 1.463467001914978, 0.28744733333587646, 21.97115707397461
1144246, 23, 1.5194374322891235, 0.29806265234947205, 22.970123291015625
1144246, 24, 1.5746197700500488, 0.3081996738910675, 23.96917724609375
1144246, 25, 1.6298598051071167, 0.318013072013855, 24.968332290649414
1144246, 26, 1.687012791633606, 0.3285222351551056, 25.96745491027832
1144246, 27, 1.7460297346115112, 0.339458703994751, 26.966571807861328
1144246, 28, 1.8114094734191895, 0.35186710953712463, 27.965473175048828
1144246, 29, 1.879572868347168, 0.36512306332588196, 28.964248657226562
1144246, 30, 1.9395946264266968, 0.3766239583492279, 29.963300704956055
4841237, 1, 0.05168330669403076, 0.008697313256561756, 0.9993894100189209
4841237, 2, 0.10877726972103119, 0.018938742578029633, 1.9984887838363647
4841237, 3, 0.17174693942070007, 0.030659794807434082, 2.99725341796875
4841237, 4, 0.2264820635318756, 0.03962098807096481, 3.9964182376861572
4841237, 5, 0.27583828568458557, 0.04721791669726372, 4.995828151702881
4841237, 6, 0.3252433240413666, 0.0549309104681015, 5.995236396789551
4841237, 7, 0.3775448799133301, 0.06345730274915695, 6.994555473327637
4841237, 8, 0.43271732330322266, 0.0726679340004921, 7.993757247924805
4841237, 9, 0.48703068494796753, 0.08162576705217361, 8.992995262145996
4841237, 10, 0.5495964288711548, 0.09284307807683945, 9.99179744720459
4841237, 11, 0.6129608750343323, 0.10417652130126953, 10.990558624267578
4841237, 12, 0.6727014183998108, 0.11447016149759293, 11.989513397216797
4841237, 13, 0.7309514880180359, 0.12437918782234192, 12.988542556762695
4841237, 14, 0.7851176857948303, 0.13300704956054688, 13.987750053405762
4841237, 15, 0.839207649230957, 0.14151449501514435, 14.986963272094727
4841237, 16, 0.890568733215332, 0.14925546944141388, 15.98629379272461
4841237, 17, 0.9391960501670837, 0.15636542439460754, 16.985734939575195
4841237, 18, 0.9922500848770142, 0.16472916305065155, 17.984966278076172
4841237, 19, 1.0424273014068604, 0.17234733700752258, 18.98430824279785
4841237, 20, 1.0880964994430542, 0.17895811796188354, 19.98382568359375
4841237, 21, 1.1372408866882324, 0.18635740876197815, 20.98320198059082
4841237, 22, 1.1883560419082642, 0.19426372647285461, 21.982521057128906
4841237, 23, 1.239777684211731, 0.20230917632579803, 22.981830596923828
4841237, 24, 1.2887474298477173, 0.2097747027873993, 23.98125648498535
4841237, 25, 1.3433562517166138, 0.21892106533050537, 24.980438232421875
4841237, 26, 1.4012635946273804, 0.22919394075870514, 25.97943115234375
4841237, 27, 1.4545340538024902, 0.238194078207016, 26.978666305541992
4841237, 28, 1.502672553062439, 0.24625462293624878, 27.978120803833008
4841237, 29, 1.5509769916534424, 0.2546120882034302, 28.977548599243164
4841237, 30, 1.6093828678131104, 0.265943706035614, 29.97648048400879
4151265, 1, 0.04565688967704773, 0.007012622896581888, 0.9995545744895935
4151265, 2, 0.09342111647129059, 0.014256583526730537, 1.9990428686141968
4151265, 3, 0.13987888395786285, 0.02114706113934517, 2.998598575592041
4151265, 4, 0.18657174706459045, 0.02805991843342781, 3.9981279373168945
4151265, 5, 0.2351698875427246, 0.03544939309358597, 4.997567653656006
4151265, 6, 0.2843208611011505, 0.04304811358451843, 5.99696683883667
4151265, 7, 0.33316147327423096, 0.05067669600248337, 6.996362686157227
4151265, 8, 0.37685221433639526, 0.05692048370838165, 7.995968341827393
4151265, 9, 0.4219876229763031, 0.0635184720158577, 8.995511054992676
4151265, 10, 0.4662509560585022, 0.07000451534986496, 9.995076179504395
4151265, 11, 0.509780764579773, 0.07638664543628693, 10.994671821594238
4151265, 12, 0.55340176820755, 0.08278226107358932, 11.994298934936523
4151265, 13, 0.5976545214653015, 0.08924593031406403, 12.993892669677734
4151265, 14, 0.6442216038703918, 0.0962110087275505, 13.993402481079102
4151265, 15, 0.6895783543586731, 0.10298998653888702, 14.99299430847168
4151265, 16, 0.7331163287162781, 0.1094885841012001, 15.992642402648926
4151265, 17, 0.7756833434104919, 0.11554764956235886, 16.992311477661133
4151265, 18, 0.8171396255493164, 0.12126313149929047, 17.991992950439453
4151265, 19, 0.8567417860031128, 0.12668530642986298, 18.991682052612305
4151265, 20, 0.9042749404907227, 0.13405659794807434, 19.991079330444336
4151265, 21, 0.9481170773506165, 0.14031237363815308, 20.990638732910156
4151265, 22, 0.9900373816490173, 0.1459387242794037, 21.990280151367188
4151265, 23, 1.0323231220245361, 0.1516854465007782, 22.989913940429688
4151265, 24, 1.081992268562317, 0.1594117134809494, 23.989242553710938
4151265, 25, 1.1293888092041016, 0.16662262380123138, 24.988658905029297
4151265, 26, 1.1768255233764648, 0.17392408847808838, 25.98807144165039
4151265, 27, 1.219728708267212, 0.18002288043498993, 26.98764991760254
4151265, 28, 1.26768159866333, 0.18736140429973602, 27.987049102783203
4151265, 29, 1.313650131225586, 0.1940741389989853, 28.98651695251465
4151265, 30, 1.3617527484893799, 0.20138786733150482, 29.98590850830078
4741590, 1, 0.0800778940320015, 0.019571837037801743, 0.9978800415992737
4741590, 2, 0.1419246792793274, 0.03219538927078247, 1.9969373941421509
4741590, 3, 0.22032612562179565, 0.05023777484893799, 2.9949867725372314
4741590, 4, 0.29223543405532837, 0.06556446850299835, 3.993492841720581
4741590, 5, 0.3585609197616577, 0.07923149317502975, 4.992354393005371
4741590, 6, 0.44888120889663696, 0.10280332714319229, 5.989590644836426
4741590, 7, 0.4977947473526001, 0.11046700179576874, 6.98891019821167
4741590, 8, 0.5740481019020081, 0.1284150928258896, 7.987086296081543
4741590, 9, 0.6776682138442993, 0.15736888349056244, 8.983234405517578
4741590, 10, 0.7459759712219238, 0.1714891940355301, 9.981965065002441
4741590, 11, 0.7877704501152039, 0.17744259536266327, 10.981633186340332
4741590, 12, 0.858295738697052, 0.19270728528499603, 11.980278968811035
4741590, 13, 0.9289221167564392, 0.20753225684165955, 12.97895622253418
4741590, 14, 0.9952961206436157, 0.2213275134563446, 13.977836608886719
4741590, 15, 1.0895030498504639, 0.24620990455150604, 14.974596977233887
4741590, 16, 1.1899176836013794, 0.2748942971229553, 15.9710054397583
4741590, 17, 1.230761170387268, 0.2808670699596405, 16.9707088470459
4741590, 18, 1.3150053024291992, 0.30239880084991455, 17.968318939208984
4741590, 19, 1.3908514976501465, 0.3201718032360077, 18.96656036376953
4741590, 20, 1.4667614698410034, 0.3381795585155487, 19.9647274017334
4741590, 21, 1.583095669746399, 0.3761886954307556, 20.959562301635742
4741590, 22, 1.700391411781311, 0.4146103858947754, 21.954307556152344
4741590, 23, 1.7863035202026367, 0.43729621171951294, 22.951751708984375
4741590, 24, 1.8836902379989624, 0.46521079540252686, 23.94821548461914
4741590, 25, 1.9883477687835693, 0.4970948100090027, 24.944007873535156
4741590, 26, 2.0695688724517822, 0.5174036026000977, 25.9417781829834
4741590, 27, 2.1686689853668213, 0.5467789173126221, 26.937971115112305
4741590, 28, 2.2683098316192627, 0.5764834880828857, 27.934141159057617
4741590, 29, 2.3481147289276123, 0.5966613292694092, 28.93192481994629
4741590, 30, 2.4283134937286377, 0.6168192625045776, 29.92963409423828
4669030, 1, 0.04840591549873352, 0.0075263879261910915, 0.9995153546333313
4669030, 2, 0.09965536743402481, 0.01588112860918045, 1.9989511966705322
4669030, 3, 0.15003211796283722, 0.024053625762462616, 2.9984357357025146
4669030, 4, 0.2018308788537979, 0.03275791183114052, 3.997882843017578
4669030, 5, 0.2597261965274811, 0.0431683175265789, 4.9970197677612305
4669030, 6, 0.31791284680366516, 0.05350104719400406, 5.996140480041504
4669030, 7, 0.36983245611190796, 0.06220469996333122, 6.99555778503418
4669030, 8, 0.4189697206020355, 0.07044543325901031, 7.995038986206055
4669030, 9, 0.47064173221588135, 0.07921811938285828, 8.994409561157227
4669030, 10, 0.5246602892875671, 0.08837051689624786, 9.993673324584961
4669030, 11, 0.5746565461158752, 0.09632096439599991, 10.993098258972168
4669030, 12, 0.6233325004577637, 0.10392745584249496, 11.99255084991455
4669030, 13, 0.6762868762016296, 0.1125897541642189, 12.991826057434082
4669030, 14, 0.728389322757721, 0.1211218610405922, 13.991153717041016
4669030, 15, 0.7877092957496643, 0.13163451850414276, 14.990144729614258
4669030, 16, 0.8405269980430603, 0.1403360664844513, 15.98941707611084
4669030, 17, 0.8789210319519043, 0.14537091553211212, 16.989089965820312
4669030, 18, 0.9105238914489746, 0.14875657856464386, 17.988872528076172
4669030, 19, 0.9411540031433105, 0.15196049213409424, 18.98866081237793
4669030, 20, 0.9748592972755432, 0.15578097105026245, 19.988374710083008
4669030, 21, 1.0072177648544312, 0.1591448187828064, 20.988143920898438
4669030, 22, 1.0389691591262817, 0.16242745518684387, 21.987924575805664
4669030, 23, 1.0757293701171875, 0.16645866632461548, 22.987529754638672
4669030, 24, 1.1087044477462769, 0.16978514194488525, 23.987262725830078
4669030, 25, 1.141832709312439, 0.17319810390472412, 24.986997604370117
4669030, 26, 1.1741061210632324, 0.17661115527153015, 25.986759185791016
4669030, 27, 1.2074713706970215, 0.18040217459201813, 26.986478805541992
4669030, 28, 1.2613072395324707, 0.18970003724098206, 27.985618591308594
4669030, 29, 1.3261064291000366, 0.2026422917842865, 28.984169006347656
4669030, 30, 1.3865911960601807, 0.2141653150320053, 29.98298454284668
4876648, 1, 0.05119306966662407, 0.008278685621917248, 0.9994688034057617
4876648, 2, 0.09910238534212112, 0.01575162075459957, 1.999074935913086
4876648, 3, 0.14833173155784607, 0.023398123681545258, 2.998624086380005
4876648, 4, 0.19696012139320374, 0.03106410801410675, 3.9981937408447266
4876648, 5, 0.2465537041425705, 0.039026595652103424, 4.997734069824219
4876648, 6, 0.29738563299179077, 0.047297053039073944, 5.997214317321777
4876648, 7, 0.34538134932518005, 0.05487711355090141, 6.996821403503418
4876648, 8, 0.3923798203468323, 0.062021855264902115, 7.996406555175781
4876648, 9, 0.43985483050346375, 0.06940026581287384, 8.995954513549805
4876648, 10, 0.48635679483413696, 0.07655069231987, 9.99558162689209
4876648, 11, 0.5378206968307495, 0.08490794152021408, 10.995014190673828
4876648, 12, 0.5903699398040771, 0.09353987127542496, 11.994385719299316
4876648, 13, 0.6384552121162415, 0.10123999416828156, 12.993969917297363
4876648, 14, 0.6877329349517822, 0.10910399258136749, 13.99349594116211
4876648, 15, 0.7279303669929504, 0.11429761350154877, 14.993176460266113
4876648, 16, 0.7749467492103577, 0.12087863683700562, 15.992627143859863
4876648, 17, 0.8131897449493408, 0.1253371238708496, 16.99233055114746
4876648, 18, 0.8451977968215942, 0.12863287329673767, 17.992164611816406
4876648, 19, 0.8796184062957764, 0.1323471963405609, 18.991954803466797
4876648, 20, 0.9189494252204895, 0.13705094158649445, 19.991619110107422
4876648, 21, 0.9528930187225342, 0.14065635204315186, 20.99142074584961
4876648, 22, 0.9859561324119568, 0.14410646259784698, 21.991235733032227
4876648, 23, 1.0236351490020752, 0.14844828844070435, 22.990922927856445
4876648, 24, 1.0540231466293335, 0.15134674310684204, 23.99078369140625
4876648, 25, 1.0847110748291016, 0.15422885119915009, 24.990596771240234
4876648, 26, 1.1154669523239136, 0.15715394914150238, 25.990455627441406
4876648, 27, 1.1468945741653442, 0.16014643013477325, 26.99030876159668
4876648, 28, 1.2083415985107422, 0.171531543135643, 27.989118576049805
4876648, 29, 1.2640793323516846, 0.1812756210565567, 28.988239288330078
4876648, 30, 1.312500238418579, 0.18902114033699036, 29.987686157226562
4762480, 1, 0.06558841466903687, 0.01349690929055214, 0.9988512992858887
4762480, 2, 0.1444319188594818, 0.03207045793533325, 1.9967665672302246
4762480, 3, 0.21405112743377686, 0.04705160856246948, 2.9953439235687256
4762480, 4, 0.283686101436615, 0.06199262663722038, 3.993919849395752
4762480, 5, 0.35284727811813354, 0.07674210518598557, 4.992520809173584
4762480, 6, 0.42164960503578186, 0.09116195142269135, 5.991194248199463
4762480, 7, 0.49355390667915344, 0.10671091824769974, 6.989626407623291
4762480, 8, 0.5573098063468933, 0.11956318467855453, 7.988535404205322
4762480, 9, 0.6259897947311401, 0.13431046903133392, 8.987128257751465
4762480, 10, 0.7022735476493835, 0.15184780955314636, 9.985183715820312
4762480, 11, 0.7902238965034485, 0.17437215149402618, 10.982407569885254
4762480, 12, 0.8787980079650879, 0.19720368087291718, 11.979633331298828
4762480, 13, 0.9513433575630188, 0.21310840547084808, 12.978008270263672
4762480, 14, 1.0191235542297363, 0.22756679356098175, 13.976677894592285
4762480, 15, 1.0945647954940796, 0.24504537880420685, 14.974804878234863
4762480, 16, 1.1657427549362183, 0.2604661285877228, 15.973249435424805
4762480, 17, 1.2063676118850708, 0.2657789885997772, 16.97294044494629
4762480, 18, 1.2791472673416138, 0.28181326389312744, 17.97125244140625
4762480, 19, 1.3543730974197388, 0.29896771907806396, 18.969358444213867
4762480, 20, 1.4313132762908936, 0.31691253185272217, 19.967247009277344
4762480, 21, 1.505936861038208, 0.3339344561100006, 20.96528434753418
4762480, 22, 1.5482416152954102, 0.3398115932941437, 21.96491050720215
4762480, 23, 1.5891871452331543, 0.3453267812728882, 22.96453094482422
4762480, 24, 1.6315521001815796, 0.35122156143188477, 23.96405029296875
4762480, 25, 1.7004612684249878, 0.36611494421958923, 24.962432861328125
4762480, 26, 1.7824121713638306, 0.3863562345504761, 25.95991325378418
4762480, 27, 1.8528506755828857, 0.40199747681617737, 26.958194732666016
4762480, 28, 1.9279043674468994, 0.4194159507751465, 27.956167221069336
4762480, 29, 1.9968031644821167, 0.43450796604156494, 28.954578399658203
4762480, 30, 2.066711187362671, 0.45022618770599365, 29.95291519165039
5050023, 1, 0.06814383715391159, 0.014804086647927761, 0.9987937211990356
5050023, 2, 0.13499829173088074, 0.02922448143362999, 1.9976624250411987
5050023, 3, 0.20030471682548523, 0.04310150071978569, 2.9965929985046387
5050023, 4, 0.26929134130477905, 0.05797766149044037, 3.995340347290039
5050023, 5, 0.3349260985851288, 0.07207126915454865, 4.99427604675293
5050023, 6, 0.4103163182735443, 0.08927181363105774, 5.992602348327637
5050023, 7, 0.4942127466201782, 0.1096474751830101, 6.990300178527832
5050023, 8, 0.5672587752342224, 0.12607230246067047, 7.988783836364746
5050023, 9, 0.634692907333374, 0.14094077050685883, 8.987627983093262
5050023, 10, 0.6993162035942078, 0.1546705663204193, 9.986618041992188
5050023, 11, 0.7623043656349182, 0.168351948261261, 10.985642433166504
5050023, 12, 0.8302021026611328, 0.18354322016239166, 11.984424591064453
5050023, 13, 0.9129620790481567, 0.20418350398540497, 12.982173919677734
5050023, 14, 0.9949201941490173, 0.2242259979248047, 13.980001449584961
5050023, 15, 1.0837680101394653, 0.24687479436397552, 14.977300643920898
5050023, 16, 1.1742019653320312, 0.2703152298927307, 15.974443435668945
5050023, 17, 1.263214111328125, 0.29326459765434265, 16.971750259399414
5050023, 18, 1.3506779670715332, 0.31526634097099304, 17.969141006469727
5050023, 19, 1.4398589134216309, 0.33799299597740173, 18.96637725830078
5050023, 20, 1.5255733728408813, 0.35939842462539673, 19.963850021362305
5050023, 21, 1.610236406326294, 0.3807551860809326, 20.96136474609375
5050023, 22, 1.6949536800384521, 0.4020150899887085, 21.958911895751953
5050023, 23, 1.775697112083435, 0.42163732647895813, 22.95676612854004
5050023, 24, 1.8501245975494385, 0.4390009939670563, 23.954975128173828
5050023, 25, 1.896065354347229, 0.445992112159729, 24.954313278198242
5050023, 26, 1.9426823854446411, 0.45321688055992126, 25.953651428222656
5050023, 27, 1.9886544942855835, 0.46031299233436584, 26.9530086517334
5050023, 28, 2.035461664199829, 0.46731820702552795, 27.952346801757812
5050023, 29, 2.082792282104492, 0.47425034642219543, 28.95168113708496
5050023, 30, 2.128178834915161, 0.4807850122451782, 29.951086044311523
4794215, 1, 0.06505447626113892, 0.013760923407971859, 0.998975396156311
4794215, 2, 0.1280432939529419, 0.026885543018579483, 1.9980370998382568
4794215, 3, 0.1939847767353058, 0.04069940000772476, 2.996990919113159
4794215, 4, 0.2603706121444702, 0.05514609068632126, 3.995908737182617
4794215, 5, 0.3249800205230713, 0.06895114481449127, 4.994959354400635
4794215, 6, 0.389335572719574, 0.082801453769207, 5.994010925292969
4794215, 7, 0.4638541340827942, 0.100213423371315, 6.992377281188965
4794215, 8, 0.5475383996963501, 0.1211971715092659, 7.990129470825195
4794215, 9, 0.6339923143386841, 0.14307421445846558, 8.987700462341309
4794215, 10, 0.696863055229187, 0.15659859776496887, 9.986808776855469
4794215, 11, 0.7643803954124451, 0.17131058871746063, 10.985578536987305
4794215, 12, 0.8307321071624756, 0.18523572385311127, 11.984390258789062
4794215, 13, 0.9029814004898071, 0.20171186327934265, 12.982871055603027
4794215, 14, 0.9722744226455688, 0.21706563234329224, 13.981515884399414
4794215, 15, 1.0302413702011108, 0.22873656451702118, 14.9808349609375
4794215, 16, 1.0916597843170166, 0.2414020150899887, 15.979952812194824
4794215, 17, 1.1551610231399536, 0.25477489829063416, 16.97892951965332
4794215, 18, 1.2202287912368774, 0.2686111629009247, 17.97772789001465
4794215, 19, 1.2889361381530762, 0.28327953815460205, 18.976285934448242
4794215, 20, 1.3542110919952393, 0.2967097759246826, 19.975074768066406
4794215, 21, 1.41060471534729, 0.30611562728881836, 20.974069595336914
4794215, 22, 1.4833347797393799, 0.3222866952419281, 21.972349166870117
4794215, 23, 1.5435614585876465, 0.33380597829818726, 22.97136688232422
4794215, 24, 1.6008632183074951, 0.3443763256072998, 23.970565795898438
4794215, 25, 1.66722571849823, 0.35782286524772644, 24.96921730041504
4794215, 26, 1.734702467918396, 0.3719281852245331, 25.9677791595459
4794215, 27, 1.793600082397461, 0.3832398056983948, 26.966903686523438
4794215, 28, 1.8603571653366089, 0.39742985367774963, 27.965538024902344
4794215, 29, 1.9280893802642822, 0.4120270609855652, 28.96410369873047
4794215, 30, 2.0044660568237305, 0.4299563765525818, 29.96206283569336
5194805_2, 1, 0.07390209287405014, 0.01644963026046753, 0.9987557530403137
5194805_2, 2, 0.14554378390312195, 0.03266514837741852, 1.997711420059204
5194805_2, 3, 0.21672910451889038, 0.04833199828863144, 2.996715784072876
5194805_2, 4, 0.2841349244117737, 0.06242959201335907, 3.9958245754241943
5194805_2, 5, 0.35262197256088257, 0.0769127830862999, 4.99486780166626
5194805_2, 6, 0.4243653416633606, 0.09285023808479309, 5.993711948394775
5194805_2, 7, 0.5002365112304688, 0.11002456396818161, 6.992219924926758
5194805_2, 8, 0.5729312896728516, 0.12578795850276947, 7.990945339202881
5194805_2, 9, 0.639633059501648, 0.13963113725185394, 8.990031242370605
5194805_2, 10, 0.7117236256599426, 0.15525615215301514, 9.988698959350586
5194805_2, 11, 0.7767927050590515, 0.16861039400100708, 10.987686157226562
5194805_2, 12, 0.83957839012146, 0.18136441707611084, 11.986796379089355
5194805_2, 13, 0.9034318923950195, 0.19466514885425568, 12.985870361328125
5194805_2, 14, 0.9824304580688477, 0.2130725383758545, 13.984039306640625
5194805_2, 15, 1.055500864982605, 0.2292540818452835, 14.982590675354004
5194805_2, 16, 1.1161993741989136, 0.24146771430969238, 15.981884956359863
5194805_2, 17, 1.192330002784729, 0.25837263464927673, 16.980182647705078
5194805_2, 18, 1.2744073867797852, 0.277567982673645, 17.978076934814453
5194805_2, 19, 1.3408136367797852, 0.2909958064556122, 18.976974487304688
5194805_2, 20, 1.3836246728897095, 0.29730990529060364, 19.97663688659668
5194805_2, 21, 1.4481276273727417, 0.3103894293308258, 20.975589752197266
5194805_2, 22, 1.5112688541412354, 0.32287850975990295, 21.974634170532227
5194805_2, 23, 1.5749787092208862, 0.33550184965133667, 22.97366714477539
5194805_2, 24, 1.6383785009384155, 0.34826719760894775, 23.972705841064453
5194805_2, 25, 1.6994657516479492, 0.36007675528526306, 24.9718017578125
5194805_2, 26, 1.7632337808609009, 0.37295642495155334, 25.97072982788086
5194805_2, 27, 1.8356361389160156, 0.3891623318195343, 26.96913719177246
5194805_2, 28, 1.9172407388687134, 0.4091200828552246, 27.966814041137695
5194805_2, 29, 1.9919569492340088, 0.42606836557388306, 28.96499252319336
5194805_2, 30, 2.063194990158081, 0.44179391860961914, 29.963417053222656
4820624, 1, 0.05355801805853844, 0.009352095425128937, 0.9993886947631836
4820624, 2, 0.10798464715480804, 0.01897398754954338, 1.998689889907837
4820624, 3, 0.16188940405845642, 0.028555521741509438, 2.9980051517486572
4820624, 4, 0.2089615762233734, 0.036350589245557785, 3.9976000785827637
4820624, 5, 0.25623100996017456, 0.04407611861824989, 4.9971537590026855
4820624, 6, 0.30149155855178833, 0.05106835812330246, 5.996767044067383
4820624, 7, 0.34852316975593567, 0.058515824377536774, 6.996314525604248
4820624, 8, 0.3897935450077057, 0.0644291564822197, 7.995996475219727
4820624, 9, 0.4285046458244324, 0.06962599605321884, 8.99575424194336
4820624, 10, 0.4681495130062103, 0.0751478523015976, 9.995502471923828
4820624, 11, 0.5189883708953857, 0.0834714025259018, 10.994941711425781
4820624, 12, 0.5836860537528992, 0.09620407223701477, 11.993674278259277
4820624, 13, 0.6432046890258789, 0.10705909132957458, 12.992560386657715
4820624, 14, 0.6976398825645447, 0.11650186032056808, 13.991761207580566
4820624, 15, 0.7513982653617859, 0.1255916953086853, 14.990983009338379
4820624, 16, 0.8041015863418579, 0.13456282019615173, 15.99023723602295
4820624, 17, 0.8606570363044739, 0.1448209583759308, 16.989315032958984
4820624, 18, 0.8930698037147522, 0.14829391241073608, 17.989124298095703
4820624, 19, 0.9501246213912964, 0.15888537466526031, 18.988208770751953
4820624, 20, 1.0029391050338745, 0.16823963820934296, 19.98749351501465
4820624, 21, 1.0526825189590454, 0.17644082009792328, 20.986879348754883
4820624, 22, 1.1088337898254395, 0.18632924556732178, 21.985944747924805
4820624, 23, 1.1424695253372192, 0.1899838149547577, 22.98571014404297
4820624, 24, 1.2013239860534668, 0.20072542130947113, 23.98463249206543
4820624, 25, 1.2560243606567383, 0.21050402522087097, 24.983745574951172
4820624, 26, 1.3143054246902466, 0.22155265510082245, 25.982696533203125
4820624, 27, 1.3747460842132568, 0.23327957093715668, 26.981510162353516
4820624, 28, 1.435353398323059, 0.24513199925422668, 27.980302810668945
4820624, 29, 1.498810887336731, 0.257769912481308, 28.978971481323242
4820624, 30, 1.563469648361206, 0.2708270251750946, 29.977523803710938
4733553, 1, 0.087575264275074, 0.023265564814209938, 0.9973723888397217
4733553, 2, 0.175052672624588, 0.0462094247341156, 1.9947521686553955
4733553, 3, 0.26193615794181824, 0.06902368366718292, 2.992192029953003
4733553, 4, 0.35022491216659546, 0.09314358234405518, 3.989591360092163
4733553, 5, 0.4355045557022095, 0.11583447456359863, 4.987271308898926
4733553, 6, 0.526554524898529, 0.14059895277023315, 5.984463691711426
4733553, 7, 0.6124733686447144, 0.1632622331380844, 6.982084274291992
4733553, 8, 0.6996985077857971, 0.18621553480625153, 7.979484558105469
4733553, 9, 0.7855930328369141, 0.208211287856102, 8.977044105529785
4733553, 10, 0.8744258284568787, 0.23136654496192932, 9.97433090209961
4733553, 11, 0.9611204266548157, 0.25376832485198975, 10.97186279296875
4733553, 12, 1.055659294128418, 0.2803289294242859, 11.968695640563965
4733553, 13, 1.148849606513977, 0.30573686957359314, 12.96564769744873
4733553, 14, 1.2392796277999878, 0.3296910524368286, 13.962814331054688
4733553, 15, 1.332882285118103, 0.3550339639186859, 14.959704399108887
4733553, 16, 1.426378607749939, 0.38052311539649963, 15.956692695617676
4733553, 17, 1.4874935150146484, 0.39163559675216675, 16.95562744140625
4733553, 18, 1.5476572513580322, 0.4021119773387909, 17.95456886291504
4733553, 19, 1.6143743991851807, 0.41465702652931213, 18.95309066772461
4733553, 20, 1.6774944067001343, 0.42595940828323364, 19.95182991027832
4733553, 21, 1.7366777658462524, 0.436164915561676, 20.9508056640625
4733553, 22, 1.7984740734100342, 0.4469371438026428, 21.949604034423828
4733553, 23, 1.857122778892517, 0.45707425475120544, 22.948572158813477
4733553, 24, 1.9205714464187622, 0.46834802627563477, 23.947250366210938
4733553, 25, 1.9785407781600952, 0.4784601628780365, 24.946224212646484
4733553, 26, 2.066800594329834, 0.503036379814148, 25.943422317504883
4733553, 27, 2.1594724655151367, 0.5292567610740662, 26.940279006958008
4733553, 28, 2.2463417053222656, 0.552372932434082, 27.93767547607422
4733553, 29, 2.334148406982422, 0.5759362578392029, 28.934972763061523
4733553, 30, 2.426755428314209, 0.6016905903816223, 29.931867599487305
5036311, 1, 0.059046536684036255, 0.01197054609656334, 0.9992571473121643
5036311, 2, 0.11838667094707489, 0.02377752959728241, 1.9985079765319824
5036311, 3, 0.1759265661239624, 0.03494495898485184, 2.9977831840515137
5036311, 4, 0.23118342459201813, 0.04498102515935898, 3.997157335281372
5036311, 5, 0.2834562659263611, 0.05361662432551384, 4.99666166305542
5036311, 6, 0.3377130329608917, 0.06257458031177521, 5.996053695678711
5036311, 7, 0.3924969732761383, 0.07178599387407303, 6.995443344116211
5036311, 8, 0.44496363401412964, 0.08087733387947083, 7.994903087615967
5036311, 9, 0.49828124046325684, 0.08967211842536926, 8.994336128234863
5036311, 10, 0.5503206253051758, 0.09807923436164856, 9.993820190429688
5036311, 11, 0.5994159579277039, 0.10585910081863403, 10.993400573730469
5036311, 12, 0.6493901014328003, 0.11377718299627304, 11.992955207824707
5036311, 13, 0.6992648839950562, 0.12183760106563568, 12.992501258850098
5036311, 14, 0.748723030090332, 0.13001155853271484, 13.992025375366211
5036311, 15, 0.7985414862632751, 0.1387491375207901, 14.991491317749023
5036311, 16, 0.8376296758651733, 0.14408104121685028, 15.991138458251953
5036311, 17, 0.8721886277198792, 0.148023784160614, 16.99091911315918
5036311, 18, 0.9109702706336975, 0.15335167944431305, 17.99056053161621
5036311, 19, 0.9512567520141602, 0.1592458188533783, 18.990142822265625
5036311, 20, 0.9993389248847961, 0.16688206791877747, 19.989694595336914
5036311, 21, 1.0457682609558105, 0.17408409714698792, 20.989273071289062
5036311, 22, 1.094986915588379, 0.18195191025733948, 21.98878288269043
5036311, 23, 1.1458796262741089, 0.1902257204055786, 22.988256454467773
5036311, 24, 1.195877194404602, 0.198495015501976, 23.987756729125977
5036311, 25, 1.2448755502700806, 0.20684486627578735, 24.987253189086914
5036311, 26, 1.2928569316864014, 0.21480320394039154, 25.986774444580078
5036311, 27, 1.3473846912384033, 0.2237914800643921, 26.98607063293457
5036311, 28, 1.3958852291107178, 0.2316403090953827, 27.985605239868164
5036311, 29, 1.4487148523330688, 0.2404298633337021, 28.9849853515625
5036311, 30, 1.499475121498108, 0.24901838600635529, 29.984460830688477
4739356, 1, 0.05023990571498871, 0.008510592393577099, 0.9994901418685913
4739356, 2, 0.10191550850868225, 0.01733141392469406, 1.9989440441131592
4739356, 3, 0.15576650202274323, 0.026862867176532745, 2.9982872009277344
4739356, 4, 0.21262980997562408, 0.03742516413331032, 3.997526168823242
4739356, 5, 0.2671111524105072, 0.04778800904750824, 4.996923446655273
4739356, 6, 0.3220215141773224, 0.058527491986751556, 5.996280193328857
4739356, 7, 0.3774309754371643, 0.06972093880176544, 6.995599269866943
4739356, 8, 0.43859487771987915, 0.08222503215074539, 7.994606018066406
4739356, 9, 0.49395114183425903, 0.0934811383485794, 8.993878364562988
4739356, 10, 0.5582318305969238, 0.10683023929595947, 9.992748260498047
4739356, 11, 0.6136486530303955, 0.11836298555135727, 10.992012023925781
4739356, 12, 0.6651319861412048, 0.128340944647789, 11.991355895996094
4739356, 13, 0.716717004776001, 0.13841094076633453, 12.990730285644531
4739356, 14, 0.769221842288971, 0.14815497398376465, 13.990104675292969
4739356, 15, 0.8217079639434814, 0.1576337069272995, 14.98949146270752
4739356, 16, 0.8819502592086792, 0.16909727454185486, 15.988534927368164
4739356, 17, 0.941353976726532, 0.18055884540081024, 16.98761558532715
4739356, 18, 0.9978693723678589, 0.19143792986869812, 17.986812591552734
4739356, 19, 1.0525304079055786, 0.20193330943584442, 18.986055374145508
4739356, 20, 1.0934672355651855, 0.2085336595773697, 19.985595703125
4739356, 21, 1.1318354606628418, 0.21429972350597382, 20.985212326049805
4739356, 22, 1.1687761545181274, 0.21937985718250275, 21.98484230041504
4739356, 23, 1.2330653667449951, 0.23225753009319305, 22.98354721069336
4739356, 24, 1.2882901430130005, 0.2424979954957962, 23.982704162597656
4739356, 25, 1.346618890762329, 0.25343194603919983, 24.981752395629883
4739356, 26, 1.4092007875442505, 0.265953004360199, 25.98063087463379
4739356, 27, 1.4696650505065918, 0.2777272164821625, 26.97962188720703
4739356, 28, 1.5286794900894165, 0.2892434597015381, 27.9786319732666
4739356, 29, 1.5918958187103271, 0.3022460639476776, 28.977375030517578
4739356, 30, 1.664651870727539, 0.31865888833999634, 29.97554588317871
5125441, 1, 0.045873090624809265, 0.007327364757657051, 0.9995772838592529
5125441, 2, 0.09148731827735901, 0.01441711001098156, 1.9991772174835205
5125441, 3, 0.14062274992465973, 0.021833302453160286, 2.9986824989318848
5125441, 4, 0.18766266107559204, 0.029047638177871704, 3.9982457160949707
5125441, 5, 0.23486393690109253, 0.03650873154401779, 4.997801780700684
5125441, 6, 0.2806718349456787, 0.04385693743824959, 5.997369289398193
5125441, 7, 0.3259051442146301, 0.0510132722556591, 6.996949672698975
5125441, 8, 0.37038910388946533, 0.058030616492033005, 7.9965667724609375
5125441, 9, 0.415097713470459, 0.06474453955888748, 8.996212005615234
5125441, 10, 0.46358588337898254, 0.07200136035680771, 9.995702743530273
5125441, 11, 0.5076273679733276, 0.07827664911746979, 10.995329856872559
5125441, 12, 0.5521715879440308, 0.08452273160219193, 11.994902610778809
5125441, 13, 0.5998320579528809, 0.0914752334356308, 12.994339942932129
5125441, 14, 0.647769033908844, 0.0985269844532013, 13.993773460388184
5125441, 15, 0.6994278430938721, 0.10651989281177521, 14.9930419921875
5125441, 16, 0.7437435984611511, 0.11251252144575119, 15.992592811584473
5125441, 17, 0.7753589749336243, 0.11574700474739075, 16.992416381835938
5125441, 18, 0.804201602935791, 0.118471160531044, 17.992280960083008
5125441, 19, 0.8322315812110901, 0.1209641546010971, 18.992158889770508
5125441, 20, 0.8597357273101807, 0.12330172210931778, 19.992042541503906
5125441, 21, 0.8875839114189148, 0.12572985887527466, 20.991907119750977
5125441, 22, 0.9141125082969666, 0.12791477143764496, 21.991792678833008
5125441, 23, 0.9402455687522888, 0.13002948462963104, 22.991682052612305
5125441, 24, 0.965989351272583, 0.13210032880306244, 23.991573333740234
5125441, 25, 0.9911312460899353, 0.13408328592777252, 24.99146270751953
5125441, 26, 1.0203306674957275, 0.13644137978553772, 25.99127197265625
5125441, 27, 1.0553781986236572, 0.13972623646259308, 26.990924835205078
5125441, 28, 1.095034122467041, 0.14394184947013855, 27.990428924560547
5125441, 29, 1.1528197526931763, 0.15387235581874847, 28.98932647705078
5125441, 30, 1.2121975421905518, 0.16448423266410828, 29.988174438476562
4713006, 1, 0.05175496265292168, 0.008676969446241856, 0.9994798898696899
4713006, 2, 0.10054904967546463, 0.016845881938934326, 1.9990496635437012
4713006, 3, 0.1482071578502655, 0.02445174939930439, 2.9986586570739746
4713006, 4, 0.19985756278038025, 0.032720983028411865, 3.9980998039245605
4713006, 5, 0.2503170967102051, 0.040678396821022034, 4.99757719039917
4713006, 6, 0.30197980999946594, 0.04904929921030998, 5.996983528137207
4713006, 7, 0.3504454791545868, 0.05669349804520607, 6.996562957763672
4713006, 8, 0.4003612995147705, 0.06475981324911118, 7.9961018562316895
4713006, 9, 0.45009374618530273, 0.07289836555719376, 8.995607376098633
4713006, 10, 0.5018624067306519, 0.08129842579364777, 9.994977951049805
4713006, 11, 0.5525366067886353, 0.08951136469841003, 10.994336128234863
4713006, 12, 0.6132174730300903, 0.10070782154798508, 11.993245124816895
4713006, 13, 0.6654280424118042, 0.10939309000968933, 12.99256706237793
4713006, 14, 0.7157901525497437, 0.11770360916852951, 13.991973876953125
4713006, 15, 0.7903501987457275, 0.13410697877407074, 14.99006175994873
4713006, 16, 0.849765419960022, 0.14458294212818146, 15.989032745361328
4713006, 17, 0.8825194239616394, 0.14807498455047607, 16.98883628845215
4713006, 18, 0.9195618033409119, 0.15215888619422913, 17.9885311126709
4713006, 19, 0.9563075304031372, 0.15632355213165283, 18.988222122192383
4713006, 20, 0.987942099571228, 0.15955929458141327, 19.988025665283203
4713006, 21, 1.0229253768920898, 0.16331930458545685, 20.987714767456055
4713006, 22, 1.0526317358016968, 0.16621632874011993, 21.987571716308594
4713006, 23, 1.0843968391418457, 0.1694682389497757, 22.987388610839844
4713006, 24, 1.1603763103485107, 0.18633003532886505, 23.98531150817871
4713006, 25, 1.2116605043411255, 0.1945538967847824, 24.984630584716797
4713006, 26, 1.256367802619934, 0.2009740024805069, 25.984241485595703
4713006, 27, 1.3634397983551025, 0.23445630073547363, 26.979610443115234
4713006, 28, 1.4846036434173584, 0.27660226821899414, 27.973529815673828
4713006, 29, 1.5375518798828125, 0.28545477986335754, 28.972787857055664
4713006, 30, 1.5862568616867065, 0.29308995604515076, 29.972232818603516
4699088, 1, 0.054274898022413254, 0.008723444305360317, 0.9992232918739319
4699088, 2, 0.10275506228208542, 0.015987779945135117, 1.9987239837646484
4699088, 3, 0.15321291983127594, 0.023839622735977173, 2.998155355453491
4699088, 4, 0.20120678842067719, 0.03109290637075901, 3.997667074203491
4699088, 5, 0.24666473269462585, 0.03763026371598244, 4.997262954711914
4699088, 6, 0.2955818474292755, 0.044954217970371246, 5.996732711791992
4699088, 7, 0.3427697718143463, 0.05209527164697647, 6.996251106262207
4699088, 8, 0.3872219920158386, 0.058615829795598984, 7.9958720207214355
4699088, 9, 0.43164074420928955, 0.06474613398313522, 8.99548053741455
4699088, 10, 0.4761653542518616, 0.07090480625629425, 9.995058059692383
4699088, 11, 0.52107173204422, 0.07712298631668091, 10.994590759277344
4699088, 12, 0.5683423280715942, 0.08392105251550674, 11.994035720825195
4699088, 13, 0.616064190864563, 0.09079674631357193, 12.993450164794922
4699088, 14, 0.6635090708732605, 0.0975552499294281, 13.992866516113281
4699088, 15, 0.7122592926025391, 0.10466008633375168, 14.99221420288086
4699088, 16, 0.7412263751029968, 0.1071731299161911, 15.99201774597168
4699088, 17, 0.7675760388374329, 0.10929172486066818, 16.99188995361328
4699088, 18, 0.7972193956375122, 0.11182118952274323, 17.991689682006836
4699088, 19, 0.8232825398445129, 0.11397764831781387, 18.991579055786133
4699088, 20, 0.8500526547431946, 0.1163482517004013, 19.991455078125
4699088, 21, 0.8802397847175598, 0.11939632892608643, 20.99125862121582
4699088, 22, 0.9075567722320557, 0.12197177112102509, 21.991121292114258
4699088, 23, 0.9394341707229614, 0.12548956274986267, 22.99086570739746
4699088, 24, 0.966182291507721, 0.1278580129146576, 23.99073028564453
4699088, 25, 0.9940747022628784, 0.1302732527256012, 24.99057960510254
4699088, 26, 1.021173119544983, 0.13265138864517212, 25.99045753479004
4699088, 27, 1.0490546226501465, 0.13527128100395203, 26.990310668945312
4699088, 28, 1.0812878608703613, 0.1387328952550888, 27.990053176879883
4699088, 29, 1.1167609691619873, 0.14297664165496826, 28.989696502685547
4699088, 30, 1.15999436378479, 0.14872239530086517, 29.9892635345459
4772763, 1, 0.06319034099578857, 0.012083243578672409, 0.9988725781440735
4772763, 2, 0.1210951954126358, 0.02246817946434021, 1.9980595111846924
4772763, 3, 0.1773693710565567, 0.032260309904813766, 2.99733567237854
4772763, 4, 0.22963538765907288, 0.041525229811668396, 3.9967586994171143
4772763, 5, 0.2812879979610443, 0.05020706355571747, 4.99616813659668
4772763, 6, 0.3336026668548584, 0.05880236253142357, 5.99556303024292
4772763, 7, 0.39303088188171387, 0.06936977058649063, 6.994598388671875
4772763, 8, 0.4450625479221344, 0.07813440263271332, 7.99399995803833
4772763, 9, 0.4970894455909729, 0.08663905411958694, 8.993377685546875
4772763, 10, 0.5531161427497864, 0.09604223072528839, 9.992576599121094
4772763, 11, 0.6125568747520447, 0.10647471994161606, 10.991571426391602
4772763, 12, 0.6727650761604309, 0.1172013133764267, 11.990537643432617
4772763, 13, 0.7237195372581482, 0.12564241886138916, 12.989938735961914
4772763, 14, 0.7770413756370544, 0.1345912218093872, 13.989259719848633
4772763, 15, 0.8091112375259399, 0.13791441917419434, 14.989062309265137
4772763, 16, 0.8392462134361267, 0.1411180943250656, 15.988903999328613
4772763, 17, 0.8690611124038696, 0.14415064454078674, 16.988758087158203
4772763, 18, 0.8986085653305054, 0.14712034165859222, 17.988616943359375
4772763, 19, 0.9276500344276428, 0.14988665282726288, 18.988487243652344
4772763, 20, 0.9566453695297241, 0.1526997983455658, 19.98834991455078
4772763, 21, 0.9866519570350647, 0.15583786368370056, 20.98818016052246
4772763, 22, 1.0162582397460938, 0.1588176190853119, 21.988021850585938
4772763, 23, 1.0461314916610718, 0.161797896027565, 22.987857818603516
4772763, 24, 1.0763299465179443, 0.1648045778274536, 23.987688064575195
4772763, 25, 1.1383602619171143, 0.17606543004512787, 24.9864444732666
4772763, 26, 1.2063851356506348, 0.18998956680297852, 25.98482894897461
4772763, 27, 1.2674251794815063, 0.20129849016666412, 26.983625411987305
4772763, 28, 1.33008873462677, 0.21330751478672028, 27.982357025146484
4772763, 29, 1.3802794218063354, 0.22142861783504486, 28.981706619262695
4772763, 30, 1.4348136186599731, 0.23065319657325745, 29.980857849121094
4850951, 1, 0.06336269527673721, 0.012681230902671814, 0.998819887638092
4850951, 2, 0.11438127607107162, 0.021517043933272362, 1.9983408451080322
4850951, 3, 0.1654040664434433, 0.030467161908745766, 2.9978556632995605
4850951, 4, 0.21732878684997559, 0.03946549817919731, 3.9973907470703125
4850951, 5, 0.2714390158653259, 0.04907022416591644, 4.996871471405029
4850951, 6, 0.3229753375053406, 0.05782279744744301, 5.996386528015137
4850951, 7, 0.37343138456344604, 0.06616982072591782, 6.995973587036133
4850951, 8, 0.42428484559059143, 0.07451000064611435, 7.995532512664795
4850951, 9, 0.47533804178237915, 0.08314463496208191, 8.995094299316406
4850951, 10, 0.52980637550354, 0.09289447963237762, 9.994410514831543
4850951, 11, 0.5795431733131409, 0.10125111788511276, 10.993977546691895
4850951, 12, 0.6304159760475159, 0.11027134954929352, 11.993537902832031
4850951, 13, 0.6816170811653137, 0.11929063498973846, 12.993070602416992
4850951, 14, 0.7316383123397827, 0.12781740725040436, 13.992623329162598
4850951, 15, 0.7866182327270508, 0.13786472380161285, 14.992053985595703
4850951, 16, 0.837840735912323, 0.14660415053367615, 15.991619110107422
4850951, 17, 0.8918970227241516, 0.1563628911972046, 16.991127014160156
4850951, 18, 0.9481437802314758, 0.16553935408592224, 17.990074157714844
4850951, 19, 0.9919816255569458, 0.17175360023975372, 18.989538192749023
4850951, 20, 1.0327099561691284, 0.17732273042201996, 19.989253997802734
4850951, 21, 1.0721524953842163, 0.1826004534959793, 20.98899269104004
4850951, 22, 1.1090822219848633, 0.1871839016675949, 21.988750457763672
4850951, 23, 1.144986629486084, 0.19141817092895508, 22.988527297973633
4850951, 24, 1.1811667680740356, 0.1957523077726364, 23.988313674926758
4850951, 25, 1.2226176261901855, 0.20117491483688354, 24.98796272277832
4850951, 26, 1.2616585493087769, 0.2060917466878891, 25.9876766204834
4850951, 27, 1.3064848184585571, 0.2124461531639099, 26.98723030090332
4850951, 28, 1.3482252359390259, 0.21805810928344727, 27.98688507080078
4850951, 29, 1.3849201202392578, 0.22249028086662292, 28.986637115478516
4850951, 30, 1.4409921169281006, 0.2324407696723938, 29.985759735107422
2265761, 1, 0.05587507039308548, 0.009751135483384132, 0.9993851184844971
2265761, 2, 0.10971476137638092, 0.018876701593399048, 1.9988346099853516
2265761, 3, 0.16779401898384094, 0.029765309765934944, 2.9979982376098633
2265761, 4, 0.22145535051822662, 0.038997381925582886, 3.997357130050659
2265761, 5, 0.276444673538208, 0.048614777624607086, 4.996640205383301
2265761, 6, 0.32860007882118225, 0.05732998996973038, 5.9960432052612305
2265761, 7, 0.38022202253341675, 0.06601238250732422, 6.9954681396484375
2265761, 8, 0.4317754805088043, 0.07477635145187378, 7.994935035705566
2265761, 9, 0.4834357500076294, 0.08365914225578308, 8.994392395019531
2265761, 10, 0.5339353084564209, 0.09221552312374115, 9.993917465209961
2265761, 11, 0.5832589864730835, 0.10039545595645905, 10.993480682373047
2265761, 12, 0.6317009925842285, 0.10814840346574783, 11.993045806884766
2265761, 13, 0.6839815974235535, 0.11667956411838531, 12.992487907409668
2265761, 14, 0.7422634363174438, 0.12685613334178925, 13.99163818359375
2265761, 15, 0.7975652813911438, 0.13592441380023956, 14.99089527130127
2265761, 16, 0.8515436053276062, 0.14457368850708008, 15.990180015563965
2265761, 17, 0.9008588194847107, 0.15194638073444366, 16.9896240234375
2265761, 18, 0.9495288133621216, 0.15906554460525513, 17.989078521728516
2265761, 19, 0.9949164390563965, 0.16536468267440796, 18.988636016845703
2265761, 20, 1.025235652923584, 0.1683642715215683, 19.988466262817383
2265761, 21, 1.0545868873596191, 0.1711837649345398, 20.988298416137695
2265761, 22, 1.0898557901382446, 0.17496232688426971, 21.988006591796875
2265761, 23, 1.138466238975525, 0.1818227767944336, 22.987407684326172
2265761, 24, 1.1839346885681152, 0.1878923922777176, 23.98692512512207
2265761, 25, 1.2384546995162964, 0.19638440012931824, 24.986055374145508
2265761, 26, 1.2929296493530273, 0.20515218377113342, 25.985157012939453
2265761, 27, 1.3387075662612915, 0.21182720363140106, 26.984642028808594
2265761, 28, 1.3983458280563354, 0.22240115702152252, 27.983543395996094
2265761, 29, 1.4481103420257568, 0.2301800698041916, 28.98294448852539
2265761, 30, 1.4963217973709106, 0.23779338598251343, 29.98244857788086
5038881, 1, 0.05697718635201454, 0.0131576769053936, 0.998744547367096
5038881, 2, 0.10925401747226715, 0.024565406143665314, 1.9976966381072998
5038881, 3, 0.18025490641593933, 0.04040487855672836, 2.9962985515594482
5038881, 4, 0.250730037689209, 0.056229352951049805, 3.994931221008301
5038881, 5, 0.32028818130493164, 0.07176350057125092, 4.993570327758789
5038881, 6, 0.38628095388412476, 0.08667013794183731, 5.992298126220703
5038881, 7, 0.4496661126613617, 0.10144829750061035, 6.991086006164551
5038881, 8, 0.5122328400611877, 0.11583563685417175, 7.989922046661377
5038881, 9, 0.5741719603538513, 0.1297159045934677, 8.988839149475098
5038881, 10, 0.6342811584472656, 0.1429474651813507, 9.987824440002441
5038881, 11, 0.6930156946182251, 0.15589794516563416, 10.986847877502441
5038881, 12, 0.7499560117721558, 0.16880656778812408, 11.985877990722656
5038881, 13, 0.8074773550033569, 0.18210335075855255, 12.984837532043457
5038881, 14, 0.8667032122612, 0.1947002410888672, 13.983835220336914
5038881, 15, 0.9084683060646057, 0.20177273452281952, 14.983301162719727
5038881, 16, 0.9486708641052246, 0.20816904306411743, 15.982818603515625
5038881, 17, 0.9867954850196838, 0.21391358971595764, 16.982419967651367
5038881, 18, 1.023993968963623, 0.21917131543159485, 17.982093811035156
5038881, 19, 1.0603678226470947, 0.22401878237724304, 18.98181915283203
5038881, 20, 1.0973659753799438, 0.22898340225219727, 19.98152732849121
5038881, 21, 1.135676622390747, 0.23429815471172333, 20.98120880126953
5038881, 22, 1.169755220413208, 0.23837284743785858, 21.980979919433594
5038881, 23, 1.2044715881347656, 0.24273666739463806, 22.980741500854492
5038881, 24, 1.2394747734069824, 0.24717004597187042, 23.98050308227539
5038881, 25, 1.2751147747039795, 0.251682311296463, 24.980239868164062
5038881, 26, 1.3126252889633179, 0.2566562294960022, 25.979896545410156
5038881, 27, 1.3493092060089111, 0.26136139035224915, 26.979585647583008
5038881, 28, 1.3875126838684082, 0.2665989398956299, 27.97926139831543
5038881, 29, 1.4263732433319092, 0.272138774394989, 28.97893524169922
5038881, 30, 1.4700385332107544, 0.2790845036506653, 29.978443145751953
4785791, 1, 0.06517291814088821, 0.013901066035032272, 0.9988348484039307
4785791, 2, 0.12806269526481628, 0.0271034836769104, 1.9977937936782837
4785791, 3, 0.2013363242149353, 0.044077370315790176, 2.9961047172546387
4785791, 4, 0.2621346414089203, 0.05662187933921814, 3.995204448699951
4785791, 5, 0.323727011680603, 0.0692150816321373, 4.994167327880859
4785791, 6, 0.4173291325569153, 0.0947108119726181, 5.990933895111084
4785791, 7, 0.4774196445941925, 0.10657639801502228, 6.989989757537842
4785791, 8, 0.5434214472770691, 0.12029480934143066, 7.988688945770264
4785791, 9, 0.6220342516899109, 0.13925901055335999, 8.986589431762695
4785791, 10, 0.6933082938194275, 0.15540018677711487, 9.984954833984375
4785791, 11, 0.766545295715332, 0.1719318926334381, 10.983270645141602
4785791, 12, 0.8273500800132751, 0.18389107286930084, 11.982331275939941
4785791, 13, 0.8708246946334839, 0.19024942815303802, 12.981932640075684
4785791, 14, 0.9132819175720215, 0.19660012423992157, 13.98160457611084
4785791, 15, 0.9813669919967651, 0.2110455483198166, 14.980224609375
4785791, 16, 1.0526937246322632, 0.22668041288852692, 15.978625297546387
4785791, 17, 1.1026432514190674, 0.23499856889247894, 16.978069305419922
4785791, 18, 1.1640111207962036, 0.24716784060001373, 17.977073669433594
4785791, 19, 1.2031495571136475, 0.2523825764656067, 18.976760864257812
4785791, 20, 1.2439936399459839, 0.25788623094558716, 19.97636604309082
4785791, 21, 1.2862086296081543, 0.2636210322380066, 20.97591781616211
4785791, 22, 1.3252534866333008, 0.2687036991119385, 21.975624084472656
4785791, 23, 1.3624422550201416, 0.27336564660072327, 22.975406646728516
4785791, 24, 1.3990176916122437, 0.27785584330558777, 23.975194931030273
4785791, 25, 1.457762598991394, 0.2876780927181244, 24.973949432373047
4785791, 26, 1.5214911699295044, 0.30072498321533203, 25.97266387939453
4785791, 27, 1.5830289125442505, 0.31299981474876404, 26.971593856811523
4785791, 28, 1.650944709777832, 0.327671080827713, 27.97007942199707
4785791, 29, 1.7284998893737793, 0.34633681178092957, 28.967884063720703
4785791, 30, 1.794816493988037, 0.36046692728996277, 29.96647834777832
1089412, 1, 0.05358308553695679, 0.009226582013070583, 0.99946129322052
1089412, 2, 0.1059318333864212, 0.018298596143722534, 1.9989650249481201
1089412, 3, 0.15834756195545197, 0.027382824569940567, 2.998474597930908
1089412, 4, 0.21018783748149872, 0.03626251965761185, 3.9980077743530273
1089412, 5, 0.26131176948547363, 0.044681429862976074, 4.997549057006836
1089412, 6, 0.31036192178726196, 0.05275250971317291, 5.997129440307617
1089412, 7, 0.3619835376739502, 0.061294518411159515, 6.996592044830322
1089412, 8, 0.4029081463813782, 0.06712544709444046, 7.996277332305908
1089412, 9, 0.44605541229248047, 0.07368382066488266, 8.995841979980469
1089412, 10, 0.4956037402153015, 0.08194581419229507, 9.995362281799316
1089412, 11, 0.5478917956352234, 0.09087029844522476, 10.994719505310059
1089412, 12, 0.5973289012908936, 0.09910642355680466, 11.99420166015625
1089412, 13, 0.6477135419845581, 0.10778135806322098, 12.993646621704102
1089412, 14, 0.6992908716201782, 0.11677435040473938, 13.993059158325195
1089412, 15, 0.7510844469070435, 0.12585678696632385, 14.992470741271973
1089412, 16, 0.8044557571411133, 0.13520517945289612, 15.991774559020996
1089412, 17, 0.8594833612442017, 0.14468064904212952, 16.99090576171875
1089412, 18, 0.9106491804122925, 0.15318992733955383, 17.990215301513672
1089412, 19, 0.9438141584396362, 0.15699206292629242, 18.99004554748535
1089412, 20, 0.9781012535095215, 0.16105741262435913, 19.989849090576172
1089412, 21, 1.0135626792907715, 0.16539016366004944, 20.989614486694336
1089412, 22, 1.0495284795761108, 0.16972988843917847, 21.9893741607666
1089412, 23, 1.0855144262313843, 0.17411085963249207, 22.989133834838867
1089412, 24, 1.119585633277893, 0.17806978523731232, 23.98893928527832
1089412, 25, 1.1546047925949097, 0.1822720170021057, 24.988723754882812
1089412, 26, 1.206186294555664, 0.19087053835391998, 25.988079071044922
1089412, 27, 1.2566208839416504, 0.1993606984615326, 26.987470626831055
1089412, 28, 1.3105430603027344, 0.20884539186954498, 27.98674964904785
1089412, 29, 1.3628891706466675, 0.21807120740413666, 28.986108779907227
1089412, 30, 1.4206838607788086, 0.22891974449157715, 29.985200881958008
4996894, 1, 0.048852793872356415, 0.008324956521391869, 0.9995697140693665
4996894, 2, 0.09752370417118073, 0.01651569828391075, 1.999157428741455
4996894, 3, 0.15269282460212708, 0.02627684362232685, 2.9985077381134033
4996894, 4, 0.20304659008979797, 0.034749191254377365, 3.998033285140991
4996894, 5, 0.2524663507938385, 0.0432795025408268, 4.997511386871338
4996894, 6, 0.29876816272735596, 0.05059346556663513, 5.997117519378662
4996894, 7, 0.34518298506736755, 0.057893991470336914, 6.996723175048828
4996894, 8, 0.3900599181652069, 0.06512743979692459, 7.996342182159424
4996894, 9, 0.4369713366031647, 0.07305982708930969, 8.995878219604492
4996894, 10, 0.4836350381374359, 0.08091714233160019, 9.995439529418945
4996894, 11, 0.5287705659866333, 0.08821763843297958, 10.995086669921875
4996894, 12, 0.5760018825531006, 0.09597039967775345, 11.994678497314453
4996894, 13, 0.6266550421714783, 0.10447382926940918, 12.99407958984375
4996894, 14, 0.6667822003364563, 0.10995536297559738, 13.993762016296387
4996894, 15, 0.695996105670929, 0.11287073791027069, 14.99362850189209
4996894, 16, 0.7251712679862976, 0.11583424359560013, 15.99349308013916
4996894, 17, 0.7544553279876709, 0.11889983713626862, 16.993362426757812
4996894, 18, 0.7827890515327454, 0.12167197465896606, 17.99324607849121
4996894, 19, 0.8126413226127625, 0.12458429485559464, 18.993099212646484
4996894, 20, 0.8429234027862549, 0.12760385870933533, 19.992938995361328
4996894, 21, 0.87456214427948, 0.130863219499588, 20.992740631103516
4996894, 22, 0.9055286645889282, 0.13399240374565125, 21.992557525634766
4996894, 23, 0.9432850480079651, 0.13844633102416992, 22.9921817779541
4996894, 24, 0.9792281985282898, 0.14249272644519806, 23.99187660217285
4996894, 25, 1.011150598526001, 0.1457403153181076, 24.991674423217773
4996894, 26, 1.046761393547058, 0.14974884688854218, 25.991374969482422
4996894, 27, 1.0763217210769653, 0.15249967575073242, 26.99123191833496
4996894, 28, 1.105938196182251, 0.1553308516740799, 27.991085052490234
4996894, 29, 1.1599292755126953, 0.16433539986610413, 28.990266799926758
4996894, 30, 1.2060421705245972, 0.17123085260391235, 29.989776611328125
1217886, 1, 0.053365182131528854, 0.008778998628258705, 0.9992649555206299
1217886, 2, 0.09580445289611816, 0.014752525836229324, 1.9989268779754639
1217886, 3, 0.13760769367218018, 0.020425092428922653, 2.9986181259155273
1217886, 4, 0.17832714319229126, 0.025957448408007622, 3.998324394226074
1217886, 5, 0.21905198693275452, 0.03126481547951698, 4.998049736022949
1217886, 6, 0.2599014937877655, 0.036567941308021545, 5.997761249542236
1217886, 7, 0.2997395992279053, 0.0418330654501915, 6.997476577758789
1217886, 8, 0.34080880880355835, 0.047584954649209976, 7.997148036956787
1217886, 9, 0.3812497556209564, 0.05315932631492615, 8.996849060058594
1217886, 10, 0.42282745242118835, 0.05868743732571602, 9.996530532836914
1217886, 11, 0.46645936369895935, 0.06458762288093567, 10.996131896972656
1217886, 12, 0.5132442712783813, 0.07121732085943222, 11.99560832977295
1217886, 13, 0.5598659515380859, 0.077799953520298, 12.995094299316406
1217886, 14, 0.6001532673835754, 0.0829671323299408, 13.994807243347168
1217886, 15, 0.6427003741264343, 0.08780713379383087, 14.994267463684082
1217886, 16, 0.674914538860321, 0.09083197265863419, 15.994029998779297
1217886, 17, 0.7053122520446777, 0.09356948733329773, 16.993844985961914
1217886, 18, 0.739410936832428, 0.09689928591251373, 17.99355125427246
1217886, 19, 0.7801711559295654, 0.10147113353013992, 18.993066787719727
1217886, 20, 0.8257452845573425, 0.10699979215860367, 19.99241065979004
1217886, 21, 0.8628377914428711, 0.11080758273601532, 20.99202537536621
1217886, 22, 0.8980209231376648, 0.11431436240673065, 21.9916934967041
1217886, 23, 0.9319645166397095, 0.11768414080142975, 22.99140167236328
1217886, 24, 0.9674389958381653, 0.12137509882450104, 23.991056442260742
1217886, 25, 1.0023306608200073, 0.12495328485965729, 24.990718841552734
1217886, 26, 1.0373635292053223, 0.12851844727993011, 25.99039077758789
1217886, 27, 1.0727508068084717, 0.13213221728801727, 26.990055084228516
1217886, 28, 1.1173808574676514, 0.13771918416023254, 27.989421844482422
1217886, 29, 1.1575531959533691, 0.14279663562774658, 28.988941192626953
1217886, 30, 1.2013978958129883, 0.14885680377483368, 29.988515853881836
4820909, 1, 0.05581693351268768, 0.009378636255860329, 0.998947024345398
4820909, 2, 0.16665193438529968, 0.04465145617723465, 1.9939942359924316
4820909, 3, 0.23423606157302856, 0.059250544756650925, 2.9925880432128906
4820909, 4, 0.30767822265625, 0.07601821422576904, 3.990877866744995
4820909, 5, 0.40915653109550476, 0.10607093572616577, 4.986964225769043
4820909, 6, 0.5089784860610962, 0.1354500949382782, 5.983180046081543
4820909, 7, 0.5907899141311646, 0.155765101313591, 6.980877876281738
4820909, 8, 0.6781241297721863, 0.17875061929225922, 7.978135108947754
4820909, 9, 0.7493889927864075, 0.1948625147342682, 8.976527214050293
4820909, 10, 0.8215476870536804, 0.2109862118959427, 9.974842071533203
4820909, 11, 0.93207848072052, 0.24556773900985718, 10.970057487487793
4820909, 12, 1.0296763181686401, 0.2735050916671753, 11.966442108154297
4820909, 13, 1.1065940856933594, 0.29196855425834656, 12.96445083618164
4820909, 14, 1.219037413597107, 0.32832032442092896, 13.959419250488281
4820909, 15, 1.2873404026031494, 0.34338951110839844, 14.958085060119629
4820909, 16, 1.3604861497879028, 0.36049607396125793, 15.956387519836426
4820909, 17, 1.4510159492492676, 0.38504692912101746, 16.95331382751465
4820909, 18, 1.5533130168914795, 0.4145984649658203, 17.94930648803711
4820909, 19, 1.631269097328186, 0.4331953525543213, 18.94728660583496
4820909, 20, 1.6935961246490479, 0.4451299011707306, 19.946008682250977
4820909, 21, 1.769114375114441, 0.46048080921173096, 20.943859100341797
4820909, 22, 1.8835411071777344, 0.4982413053512573, 21.938596725463867
4820909, 23, 1.9773377180099487, 0.5243970155715942, 22.935205459594727
4820909, 24, 2.0240535736083984, 0.531434178352356, 23.93463897705078
4820909, 25, 2.1185126304626465, 0.5578606128692627, 24.931194305419922
4820909, 26, 2.225590467453003, 0.5911657214164734, 25.926633834838867
4820909, 27, 2.2859880924224854, 0.6020206212997437, 26.925329208374023
4820909, 28, 2.3492672443389893, 0.6140124201774597, 27.923866271972656
4820909, 29, 2.4584593772888184, 0.6454310417175293, 28.918973922729492
4820909, 30, 2.5627148151397705, 0.6747379899024963, 29.91443634033203
1221647, 1, 0.05327941104769707, 0.008707333356142044, 0.9992698431015015
1221647, 2, 0.09572802484035492, 0.014665566384792328, 1.99893319606781
1221647, 3, 0.13765111565589905, 0.02035827375948429, 2.998624563217163
1221647, 4, 0.178315669298172, 0.025894446298480034, 3.998332977294922
1221647, 5, 0.21915674209594727, 0.031244438141584396, 4.9980549812316895
1221647, 6, 0.26019200682640076, 0.036585964262485504, 5.997762680053711
1221647, 7, 0.3000355660915375, 0.04184223338961601, 6.997474670410156
1221647, 8, 0.341312438249588, 0.04765256494283676, 7.997145652770996
1221647, 9, 0.3815101981163025, 0.05314360558986664, 8.996850967407227
1221647, 10, 0.42324477434158325, 0.0586954765021801, 9.996529579162598
1221647, 11, 0.4669579267501831, 0.06460273265838623, 10.996131896972656
1221647, 12, 0.5136141777038574, 0.07120303064584732, 11.995607376098633
1221647, 13, 0.5603700280189514, 0.07783150672912598, 12.995089530944824
1221647, 14, 0.600353479385376, 0.08290870487689972, 13.994806289672852
1221647, 15, 0.6429364085197449, 0.08774907141923904, 14.994266510009766
1221647, 16, 0.6752344369888306, 0.09079006314277649, 15.99402904510498
1221647, 17, 0.7058115005493164, 0.09354175627231598, 16.99384307861328
1221647, 18, 0.7400918006896973, 0.09690207242965698, 17.993545532226562
1221647, 19, 0.7809253931045532, 0.10149743407964706, 18.993059158325195
1221647, 20, 0.8262728452682495, 0.10699179023504257, 19.99241065979004
1221647, 21, 0.8632397651672363, 0.1107688769698143, 20.992027282714844
1221647, 22, 0.898391604423523, 0.11426898837089539, 21.99169921875
1221647, 23, 0.9321961998939514, 0.11760639399290085, 22.991409301757812
1221647, 24, 0.9676973223686218, 0.12130692601203918, 23.99106216430664
1221647, 25, 1.002754807472229, 0.12490490078926086, 24.99072265625
1221647, 26, 1.0377838611602783, 0.1284693330526352, 25.990394592285156
1221647, 27, 1.0733944177627563, 0.1321304738521576, 26.990053176879883
1221647, 28, 1.118116855621338, 0.13773885369300842, 27.989416122436523
1221647, 29, 1.1597312688827515, 0.14296552538871765, 28.988882064819336
1221647, 30, 1.2037229537963867, 0.14908291399478912, 29.98845100402832
5195398, 1, 0.05650237947702408, 0.009403392672538757, 0.9992254972457886
5195398, 2, 0.11091072857379913, 0.01838884875178337, 1.9985530376434326
5195398, 3, 0.16262149810791016, 0.026581011712551117, 2.9979910850524902
5195398, 4, 0.21242621541023254, 0.03429485112428665, 3.9975318908691406
5195398, 5, 0.2594495415687561, 0.041503991931676865, 4.997121334075928
5195398, 6, 0.30617278814315796, 0.04860812798142433, 5.996694564819336
5195398, 7, 0.353922039270401, 0.05567323789000511, 6.996246337890625
5195398, 8, 0.40204399824142456, 0.06298546493053436, 7.995742321014404
5195398, 9, 0.44922488927841187, 0.07021880149841309, 8.995285034179688
5195398, 10, 0.4936927258968353, 0.07670680433511734, 9.994924545288086
5195398, 11, 0.541757345199585, 0.083905890583992, 10.99441909790039
5195398, 12, 0.5924557447433472, 0.09192430227994919, 11.993793487548828
5195398, 13, 0.6410956382751465, 0.09930859506130219, 12.99327564239502
5195398, 14, 0.6897162795066833, 0.10666906088590622, 13.992753982543945
5195398, 15, 0.736422061920166, 0.11358128488063812, 14.992310523986816
5195398, 16, 0.7878322005271912, 0.12168153375387192, 15.991678237915039
5195398, 17, 0.8329801559448242, 0.1280955970287323, 16.99127769470215
5195398, 18, 0.8788757920265198, 0.1345699280500412, 17.99082374572754
5195398, 19, 0.9296011924743652, 0.14219242334365845, 18.990148544311523
5195398, 20, 0.9599535465240479, 0.1448615938425064, 19.98994255065918
5195398, 21, 0.985664427280426, 0.1468173712491989, 20.989850997924805
5195398, 22, 1.01333487033844, 0.14909829199314117, 21.98973274230957
5195398, 23, 1.042656660079956, 0.15169739723205566, 22.989582061767578
5195398, 24, 1.0702906847000122, 0.15398098528385162, 23.98946189880371
5195398, 25, 1.0969252586364746, 0.15611369907855988, 24.989355087280273
5195398, 26, 1.141408085823059, 0.16223368048667908, 25.988924026489258
5195398, 27, 1.1878089904785156, 0.1688707023859024, 26.988441467285156
5195398, 28, 1.235228180885315, 0.17606334388256073, 27.9879150390625
5195398, 29, 1.2862004041671753, 0.1842837929725647, 28.987272262573242
5195398, 30, 1.3382534980773926, 0.1929354965686798, 29.986576080322266
5007479, 1, 0.04821890965104103, 0.007473775185644627, 0.9994590282440186
5007479, 2, 0.10520349442958832, 0.017831359058618546, 1.9987363815307617
5007479, 3, 0.16297948360443115, 0.02866244688630104, 2.9980216026306152
5007479, 4, 0.23173102736473083, 0.042786113917827606, 3.9967093467712402
5007479, 5, 0.2908904552459717, 0.054245561361312866, 4.995952129364014
5007479, 6, 0.3501952290534973, 0.06576424837112427, 5.995184421539307
5007479, 7, 0.41275304555892944, 0.078034907579422, 6.994266033172607
5007479, 8, 0.4763298034667969, 0.09065303206443787, 7.993326187133789
5007479, 9, 0.5417594313621521, 0.10401986539363861, 8.992273330688477
5007479, 10, 0.6070303320884705, 0.11748604476451874, 9.991273880004883
5007479, 11, 0.6684382557868958, 0.12999747693538666, 10.990434646606445
5007479, 12, 0.7320404648780823, 0.14319610595703125, 11.989465713500977
5007479, 13, 0.8099167346954346, 0.16135111451148987, 12.987606048583984
5007479, 14, 0.8740934729576111, 0.17496135830879211, 13.986603736877441
5007479, 15, 0.9361187815666199, 0.18813680112361908, 14.985737800598145
5007479, 16, 1.0010433197021484, 0.20217227935791016, 15.984723091125488
5007479, 17, 1.0726852416992188, 0.21798372268676758, 16.98323631286621
5007479, 18, 1.146457552909851, 0.23430851101875305, 17.98161506652832
5007479, 19, 1.208620548248291, 0.24697184562683105, 18.980709075927734
5007479, 20, 1.2527104616165161, 0.253574401140213, 19.98030662536621
5007479, 21, 1.2969690561294556, 0.26014211773872375, 20.979829788208008
5007479, 22, 1.3466297388076782, 0.26785901188850403, 21.979084014892578
5007479, 23, 1.432476282119751, 0.2896308898925781, 22.976463317871094
5007479, 24, 1.5178316831588745, 0.31097471714019775, 23.973852157592773
5007479, 25, 1.6118943691253662, 0.33646559715270996, 24.970542907714844
5007479, 26, 1.7162262201309204, 0.3675507605075836, 25.96632957458496
5007479, 27, 1.7916746139526367, 0.3828342854976654, 26.964174270629883
5007479, 28, 1.8610477447509766, 0.39587557315826416, 27.96236801147461
5007479, 29, 1.9167627096176147, 0.4053646922111511, 28.961471557617188
5007479, 30, 1.984883427619934, 0.4199784994125366, 29.96013641357422
4431350, 1, 0.05282609909772873, 0.008898994885385036, 0.9994527697563171
4431350, 2, 0.10587582737207413, 0.017709320411086082, 1.9988529682159424
4431350, 3, 0.158724844455719, 0.026413019746541977, 2.99826717376709
4431350, 4, 0.21897564828395844, 0.037034038454294205, 3.997316598892212
4431350, 5, 0.2749650776386261, 0.046351928263902664, 4.996591091156006
4431350, 6, 0.3346846401691437, 0.056580524891614914, 5.995616436004639
4431350, 7, 0.39602547883987427, 0.06745754182338715, 6.994567394256592
4431350, 8, 0.458372563123703, 0.0786392092704773, 7.993472576141357
4431350, 9, 0.5116510987281799, 0.0872836634516716, 8.992795944213867
4431350, 10, 0.5689556002616882, 0.09719784557819366, 9.99190902709961
4431350, 11, 0.6383695006370544, 0.11102771759033203, 10.99035358428955
4431350, 12, 0.7177507877349854, 0.12903819978237152, 11.98816204071045
4431350, 13, 0.792599081993103, 0.14527232944965363, 12.986245155334473
4431350, 14, 0.8552429676055908, 0.15698200464248657, 13.985041618347168
4431350, 15, 0.9336138963699341, 0.17446854710578918, 14.982866287231445
4431350, 16, 0.9932788014411926, 0.18501237034797668, 15.981830596923828
4431350, 17, 1.0547337532043457, 0.19587744772434235, 16.98072052001953
4431350, 18, 1.088653326034546, 0.19963105022907257, 17.980506896972656
4431350, 19, 1.122137427330017, 0.20339222252368927, 18.980314254760742
4431350, 20, 1.1545195579528809, 0.20686541497707367, 19.980146408081055
4431350, 21, 1.1867575645446777, 0.21036845445632935, 20.979963302612305
4431350, 22, 1.2182608842849731, 0.21378739178180695, 21.97978401184082
4431350, 23, 1.2569221258163452, 0.21823933720588684, 22.979408264160156
4431350, 24, 1.3160208463668823, 0.22868482768535614, 23.978322982788086
4431350, 25, 1.3786067962646484, 0.24069613218307495, 24.977066040039062
4431350, 26, 1.4495404958724976, 0.25564658641815186, 25.975309371948242
4431350, 27, 1.5125539302825928, 0.26771649718284607, 26.97402000427246
4431350, 28, 1.5798637866973877, 0.28160467743873596, 27.972442626953125
4431350, 29, 1.6390429735183716, 0.2928570806980133, 28.971332550048828
4431350, 30, 1.699729561805725, 0.3042842447757721, 29.97018814086914
5144366, 1, 0.0521383099257946, 0.0087663559243083, 0.9994231462478638
5144366, 2, 0.1041562408208847, 0.017481766641139984, 1.9988574981689453
5144366, 3, 0.15504716336727142, 0.02638138085603714, 2.998286008834839
5144366, 4, 0.2061762660741806, 0.03517795354127884, 3.997720241546631
5144366, 5, 0.2573370933532715, 0.04386154189705849, 4.997162342071533
5144366, 6, 0.3080913722515106, 0.05243070423603058, 5.996614456176758
5144366, 7, 0.35971295833587646, 0.06097579747438431, 6.995988845825195
5144366, 8, 0.41059333086013794, 0.06912501156330109, 7.995364189147949
5144366, 9, 0.46117186546325684, 0.07718275487422943, 8.99472713470459
5144366, 10, 0.5080735087394714, 0.08430934697389603, 9.994247436523438
5144366, 11, 0.5531648397445679, 0.09104622900485992, 10.993850708007812
5144366, 12, 0.5992153286933899, 0.09797738492488861, 11.993444442749023
5144366, 13, 0.6473636627197266, 0.10543256998062134, 12.99298095703125
5144366, 14, 0.6966250538825989, 0.11321178078651428, 13.992461204528809
5144366, 15, 0.7492053508758545, 0.1217731162905693, 14.991799354553223
5144366, 16, 0.7882574200630188, 0.12668603658676147, 15.991495132446289
5144366, 17, 0.8198752999305725, 0.13013969361782074, 16.991239547729492
5144366, 18, 0.8572717905044556, 0.13498032093048096, 17.990798950195312
5144366, 19, 0.8940279483795166, 0.13966067135334015, 18.99038314819336
5144366, 20, 0.9336581826210022, 0.14498960971832275, 19.989864349365234
5144366, 21, 0.9675637483596802, 0.14895713329315186, 20.989532470703125
5144366, 22, 1.0014060735702515, 0.15287785232067108, 21.989208221435547
5144366, 23, 1.0375326871871948, 0.15732704102993011, 22.98880386352539
5144366, 24, 1.0843453407287598, 0.16425049304962158, 23.98832130432129
5144366, 25, 1.1325348615646362, 0.1714554876089096, 24.987789154052734
5144366, 26, 1.1662614345550537, 0.17561091482639313, 25.98748016357422
5144366, 27, 1.211990475654602, 0.18243809044361115, 26.987035751342773
5144366, 28, 1.256537675857544, 0.189152792096138, 27.98662757873535
5144366, 29, 1.3018923997879028, 0.19606785476207733, 28.986186981201172
5144366, 30, 1.3483128547668457, 0.2032628059387207, 29.985698699951172
5037673, 1, 0.0505637489259243, 0.008780359290540218, 0.9995384216308594
5037673, 2, 0.1015985906124115, 0.01783251017332077, 1.9990664720535278
5037673, 3, 0.15464647114276886, 0.027177032083272934, 2.9985036849975586
5037673, 4, 0.21093419194221497, 0.037315238267183304, 3.9977641105651855
5037673, 5, 0.2594820261001587, 0.0449410080909729, 4.997358322143555
5037673, 6, 0.31072601675987244, 0.05334820598363876, 5.996829986572266
5037673, 7, 0.36144211888313293, 0.061557333916425705, 6.9963274002075195
5037673, 8, 0.4100303649902344, 0.06934035569429398, 7.99589729309082
5037673, 9, 0.4569648206233978, 0.07662546634674072, 8.995505332946777
5037673, 10, 0.5012555718421936, 0.08319445699453354, 9.995155334472656
5037673, 11, 0.5446425080299377, 0.08971383422613144, 10.994833946228027
5037673, 12, 0.5884979963302612, 0.09635055810213089, 11.994494438171387
5037673, 13, 0.6346232295036316, 0.1034572497010231, 12.9940824508667
5037673, 14, 0.6850478649139404, 0.11180928349494934, 13.993461608886719
5037673, 15, 0.7313540577888489, 0.11917611211538315, 14.993010520935059
5037673, 16, 0.781067967414856, 0.1276364028453827, 15.992417335510254
5037673, 17, 0.8282185196876526, 0.135431170463562, 16.991926193237305
5037673, 18, 0.8756072521209717, 0.14299260079860687, 17.991453170776367
5037673, 19, 0.9121739268302917, 0.14705008268356323, 18.991168975830078
5037673, 20, 0.9465200304985046, 0.15069763362407684, 19.990942001342773
5037673, 21, 0.9765424728393555, 0.1536935716867447, 20.990800857543945
5037673, 22, 1.0073941946029663, 0.1568337082862854, 21.99064826965332
5037673, 23, 1.039637565612793, 0.16011078655719757, 22.99046516418457
5037673, 24, 1.0715935230255127, 0.16318170726299286, 23.990276336669922
5037673, 25, 1.10036301612854, 0.16576561331748962, 24.990142822265625
5037673, 26, 1.1450923681259155, 0.17207330465316772, 25.989728927612305
5037673, 27, 1.1932512521743774, 0.1791316717863083, 26.989215850830078
5037673, 28, 1.2363969087600708, 0.18508854508399963, 27.98887062072754
5037673, 29, 1.2810723781585693, 0.191432386636734, 28.988428115844727
5037673, 30, 1.328766107559204, 0.19869183003902435, 29.987895965576172
4766524, 1, 0.06343130767345428, 0.013551438227295876, 0.9990000128746033
4766524, 2, 0.13285952806472778, 0.028998684138059616, 1.9976537227630615
4766524, 3, 0.20723098516464233, 0.04606499895453453, 2.9959654808044434
4766524, 4, 0.27843502163887024, 0.061764463782310486, 3.9944419860839844
4766524, 5, 0.3428366780281067, 0.07468007504940033, 4.993345260620117
4766524, 6, 0.417879581451416, 0.0916249230504036, 5.991573333740234
4766524, 7, 0.4901999831199646, 0.10774654150009155, 6.989971160888672
4766524, 8, 0.5597212910652161, 0.12269777804613113, 7.988560676574707
4766524, 9, 0.6281251907348633, 0.1371704638004303, 8.987180709838867
4766524, 10, 0.696088969707489, 0.15189974009990692, 9.98580265045166
4766524, 11, 0.7691927552223206, 0.16857165098190308, 10.984108924865723
4766524, 12, 0.8404340147972107, 0.18428629636764526, 11.98254108428955
4766524, 13, 0.915276825428009, 0.20091012120246887, 12.980719566345215
4766524, 14, 0.9900709390640259, 0.21765877306461334, 13.978944778442383
4766524, 15, 1.0663795471191406, 0.2349289208650589, 14.977092742919922
4766524, 16, 1.143788456916809, 0.25263547897338867, 15.975104331970215
4766524, 17, 1.2286481857299805, 0.273449569940567, 16.97252655029297
4766524, 18, 1.3073132038116455, 0.2918604016304016, 17.970434188842773
4766524, 19, 1.3801952600479126, 0.3078163266181946, 18.968698501586914
4766524, 20, 1.4614657163619995, 0.3272583484649658, 19.966289520263672
4766524, 21, 1.5074131488800049, 0.333665668964386, 20.965730667114258
4766524, 22, 1.5580960512161255, 0.34127533435821533, 21.964962005615234
4766524, 23, 1.6128896474838257, 0.35000574588775635, 22.96401023864746
4766524, 24, 1.6642755270004272, 0.35785382986068726, 23.963237762451172
4766524, 25, 1.739823818206787, 0.3753437399864197, 24.96126365661621
4766524, 26, 1.812053918838501, 0.39133507013320923, 25.959531784057617
4766524, 27, 1.8900707960128784, 0.41002362966537476, 26.957311630249023
4766524, 28, 1.9396096467971802, 0.41788578033447266, 27.956613540649414
4766524, 29, 2.0324018001556396, 0.4434993267059326, 28.953214645385742
4766524, 30, 2.1081974506378174, 0.4609334468841553, 29.951234817504883
1262475, 1, 0.05157801881432533, 0.008153017610311508, 0.9994335770606995
1262475, 2, 0.10213261097669601, 0.01596912555396557, 1.9989176988601685
1262475, 3, 0.14982382953166962, 0.02364269085228443, 2.998455286026001
1262475, 4, 0.19761762022972107, 0.03136247768998146, 3.9979963302612305
1262475, 5, 0.24606390297412872, 0.03913957253098488, 4.9975361824035645
1262475, 6, 0.29441460967063904, 0.046712737530469894, 5.997085094451904
1262475, 7, 0.3429781496524811, 0.054565392434597015, 6.99661922454834
1262475, 8, 0.3918921947479248, 0.06275147199630737, 7.996119022369385
1262475, 9, 0.440464049577713, 0.07099618017673492, 8.995627403259277
1262475, 10, 0.48811253905296326, 0.07907859236001968, 9.995136260986328
1262475, 11, 0.534744143486023, 0.08647758513689041, 10.994690895080566
1262475, 12, 0.5810363292694092, 0.09340394288301468, 11.99427318572998
1262475, 13, 0.6280828714370728, 0.10044003278017044, 12.993849754333496
1262475, 14, 0.6765733957290649, 0.10779393464326859, 13.993380546569824
1262475, 15, 0.7245672941207886, 0.115130215883255, 14.992908477783203
1262475, 16, 0.7709277272224426, 0.12198666483163834, 15.992471694946289
1262475, 17, 0.8116955757141113, 0.12775813043117523, 16.992137908935547
1262475, 18, 0.8519351482391357, 0.13284920156002045, 17.99163818359375
1262475, 19, 0.8987858891487122, 0.13929468393325806, 18.99091339111328
1262475, 20, 0.9472232460975647, 0.14605766534805298, 19.990123748779297
1262475, 21, 0.9878031015396118, 0.15102455019950867, 20.989599227905273
1262475, 22, 1.0235307216644287, 0.15506066381931305, 21.989225387573242
1262475, 23, 1.063338041305542, 0.1598576158285141, 22.98873519897461
1262475, 24, 1.1023000478744507, 0.1645212471485138, 23.988265991210938
1262475, 25, 1.1318426132202148, 0.1674533635377884, 24.98805046081543
1262475, 26, 1.1594210863113403, 0.17008823156356812, 25.987886428833008
1262475, 27, 1.1870330572128296, 0.1726248413324356, 26.98773193359375
1262475, 28, 1.2144848108291626, 0.17512182891368866, 27.98757553100586
1262475, 29, 1.2508057355880737, 0.17941243946552277, 28.987171173095703
1262475, 30, 1.2845336198806763, 0.1832507699728012, 29.98685073852539
5010602, 1, 0.061698202043771744, 0.01276111975312233, 0.9986392855644226
5010602, 2, 0.12880058586597443, 0.027591589838266373, 1.9969892501831055
5010602, 3, 0.18965350091457367, 0.039543189108371735, 2.996170997619629
5010602, 4, 0.24782979488372803, 0.05033235251903534, 3.9954283237457275
5010602, 5, 0.305070161819458, 0.06061064451932907, 4.994727611541748
5010602, 6, 0.36327996850013733, 0.07114598900079727, 5.994004249572754
5010602, 7, 0.4139830470085144, 0.07949765026569366, 6.993447780609131
5010602, 8, 0.4737186133861542, 0.09064603596925735, 7.992670059204102
5010602, 9, 0.5348976254463196, 0.10212652385234833, 8.991819381713867
5010602, 10, 0.5915672779083252, 0.1122545450925827, 9.991167068481445
5010602, 11, 0.6520941853523254, 0.12363414466381073, 10.990299224853516
5010602, 12, 0.710720419883728, 0.1344529688358307, 11.989501953125
5010602, 13, 0.7698442935943604, 0.14548777043819427, 12.988673210144043
5010602, 14, 0.8257429003715515, 0.15552587807178497, 13.98796272277832
5010602, 15, 0.8774843811988831, 0.16427166759967804, 14.987386703491211
5010602, 16, 0.9265964031219482, 0.17245450615882874, 15.98686695098877
5010602, 17, 0.9746314287185669, 0.18048405647277832, 16.986345291137695
5010602, 18, 1.0155154466629028, 0.1861460655927658, 17.985939025878906
5010602, 19, 1.0574404001235962, 0.19179940223693848, 18.9854736328125
5010602, 20, 1.106397032737732, 0.19912806153297424, 19.984739303588867
5010602, 21, 1.1492540836334229, 0.20503196120262146, 20.984195709228516
5010602, 22, 1.1872918605804443, 0.20996980369091034, 21.98379898071289
5010602, 23, 1.2299615144729614, 0.21624545753002167, 22.983245849609375
5010602, 24, 1.276917815208435, 0.22351224720478058, 23.982776641845703
5010602, 25, 1.333951473236084, 0.23349878191947937, 24.981966018676758
5010602, 26, 1.3887889385223389, 0.24297991394996643, 25.981225967407227
5010602, 27, 1.4415104389190674, 0.2522278428077698, 26.98059844970703
5010602, 28, 1.497353434562683, 0.2626135051250458, 27.97984504699707
5010602, 29, 1.5689831972122192, 0.27821364998817444, 28.97820472717285
5010602, 30, 1.6558958292007446, 0.3005145788192749, 29.975473403930664
4961513, 1, 0.052180856466293335, 0.009313062764704227, 0.9994943141937256
4961513, 2, 0.104296013712883, 0.018754318356513977, 1.99897301197052
4961513, 3, 0.16476815938949585, 0.02999052219092846, 2.9979987144470215
4961513, 4, 0.22716817259788513, 0.041610874235630035, 3.9969470500946045
4961513, 5, 0.2817417085170746, 0.050851963460445404, 4.996339797973633
4961513, 6, 0.33323436975479126, 0.05941134691238403, 5.995846271514893
4961513, 7, 0.3903006613254547, 0.06985019892454147, 6.995038986206055
4961513, 8, 0.4478667676448822, 0.08038131147623062, 7.9941792488098145
4961513, 9, 0.5023189783096313, 0.08990664035081863, 8.993473052978516
4961513, 10, 0.5503395199775696, 0.09797285497188568, 9.993014335632324
4961513, 11, 0.596356213092804, 0.10542353242635727, 10.992615699768066
4961513, 12, 0.6502755880355835, 0.11491432040929794, 11.991883277893066
4961513, 13, 0.7159551382064819, 0.1283825933933258, 12.990527153015137
4961513, 14, 0.7707828283309937, 0.13814423978328705, 13.989754676818848
4961513, 15, 0.8304397463798523, 0.14928537607192993, 14.98873233795166
4961513, 16, 0.8832663893699646, 0.15806137025356293, 15.987996101379395
4961513, 17, 0.9354954957962036, 0.16659097373485565, 16.987232208251953
4961513, 18, 0.9660174250602722, 0.16953937709331512, 17.9870662689209
4961513, 19, 0.994843065738678, 0.17212903499603271, 18.98690414428711
4961513, 20, 1.0233677625656128, 0.17474724352359772, 19.98677635192871
4961513, 21, 1.0538480281829834, 0.17761501669883728, 20.986581802368164
4961513, 22, 1.081533432006836, 0.18006984889507294, 21.98646354675293
4961513, 23, 1.1089187860488892, 0.18243946135044098, 22.986351013183594
4961513, 24, 1.1371920108795166, 0.18495266139507294, 23.986228942871094
4961513, 25, 1.1656700372695923, 0.18748898804187775, 24.986083984375
4961513, 26, 1.192789912223816, 0.1897510141134262, 25.985971450805664
4961513, 27, 1.2224769592285156, 0.1924511343240738, 26.985790252685547
4961513, 28, 1.2535227537155151, 0.19537511467933655, 27.9855899810791
4961513, 29, 1.2824310064315796, 0.19807595014572144, 28.985445022583008
4961513, 30, 1.3358824253082275, 0.20695805549621582, 29.984647750854492
5059948, 1, 0.048834532499313354, 0.007512424606829882, 0.9994910359382629
5059948, 2, 0.09958265721797943, 0.015710772946476936, 1.998927354812622
5059948, 3, 0.1531948447227478, 0.02444855496287346, 2.998255491256714
5059948, 4, 0.19995762407779694, 0.031585417687892914, 3.9978013038635254
5059948, 5, 0.27760037779808044, 0.04848885536193848, 4.995745658874512
5059948, 6, 0.3550350069999695, 0.06539883464574814, 5.993663787841797
5059948, 7, 0.42477259039878845, 0.07913623005151749, 6.992074489593506
5059948, 8, 0.4797303080558777, 0.08792904019355774, 7.991243362426758
5059948, 9, 0.5346189737319946, 0.09678909182548523, 8.990428924560547
5059948, 10, 0.5861052870750427, 0.10497226566076279, 9.989748001098633
5059948, 11, 0.6434930562973022, 0.11474838852882385, 10.98880672454834
5059948, 12, 0.6866952776908875, 0.12085957825183868, 11.988450050354004
5059948, 13, 0.7309806942939758, 0.1268516331911087, 12.988053321838379
5059948, 14, 0.774213433265686, 0.1327478587627411, 13.987677574157715
5059948, 15, 0.8128579258918762, 0.13776353001594543, 14.987407684326172
5059948, 16, 0.8543832898139954, 0.1431644856929779, 15.987055778503418
5059948, 17, 0.891365110874176, 0.14762446284294128, 16.986799240112305
5059948, 18, 0.9259094595909119, 0.15168309211730957, 17.986587524414062
5059948, 19, 0.9606398940086365, 0.15534242987632751, 18.98628044128418
5059948, 20, 0.9964655637741089, 0.1591525673866272, 19.985944747924805
5059948, 21, 1.0212448835372925, 0.16113238036632538, 20.985843658447266
5059948, 22, 1.0457789897918701, 0.1630348414182663, 21.98574447631836
5059948, 23, 1.073282241821289, 0.16539792716503143, 22.985597610473633
5059948, 24, 1.0986261367797852, 0.16750995814800262, 23.98548698425293
5059948, 25, 1.1247612237930298, 0.16972342133522034, 24.985368728637695
5059948, 26, 1.1584563255310059, 0.17322689294815063, 25.985088348388672
5059948, 27, 1.1872897148132324, 0.17588941752910614, 26.984926223754883
5059948, 28, 1.220528244972229, 0.1792101263999939, 27.984668731689453
5059948, 29, 1.2534511089324951, 0.18263444304466248, 28.984413146972656
5059948, 30, 1.2869646549224854, 0.18634681403636932, 29.984128952026367
4855738, 1, 0.05629998445510864, 0.00978967547416687, 0.9993122220039368
4855738, 2, 0.11186182498931885, 0.01946350559592247, 1.9986402988433838
4855738, 3, 0.16357111930847168, 0.028221994638442993, 2.9980900287628174
4855738, 4, 0.2148156464099884, 0.03689885884523392, 3.9975521564483643
4855738, 5, 0.2646990716457367, 0.044975824654102325, 4.997045040130615
4855738, 6, 0.3129236102104187, 0.052979327738285065, 5.996590614318848
4855738, 7, 0.35942527651786804, 0.06053891032934189, 6.996189594268799
4855738, 8, 0.4061012268066406, 0.06794777512550354, 7.995794296264648
4855738, 9, 0.45612889528274536, 0.0770002231001854, 8.995213508605957
4855738, 10, 0.5051181316375732, 0.08573897927999496, 9.99470329284668
4855738, 11, 0.5507396459579468, 0.093293197453022, 10.99421215057373
4855738, 12, 0.6061336398124695, 0.10270030051469803, 11.993302345275879
4855738, 13, 0.647758424282074, 0.10851071774959564, 12.992920875549316
4855738, 14, 0.6880948543548584, 0.11400015652179718, 13.992558479309082
4855738, 15, 0.7349314093589783, 0.12118673324584961, 14.99218463897705
4855738, 16, 0.7810442447662354, 0.12818725407123566, 15.991798400878906
4855738, 17, 0.8196127414703369, 0.13347996771335602, 16.991483688354492
4855738, 18, 0.8618661165237427, 0.13913685083389282, 17.99102020263672
4855738, 19, 0.9046103358268738, 0.14474202692508698, 18.990549087524414
4855738, 20, 0.9502725601196289, 0.1507638543844223, 19.989978790283203
4855738, 21, 0.9930810332298279, 0.15601645410060883, 20.989477157592773
4855738, 22, 1.0415446758270264, 0.16266730427742004, 21.988744735717773
4855738, 23, 1.0843607187271118, 0.16798707842826843, 22.988197326660156
4855738, 24, 1.1232929229736328, 0.17250601947307587, 23.987764358520508
4855738, 25, 1.1670763492584229, 0.17827023565769196, 24.9871826171875
4855738, 26, 1.1996959447860718, 0.18174661695957184, 25.986942291259766
4855738, 27, 1.2319083213806152, 0.18517425656318665, 26.986713409423828
4855738, 28, 1.2722519636154175, 0.190329909324646, 27.98624610900879
4855738, 29, 1.311496615409851, 0.1952260285615921, 28.985811233520508
4855738, 30, 1.3492324352264404, 0.1997038573026657, 29.985435485839844
