Case_ID, Slide_ID, mae, mse, ssim
5266205, 1, 0.06259353458881378, 0.016052883118391037, 0.9984421133995056
5266205, 2, 0.12047196924686432, 0.029818475246429443, 1.9972256422042847
5266205, 3, 0.17197635769844055, 0.0406930074095726, 2.9963607788085938
5266205, 4, 0.23437374830245972, 0.05638042092323303, 3.994683027267456
5266205, 5, 0.32227030396461487, 0.08649200201034546, 4.990747451782227
5266205, 6, 0.39653193950653076, 0.10804618149995804, 5.987939834594727
5266205, 7, 0.4635290503501892, 0.12529397010803223, 6.985748291015625
5266205, 8, 0.5481426119804382, 0.1520160287618637, 7.982264518737793
5266205, 9, 0.6374595165252686, 0.1813664734363556, 8.978317260742188
5266205, 10, 0.7224271297454834, 0.20853650569915771, 9.974644660949707
5266205, 11, 0.7514050602912903, 0.21156089007854462, 10.974374771118164
5266205, 12, 0.7804611921310425, 0.2149934321641922, 11.974146842956543
5266205, 13, 0.8117475509643555, 0.21886909008026123, 12.973858833312988
5266205, 14, 0.8509692549705505, 0.2246774435043335, 13.973271369934082
5266205, 15, 0.8779948949813843, 0.22739514708518982, 14.973077774047852
5266205, 16, 0.9062573313713074, 0.23043398559093475, 15.972880363464355
5266205, 17, 0.9551626443862915, 0.2394210398197174, 16.972064971923828
5266205, 18, 0.9989705085754395, 0.24667738378047943, 17.9715518951416
5266205, 19, 1.0559117794036865, 0.2586781978607178, 18.97051239013672
5266205, 20, 1.1065012216567993, 0.2683085501194, 19.969635009765625
5266205, 21, 1.1383857727050781, 0.27231481671333313, 20.969348907470703
5266205, 22, 1.1679953336715698, 0.27553462982177734, 21.9691104888916
5266205, 23, 1.1943871974945068, 0.27829957008361816, 22.968942642211914
5266205, 24, 1.2250962257385254, 0.28214582800865173, 23.968650817871094
5266205, 25, 1.2827483415603638, 0.2941162884235382, 24.967309951782227
5266205, 26, 1.3418031930923462, 0.3069377839565277, 25.965871810913086
5266205, 27, 1.4412009716033936, 0.3461637496948242, 26.960674285888672
5266205, 28, 1.5093839168548584, 0.3638235628604889, 27.958690643310547
5266205, 29, 1.5888876914978027, 0.3874821364879608, 28.955781936645508
5266205, 30, 1.6452782154083252, 0.39951467514038086, 29.954654693603516
5110047, 1, 0.056733764708042145, 0.013466446660459042, 0.9987512230873108
5110047, 2, 0.11248897016048431, 0.026208657771348953, 1.9975148439407349
5110047, 3, 0.1691283881664276, 0.0394662469625473, 2.996157646179199
5110047, 4, 0.22881478071212769, 0.05419579893350601, 3.9945740699768066
5110047, 5, 0.28670012950897217, 0.06778112798929214, 4.993088722229004
5110047, 6, 0.34524354338645935, 0.08164016902446747, 5.991559028625488
5110047, 7, 0.4058597683906555, 0.0962483361363411, 6.989969253540039
5110047, 8, 0.4759575128555298, 0.11517777293920517, 7.987802028656006
5110047, 9, 0.5432029962539673, 0.1324438601732254, 8.985844612121582
5110047, 10, 0.5979111790657043, 0.14419198036193848, 9.984668731689453
5110047, 11, 0.6322850584983826, 0.1490655392408371, 10.9843168258667
5110047, 12, 0.6621880531311035, 0.15225771069526672, 11.984051704406738
5110047, 13, 0.6918792724609375, 0.15552827715873718, 12.983795166015625
5110047, 14, 0.7215029001235962, 0.15902863442897797, 13.983528137207031
5110047, 15, 0.7480998039245605, 0.16181683540344238, 14.983360290527344
5110047, 16, 0.7755783200263977, 0.16462981700897217, 15.983169555664062
5110047, 17, 0.8095525503158569, 0.16919471323490143, 16.982830047607422
5110047, 18, 0.8422167301177979, 0.17312002182006836, 17.982519149780273
5110047, 19, 0.8715085387229919, 0.17637714743614197, 18.982303619384766
5110047, 20, 0.9020809531211853, 0.17985287308692932, 19.982017517089844
5110047, 21, 0.931135356426239, 0.1828649640083313, 20.981773376464844
5110047, 22, 0.9589071869850159, 0.18560874462127686, 21.981586456298828
5110047, 23, 0.984405517578125, 0.1879860758781433, 22.9814510345459
5110047, 24, 1.0103667974472046, 0.1907089501619339, 23.981294631958008
5110047, 25, 1.053017497062683, 0.19755849242210388, 24.980653762817383
5110047, 26, 1.0998138189315796, 0.20600104331970215, 25.979814529418945
5110047, 27, 1.1525882482528687, 0.21703431010246277, 26.978805541992188
5110047, 28, 1.2064443826675415, 0.22841519117355347, 27.977764129638672
5110047, 29, 1.2571543455123901, 0.2386798858642578, 28.97686195373535
5110047, 30, 1.3045037984848022, 0.2476492077112198, 29.976139068603516
4954663, 1, 0.05441461503505707, 0.012845602817833424, 0.9987698793411255
4954663, 2, 0.1352095901966095, 0.04066615179181099, 1.9956434965133667
4954663, 3, 0.2046290636062622, 0.06137140840291977, 2.9935169219970703
4954663, 4, 0.27830955386161804, 0.08415201306343079, 3.991063117980957
4954663, 5, 0.35026460886001587, 0.10526104271411896, 4.9888596534729
4954663, 6, 0.4208270311355591, 0.12535983324050903, 5.986863136291504
4954663, 7, 0.4890540838241577, 0.14437542855739594, 6.985055446624756
4954663, 8, 0.565208911895752, 0.1675238162279129, 7.982502460479736
4954663, 9, 0.6461176872253418, 0.1940646767616272, 8.979498863220215
4954663, 10, 0.721069872379303, 0.21704688668251038, 9.977046012878418
4954663, 11, 0.7901178002357483, 0.23674124479293823, 10.974939346313477
4954663, 12, 0.8247789144515991, 0.24160410463809967, 11.974603652954102
4954663, 13, 0.8528222441673279, 0.24487541615962982, 12.974447250366211
4954663, 14, 0.918144166469574, 0.26257890462875366, 13.972604751586914
4954663, 15, 0.9826634526252747, 0.2796694040298462, 14.9708890914917
4954663, 16, 1.0133877992630005, 0.2831460237503052, 15.970658302307129
4954663, 17, 1.0939804315567017, 0.3093623220920563, 16.96791648864746
4954663, 18, 1.166740894317627, 0.33004090189933777, 17.965946197509766
4954663, 19, 1.201359510421753, 0.3344038724899292, 18.96568489074707
4954663, 20, 1.2799583673477173, 0.3582943081855774, 19.963329315185547
4954663, 21, 1.3352289199829102, 0.37045618891716003, 20.962215423583984
4954663, 22, 1.3668456077575684, 0.3742550015449524, 21.962007522583008
4954663, 23, 1.3969262838363647, 0.37793105840682983, 22.96181297302246
4954663, 24, 1.427686095237732, 0.3817663788795471, 23.96160888671875
4954663, 25, 1.4983983039855957, 0.40195947885513306, 24.959396362304688
4954663, 26, 1.5659459829330444, 0.4200415313243866, 25.95746612548828
4954663, 27, 1.6420998573303223, 0.4433560371398926, 26.954862594604492
4954663, 28, 1.7204045057296753, 0.46899309754371643, 27.951969146728516
4954663, 29, 1.8017233610153198, 0.4971560537815094, 28.94872283935547
4954663, 30, 1.8721040487289429, 0.5176080465316772, 29.9466552734375
4899760, 1, 0.08662049472332001, 0.02903839759528637, 0.9962137937545776
4899760, 2, 0.16604790091514587, 0.053764838725328445, 1.9933937788009644
4899760, 3, 0.24571870267391205, 0.07802335917949677, 2.9905972480773926
4899760, 4, 0.32082855701446533, 0.09966065734624863, 3.988184928894043
4899760, 5, 0.40076664090156555, 0.12380839884281158, 4.985442638397217
4899760, 6, 0.47680774331092834, 0.1459493339061737, 5.983026504516602
4899760, 7, 0.5051352977752686, 0.149061381816864, 6.982855796813965
4899760, 8, 0.5349481105804443, 0.15242165327072144, 7.982667446136475
4899760, 9, 0.5640657544136047, 0.1557391881942749, 8.982494354248047
4899760, 10, 0.592960774898529, 0.15899740159511566, 9.98232650756836
4899760, 11, 0.6232308149337769, 0.1626664102077484, 10.982104301452637
4899760, 12, 0.6542035341262817, 0.16667990386486053, 11.981863021850586
4899760, 13, 0.6869708895683289, 0.17107520997524261, 12.981592178344727
4899760, 14, 0.7260468602180481, 0.1770274043083191, 13.981086730957031
4899760, 15, 0.7621603012084961, 0.1818627417087555, 14.980742454528809
4899760, 16, 0.7993205189704895, 0.18690580129623413, 15.980361938476562
4899760, 17, 0.8350936770439148, 0.19174781441688538, 16.980052947998047
4899760, 18, 0.8704848885536194, 0.19636143743991852, 17.979753494262695
4899760, 19, 0.9066988229751587, 0.20114882290363312, 18.979467391967773
4899760, 20, 0.942680835723877, 0.20611721277236938, 19.979188919067383
4899760, 21, 0.976539671421051, 0.21050003170967102, 20.978944778442383
4899760, 22, 1.0087454319000244, 0.21451915800571442, 21.978710174560547
4899760, 23, 1.0405725240707397, 0.21873527765274048, 22.978456497192383
4899760, 24, 1.0758917331695557, 0.22394514083862305, 23.978107452392578
4899760, 25, 1.1471939086914062, 0.24396567046642303, 24.975927352905273
4899760, 26, 1.2229160070419312, 0.26576468348503113, 25.973407745361328
4899760, 27, 1.2807269096374512, 0.27879729866981506, 26.972116470336914
4899760, 28, 1.3620667457580566, 0.30422520637512207, 27.969213485717773
4899760, 29, 1.4472235441207886, 0.3319437503814697, 28.9659366607666
4899760, 30, 1.5310642719268799, 0.3595591187477112, 29.962791442871094
5262914_2, 1, 0.10632966458797455, 0.04567676782608032, 0.9937800168991089
5262914_2, 2, 0.17182546854019165, 0.06379764527082443, 1.9918818473815918
5262914_2, 3, 0.2401052564382553, 0.08337044715881348, 2.989783525466919
5262914_2, 4, 0.34628021717071533, 0.13039658963680267, 3.9834327697753906
5262914_2, 5, 0.45303577184677124, 0.17709675431251526, 4.977165699005127
5262914_2, 6, 0.5668956637382507, 0.2292683869600296, 5.970012664794922
5262914_2, 7, 0.676805317401886, 0.2787879705429077, 6.963296890258789
5262914_2, 8, 0.7523432970046997, 0.30259543657302856, 7.960573196411133
5262914_2, 9, 0.8286945819854736, 0.32734397053718567, 8.957723617553711
5262914_2, 10, 0.9010896682739258, 0.3497384786605835, 9.955211639404297
5262914_2, 11, 0.9880647659301758, 0.38191911578178406, 10.951221466064453
5262914_2, 12, 1.0660316944122314, 0.40756747126579285, 11.948235511779785
5262914_2, 13, 1.120913028717041, 0.4204222857952118, 12.946844100952148
5262914_2, 14, 1.1585350036621094, 0.42619794607162476, 13.946477890014648
5262914_2, 15, 1.1960934400558472, 0.43177899718284607, 14.946125984191895
5262914_2, 16, 1.2339750528335571, 0.4374001920223236, 15.945756912231445
5262914_2, 17, 1.2731847763061523, 0.44309285283088684, 16.945369720458984
5262914_2, 18, 1.3414498567581177, 0.46172425150871277, 17.943599700927734
5262914_2, 19, 1.4363446235656738, 0.49673593044281006, 18.939023971557617
5262914_2, 20, 1.4874242544174194, 0.5067574977874756, 19.938007354736328
5262914_2, 21, 1.556280255317688, 0.5263263583183289, 20.93614959716797
5262914_2, 22, 1.6303482055664062, 0.5483124256134033, 21.933940887451172
5262914_2, 23, 1.704839825630188, 0.5706080198287964, 22.931598663330078
5262914_2, 24, 1.7871047258377075, 0.5985996127128601, 23.92825698852539
5262914_2, 25, 1.8639395236968994, 0.6232180595397949, 24.925416946411133
5262914_2, 26, 1.9337079524993896, 0.6434187889099121, 25.923145294189453
5262914_2, 27, 2.0016930103302, 0.6624297499656677, 26.92104148864746
5262914_2, 28, 2.0746042728424072, 0.6843891739845276, 27.91850471496582
5262914_2, 29, 2.149148941040039, 0.7077365517616272, 28.915830612182617
5262914_2, 30, 2.223731756210327, 0.7307407855987549, 29.913297653198242
5216902, 1, 0.06562967598438263, 0.01711159385740757, 0.9983237981796265
5216902, 2, 0.12698274850845337, 0.03246009722352028, 1.99684739112854
5216902, 3, 0.18796700239181519, 0.047983065247535706, 2.9953315258026123
5216902, 4, 0.25147369503974915, 0.0647512823343277, 3.993593692779541
5216902, 5, 0.3156328797340393, 0.08196978271007538, 4.991796016693115
5216902, 6, 0.3814915418624878, 0.09946800023317337, 5.9900102615356445
5216902, 7, 0.44291114807128906, 0.1145327016711235, 6.988576889038086
5216902, 8, 0.5010988116264343, 0.1277964562177658, 7.987300395965576
5216902, 9, 0.5570101141929626, 0.13989341259002686, 8.98607063293457
5216902, 10, 0.5800670385360718, 0.14198197424411774, 9.985966682434082
5216902, 11, 0.6066128015518188, 0.1445786952972412, 10.985774040222168
5216902, 12, 0.6321285963058472, 0.14688414335250854, 11.985615730285645
5216902, 13, 0.6606889963150024, 0.14994437992572784, 12.985386848449707
5216902, 14, 0.6924169063568115, 0.15380986034870148, 13.98508358001709
5216902, 15, 0.7259491682052612, 0.15808233618736267, 14.984748840332031
5216902, 16, 0.7545303702354431, 0.161338672041893, 15.984551429748535
5216902, 17, 0.7847477197647095, 0.1648925542831421, 16.984333038330078
5216902, 18, 0.8144422769546509, 0.16819432377815247, 17.98415184020996
5216902, 19, 0.8646319508552551, 0.17807194590568542, 18.983301162719727
5216902, 20, 0.9306550621986389, 0.19471386075019836, 19.981836318969727
5216902, 21, 0.9634782671928406, 0.19864313304424286, 20.98158836364746
5216902, 22, 0.9933297634124756, 0.20190942287445068, 21.981395721435547
5216902, 23, 1.0211542844772339, 0.20481373369693756, 22.98124122619629
5216902, 24, 1.0483098030090332, 0.20760057866573334, 23.981094360351562
5216902, 25, 1.0769312381744385, 0.21068540215492249, 24.980894088745117
5216902, 26, 1.1203296184539795, 0.21787340939044952, 25.980182647705078
5216902, 27, 1.1816612482070923, 0.23223771154880524, 26.978559494018555
5216902, 28, 1.238402247428894, 0.24485841393470764, 27.977243423461914
5216902, 29, 1.2988646030426025, 0.25891828536987305, 28.97567367553711
5216902, 30, 1.3680545091629028, 0.276948481798172, 29.97353172302246
5032506, 1, 0.050529465079307556, 0.010555830784142017, 0.999207079410553
5032506, 2, 0.10273896157741547, 0.02157498151063919, 1.9983203411102295
5032506, 3, 0.16257452964782715, 0.03535691276192665, 2.9970431327819824
5032506, 4, 0.21802686154842377, 0.04739713668823242, 3.9960286617279053
5032506, 5, 0.27329012751579285, 0.059235814958810806, 4.995029449462891
5032506, 6, 0.33625948429107666, 0.0743156298995018, 5.993504524230957
5032506, 7, 0.3963727653026581, 0.08812575787305832, 6.992077350616455
5032506, 8, 0.4506198763847351, 0.09949060529470444, 7.991044521331787
5032506, 9, 0.5031734704971313, 0.11020015925168991, 8.990154266357422
5032506, 10, 0.5533303022384644, 0.11983054131269455, 9.989348411560059
5032506, 11, 0.5927857756614685, 0.12488704919815063, 10.988774299621582
5032506, 12, 0.633407711982727, 0.13018862903118134, 11.988160133361816
5032506, 13, 0.6734999418258667, 0.13540247082710266, 12.987555503845215
5032506, 14, 0.7069329023361206, 0.13934409618377686, 13.987150192260742
5032506, 15, 0.7469168901443481, 0.1448281705379486, 14.986538887023926
5032506, 16, 0.7784801721572876, 0.14844675362110138, 15.986212730407715
5032506, 17, 0.8106375932693481, 0.15218284726142883, 16.985862731933594
5032506, 18, 0.8460263609886169, 0.15665653347969055, 17.98543357849121
5032506, 19, 0.8792017102241516, 0.16065281629562378, 18.985090255737305
5032506, 20, 0.9272853136062622, 0.16951851546764374, 19.984384536743164
5032506, 21, 0.9674186706542969, 0.17564374208450317, 20.983957290649414
5032506, 22, 1.0037542581558228, 0.18035082519054413, 21.983497619628906
5032506, 23, 1.0455151796340942, 0.18613600730895996, 22.982845306396484
5032506, 24, 1.0839717388153076, 0.19088809192180634, 23.982324600219727
5032506, 25, 1.1242755651474, 0.1960967481136322, 24.981727600097656
5032506, 26, 1.1591827869415283, 0.2001645714044571, 25.981300354003906
5032506, 27, 1.196503758430481, 0.20558835566043854, 26.980937957763672
5032506, 28, 1.244297742843628, 0.21457058191299438, 27.980165481567383
5032506, 29, 1.2935091257095337, 0.22404678165912628, 28.97943115234375
5032506, 30, 1.3502991199493408, 0.23656481504440308, 29.97843360900879
4862367, 1, 0.08143085241317749, 0.026736857369542122, 0.9967429041862488
4862367, 2, 0.15046566724777222, 0.04641905426979065, 1.9947242736816406
4862367, 3, 0.22134235501289368, 0.06708590686321259, 2.992645025253296
4862367, 4, 0.2929162085056305, 0.08824916183948517, 3.9904556274414062
4862367, 5, 0.35878491401672363, 0.10645494610071182, 4.9886155128479
4862367, 6, 0.4248170852661133, 0.12433916330337524, 5.986793518066406
4862367, 7, 0.4983971416950226, 0.1463811695575714, 6.984370231628418
4862367, 8, 0.5594004988670349, 0.1616957187652588, 7.982951641082764
4862367, 9, 0.624392032623291, 0.17898622155189514, 8.981224060058594
4862367, 10, 0.6973935961723328, 0.20042482018470764, 9.9788236618042
4862367, 11, 0.7603216767311096, 0.21646125614643097, 10.977161407470703
4862367, 12, 0.7895039319992065, 0.21991786360740662, 11.977005958557129
4862367, 13, 0.818115234375, 0.22316031157970428, 12.976871490478516
4862367, 14, 0.8851103186607361, 0.24013739824295044, 13.974858283996582
4862367, 15, 0.9273499846458435, 0.24698035418987274, 14.974254608154297
4862367, 16, 0.9587567448616028, 0.25073349475860596, 15.974026679992676
4862367, 17, 0.9895109534263611, 0.2541429102420807, 16.973846435546875
4862367, 18, 1.0394556522369385, 0.2640864849090576, 17.972900390625
4862367, 19, 1.118322491645813, 0.2882706820964813, 18.97025489807129
4862367, 20, 1.148169994354248, 0.29146838188171387, 19.970048904418945
4862367, 21, 1.1789861917495728, 0.29509031772613525, 20.969852447509766
4862367, 22, 1.209459900856018, 0.2987356185913086, 21.969682693481445
4862367, 23, 1.2370575666427612, 0.30157801508903503, 22.96954917907715
4862367, 24, 1.296005129814148, 0.31531262397766113, 23.968151092529297
4862367, 25, 1.3635642528533936, 0.3333023488521576, 24.96609878540039
4862367, 26, 1.4196054935455322, 0.3461221158504486, 25.964862823486328
4862367, 27, 1.4817935228347778, 0.3617458641529083, 26.963207244873047
4862367, 28, 1.5497617721557617, 0.38030627369880676, 27.96120262145996
4862367, 29, 1.6155993938446045, 0.3977022171020508, 28.95948600769043
4862367, 30, 1.6836313009262085, 0.4161747992038727, 29.957538604736328
1144246, 1, 0.07065023481845856, 0.01857178285717964, 0.9981793165206909
1144246, 2, 0.14356067776679993, 0.037333909422159195, 1.996302604675293
1144246, 3, 0.20367640256881714, 0.050668105483055115, 2.9951012134552
1144246, 4, 0.2606180012226105, 0.06281664222478867, 3.9939727783203125
1144246, 5, 0.32497498393058777, 0.0776892751455307, 4.992404460906982
1144246, 6, 0.3932853043079376, 0.09407170861959457, 5.990531921386719
1144246, 7, 0.46915560960769653, 0.11409293860197067, 6.988105773925781
1144246, 8, 0.5451061129570007, 0.13411688804626465, 7.985672950744629
1144246, 9, 0.6146824955940247, 0.15080957114696503, 8.983753204345703
1144246, 10, 0.6577864289283752, 0.15772698819637299, 9.983078002929688
1144246, 11, 0.6897605657577515, 0.16183504462242126, 10.98271369934082
1144246, 12, 0.7237037420272827, 0.16669268906116486, 11.9822416305542
1144246, 13, 0.7583137154579163, 0.17185549437999725, 12.981708526611328
1144246, 14, 0.7930766344070435, 0.17695550620555878, 13.981168746948242
1144246, 15, 0.8284731507301331, 0.18230149149894714, 14.980583190917969
1144246, 16, 0.8650788068771362, 0.18806512653827667, 15.979927062988281
1144246, 17, 0.9022594094276428, 0.19390279054641724, 16.97925567626953
1144246, 18, 0.9358694553375244, 0.198565274477005, 17.9787654876709
1144246, 19, 0.9699329733848572, 0.20334431529045105, 18.978269577026367
1144246, 20, 1.0378577709197998, 0.21778447926044464, 19.97631072998047
1144246, 21, 1.0982940196990967, 0.22992098331451416, 20.974695205688477
1144246, 22, 1.1572902202606201, 0.2422207146883011, 21.973064422607422
1144246, 23, 1.2053321599960327, 0.2515662610530853, 22.97188949584961
1144246, 24, 1.243119478225708, 0.25803306698799133, 23.971153259277344
1144246, 25, 1.2813879251480103, 0.2646387219429016, 24.970409393310547
1144246, 26, 1.3180997371673584, 0.2705470323562622, 25.969768524169922
1144246, 27, 1.3525383472442627, 0.2755284309387207, 26.96927833557129
1144246, 28, 1.4261831045150757, 0.2942964434623718, 27.967092514038086
1144246, 29, 1.4967186450958252, 0.31173381209373474, 28.96515655517578
1144246, 30, 1.5665940046310425, 0.3288591802120209, 29.96327781677246
4841237, 1, 0.05852283537387848, 0.013682031072676182, 0.9985786080360413
4841237, 2, 0.13322874903678894, 0.034779321402311325, 1.9959571361541748
4841237, 3, 0.23076841235160828, 0.06991617381572723, 2.9911653995513916
4841237, 4, 0.32470324635505676, 0.10342752933502197, 3.9867613315582275
4841237, 5, 0.3873691260814667, 0.11841222643852234, 4.985145092010498
4841237, 6, 0.459492951631546, 0.13769447803497314, 5.982831001281738
4841237, 7, 0.5247215628623962, 0.15338651835918427, 6.9810380935668945
4841237, 8, 0.5835217833518982, 0.1661432534456253, 7.97967529296875
4841237, 9, 0.645624041557312, 0.18024256825447083, 8.978105545043945
4841237, 10, 0.7065874934196472, 0.19342322647571564, 9.976614952087402
4841237, 11, 0.767257034778595, 0.20616501569747925, 10.975101470947266
4841237, 12, 0.8241981267929077, 0.2172238677740097, 11.973804473876953
4841237, 13, 0.8837075233459473, 0.22931215167045593, 12.972333908081055
4841237, 14, 0.9256459474563599, 0.2352268397808075, 13.971667289733887
4841237, 15, 0.95230633020401, 0.23779337108135223, 14.971479415893555
4841237, 16, 1.0012843608856201, 0.2465541660785675, 15.970646858215332
4841237, 17, 1.039810299873352, 0.25216931104660034, 16.970176696777344
4841237, 18, 1.0704948902130127, 0.25571537017822266, 17.969890594482422
4841237, 19, 1.1053701639175415, 0.2602698802947998, 18.9694766998291
4841237, 20, 1.134765863418579, 0.2637253999710083, 19.969213485717773
4841237, 21, 1.159853219985962, 0.26618117094039917, 20.969043731689453
4841237, 22, 1.1853371858596802, 0.2686275541782379, 21.968873977661133
4841237, 23, 1.2340562343597412, 0.27716875076293945, 22.968042373657227
4841237, 24, 1.2819387912750244, 0.2853471040725708, 23.96724510192871
4841237, 25, 1.3350497484207153, 0.2953508198261261, 24.9661808013916
4841237, 26, 1.388965129852295, 0.30562806129455566, 25.965089797973633
4841237, 27, 1.4580895900726318, 0.32194897532463074, 26.96300506591797
4841237, 28, 1.5107089281082153, 0.3317854404449463, 27.961965560913086
4841237, 29, 1.5614900588989258, 0.34120020270347595, 28.961009979248047
4841237, 30, 1.6121435165405273, 0.3507353663444519, 29.96004867553711
4151265, 1, 0.05329492315649986, 0.01148613728582859, 0.9990012645721436
4151265, 2, 0.10962466895580292, 0.024042431265115738, 1.997849941253662
4151265, 3, 0.1575516015291214, 0.033339351415634155, 2.99717116355896
4151265, 4, 0.2040165662765503, 0.041862230747938156, 3.9965076446533203
4151265, 5, 0.2592138648033142, 0.053336646407842636, 4.995298385620117
4151265, 6, 0.3088551461696625, 0.06263680011034012, 5.9944024085998535
4151265, 7, 0.3593072295188904, 0.07214872539043427, 6.993424415588379
4151265, 8, 0.4070690870285034, 0.08065780997276306, 7.992595195770264
4151265, 9, 0.45357072353363037, 0.08871623128652573, 8.991857528686523
4151265, 10, 0.5034286379814148, 0.09787938743829727, 9.990941047668457
4151265, 11, 0.5510368347167969, 0.106181800365448, 10.990175247192383
4151265, 12, 0.5941617488861084, 0.11305379122495651, 11.989606857299805
4151265, 13, 0.6426060199737549, 0.12179411947727203, 12.988736152648926
4151265, 14, 0.6928929090499878, 0.13121941685676575, 13.987756729125977
4151265, 15, 0.7422706484794617, 0.14035899937152863, 14.986818313598633
4151265, 16, 0.770304799079895, 0.14311812818050385, 15.986604690551758
4151265, 17, 0.7972940802574158, 0.14568981528282166, 16.98641014099121
4151265, 18, 0.8549656867980957, 0.15816621482372284, 17.985036849975586
4151265, 19, 0.9141561388969421, 0.17153067886829376, 18.983552932739258
4151265, 20, 0.9715290665626526, 0.18436463177204132, 19.982206344604492
4151265, 21, 1.0171817541122437, 0.19228975474834442, 20.98138999938965
4151265, 22, 1.0508803129196167, 0.19654442369937897, 21.98104476928711
4151265, 23, 1.0988504886627197, 0.20541127026081085, 22.980228424072266
4151265, 24, 1.157325267791748, 0.21798859536647797, 23.978784561157227
4151265, 25, 1.2141892910003662, 0.22972840070724487, 24.977432250976562
4151265, 26, 1.260506510734558, 0.23763465881347656, 25.97663688659668
4151265, 27, 1.3103045225143433, 0.24680985510349274, 26.975698471069336
4151265, 28, 1.3672555685043335, 0.2586829364299774, 27.974346160888672
4151265, 29, 1.4281853437423706, 0.2723667621612549, 28.97274398803711
4151265, 30, 1.4835400581359863, 0.2839251160621643, 29.971540451049805
4741590, 1, 0.05123468115925789, 0.010660659521818161, 0.9987066984176636
4741590, 2, 0.1355258673429489, 0.04091527312994003, 1.9953277111053467
4741590, 3, 0.22453415393829346, 0.07403882592916489, 2.99153995513916
4741590, 4, 0.312873512506485, 0.10692756623029709, 3.987799882888794
4741590, 5, 0.35161831974983215, 0.1128787025809288, 4.987273216247559
4741590, 6, 0.4164624810218811, 0.12995319068431854, 5.985267639160156
4741590, 7, 0.45211470127105713, 0.13543479144573212, 6.984884262084961
4741590, 8, 0.5049025416374207, 0.14523831009864807, 7.9836106300354
4741590, 9, 0.5687406063079834, 0.16187946498394012, 8.981725692749023
4741590, 10, 0.6354538202285767, 0.17695608735084534, 9.979578971862793
4741590, 11, 0.7495237588882446, 0.22960954904556274, 10.972349166870117
4741590, 12, 0.855984091758728, 0.27589312195777893, 11.96639633178711
4741590, 13, 0.9556340575218201, 0.3154858648777008, 12.96149730682373
4741590, 14, 1.0628074407577515, 0.36065685749053955, 13.95562744140625
4741590, 15, 1.1633609533309937, 0.40153053402900696, 14.950305938720703
4741590, 16, 1.2243221998214722, 0.41441598534584045, 15.948563575744629
4741590, 17, 1.2691904306411743, 0.42210423946380615, 16.947795867919922
4741590, 18, 1.3352367877960205, 0.4363001883029938, 17.945762634277344
4741590, 19, 1.425256371498108, 0.4689350426197052, 18.94185447692871
4741590, 20, 1.5098804235458374, 0.49838441610336304, 19.938549041748047
4741590, 21, 1.5931458473205566, 0.5266167521476746, 20.93486785888672
4741590, 22, 1.6447585821151733, 0.536937952041626, 21.933731079101562
4741590, 23, 1.7249090671539307, 0.5620753169059753, 22.93070411682129
4741590, 24, 1.8097323179244995, 0.5891366600990295, 23.927276611328125
4741590, 25, 1.9124469757080078, 0.6291861534118652, 24.921863555908203
4741590, 26, 2.0116193294525146, 0.6684417724609375, 25.91677474975586
4741590, 27, 2.0912485122680664, 0.6936996579170227, 26.91384506225586
4741590, 28, 2.154062509536743, 0.709254264831543, 27.912031173706055
4741590, 29, 2.2444703578948975, 0.7411590218544006, 28.908084869384766
4741590, 30, 2.3359622955322266, 0.7745171785354614, 29.903921127319336
4669030, 1, 0.03561657667160034, 0.005396758206188679, 0.9995319843292236
4669030, 2, 0.06938411295413971, 0.010378643870353699, 1.9990962743759155
4669030, 3, 0.10367001593112946, 0.015451958402991295, 2.9986484050750732
4669030, 4, 0.15524323284626007, 0.02621186524629593, 3.9976162910461426
4669030, 5, 0.22239379584789276, 0.04366951435804367, 4.995631217956543
4669030, 6, 0.28665924072265625, 0.059634409844875336, 5.99384069442749
4669030, 7, 0.34268373250961304, 0.07186295837163925, 6.992575645446777
4669030, 8, 0.39441388845443726, 0.08242930471897125, 7.991602420806885
4669030, 9, 0.4490213692188263, 0.09385759383440018, 8.990457534790039
4669030, 10, 0.4977264106273651, 0.10319475829601288, 9.989603042602539
4669030, 11, 0.5538915991783142, 0.1155211329460144, 10.98827075958252
4669030, 12, 0.6053764820098877, 0.12576881051063538, 11.987261772155762
4669030, 13, 0.6568499207496643, 0.13592804968357086, 12.986259460449219
4669030, 14, 0.6870484352111816, 0.13976611196994781, 13.98599624633789
4669030, 15, 0.7151464819908142, 0.14288438856601715, 14.985766410827637
4669030, 16, 0.7498545050621033, 0.1475798636674881, 15.985340118408203
4669030, 17, 0.7770251035690308, 0.1505770981311798, 16.985151290893555
4669030, 18, 0.8015606999397278, 0.15289929509162903, 17.985021591186523
4669030, 19, 0.8623495697975159, 0.16758252680301666, 18.983642578125
4669030, 20, 0.8933086395263672, 0.17122189700603485, 19.98334312438965
4669030, 21, 0.9297327995300293, 0.17612701654434204, 20.982831954956055
4669030, 22, 0.9581703543663025, 0.1793634444475174, 21.98258399963379
4669030, 23, 0.9881181120872498, 0.18302011489868164, 22.982295989990234
4669030, 24, 1.0127995014190674, 0.18540434539318085, 23.982145309448242
4669030, 25, 1.061745285987854, 0.19424980878829956, 24.98111915588379
4669030, 26, 1.1183708906173706, 0.2065305858850479, 25.979768753051758
4669030, 27, 1.1745433807373047, 0.21886296570301056, 26.978458404541016
4669030, 28, 1.2370164394378662, 0.233896404504776, 27.976749420166016
4669030, 29, 1.30066978931427, 0.2494192272424698, 28.974966049194336
4669030, 30, 1.3581353425979614, 0.26224491000175476, 29.97364616394043
4876648, 1, 0.029819494113326073, 0.0035947540309280157, 0.9998099207878113
4876648, 2, 0.0577484592795372, 0.006752975285053253, 1.9996538162231445
4876648, 3, 0.12070479243993759, 0.02273341454565525, 2.9979476928710938
4876648, 4, 0.18369060754776, 0.038930267095565796, 3.9962353706359863
4876648, 5, 0.2443339079618454, 0.05408201739192009, 4.994682788848877
4876648, 6, 0.3164331912994385, 0.07508740574121475, 5.992181777954102
4876648, 7, 0.3803927004337311, 0.09124161303043365, 6.990434169769287
4876648, 8, 0.4456771910190582, 0.1082577109336853, 7.988580226898193
4876648, 9, 0.5086484551429749, 0.12416277080774307, 8.986869812011719
4876648, 10, 0.5728468894958496, 0.14059209823608398, 9.985095024108887
4876648, 11, 0.6342703700065613, 0.15535974502563477, 10.983541488647461
4876648, 12, 0.6597856879234314, 0.1578260064125061, 11.983429908752441
4876648, 13, 0.693810224533081, 0.16208775341510773, 12.983118057250977
4876648, 14, 0.7248752117156982, 0.16571089625358582, 13.982915878295898
4876648, 15, 0.7531570196151733, 0.1686771661043167, 14.982775688171387
4876648, 16, 0.7851492762565613, 0.17249375581741333, 15.982566833496094
4876648, 17, 0.8171497583389282, 0.17621564865112305, 16.982370376586914
4876648, 18, 0.8483785390853882, 0.17972970008850098, 17.982181549072266
4876648, 19, 0.8776158094406128, 0.18284359574317932, 18.982013702392578
4876648, 20, 0.908363938331604, 0.18625865876674652, 19.981788635253906
4876648, 21, 0.9473149180412292, 0.19140653312206268, 20.981199264526367
4876648, 22, 0.9760494232177734, 0.19459381699562073, 21.981040954589844
4876648, 23, 1.0029789209365845, 0.19737984240055084, 22.98091697692871
4876648, 24, 1.0368682146072388, 0.2017194628715515, 23.980623245239258
4876648, 25, 1.110090970993042, 0.22186338901519775, 24.97815704345703
4876648, 26, 1.1710708141326904, 0.2363520860671997, 25.976673126220703
4876648, 27, 1.2340296506881714, 0.25192928314208984, 26.975072860717773
4876648, 28, 1.2948559522628784, 0.2663179337978363, 27.973669052124023
4876648, 29, 1.36117684841156, 0.2836800217628479, 28.971826553344727
4876648, 30, 1.419960856437683, 0.2974596321582794, 29.970539093017578
4762480, 1, 0.07392515987157822, 0.022192902863025665, 0.9974839687347412
4762480, 2, 0.14034399390220642, 0.04027218371629715, 1.9955897331237793
4762480, 3, 0.2105388045310974, 0.06087453290820122, 2.9933407306671143
4762480, 4, 0.2797900438308716, 0.08081483095884323, 3.991201400756836
4762480, 5, 0.31415891647338867, 0.0853932797908783, 4.990854740142822
4762480, 6, 0.34391188621520996, 0.08902675658464432, 5.9906816482543945
4762480, 7, 0.3812047243118286, 0.09432542324066162, 6.990195274353027
4762480, 8, 0.4572412967681885, 0.11696377396583557, 7.987397193908691
4762480, 9, 0.5414822697639465, 0.14342376589775085, 8.983945846557617
4762480, 10, 0.6131737232208252, 0.16291096806526184, 9.981623649597168
4762480, 11, 0.6872971057891846, 0.18364830315113068, 10.979103088378906
4762480, 12, 0.7633139491081238, 0.2057347297668457, 11.976381301879883
4762480, 13, 0.7975203394889832, 0.20996174216270447, 12.976037979125977
4762480, 14, 0.8307963609695435, 0.21408230066299438, 13.975736618041992
4762480, 15, 0.8646920323371887, 0.2183753103017807, 14.975418090820312
4762480, 16, 0.9327799081802368, 0.2362857162952423, 15.973366737365723
4762480, 17, 0.9745967388153076, 0.24253611266613007, 16.972688674926758
4762480, 18, 1.0098373889923096, 0.24705202877521515, 17.972341537475586
4762480, 19, 1.0936167240142822, 0.2766268253326416, 18.96890640258789
4762480, 20, 1.1732466220855713, 0.3030915856361389, 19.966026306152344
4762480, 21, 1.247227668762207, 0.325677752494812, 20.96371841430664
4762480, 22, 1.300426721572876, 0.3370027244091034, 21.962568283081055
4762480, 23, 1.3572927713394165, 0.35037291049957275, 22.96120262145996
4762480, 24, 1.3944880962371826, 0.35564765334129333, 23.960878372192383
4762480, 25, 1.441738486289978, 0.36297526955604553, 24.95996856689453
4762480, 26, 1.507048487663269, 0.37981683015823364, 25.95799446105957
4762480, 27, 1.5908900499343872, 0.4071086049079895, 26.95453643798828
4762480, 28, 1.6746662855148315, 0.43445736169815063, 27.951126098632812
4762480, 29, 1.7531287670135498, 0.4582952558994293, 28.948257446289062
4762480, 30, 1.8294172286987305, 0.4811241924762726, 29.945606231689453
5050023, 1, 0.07639765739440918, 0.023153381422162056, 0.9975072741508484
5050023, 2, 0.1498790681362152, 0.04516476392745972, 1.9952232837677002
5050023, 3, 0.22261543571949005, 0.06623851507902145, 2.9930286407470703
5050023, 4, 0.2949032187461853, 0.08740371465682983, 3.990739345550537
5050023, 5, 0.3731594681739807, 0.11229175329208374, 4.987826347351074
5050023, 6, 0.4512917101383209, 0.1371554434299469, 5.984921455383301
5050023, 7, 0.530681848526001, 0.16252559423446655, 6.981988906860352
5050023, 8, 0.6086856126785278, 0.18768680095672607, 7.979096412658691
5050023, 9, 0.6817317605018616, 0.21014124155044556, 8.976612091064453
5050023, 10, 0.7663848996162415, 0.24017509818077087, 9.972900390625
5050023, 11, 0.8474802374839783, 0.2675917446613312, 10.96965217590332
5050023, 12, 0.9292071461677551, 0.29573482275009155, 11.966350555419922
5050023, 13, 1.0110597610473633, 0.3239917457103729, 12.963019371032715
5050023, 14, 1.092820644378662, 0.35166189074516296, 13.959708213806152
5050023, 15, 1.176506757736206, 0.3805886507034302, 14.95611572265625
5050023, 16, 1.257981777191162, 0.40845024585723877, 15.952705383300781
5050023, 17, 1.3458330631256104, 0.4401646852493286, 16.948734283447266
5050023, 18, 1.4282348155975342, 0.46793365478515625, 17.945507049560547
5050023, 19, 1.50057053565979, 0.4899226129055023, 18.94328498840332
5050023, 20, 1.5349069833755493, 0.49439993500709534, 19.9429931640625
5050023, 21, 1.6215572357177734, 0.5249200463294983, 20.93944549560547
5050023, 22, 1.7156503200531006, 0.5602633953094482, 21.935035705566406
5050023, 23, 1.7989470958709717, 0.5878908038139343, 22.93185043334961
5050023, 24, 1.87813138961792, 0.612930178642273, 23.928951263427734
5050023, 25, 1.956179141998291, 0.6372937560081482, 24.92616081237793
5050023, 26, 2.038163185119629, 0.6647530198097229, 25.92295265197754
5050023, 27, 2.12532114982605, 0.6953561902046204, 26.91912269592285
5050023, 28, 2.2076892852783203, 0.7219862937927246, 27.915876388549805
5050023, 29, 2.287222385406494, 0.7474395632743835, 28.9128475189209
5050023, 30, 2.3529698848724365, 0.7654653191566467, 29.91100311279297
4794215, 1, 0.07369206845760345, 0.022846177220344543, 0.9975659847259521
4794215, 2, 0.1460326910018921, 0.045249782502651215, 1.9952322244644165
4794215, 3, 0.22318798303604126, 0.06988176703453064, 2.992579936981201
4794215, 4, 0.3028193712234497, 0.09598658978939056, 3.989870309829712
4794215, 5, 0.39022642374038696, 0.12762069702148438, 4.986212730407715
4794215, 6, 0.4737418293952942, 0.15677808225154877, 5.982836723327637
4794215, 7, 0.561895489692688, 0.1892407089471817, 6.978893280029297
4794215, 8, 0.6470919847488403, 0.21999520063400269, 7.975314617156982
4794215, 9, 0.7366881370544434, 0.2533355951309204, 8.971224784851074
4794215, 10, 0.818387508392334, 0.28114375472068787, 9.967989921569824
4794215, 11, 0.8961544036865234, 0.3066496253013611, 10.965264320373535
4794215, 12, 0.9741287231445312, 0.33165156841278076, 11.962698936462402
4794215, 13, 1.0555554628372192, 0.358541876077652, 12.959831237792969
4794215, 14, 1.0898855924606323, 0.3629632890224457, 13.959473609924316
4794215, 15, 1.1242880821228027, 0.3674478232860565, 14.959186553955078
4794215, 16, 1.1618094444274902, 0.3728471100330353, 15.958786964416504
4794215, 17, 1.2030397653579712, 0.379255086183548, 16.958240509033203
4794215, 18, 1.2411394119262695, 0.384631484746933, 17.957860946655273
4794215, 19, 1.3169679641723633, 0.40898776054382324, 18.955408096313477
4794215, 20, 1.3937612771987915, 0.4338420033454895, 19.952816009521484
4794215, 21, 1.433775782585144, 0.4401934742927551, 20.95244598388672
4794215, 22, 1.4729139804840088, 0.4461193084716797, 21.95212173461914
4794215, 23, 1.5132355690002441, 0.45289090275764465, 22.951725006103516
4794215, 24, 1.5827889442443848, 0.47305887937545776, 23.94976806640625
4794215, 25, 1.6295946836471558, 0.4824206829071045, 24.948974609375
4794215, 26, 1.6839028596878052, 0.4952862858772278, 25.947660446166992
4794215, 27, 1.764790415763855, 0.5232862830162048, 26.94449806213379
4794215, 28, 1.8395622968673706, 0.5467067956924438, 27.942007064819336
4794215, 29, 1.9146314859390259, 0.5700141787528992, 28.939434051513672
4794215, 30, 1.9818143844604492, 0.5890623927116394, 29.937606811523438
5194805_2, 1, 0.08722345530986786, 0.031174954026937485, 0.9965373277664185
5194805_2, 2, 0.17649748921394348, 0.0649908035993576, 1.9925951957702637
5194805_2, 3, 0.2659369707107544, 0.09799784421920776, 2.9887161254882812
5194805_2, 4, 0.3516824245452881, 0.12709760665893555, 3.985305070877075
5194805_2, 5, 0.44407975673675537, 0.1601300686597824, 4.981176853179932
5194805_2, 6, 0.5377061367034912, 0.1934085190296173, 5.976850509643555
5194805_2, 7, 0.6311179399490356, 0.22654207050800323, 6.972540855407715
5194805_2, 8, 0.7237986326217651, 0.2582762539386749, 7.9683380126953125
5194805_2, 9, 0.8032292127609253, 0.2822309732437134, 8.965463638305664
5194805_2, 10, 0.8338834643363953, 0.28593719005584717, 9.965256690979004
5194805_2, 11, 0.8698012828826904, 0.29053375124931335, 10.964853286743164
5194805_2, 12, 0.9062041640281677, 0.29518043994903564, 11.964426040649414
5194805_2, 13, 0.9408814907073975, 0.29997292160987854, 12.964152336120605
5194805_2, 14, 0.9761493802070618, 0.30471497774124146, 13.963839530944824
5194805_2, 15, 1.0124247074127197, 0.309678316116333, 14.96352481842041
5194805_2, 16, 1.050283432006836, 0.3151831328868866, 15.963193893432617
5194805_2, 17, 1.1087231636047363, 0.32834392786026, 16.96171760559082
5194805_2, 18, 1.17881178855896, 0.34721654653549194, 17.95977783203125
5194805_2, 19, 1.2382794618606567, 0.3604539930820465, 18.958532333374023
5194805_2, 20, 1.3123626708984375, 0.3810252845287323, 19.95638084411621
5194805_2, 21, 1.3904439210891724, 0.40344327688217163, 20.953916549682617
5194805_2, 22, 1.4297934770584106, 0.40942925214767456, 21.953571319580078
5194805_2, 23, 1.46652352809906, 0.41451770067214966, 22.953248977661133
5194805_2, 24, 1.5016474723815918, 0.4194517433643341, 23.952987670898438
5194805_2, 25, 1.5360980033874512, 0.4242290258407593, 24.952714920043945
5194805_2, 26, 1.5747913122177124, 0.42934450507164, 25.952224731445312
5194805_2, 27, 1.6090080738067627, 0.43414902687072754, 26.951946258544922
5194805_2, 28, 1.6925095319747925, 0.4598776698112488, 27.948766708374023
5194805_2, 29, 1.795857310295105, 0.49909862875938416, 28.94345474243164
5194805_2, 30, 1.882634162902832, 0.5267015099525452, 29.94007110595703
4820624, 1, 0.07755283266305923, 0.024061335250735283, 0.9971221685409546
4820624, 2, 0.15064483880996704, 0.04531312361359596, 1.9947158098220825
4820624, 3, 0.22327831387519836, 0.06587812304496765, 2.99239444732666
4820624, 4, 0.3004431128501892, 0.0887194573879242, 3.989694833755493
4820624, 5, 0.3768404722213745, 0.11102663725614548, 4.987117767333984
4820624, 6, 0.4521934688091278, 0.13277104496955872, 5.984619617462158
4820624, 7, 0.5151317715644836, 0.14876562356948853, 6.983062744140625
4820624, 8, 0.5833500027656555, 0.1678938865661621, 7.981068134307861
4820624, 9, 0.6519365310668945, 0.18681545555591583, 8.979104042053223
4820624, 10, 0.7208899855613708, 0.20572330057621002, 9.977178573608398
4820624, 11, 0.7918844223022461, 0.22548530995845795, 10.975019454956055
4820624, 12, 0.8371189832687378, 0.2334156185388565, 11.974303245544434
4820624, 13, 0.8982202410697937, 0.24768373370170593, 12.972816467285156
4820624, 14, 0.9678804874420166, 0.2667895257472992, 13.97071361541748
4820624, 15, 1.037688136100769, 0.28609392046928406, 14.968708992004395
4820624, 16, 1.0714364051818848, 0.2905198633670807, 15.9684476852417
4820624, 17, 1.1453173160552979, 0.3122420012950897, 16.966217041015625
4820624, 18, 1.2192323207855225, 0.3341858685016632, 17.96398162841797
4820624, 19, 1.2904237508773804, 0.3545285165309906, 18.962053298950195
4820624, 20, 1.3601089715957642, 0.37357500195503235, 19.96036148071289
4820624, 21, 1.4029680490493774, 0.3806854784488678, 20.95975685119629
4820624, 22, 1.4340521097183228, 0.3844567835330963, 21.959575653076172
4820624, 23, 1.4679979085922241, 0.3888777792453766, 22.9592342376709
4820624, 24, 1.5321767330169678, 0.40447166562080383, 23.957523345947266
4820624, 25, 1.591493844985962, 0.41804659366607666, 24.956134796142578
4820624, 26, 1.657659649848938, 0.4352339804172516, 25.954240798950195
4820624, 27, 1.728271245956421, 0.45515763759613037, 26.951927185058594
4820624, 28, 1.7924453020095825, 0.47171321511268616, 27.950122833251953
4820624, 29, 1.8516857624053955, 0.4856586456298828, 28.948665618896484
4820624, 30, 1.9149682521820068, 0.5008348822593689, 29.946949005126953
4733553, 1, 0.10036900639533997, 0.04193625599145889, 0.994678258895874
4733553, 2, 0.19347120821475983, 0.07901616394519806, 1.9901504516601562
4733553, 3, 0.28568053245544434, 0.11495715379714966, 2.985780715942383
4733553, 4, 0.3785051107406616, 0.151252880692482, 3.9813761711120605
4733553, 5, 0.4750782549381256, 0.19042789936065674, 4.9764509201049805
4733553, 6, 0.5669957995414734, 0.22472569346427917, 5.972383499145508
4733553, 7, 0.6590998768806458, 0.2585318088531494, 6.968451499938965
4733553, 8, 0.7512460350990295, 0.29364562034606934, 7.9642438888549805
4733553, 9, 0.8424518704414368, 0.328031063079834, 8.960210800170898
4733553, 10, 0.9374874234199524, 0.3642542362213135, 9.955833435058594
4733553, 11, 1.0278860330581665, 0.39778780937194824, 10.951971054077148
4733553, 12, 1.110422968864441, 0.42674797773361206, 11.948795318603516
4733553, 13, 1.1567035913467407, 0.43429842591285706, 12.947973251342773
4733553, 14, 1.2011295557022095, 0.44135335087776184, 13.947282791137695
4733553, 15, 1.2456328868865967, 0.4484986662864685, 14.946598052978516
4733553, 16, 1.2899715900421143, 0.45547232031822205, 15.945991516113281
4733553, 17, 1.3724439144134521, 0.4841693043708801, 16.94315528869629
4733553, 18, 1.450166940689087, 0.5095077157020569, 17.940765380859375
4733553, 19, 1.4929763078689575, 0.5164473652839661, 18.940353393554688
4733553, 20, 1.5395233631134033, 0.5246047377586365, 19.93970489501953
4733553, 21, 1.5811384916305542, 0.5308848023414612, 20.93923568725586
4733553, 22, 1.6238349676132202, 0.5374914407730103, 21.938716888427734
4733553, 23, 1.6682779788970947, 0.545045018196106, 22.938074111938477
4733553, 24, 1.745315670967102, 0.5707724094390869, 23.935104370117188
4733553, 25, 1.8355021476745605, 0.6049816012382507, 24.930896759033203
4733553, 26, 1.9239698648452759, 0.6363360285758972, 25.92691993713379
4733553, 27, 2.0143463611602783, 0.6680594086647034, 26.923097610473633
4733553, 28, 2.105801582336426, 0.7000875473022461, 27.919082641601562
4733553, 29, 2.1921865940093994, 0.7292370200157166, 28.91561508178711
4733553, 30, 2.2711338996887207, 0.7536123394966125, 29.913070678710938
5036311, 1, 0.05562148243188858, 0.012863135896623135, 0.9988468885421753
5036311, 2, 0.10686458647251129, 0.023720085620880127, 1.998058557510376
5036311, 3, 0.16553884744644165, 0.037643276154994965, 2.99686336517334
5036311, 4, 0.22621434926986694, 0.05208761245012283, 3.9955527782440186
5036311, 5, 0.28334689140319824, 0.0644906684756279, 4.994492053985596
5036311, 6, 0.33230316638946533, 0.07361410558223724, 5.9938130378723145
5036311, 7, 0.3835383355617523, 0.08349992334842682, 6.993008613586426
5036311, 8, 0.43592602014541626, 0.09371065348386765, 7.992136001586914
5036311, 9, 0.489840567111969, 0.10459727048873901, 8.99116325378418
5036311, 10, 0.5352439284324646, 0.11223936080932617, 9.990347862243652
5036311, 11, 0.583857536315918, 0.12098322808742523, 10.989381790161133
5036311, 12, 0.6363058090209961, 0.13120536506175995, 11.988497734069824
5036311, 13, 0.6968459486961365, 0.1445869505405426, 12.987203598022461
5036311, 14, 0.7535876035690308, 0.1567710041999817, 13.986169815063477
5036311, 15, 0.8013976216316223, 0.16566650569438934, 14.985456466674805
5036311, 16, 0.8597010970115662, 0.1780858337879181, 15.98410701751709
5036311, 17, 0.9024032950401306, 0.18521830439567566, 16.983509063720703
5036311, 18, 0.9492283463478088, 0.19356121122837067, 17.982675552368164
5036311, 19, 0.988849401473999, 0.19961807131767273, 18.982152938842773
5036311, 20, 1.0386772155761719, 0.20893250405788422, 19.981489181518555
5036311, 21, 1.0837494134902954, 0.21679182350635529, 20.98076820373535
5036311, 22, 1.1350913047790527, 0.22681674361228943, 21.979736328125
5036311, 23, 1.18422269821167, 0.23604333400726318, 22.978805541992188
5036311, 24, 1.2330232858657837, 0.24517667293548584, 23.97802734375
5036311, 25, 1.2906498908996582, 0.25739696621894836, 24.976835250854492
5036311, 26, 1.3444387912750244, 0.2681424915790558, 25.975830078125
5036311, 27, 1.4002625942230225, 0.27952033281326294, 26.974712371826172
5036311, 28, 1.4325867891311646, 0.2840876579284668, 27.974380493164062
5036311, 29, 1.4609366655349731, 0.287459135055542, 28.974138259887695
5036311, 30, 1.5304311513900757, 0.3048599660396576, 29.97209930419922
4739356, 1, 0.04318086430430412, 0.008038710802793503, 0.9993157982826233
4739356, 2, 0.09873338043689728, 0.02150115743279457, 1.9980446100234985
4739356, 3, 0.16663280129432678, 0.04073215276002884, 2.995912790298462
4739356, 4, 0.2278493344783783, 0.05628615617752075, 3.9942805767059326
4739356, 5, 0.28413450717926025, 0.06936611235141754, 4.992949485778809
4739356, 6, 0.3376126289367676, 0.081202432513237, 5.991791725158691
4739356, 7, 0.39093053340911865, 0.09281137585639954, 6.990673542022705
4739356, 8, 0.44112691283226013, 0.1030968651175499, 7.98974084854126
4739356, 9, 0.49643006920814514, 0.11530041694641113, 8.988476753234863
4739356, 10, 0.5569812059402466, 0.12952351570129395, 9.986895561218262
4739356, 11, 0.6048871278762817, 0.1388837844133377, 10.986127853393555
4739356, 12, 0.6607311964035034, 0.15125539898872375, 11.98489761352539
4739356, 13, 0.7215985059738159, 0.16561764478683472, 12.983386039733887
4739356, 14, 0.7809849977493286, 0.17952407896518707, 13.981949806213379
4739356, 15, 0.8435121178627014, 0.19470863044261932, 14.980342864990234
4739356, 16, 0.8755043745040894, 0.19868789613246918, 15.980148315429688
4739356, 17, 0.9088444709777832, 0.20296776294708252, 16.97991943359375
4739356, 18, 0.945335328578949, 0.20815519988536835, 17.979581832885742
4739356, 19, 1.02224862575531, 0.23198629915714264, 18.97710609436035
4739356, 20, 1.0970042943954468, 0.25465795397758484, 19.974788665771484
4739356, 21, 1.1663168668746948, 0.2740384042263031, 20.97300148010254
4739356, 22, 1.1987537145614624, 0.27811670303344727, 21.972803115844727
4739356, 23, 1.229828119277954, 0.28191253542900085, 22.97262954711914
4739356, 24, 1.2591161727905273, 0.2852405905723572, 23.972488403320312
4739356, 25, 1.3009750843048096, 0.29264694452285767, 24.971940994262695
4739356, 26, 1.3666913509368896, 0.3101753890514374, 25.96999168395996
4739356, 27, 1.4296518564224243, 0.32646387815475464, 26.968286514282227
4739356, 28, 1.4951941967010498, 0.344078004360199, 27.96642303466797
4739356, 29, 1.564140796661377, 0.3637992739677429, 28.96430206298828
4739356, 30, 1.63047194480896, 0.3824739456176758, 29.962343215942383
5125441, 1, 0.06237509101629257, 0.016353806480765343, 0.9983723759651184
5125441, 2, 0.11698761582374573, 0.02874884381890297, 1.9973242282867432
5125441, 3, 0.16958941519260406, 0.04029249772429466, 2.9963226318359375
5125441, 4, 0.2240840047597885, 0.05272257700562477, 3.995151996612549
5125441, 5, 0.2852810323238373, 0.0676514059305191, 4.993481636047363
5125441, 6, 0.34776753187179565, 0.082679383456707, 5.991714954376221
5125441, 7, 0.4125487208366394, 0.09887589514255524, 6.989782810211182
5125441, 8, 0.4831208288669586, 0.11836002767086029, 7.9874091148376465
5125441, 9, 0.559288501739502, 0.14078111946582794, 8.984582901000977
5125441, 10, 0.6309762001037598, 0.16038355231285095, 9.982115745544434
5125441, 11, 0.6734045147895813, 0.16719460487365723, 10.981432914733887
5125441, 12, 0.7305269837379456, 0.17963343858718872, 11.980154991149902
5125441, 13, 0.7912825345993042, 0.19338087737560272, 12.978675842285156
5125441, 14, 0.8244969844818115, 0.1975867599248886, 13.978410720825195
5125441, 15, 0.8685769438743591, 0.20467588305473328, 14.9777193069458
5125441, 16, 0.9303842186927795, 0.21910864114761353, 15.976192474365234
5125441, 17, 0.9922631978988647, 0.23404698073863983, 16.97479248046875
5125441, 18, 1.0551862716674805, 0.24993011355400085, 17.97319793701172
5125441, 19, 1.1187044382095337, 0.26579999923706055, 18.971515655517578
5125441, 20, 1.178488850593567, 0.28004804253578186, 19.970027923583984
5125441, 21, 1.2339228391647339, 0.2920331358909607, 20.968889236450195
5125441, 22, 1.2910062074661255, 0.3041822910308838, 21.96759605407715
5125441, 23, 1.345029592514038, 0.31506484746932983, 22.966453552246094
5125441, 24, 1.4074184894561768, 0.3292803466320038, 23.964754104614258
5125441, 25, 1.4725427627563477, 0.34481650590896606, 24.962827682495117
5125441, 26, 1.5203282833099365, 0.35324907302856445, 25.961872100830078
5125441, 27, 1.588862419128418, 0.3711508512496948, 26.959686279296875
5125441, 28, 1.652994155883789, 0.3869214653968811, 27.957805633544922
5125441, 29, 1.712565541267395, 0.40037572383880615, 28.956249237060547
5125441, 30, 1.7719099521636963, 0.4138326346874237, 29.954736709594727
4713006, 1, 0.08272995054721832, 0.025461170822381973, 0.9968580007553101
4713006, 2, 0.16672202944755554, 0.05117305368185043, 1.9936596155166626
4713006, 3, 0.2647947072982788, 0.08538108319044113, 2.989060878753662
4713006, 4, 0.36735546588897705, 0.12368282675743103, 3.983851671218872
4713006, 5, 0.4615993797779083, 0.15531417727470398, 4.979729175567627
4713006, 6, 0.5532141327857971, 0.18476088345050812, 5.975917816162109
4713006, 7, 0.6302184462547302, 0.20561671257019043, 6.973418235778809
4713006, 8, 0.7294705510139465, 0.23976850509643555, 7.968742847442627
4713006, 9, 0.7827880382537842, 0.24904991686344147, 8.96747875213623
4713006, 10, 0.8276908993721008, 0.2559836804866791, 9.966620445251465
4713006, 11, 0.8987116813659668, 0.2732970118522644, 10.964430809020996
4713006, 12, 0.9850246906280518, 0.298549622297287, 11.961102485656738
4713006, 13, 1.0808037519454956, 0.33011502027511597, 12.956778526306152
4713006, 14, 1.1346887350082397, 0.33967211842536926, 13.955480575561523
4713006, 15, 1.1855835914611816, 0.3482133746147156, 14.954331398010254
4713006, 16, 1.2160537242889404, 0.352492094039917, 15.953960418701172
4713006, 17, 1.2501035928726196, 0.3571605980396271, 16.953502655029297
4713006, 18, 1.3003445863723755, 0.36548811197280884, 17.952394485473633
4713006, 19, 1.3464305400848389, 0.3726363778114319, 18.951478958129883
4713006, 20, 1.3861945867538452, 0.37815192341804504, 19.950824737548828
4713006, 21, 1.4183653593063354, 0.3824828863143921, 20.950454711914062
4713006, 22, 1.4497414827346802, 0.3870881497859955, 21.950071334838867
4713006, 23, 1.4837641716003418, 0.3917165994644165, 22.949615478515625
4713006, 24, 1.522910237312317, 0.3970784544944763, 23.948989868164062
4713006, 25, 1.5823806524276733, 0.4081134796142578, 24.9473934173584
4713006, 26, 1.610345482826233, 0.4122171998023987, 25.947092056274414
4713006, 27, 1.6800613403320312, 0.42916709184646606, 26.94510841369629
4713006, 28, 1.7568836212158203, 0.4496993124485016, 27.942577362060547
4713006, 29, 1.8281090259552002, 0.46771156787872314, 28.94053077697754
4713006, 30, 1.8960145711898804, 0.4848960041999817, 29.938669204711914
4699088, 1, 0.054946716874837875, 0.012578069232404232, 0.998899519443512
4699088, 2, 0.12143880128860474, 0.03019285574555397, 1.9969252347946167
4699088, 3, 0.1904708743095398, 0.048560239374637604, 2.9947080612182617
4699088, 4, 0.2495344877243042, 0.06176434084773064, 3.9932472705841064
4699088, 5, 0.30565595626831055, 0.07382424175739288, 4.991969108581543
4699088, 6, 0.35939496755599976, 0.0847008004784584, 5.990849494934082
4699088, 7, 0.4090977609157562, 0.0939749926328659, 6.989930152893066
4699088, 8, 0.4641495943069458, 0.10494168102741241, 7.9887189865112305
4699088, 9, 0.5151909589767456, 0.11456406861543655, 8.987748146057129
4699088, 10, 0.5535247921943665, 0.12000221759080887, 9.987290382385254
4699088, 11, 0.5765498280525208, 0.12224923074245453, 10.987160682678223
4699088, 12, 0.6125612258911133, 0.126489520072937, 11.986649513244629
4699088, 13, 0.6361131072044373, 0.12876825034618378, 12.986503601074219
4699088, 14, 0.6711834073066711, 0.1334388256072998, 13.986093521118164
4699088, 15, 0.6968048214912415, 0.13619139790534973, 14.98591423034668
4699088, 16, 0.7289438843727112, 0.1400449126958847, 15.985594749450684
4699088, 17, 0.7552397847175598, 0.14252720773220062, 16.985414505004883
4699088, 18, 0.7817946076393127, 0.145088791847229, 17.98524284362793
4699088, 19, 0.8097902536392212, 0.14795710146427155, 18.985034942626953
4699088, 20, 0.844219982624054, 0.15224039554595947, 19.98464012145996
4699088, 21, 0.8717650771141052, 0.1551763117313385, 20.984424591064453
4699088, 22, 0.9058964252471924, 0.1589847356081009, 21.9840030670166
4699088, 23, 0.9341412782669067, 0.16207797825336456, 22.983741760253906
4699088, 24, 0.9959313273429871, 0.17524009943008423, 23.982202529907227
4699088, 25, 1.0704715251922607, 0.19406507909297943, 24.97982406616211
4699088, 26, 1.097494125366211, 0.1973145306110382, 25.979583740234375
4699088, 27, 1.1284592151641846, 0.20089584589004517, 26.979251861572266
4699088, 28, 1.1530086994171143, 0.20362631976604462, 27.979084014892578
4699088, 29, 1.2086493968963623, 0.2145964652299881, 28.97766876220703
4699088, 30, 1.280820608139038, 0.2329784780740738, 29.975372314453125
4772763, 1, 0.054675959050655365, 0.012549334205687046, 0.9988272786140442
4772763, 2, 0.10941006243228912, 0.024841930717229843, 1.9976507425308228
4772763, 3, 0.17214176058769226, 0.04047195613384247, 2.995974063873291
4772763, 4, 0.22953715920448303, 0.05365612357854843, 3.9946491718292236
4772763, 5, 0.2896154820919037, 0.06797431409358978, 4.993142127990723
4772763, 6, 0.3443393409252167, 0.07973667979240417, 5.991935729980469
4772763, 7, 0.40160447359085083, 0.09217988699674606, 6.990571022033691
4772763, 8, 0.4549903869628906, 0.10300092399120331, 7.989435195922852
4772763, 9, 0.508766770362854, 0.11391926556825638, 8.98826789855957
4772763, 10, 0.5636923313140869, 0.12542212009429932, 9.987059593200684
4772763, 11, 0.6200242638587952, 0.13739962875843048, 10.985788345336914
4772763, 12, 0.6720482110977173, 0.14774447679519653, 11.984777450561523
4772763, 13, 0.6976457834243774, 0.1502571851015091, 12.984647750854492
4772763, 14, 0.7251965999603271, 0.15316954255104065, 13.984456062316895
4772763, 15, 0.7648988366127014, 0.159107968211174, 14.983999252319336
4772763, 16, 0.7942287921905518, 0.1621609777212143, 15.983773231506348
4772763, 17, 0.8319910168647766, 0.16766132414340973, 16.983327865600586
4772763, 18, 0.8644167184829712, 0.17160893976688385, 17.98303985595703
4772763, 19, 0.9163925051689148, 0.18180732429027557, 18.98196029663086
4772763, 20, 0.948975682258606, 0.18575286865234375, 19.981670379638672
4772763, 21, 0.9788377285003662, 0.18896940350532532, 20.981449127197266
4772763, 22, 1.0122830867767334, 0.1927614063024521, 21.981082916259766
4772763, 23, 1.042481780052185, 0.19632591307163239, 22.98084831237793
4772763, 24, 1.0793367624282837, 0.20107463002204895, 23.980419158935547
4772763, 25, 1.1318817138671875, 0.2108026146888733, 24.979320526123047
4772763, 26, 1.1591753959655762, 0.2135411649942398, 25.97916030883789
4772763, 27, 1.219358205795288, 0.22736263275146484, 26.97767448425293
4772763, 28, 1.2849141359329224, 0.24368762969970703, 27.975828170776367
4772763, 29, 1.342240810394287, 0.25620272755622864, 28.974498748779297
4772763, 30, 1.4083027839660645, 0.2726586163043976, 29.972583770751953
4850951, 1, 0.09870004653930664, 0.037101779133081436, 0.9951383471488953
4850951, 2, 0.1976815015077591, 0.07477954030036926, 1.9902327060699463
4850951, 3, 0.29642826318740845, 0.11268337070941925, 2.9853248596191406
4850951, 4, 0.3917798101902008, 0.14820416271686554, 3.980759859085083
4850951, 5, 0.45681431889533997, 0.16500051319599152, 4.9787187576293945
4850951, 6, 0.4971459209918976, 0.17094381153583527, 5.978065490722656
4850951, 7, 0.5620377063751221, 0.18708623945713043, 6.976099491119385
4850951, 8, 0.6459863781929016, 0.21356043219566345, 7.972724914550781
4850951, 9, 0.7116350531578064, 0.22985605895519257, 8.97093677520752
4850951, 10, 0.7735861539840698, 0.24435293674468994, 9.969398498535156
4850951, 11, 0.8309004902839661, 0.2568483352661133, 10.96814250946045
4850951, 12, 0.896221399307251, 0.2725324034690857, 11.966334342956543
4850951, 13, 0.9505454301834106, 0.28388166427612305, 12.965311050415039
4850951, 14, 1.006499171257019, 0.29604673385620117, 13.964240074157715
4850951, 15, 1.0704971551895142, 0.31171417236328125, 14.962719917297363
4850951, 16, 1.135603666305542, 0.3279573321342468, 15.961148262023926
4850951, 17, 1.2039445638656616, 0.34552767872810364, 16.959331512451172
4850951, 18, 1.2782387733459473, 0.36656033992767334, 17.95698356628418
4850951, 19, 1.34546959400177, 0.3841581642627716, 18.955242156982422
4850951, 20, 1.4179991483688354, 0.4045804738998413, 19.95294189453125
4850951, 21, 1.4881343841552734, 0.4241771697998047, 20.950767517089844
4850951, 22, 1.5561981201171875, 0.44228634238243103, 21.94883918762207
4850951, 23, 1.6257447004318237, 0.4608114957809448, 22.946773529052734
4850951, 24, 1.6895854473114014, 0.47650131583213806, 23.945083618164062
4850951, 25, 1.7532750368118286, 0.49207043647766113, 24.943437576293945
4850951, 26, 1.8223766088485718, 0.510216236114502, 25.941463470458984
4850951, 27, 1.8911851644515991, 0.5284786224365234, 26.939542770385742
4850951, 28, 1.953636646270752, 0.543691098690033, 27.938081741333008
4850951, 29, 2.023005962371826, 0.5619654059410095, 28.936084747314453
4850951, 30, 2.086911201477051, 0.5779305100440979, 29.934463500976562
2265761, 1, 0.05096667259931564, 0.010843922384083271, 0.9991006851196289
2265761, 2, 0.10441508889198303, 0.022278213873505592, 1.9981155395507812
2265761, 3, 0.15726330876350403, 0.03335452824831009, 2.9971704483032227
2265761, 4, 0.21174436807632446, 0.0449812151491642, 3.9960896968841553
2265761, 5, 0.26302212476730347, 0.05529598891735077, 4.995228290557861
2265761, 6, 0.32538262009620667, 0.07023507356643677, 5.993677139282227
2265761, 7, 0.38353681564331055, 0.0829581618309021, 6.992381572723389
2265761, 8, 0.43785274028778076, 0.09391911327838898, 7.99127197265625
2265761, 9, 0.4616093039512634, 0.09607651829719543, 8.991157531738281
2265761, 10, 0.514466404914856, 0.10642043501138687, 9.990034103393555
2265761, 11, 0.572178840637207, 0.11871103197336197, 10.988663673400879
2265761, 12, 0.627278745174408, 0.12990137934684753, 11.987497329711914
2265761, 13, 0.6811796426773071, 0.1404082477092743, 12.986429214477539
2265761, 14, 0.7234326004981995, 0.14654360711574554, 13.985782623291016
2265761, 15, 0.7569410800933838, 0.15055835247039795, 14.985431671142578
2265761, 16, 0.784949779510498, 0.15354634821414948, 15.985220909118652
2265761, 17, 0.8204060792922974, 0.15818904340267181, 16.98480224609375
2265761, 18, 0.8589606881141663, 0.1636093705892563, 17.984270095825195
2265761, 19, 0.8875288367271423, 0.1666465550661087, 18.98404884338379
2265761, 20, 0.9169666767120361, 0.16973981261253357, 19.983827590942383
2265761, 21, 0.9567896723747253, 0.17566633224487305, 20.983360290527344
2265761, 22, 0.9842914938926697, 0.17835327982902527, 21.983173370361328
2265761, 23, 1.014257788658142, 0.18164657056331635, 22.982921600341797
2265761, 24, 1.0405229330062866, 0.1841580718755722, 23.982738494873047
2265761, 25, 1.0653245449066162, 0.18648149073123932, 24.982593536376953
2265761, 26, 1.112204670906067, 0.19459086656570435, 25.981826782226562
2265761, 27, 1.1519309282302856, 0.20042292773723602, 26.981351852416992
2265761, 28, 1.1928461790084839, 0.20660677552223206, 27.980817794799805
2265761, 29, 1.237297773361206, 0.21397773921489716, 28.98015022277832
2265761, 30, 1.2983068227767944, 0.22763031721115112, 29.978567123413086
5038881, 1, 0.0486525259912014, 0.00991903804242611, 0.9992943406105042
5038881, 2, 0.11571919918060303, 0.027888020500540733, 1.9976383447647095
5038881, 3, 0.18283307552337646, 0.045527730137109756, 2.9959545135498047
5038881, 4, 0.25045961141586304, 0.06342102587223053, 3.9941349029541016
5038881, 5, 0.3142915964126587, 0.07959342002868652, 4.992407321929932
5038881, 6, 0.38620999455451965, 0.09956633299589157, 5.990063667297363
5038881, 7, 0.46213698387145996, 0.12181554734706879, 6.98752498626709
5038881, 8, 0.5235112309455872, 0.13683222234249115, 7.986088275909424
5038881, 9, 0.587177038192749, 0.15306490659713745, 8.984394073486328
5038881, 10, 0.6558310389518738, 0.17152118682861328, 9.982452392578125
5038881, 11, 0.7236950397491455, 0.19008658826351166, 10.980545997619629
5038881, 12, 0.7892511487007141, 0.2077951431274414, 11.97888469696045
5038881, 13, 0.8594896197319031, 0.22741004824638367, 12.97698974609375
5038881, 14, 0.8943342566490173, 0.23329021036624908, 13.976509094238281
5038881, 15, 0.9291452169418335, 0.23864345252513885, 14.976073265075684
5038881, 16, 1.004276990890503, 0.26004207134246826, 15.973697662353516
5038881, 17, 1.079814076423645, 0.28200459480285645, 16.971345901489258
5038881, 18, 1.1516448259353638, 0.30167028307914734, 17.969343185424805
5038881, 19, 1.220441460609436, 0.31943774223327637, 18.967540740966797
5038881, 20, 1.2884280681610107, 0.33688074350357056, 19.965930938720703
5038881, 21, 1.3581359386444092, 0.3553171157836914, 20.96411895751953
5038881, 22, 1.3991113901138306, 0.3627636730670929, 21.963504791259766
5038881, 23, 1.4426178932189941, 0.3712853789329529, 22.9627685546875
5038881, 24, 1.5114597082138062, 0.3895403742790222, 23.960962295532227
5038881, 25, 1.579737901687622, 0.40754061937332153, 24.959253311157227
5038881, 26, 1.648337960243225, 0.42582443356513977, 25.957443237304688
5038881, 27, 1.7174142599105835, 0.4443656802177429, 26.955562591552734
5038881, 28, 1.7887085676193237, 0.46411582827568054, 27.953611373901367
5038881, 29, 1.8583381175994873, 0.483436644077301, 28.95172882080078
5038881, 30, 1.9260042905807495, 0.5020948648452759, 29.949913024902344
4785791, 1, 0.08393217623233795, 0.02865637093782425, 0.9966188669204712
4785791, 2, 0.16849875450134277, 0.05697279050946236, 1.9932903051376343
4785791, 3, 0.25174278020858765, 0.08472367376089096, 2.990018844604492
4785791, 4, 0.33104780316352844, 0.10967011749744415, 3.9871435165405273
4785791, 5, 0.4206749200820923, 0.14147166907787323, 4.983136177062988
4785791, 6, 0.5144392848014832, 0.17650236189365387, 5.978755950927734
4785791, 7, 0.6048428416252136, 0.20879128575325012, 6.974795818328857
4785791, 8, 0.6811375021934509, 0.23200272023677826, 7.972267150878906
4785791, 9, 0.7838990092277527, 0.27355748414993286, 8.966930389404297
4785791, 10, 0.8580945730209351, 0.2956289052963257, 9.964658737182617
4785791, 11, 0.9317688941955566, 0.3177000880241394, 10.962323188781738
4785791, 12, 1.0122051239013672, 0.34362173080444336, 11.959293365478516
4785791, 13, 1.0887788534164429, 0.3670867383480072, 12.95663070678711
4785791, 14, 1.169802188873291, 0.3936959207057953, 13.953590393066406
4785791, 15, 1.236952543258667, 0.41235920786857605, 14.951679229736328
4785791, 16, 1.2717233896255493, 0.4168676435947418, 15.951409339904785
4785791, 17, 1.3082681894302368, 0.4218658208847046, 16.95110321044922
4785791, 18, 1.3848860263824463, 0.4456995129585266, 17.94826316833496
4785791, 19, 1.4690790176391602, 0.4738297462463379, 18.945049285888672
4785791, 20, 1.50261652469635, 0.4779098331928253, 19.94483757019043
4785791, 21, 1.5788800716400146, 0.5019315481185913, 20.942378997802734
4785791, 22, 1.6603487730026245, 0.5297775864601135, 21.939193725585938
4785791, 23, 1.694371223449707, 0.5342389345169067, 22.938961029052734
4785791, 24, 1.766645073890686, 0.5557529926300049, 23.936689376831055
4785791, 25, 1.8414690494537354, 0.5782195925712585, 24.9342041015625
4785791, 26, 1.9133046865463257, 0.5992765426635742, 25.931926727294922
4785791, 27, 1.9878339767456055, 0.6213839054107666, 26.9294376373291
4785791, 28, 2.0730233192443848, 0.6498684883117676, 27.9260311126709
4785791, 29, 2.1531760692596436, 0.6753681302070618, 28.923221588134766
4785791, 30, 2.2555978298187256, 0.7158751487731934, 29.917964935302734
1089412, 1, 0.06196894869208336, 0.016178753226995468, 0.9984903335571289
1089412, 2, 0.12990768253803253, 0.0352366641163826, 1.9964962005615234
1089412, 3, 0.1954188048839569, 0.052904095500707626, 2.9947164058685303
1089412, 4, 0.26478028297424316, 0.0727403461933136, 3.9926085472106934
1089412, 5, 0.3273090720176697, 0.0888170450925827, 4.990951061248779
1089412, 6, 0.40268874168395996, 0.11148151010274887, 5.98826789855957
1089412, 7, 0.47559303045272827, 0.13224561512470245, 6.985771179199219
1089412, 8, 0.5424308776855469, 0.15027596056461334, 7.983741760253906
1089412, 9, 0.6052650809288025, 0.16634060442447662, 8.982020378112793
1089412, 10, 0.667975127696991, 0.18218758702278137, 9.980240821838379
1089412, 11, 0.702900230884552, 0.18714596331119537, 10.979893684387207
1089412, 12, 0.7271800637245178, 0.18929976224899292, 11.979803085327148
1089412, 13, 0.7511209845542908, 0.1914578080177307, 12.979710578918457
1089412, 14, 0.7787094712257385, 0.194365993142128, 13.9795560836792
1089412, 15, 0.8071809411048889, 0.19742518663406372, 14.979406356811523
1089412, 16, 0.8352711200714111, 0.20031355321407318, 15.979265213012695
1089412, 17, 0.8639166355133057, 0.20328591763973236, 16.97911834716797
1089412, 18, 0.930769145488739, 0.22164008021354675, 17.9773006439209
1089412, 19, 0.9900069832801819, 0.23580095171928406, 18.976028442382812
1089412, 20, 1.0235000848770142, 0.24002479016780853, 19.975765228271484
1089412, 21, 1.0540128946304321, 0.24362380802631378, 20.97555160522461
1089412, 22, 1.0897787809371948, 0.24872368574142456, 21.9752254486084
1089412, 23, 1.1220924854278564, 0.2529335021972656, 22.97500228881836
1089412, 24, 1.152246117591858, 0.25646594166755676, 23.974830627441406
1089412, 25, 1.2114994525909424, 0.2708597481250763, 24.97342872619629
1089412, 26, 1.2700779438018799, 0.284848153591156, 25.972070693969727
1089412, 27, 1.3271641731262207, 0.29796135425567627, 26.970829010009766
1089412, 28, 1.3903683423995972, 0.31397730112075806, 27.96910858154297
1089412, 29, 1.4414695501327515, 0.32481056451797485, 28.968164443969727
1089412, 30, 1.4966421127319336, 0.3373432159423828, 29.96696662902832
4996894, 1, 0.067765973508358, 0.019621578976511955, 0.9979343414306641
4996894, 2, 0.13182052969932556, 0.036892324686050415, 1.9962530136108398
4996894, 3, 0.19920474290847778, 0.05551980435848236, 2.994333028793335
4996894, 4, 0.2758336663246155, 0.07914155721664429, 3.991652727127075
4996894, 5, 0.3483472764492035, 0.10044760257005692, 4.989334583282471
4996894, 6, 0.41663822531700134, 0.11941474676132202, 5.987362384796143
4996894, 7, 0.4824869632720947, 0.13705934584140778, 6.985605716705322
4996894, 8, 0.5488052368164062, 0.15481023490428925, 7.983832836151123
4996894, 9, 0.6141225099563599, 0.17214447259902954, 8.982088088989258
4996894, 10, 0.6745976209640503, 0.1872316598892212, 9.980597496032715
4996894, 11, 0.7288995385169983, 0.19942237436771393, 10.979503631591797
4996894, 12, 0.7906442880630493, 0.21473918855190277, 11.977994918823242
4996894, 13, 0.8553337454795837, 0.23160907626152039, 12.976325035095215
4996894, 14, 0.9217729568481445, 0.24930626153945923, 13.97460651397705
4996894, 15, 0.9485426545143127, 0.25205060839653015, 14.974471092224121
4996894, 16, 1.0195947885513306, 0.2725992798805237, 15.972381591796875
4996894, 17, 1.094669222831726, 0.29486194252967834, 16.970012664794922
4996894, 18, 1.1744074821472168, 0.31938350200653076, 17.96739959716797
4996894, 19, 1.2469993829727173, 0.3396804630756378, 18.965381622314453
4996894, 20, 1.2775704860687256, 0.34310752153396606, 19.96518325805664
4996894, 21, 1.307876467704773, 0.3467104434967041, 20.964982986450195
4996894, 22, 1.3342866897583008, 0.3493995666503906, 21.96484375
4996894, 23, 1.392396330833435, 0.36284875869750977, 22.963531494140625
4996894, 24, 1.4602538347244263, 0.38197362422943115, 23.96143913269043
4996894, 25, 1.5254408121109009, 0.39942774176597595, 24.959571838378906
4996894, 26, 1.5862677097320557, 0.4145282804965973, 25.95806884765625
4996894, 27, 1.6426823139190674, 0.42748451232910156, 26.956880569458008
4996894, 28, 1.7021914720535278, 0.4416750371456146, 27.955514907836914
4996894, 29, 1.7580395936965942, 0.4543898105621338, 28.954410552978516
4996894, 30, 1.8157254457473755, 0.4681260883808136, 29.953140258789062
1217886, 1, 0.05071893706917763, 0.010305800475180149, 0.9991751909255981
1217886, 2, 0.10558786988258362, 0.021791357547044754, 1.9981675148010254
1217886, 3, 0.16837692260742188, 0.03675006702542305, 2.9965806007385254
1217886, 4, 0.23417380452156067, 0.0531126894056797, 3.9947757720947266
1217886, 5, 0.28797706961631775, 0.06411726772785187, 4.9937663078308105
1217886, 6, 0.3400893807411194, 0.07438764721155167, 5.9928388595581055
1217886, 7, 0.38832223415374756, 0.08312230557203293, 6.99210262298584
1217886, 8, 0.43495070934295654, 0.09135784953832626, 7.991425514221191
1217886, 9, 0.4928330183029175, 0.10370063781738281, 8.990104675292969
1217886, 10, 0.5479307770729065, 0.11482168734073639, 9.9889554977417
1217886, 11, 0.6107625961303711, 0.12885324656963348, 10.987338066101074
1217886, 12, 0.6407972574234009, 0.13200876116752625, 11.987044334411621
1217886, 13, 0.6800960302352905, 0.13697630167007446, 12.986473083496094
1217886, 14, 0.7289249300956726, 0.14419692754745483, 13.9855375289917
1217886, 15, 0.7702619433403015, 0.14963549375534058, 14.984892845153809
1217886, 16, 0.795164167881012, 0.15188728272914886, 15.984743118286133
1217886, 17, 0.8238942623138428, 0.15501777827739716, 16.984500885009766
1217886, 18, 0.8663561344146729, 0.16129930317401886, 17.983823776245117
1217886, 19, 0.9183163046836853, 0.17133566737174988, 18.982995986938477
1217886, 20, 0.9521663188934326, 0.17568142712116241, 19.982606887817383
1217886, 21, 1.0043069124221802, 0.18473073840141296, 20.981517791748047
1217886, 22, 1.0559653043746948, 0.1933497190475464, 21.980457305908203
1217886, 23, 1.0842196941375732, 0.1962980479001999, 22.980207443237305
1217886, 24, 1.1347012519836426, 0.20542463660240173, 23.979312896728516
1217886, 25, 1.1823711395263672, 0.2136978954076767, 24.97859001159668
1217886, 26, 1.2282100915908813, 0.2216545045375824, 25.977930068969727
1217886, 27, 1.2831883430480957, 0.2328619360923767, 26.97675895690918
1217886, 28, 1.337705373764038, 0.24401439726352692, 27.97562026977539
1217886, 29, 1.389824628829956, 0.25423675775527954, 28.97466468811035
1217886, 30, 1.4418790340423584, 0.26452454924583435, 29.973716735839844
4820909, 1, 0.13559916615486145, 0.0693284347653389, 0.9899153709411621
4820909, 2, 0.2743712365627289, 0.13952921330928802, 1.9795893430709839
4820909, 3, 0.41672804951667786, 0.21068480610847473, 2.9689502716064453
4820909, 4, 0.5496366024017334, 0.27290207147598267, 3.959719181060791
4820909, 5, 0.6571465730667114, 0.31862878799438477, 4.953358173370361
4820909, 6, 0.7449632883071899, 0.34865495562553406, 5.949543476104736
4820909, 7, 0.8444656729698181, 0.3856022357940674, 6.944467067718506
4820909, 8, 0.9527932405471802, 0.4287054240703583, 7.938323020935059
4820909, 9, 1.0570439100265503, 0.46864527463912964, 8.932745933532715
4820909, 10, 1.172739028930664, 0.5173731446266174, 9.925738334655762
4820909, 11, 1.290451169013977, 0.5681530833244324, 10.918425559997559
4820909, 12, 1.3971232175827026, 0.6117611527442932, 11.912413597106934
4820909, 13, 1.5124021768569946, 0.6619315147399902, 12.905295372009277
4820909, 14, 1.5807127952575684, 0.6772420406341553, 13.903054237365723
4820909, 15, 1.6920475959777832, 0.7232551574707031, 14.896665573120117
4820909, 16, 1.794424057006836, 0.7631861567497253, 15.89135456085205
4820909, 17, 1.866373896598816, 0.7792925238609314, 16.888919830322266
4820909, 18, 1.9533350467681885, 0.8020092844963074, 17.885337829589844
4820909, 19, 2.025639533996582, 0.818433403968811, 18.882892608642578
4820909, 20, 2.0706708431243896, 0.8256379961967468, 19.882150650024414
4820909, 21, 2.1180789470672607, 0.8335145115852356, 20.881258010864258
4820909, 22, 2.1710011959075928, 0.8433167338371277, 21.880022048950195
4820909, 23, 2.2493016719818115, 0.8659029006958008, 22.877153396606445
4820909, 24, 2.3421430587768555, 0.8972287774085999, 23.87291717529297
4820909, 25, 2.4517221450805664, 0.9401209950447083, 24.866857528686523
4820909, 26, 2.553738594055176, 0.9770994186401367, 25.861797332763672
4820909, 27, 2.644688367843628, 1.007000207901001, 26.857837677001953
4820909, 28, 2.736297845840454, 1.037508487701416, 27.85378074645996
4820909, 29, 2.846736431121826, 1.0812890529632568, 28.84754753112793
4820909, 30, 2.9345102310180664, 1.1096229553222656, 29.84388542175293
1221647, 1, 0.05098409205675125, 0.010378575883805752, 0.9991770386695862
1221647, 2, 0.10564728081226349, 0.021816575899720192, 1.9981715679168701
1221647, 3, 0.16841831803321838, 0.036725498735904694, 2.99658203125
1221647, 4, 0.23435206711292267, 0.053122617304325104, 3.994764804840088
1221647, 5, 0.28795120120048523, 0.06404821574687958, 4.9937615394592285
1221647, 6, 0.3403010368347168, 0.07442361116409302, 5.992828845977783
1221647, 7, 0.3887052536010742, 0.08319991081953049, 6.99208927154541
1221647, 8, 0.4354221224784851, 0.09145267307758331, 7.9914116859436035
1221647, 9, 0.49323177337646484, 0.10379228740930557, 8.990084648132324
1221647, 10, 0.5482808947563171, 0.11488748341798782, 9.98893928527832
1221647, 11, 0.6109166145324707, 0.12884289026260376, 10.987325668334961
1221647, 12, 0.640868067741394, 0.13197319209575653, 11.987035751342773
1221647, 13, 0.6797584891319275, 0.1368589997291565, 12.986480712890625
1221647, 14, 0.7287546992301941, 0.1441076099872589, 13.985540390014648
1221647, 15, 0.7702162861824036, 0.14956051111221313, 14.984892845153809
1221647, 16, 0.7951708436012268, 0.15183162689208984, 15.9847412109375
1221647, 17, 0.8238363862037659, 0.1549406349658966, 16.984500885009766
1221647, 18, 0.8656407594680786, 0.16108278930187225, 17.98384666442871
1221647, 19, 0.917937159538269, 0.17125409841537476, 18.983013153076172
1221647, 20, 0.9517064094543457, 0.17557765543460846, 19.982624053955078
1221647, 21, 1.0037037134170532, 0.18461276590824127, 20.98154067993164
1221647, 22, 1.0554511547088623, 0.19325946271419525, 21.98047637939453
1221647, 23, 1.083737850189209, 0.19621650874614716, 22.980226516723633
1221647, 24, 1.134289264678955, 0.20537975430488586, 23.979328155517578
1221647, 25, 1.1818351745605469, 0.21361839771270752, 24.978609085083008
1221647, 26, 1.2275925874710083, 0.2215353101491928, 25.977949142456055
1221647, 27, 1.2825387716293335, 0.23271912336349487, 26.97677993774414
1221647, 28, 1.3369401693344116, 0.24384912848472595, 27.97564125061035
1221647, 29, 1.388848066329956, 0.2540352940559387, 28.97469139099121
1221647, 30, 1.4410202503204346, 0.26435789465904236, 29.973743438720703
5195398, 1, 0.05856870859861374, 0.01427572499960661, 0.9986360669136047
5195398, 2, 0.1221800222992897, 0.03137451410293579, 1.996880292892456
5195398, 3, 0.18230614066123962, 0.04657670855522156, 2.995377540588379
5195398, 4, 0.2356628030538559, 0.0583985261619091, 3.9943225383758545
5195398, 5, 0.29235249757766724, 0.07117696851491928, 4.993077278137207
5195398, 6, 0.3526596426963806, 0.08536993712186813, 5.9915642738342285
5195398, 7, 0.4054494798183441, 0.09628944844007492, 6.990549087524414
5195398, 8, 0.45980745553970337, 0.10781841725111008, 7.989375591278076
5195398, 9, 0.5016916394233704, 0.114731565117836, 8.98876667022705
5195398, 10, 0.5584477186203003, 0.12740258872509003, 9.987442970275879
5195398, 11, 0.6111345291137695, 0.13836552202701569, 10.986412048339844
5195398, 12, 0.6657944321632385, 0.1498953253030777, 11.985292434692383
5195398, 13, 0.7195737361907959, 0.16085512936115265, 12.984230995178223
5195398, 14, 0.7473996877670288, 0.16400155425071716, 13.98405933380127
5195398, 15, 0.7879580855369568, 0.17020130157470703, 14.983551025390625
5195398, 16, 0.8303558230400085, 0.1770283430814743, 15.983013153076172
5195398, 17, 0.8567672967910767, 0.17961885035037994, 16.98285484313965
5195398, 18, 0.8845407366752625, 0.18233391642570496, 17.982698440551758
5195398, 19, 0.9406319260597229, 0.19497650861740112, 18.981616973876953
5195398, 20, 1.0024645328521729, 0.20978036522865295, 19.980045318603516
5195398, 21, 1.0315219163894653, 0.2128456085920334, 20.979846954345703
5195398, 22, 1.05856192111969, 0.21559007465839386, 21.97968292236328
5195398, 23, 1.0849573612213135, 0.21816544234752655, 22.979537963867188
5195398, 24, 1.1158123016357422, 0.2217128872871399, 23.97925567626953
5195398, 25, 1.1731559038162231, 0.23387789726257324, 24.977924346923828
5195398, 26, 1.2278944253921509, 0.24517616629600525, 25.976789474487305
5195398, 27, 1.2885115146636963, 0.2591167092323303, 26.975345611572266
5195398, 28, 1.347011685371399, 0.27240923047065735, 27.974010467529297
5195398, 29, 1.3983882665634155, 0.2828048765659332, 28.973068237304688
5195398, 30, 1.4548078775405884, 0.2948881983757019, 29.971818923950195
5007479, 1, 0.06861043721437454, 0.019136451184749603, 0.9979678988456726
5007479, 2, 0.1527772843837738, 0.04648728296160698, 1.9945225715637207
5007479, 3, 0.23019278049468994, 0.06939730048179626, 2.9916718006134033
5007479, 4, 0.29974618554115295, 0.08791649341583252, 3.9894609451293945
5007479, 5, 0.3664776086807251, 0.10491722077131271, 4.9874267578125
5007479, 6, 0.42512938380241394, 0.11844149976968765, 5.985935688018799
5007479, 7, 0.4863141179084778, 0.13301347196102142, 6.984278678894043
5007479, 8, 0.5524768829345703, 0.14999189972877502, 7.982260704040527
5007479, 9, 0.6253002882003784, 0.17056532204151154, 8.979713439941406
5007479, 10, 0.6945577263832092, 0.18960480391979218, 9.977428436279297
5007479, 11, 0.752822995185852, 0.20317989587783813, 10.97598934173584
5007479, 12, 0.8175195455551147, 0.21947644650936127, 11.974071502685547
5007479, 13, 0.8901886940002441, 0.23963990807533264, 12.971512794494629
5007479, 14, 0.9638378620147705, 0.2605503797531128, 13.968684196472168
5007479, 15, 0.9945644736289978, 0.2639078199863434, 14.968342781066895
5007479, 16, 1.0271944999694824, 0.267734557390213, 15.967951774597168
5007479, 17, 1.0923067331314087, 0.28346824645996094, 16.96590805053711
5007479, 18, 1.1629612445831299, 0.30198755860328674, 17.963605880737305
5007479, 19, 1.2276908159255981, 0.31766781210899353, 18.96163558959961
5007479, 20, 1.259116768836975, 0.32123878598213196, 19.961288452148438
5007479, 21, 1.2875910997390747, 0.32415735721588135, 20.96103858947754
5007479, 22, 1.3152440786361694, 0.32692521810531616, 21.960830688476562
5007479, 23, 1.3459131717681885, 0.33039048314094543, 22.96054458618164
5007479, 24, 1.39691162109375, 0.3400783836841583, 23.959552764892578
5007479, 25, 1.4614372253417969, 0.3558201193809509, 24.957685470581055
5007479, 26, 1.533972144126892, 0.37589558959007263, 25.955385208129883
5007479, 27, 1.5899015665054321, 0.3880278468132019, 26.953847885131836
5007479, 28, 1.6376588344573975, 0.39555826783180237, 27.95281219482422
5007479, 29, 1.6933141946792603, 0.40562817454338074, 28.95136070251465
5007479, 30, 1.7435797452926636, 0.41404467821121216, 29.9502010345459
4431350, 1, 0.07000817358493805, 0.01961134932935238, 0.9978939890861511
4431350, 2, 0.1357107162475586, 0.03700865060091019, 1.9960908889770508
4431350, 3, 0.20333978533744812, 0.055830217897892, 2.99406099319458
4431350, 4, 0.27903395891189575, 0.07932864129543304, 3.9912753105163574
4431350, 5, 0.34694623947143555, 0.09818343818187714, 4.989116191864014
4431350, 6, 0.4098365306854248, 0.1142527312040329, 5.987297534942627
4431350, 7, 0.47852909564971924, 0.1330355405807495, 6.985055923461914
4431350, 8, 0.5490422248840332, 0.15234512090682983, 7.982815265655518
4431350, 9, 0.6182153224945068, 0.1707616150379181, 8.980710983276367
4431350, 10, 0.6793500185012817, 0.18504799902439117, 9.979127883911133
4431350, 11, 0.7032187581062317, 0.18718183040618896, 10.97903060913086
4431350, 12, 0.7279952764511108, 0.18952901661396027, 11.978918075561523
4431350, 13, 0.753440797328949, 0.1920291781425476, 12.978784561157227
4431350, 14, 0.7801710963249207, 0.19483666121959686, 13.978631019592285
4431350, 15, 0.807079017162323, 0.19758866727352142, 14.978471755981445
4431350, 16, 0.8375737071037292, 0.20115117728710175, 15.978265762329102
4431350, 17, 0.8692514896392822, 0.20508946478366852, 16.9780330657959
4431350, 18, 0.904919445514679, 0.20927317440509796, 17.97761344909668
4431350, 19, 0.9331087470054626, 0.21215373277664185, 18.977434158325195
4431350, 20, 0.9646716117858887, 0.2158268541097641, 19.977184295654297
4431350, 21, 0.9974738955497742, 0.21990112960338593, 20.976932525634766
4431350, 22, 1.0286791324615479, 0.22343777120113373, 21.976699829101562
4431350, 23, 1.0576488971710205, 0.22643063962459564, 22.97649383544922
4431350, 24, 1.0845757722854614, 0.22931228578090668, 23.97634506225586
4431350, 25, 1.1353446245193481, 0.23904530704021454, 24.975242614746094
4431350, 26, 1.2006076574325562, 0.25483760237693787, 25.97333335876465
4431350, 27, 1.2605265378952026, 0.2684265375137329, 26.971771240234375
4431350, 28, 1.3233169317245483, 0.2834903597831726, 27.969982147216797
4431350, 29, 1.384412169456482, 0.297808438539505, 28.96833038330078
4431350, 30, 1.4524115324020386, 0.31550922989845276, 29.966201782226562
5144366, 1, 0.062137749046087265, 0.015423626638948917, 0.9984680414199829
5144366, 2, 0.11417633295059204, 0.025974033400416374, 1.997570514678955
5144366, 3, 0.16725113987922668, 0.03682250529527664, 2.996586799621582
5144366, 4, 0.1944333165884018, 0.03985884413123131, 3.996368885040283
5144366, 5, 0.2540014088153839, 0.05326269939541817, 4.994985103607178
5144366, 6, 0.3158431649208069, 0.06742288172245026, 5.993443012237549
5144366, 7, 0.3817231059074402, 0.08313041925430298, 6.991640090942383
5144366, 8, 0.4503049850463867, 0.09969504922628403, 7.989645004272461
5144366, 9, 0.5108833909034729, 0.11294948309659958, 8.988100051879883
5144366, 10, 0.5376288294792175, 0.11687908321619034, 9.987715721130371
5144366, 11, 0.5649248957633972, 0.12101991474628448, 10.987298011779785
5144366, 12, 0.5987322330474854, 0.12664306163787842, 11.986690521240234
5144366, 13, 0.6370973587036133, 0.13318172097206116, 12.985944747924805
5144366, 14, 0.6758848428726196, 0.13947586715221405, 13.9852294921875
5144366, 15, 0.7158669829368591, 0.14598286151885986, 14.984479904174805
5144366, 16, 0.7528573274612427, 0.15205161273479462, 15.983808517456055
5144366, 17, 0.7918283939361572, 0.15895259380340576, 16.983049392700195
5144366, 18, 0.8506904244422913, 0.17180702090263367, 17.98164939880371
5144366, 19, 0.9139667749404907, 0.18636783957481384, 18.980016708374023
5144366, 20, 0.9842264652252197, 0.20394465327262878, 19.977903366088867
5144366, 21, 1.0514473915100098, 0.22047848999500275, 20.975955963134766
5144366, 22, 1.115074634552002, 0.23495174944400787, 21.974260330200195
5144366, 23, 1.179487705230713, 0.24944838881492615, 22.972530364990234
5144366, 24, 1.2375530004501343, 0.26171621680259705, 23.971153259277344
5144366, 25, 1.2929850816726685, 0.27330100536346436, 24.96990966796875
5144366, 26, 1.3439600467681885, 0.28367751836776733, 25.968881607055664
5144366, 27, 1.3978073596954346, 0.2949766516685486, 26.967723846435547
5144366, 28, 1.4513393640518188, 0.3062663972377777, 27.966571807861328
5144366, 29, 1.5030893087387085, 0.31700876355171204, 28.965496063232422
5144366, 30, 1.554643154144287, 0.3277488648891449, 29.964433670043945
5037673, 1, 0.06009875610470772, 0.015026373788714409, 0.9986088871955872
5037673, 2, 0.11812398582696915, 0.028825435787439346, 1.9973595142364502
5037673, 3, 0.17790398001670837, 0.04354347661137581, 2.9959628582000732
5037673, 4, 0.2402322143316269, 0.05946427583694458, 3.99432373046875
5037673, 5, 0.30833297967910767, 0.07811637967824936, 4.992147445678711
5037673, 6, 0.36055681109428406, 0.0891338363289833, 5.99118709564209
5037673, 7, 0.41429048776626587, 0.10065097361803055, 6.990154266357422
5037673, 8, 0.4696008563041687, 0.11309760063886642, 7.988986968994141
5037673, 9, 0.5242608189582825, 0.12539125978946686, 8.987846374511719
5037673, 10, 0.5798460841178894, 0.1380123794078827, 9.98664665222168
5037673, 11, 0.6201406121253967, 0.1443508416414261, 10.98613452911377
5037673, 12, 0.6585835218429565, 0.14940261840820312, 11.985635757446289
5037673, 13, 0.690789520740509, 0.1531989425420761, 12.98534870147705
5037673, 14, 0.7503570318222046, 0.1673295795917511, 13.983973503112793
5037673, 15, 0.8054543733596802, 0.17975649237632751, 14.98291015625
5037673, 16, 0.8766427636146545, 0.19936716556549072, 15.980742454528809
5037673, 17, 0.9185292720794678, 0.20629383623600006, 16.980125427246094
5037673, 18, 0.9522665143013, 0.2106364369392395, 17.979835510253906
5037673, 19, 0.9843549728393555, 0.21449510753154755, 18.979604721069336
5037673, 20, 1.0169227123260498, 0.21836815774440765, 19.979347229003906
5037673, 21, 1.0520254373550415, 0.22299730777740479, 20.979013442993164
5037673, 22, 1.081120491027832, 0.22625841200351715, 21.978845596313477
5037673, 23, 1.1130648851394653, 0.2301027476787567, 22.978588104248047
5037673, 24, 1.1566886901855469, 0.2374802678823471, 23.97797393798828
5037673, 25, 1.219572901725769, 0.25298643112182617, 24.976383209228516
5037673, 26, 1.2809209823608398, 0.2682447135448456, 25.97481918334961
5037673, 27, 1.3445897102355957, 0.28501594066619873, 26.973085403442383
5037673, 28, 1.4100861549377441, 0.30239322781562805, 27.971349716186523
5037673, 29, 1.4709718227386475, 0.31744861602783203, 28.969881057739258
5037673, 30, 1.532725214958191, 0.3330123722553253, 29.968305587768555
4766524, 1, 0.08098914474248886, 0.02753487043082714, 0.9967186450958252
4766524, 2, 0.15774568915367126, 0.05264962092041969, 1.9938991069793701
4766524, 3, 0.24028298258781433, 0.08098778128623962, 2.9905614852905273
4766524, 4, 0.32178881764411926, 0.10851217806339264, 3.987286329269409
4766524, 5, 0.39702218770980835, 0.1324337124824524, 4.984521865844727
4766524, 6, 0.47098681330680847, 0.15567843616008759, 5.981934547424316
4766524, 7, 0.5479186773300171, 0.18048205971717834, 6.979196548461914
4766524, 8, 0.6271127462387085, 0.20733118057250977, 7.976158142089844
4766524, 9, 0.704485297203064, 0.23305213451385498, 8.973248481750488
4766524, 10, 0.7836971879005432, 0.26046982407569885, 9.96996784210205
4766524, 11, 0.8673352599143982, 0.2909407317638397, 10.966198921203613
4766524, 12, 0.9097365736961365, 0.298393577337265, 11.96544075012207
4766524, 13, 0.9427399039268494, 0.30282828211784363, 12.965100288391113
4766524, 14, 1.0197335481643677, 0.3282739520072937, 13.96227741241455
4766524, 15, 1.0972697734832764, 0.3538053333759308, 14.959480285644531
4766524, 16, 1.1777105331420898, 0.38169771432876587, 15.956525802612305
4766524, 17, 1.263099193572998, 0.4119780659675598, 16.953105926513672
4766524, 18, 1.2992955446243286, 0.4168407618999481, 17.952760696411133
4766524, 19, 1.3703018426895142, 0.43873098492622375, 18.950544357299805
4766524, 20, 1.4503676891326904, 0.46586161851882935, 19.947540283203125
4766524, 21, 1.4896020889282227, 0.47160884737968445, 20.94709014892578
4766524, 22, 1.567683458328247, 0.49801453948020935, 21.94418716430664
4766524, 23, 1.6449311971664429, 0.5238251090049744, 22.941526412963867
4766524, 24, 1.7307443618774414, 0.5547748804092407, 23.93800163269043
4766524, 25, 1.8142693042755127, 0.584181547164917, 24.934619903564453
4766524, 26, 1.8937450647354126, 0.6106979846954346, 25.931486129760742
4766524, 27, 1.9686944484710693, 0.6337954998016357, 26.92888641357422
4766524, 28, 2.044602632522583, 0.6576452851295471, 27.926223754882812
4766524, 29, 2.115497350692749, 0.6785165667533875, 28.924020767211914
4766524, 30, 2.1991217136383057, 0.7071029543876648, 29.920696258544922
1262475, 1, 0.05171635001897812, 0.010957753285765648, 0.9990180730819702
1262475, 2, 0.10151803493499756, 0.020831599831581116, 1.9981346130371094
1262475, 3, 0.15392792224884033, 0.03151709586381912, 2.997140884399414
1262475, 4, 0.20869562029838562, 0.04299619793891907, 3.996033191680908
1262475, 5, 0.27248644828796387, 0.05814038962125778, 4.994332313537598
1262475, 6, 0.329061895608902, 0.0700366422533989, 5.993093490600586
1262475, 7, 0.376616507768631, 0.07860836386680603, 6.992373943328857
1262475, 8, 0.4184226095676422, 0.0853089764714241, 7.991849899291992
1262475, 9, 0.45055538415908813, 0.08934485167264938, 8.991506576538086
1262475, 10, 0.48357200622558594, 0.09369315207004547, 9.991134643554688
1262475, 11, 0.5225778818130493, 0.09913700819015503, 10.99055290222168
1262475, 12, 0.5602446794509888, 0.1042596772313118, 11.990023612976074
1262475, 13, 0.6000333428382874, 0.10993931442499161, 12.989425659179688
1262475, 14, 0.642936646938324, 0.11648165434598923, 13.988716125488281
1262475, 15, 0.6827297806739807, 0.12203780561685562, 14.98812198638916
1262475, 16, 0.7190955877304077, 0.12672396004199982, 15.987646102905273
1262475, 17, 0.7498660087585449, 0.13037052750587463, 16.987329483032227
1262475, 18, 0.7770395278930664, 0.13324525952339172, 17.98712730407715
1262475, 19, 0.8068673610687256, 0.1366921216249466, 18.986852645874023
1262475, 20, 0.839026689529419, 0.14067822694778442, 19.986494064331055
1262475, 21, 0.8786110877990723, 0.14645478129386902, 20.98586082458496
1262475, 22, 0.9118762612342834, 0.15077437460422516, 21.98545265197754
1262475, 23, 0.9384393095970154, 0.15361270308494568, 22.9852352142334
1262475, 24, 0.9627854824066162, 0.15602897107601166, 23.985063552856445
1262475, 25, 0.9987025260925293, 0.16060204803943634, 24.98455810546875
1262475, 26, 1.0523828268051147, 0.17101167142391205, 25.983505249023438
1262475, 27, 1.1045279502868652, 0.1809709370136261, 26.982559204101562
1262475, 28, 1.1591700315475464, 0.19200360774993896, 27.9814510345459
1262475, 29, 1.2146960496902466, 0.20340806245803833, 28.980289459228516
1262475, 30, 1.2690054178237915, 0.2144709825515747, 29.979150772094727
5010602, 1, 0.05987012758851051, 0.015179896727204323, 0.9985252618789673
5010602, 2, 0.11703592538833618, 0.02863498590886593, 1.997267246246338
5010602, 3, 0.1772281676530838, 0.04314402490854263, 2.9958181381225586
5010602, 4, 0.23359575867652893, 0.055942557752132416, 3.9946088790893555
5010602, 5, 0.29410606622695923, 0.07052801549434662, 4.993117809295654
5010602, 6, 0.3435177206993103, 0.08032675832509995, 5.992325305938721
5010602, 7, 0.4007113575935364, 0.09305626899003983, 6.991018295288086
5010602, 8, 0.4577459394931793, 0.10561942309141159, 7.9897050857543945
5010602, 9, 0.5115158557891846, 0.1167885959148407, 8.988591194152832
5010602, 10, 0.5649572610855103, 0.12766769528388977, 9.987460136413574
5010602, 11, 0.6113348603248596, 0.13586153090000153, 10.986681938171387
5010602, 12, 0.6532517075538635, 0.14271464943885803, 11.986076354980469
5010602, 13, 0.698422372341156, 0.15072506666183472, 12.98530101776123
5010602, 14, 0.7482983469963074, 0.16059087216854095, 13.984275817871094
5010602, 15, 0.8062610030174255, 0.17423401772975922, 14.98276138305664
5010602, 16, 0.8646907210350037, 0.18800492584705353, 15.981247901916504
5010602, 17, 0.9053843021392822, 0.19444088637828827, 16.980710983276367
5010602, 18, 0.9578027129173279, 0.20553460717201233, 17.979772567749023
5010602, 19, 1.0142062902450562, 0.21851114928722382, 18.97856330871582
5010602, 20, 1.0701947212219238, 0.2312823235988617, 19.977388381958008
5010602, 21, 1.1306664943695068, 0.24611078202724457, 20.975894927978516
5010602, 22, 1.1834384202957153, 0.25712868571281433, 21.97482681274414
5010602, 23, 1.2434403896331787, 0.27121374011039734, 22.973434448242188
5010602, 24, 1.3054070472717285, 0.2864133417606354, 23.97185707092285
5010602, 25, 1.3650184869766235, 0.300429105758667, 24.97034454345703
5010602, 26, 1.4182488918304443, 0.3116813004016876, 25.969194412231445
5010602, 27, 1.4696204662322998, 0.3220295310020447, 26.96813201904297
5010602, 28, 1.52180814743042, 0.3325752317905426, 27.967029571533203
5010602, 29, 1.573373556137085, 0.34298139810562134, 28.965959548950195
5010602, 30, 1.6237984895706177, 0.3530398905277252, 29.96495246887207
4961513, 1, 0.060532379895448685, 0.01577949710190296, 0.9984428882598877
4961513, 2, 0.12452457845211029, 0.03298363462090492, 1.9966198205947876
4961513, 3, 0.19407346844673157, 0.05295037105679512, 2.9943008422851562
4961513, 4, 0.26498734951019287, 0.07317360490560532, 3.991872549057007
4961513, 5, 0.3232530653476715, 0.08672729134559631, 4.9903693199157715
4961513, 6, 0.3966553211212158, 0.108314648270607, 5.987903594970703
4961513, 7, 0.4701956510543823, 0.13026654720306396, 6.98541259765625
4961513, 8, 0.5432175993919373, 0.15233846008777618, 7.982858180999756
4961513, 9, 0.6102662682533264, 0.17092248797416687, 8.98083209991455
4961513, 10, 0.6825789213180542, 0.1919577568769455, 9.978468894958496
4961513, 11, 0.7519528865814209, 0.21161018311977386, 10.976284980773926
4961513, 12, 0.8165362477302551, 0.2284892350435257, 11.974560737609863
4961513, 13, 0.8829187154769897, 0.24646107852458954, 12.972644805908203
4961513, 14, 0.932247519493103, 0.25636595487594604, 13.97166633605957
4961513, 15, 0.9626791477203369, 0.2596260607242584, 14.971394538879395
4961513, 16, 0.9932105541229248, 0.26294010877609253, 15.971152305603027
4961513, 17, 1.0644859075546265, 0.28287428617477417, 16.9692325592041
4961513, 18, 1.1491732597351074, 0.3106596767902374, 17.965862274169922
4961513, 19, 1.1807410717010498, 0.3143928647041321, 18.965620040893555
4961513, 20, 1.212715744972229, 0.3183192014694214, 19.965370178222656
4961513, 21, 1.241060495376587, 0.32136860489845276, 20.965150833129883
4961513, 22, 1.2716975212097168, 0.3250327706336975, 21.96491050720215
4961513, 23, 1.339538335800171, 0.34391409158706665, 22.96294593811035
4961513, 24, 1.4015934467315674, 0.35966232419013977, 23.961341857910156
4961513, 25, 1.4678335189819336, 0.37716206908226013, 24.95941162109375
4961513, 26, 1.5350372791290283, 0.3952556848526001, 25.957365036010742
4961513, 27, 1.6079914569854736, 0.4168272018432617, 26.95479393005371
4961513, 28, 1.6853443384170532, 0.4415210485458374, 27.951805114746094
4961513, 29, 1.7546284198760986, 0.46056103706359863, 28.94959259033203
4961513, 30, 1.8136463165283203, 0.47437888383865356, 29.948070526123047
5059948, 1, 0.08384270966053009, 0.026946812868118286, 0.9966135621070862
5059948, 2, 0.1622271090745926, 0.05027620494365692, 1.9937808513641357
5059948, 3, 0.22355562448501587, 0.06498026847839355, 2.9922032356262207
5059948, 4, 0.2967999279499054, 0.08544424176216125, 3.98984432220459
5059948, 5, 0.37412723898887634, 0.10795073211193085, 4.987084865570068
5059948, 6, 0.45021742582321167, 0.12974493205547333, 5.984439849853516
5059948, 7, 0.5319983959197998, 0.15465548634529114, 6.9813385009765625
5059948, 8, 0.6025643944740295, 0.1724809855222702, 7.979257106781006
5059948, 9, 0.6499614119529724, 0.1809636354446411, 8.978447914123535
5059948, 10, 0.6774164438247681, 0.1843734085559845, 9.978155136108398
5059948, 11, 0.7245087623596191, 0.19226956367492676, 10.977319717407227
5059948, 12, 0.7902985215187073, 0.20739656686782837, 11.975441932678223
5059948, 13, 0.8504838347434998, 0.21985653042793274, 12.973881721496582
5059948, 14, 0.910606324672699, 0.2325458973646164, 13.972333908081055
5059948, 15, 0.9470499157905579, 0.23754222691059113, 14.971797943115234
5059948, 16, 0.9815095067024231, 0.24216851592063904, 15.971335411071777
5059948, 17, 1.0127415657043457, 0.24601994454860687, 16.970989227294922
5059948, 18, 1.0832116603851318, 0.2644200026988983, 17.968910217285156
5059948, 19, 1.1561139822006226, 0.2837522029876709, 18.966670989990234
5059948, 20, 1.221916913986206, 0.30032041668891907, 19.964614868164062
5059948, 21, 1.253767728805542, 0.30441445112228394, 20.964275360107422
5059948, 22, 1.283349871635437, 0.3080173432826996, 21.96397590637207
5059948, 23, 1.3113179206848145, 0.31154435873031616, 22.96368980407715
5059948, 24, 1.3467952013015747, 0.31615346670150757, 23.963199615478516
5059948, 25, 1.3766294717788696, 0.3200976252555847, 24.9628849029541
5059948, 26, 1.455435872077942, 0.3412385582923889, 25.960227966308594
5059948, 27, 1.5360831022262573, 0.36356374621391296, 26.9573917388916
5059948, 28, 1.6061174869537354, 0.38053902983665466, 27.955371856689453
5059948, 29, 1.6783705949783325, 0.39857468008995056, 28.95318603515625
5059948, 30, 1.7506306171417236, 0.41652607917785645, 29.951017379760742
4855738, 1, 0.06139922887086868, 0.016075165942311287, 0.9984038472175598
4855738, 2, 0.11816388368606567, 0.030062057077884674, 1.9970483779907227
4855738, 3, 0.1802998185157776, 0.04628419131040573, 2.995309352874756
4855738, 4, 0.24561208486557007, 0.0639413446187973, 3.993375778198242
4855738, 5, 0.31116703152656555, 0.08156600594520569, 4.991440773010254
4855738, 6, 0.3712025582790375, 0.09624513238668442, 5.989954948425293
4855738, 7, 0.4284936189651489, 0.10934871435165405, 6.9886369705200195
4855738, 8, 0.48471197485923767, 0.1218448355793953, 7.987390995025635
4855738, 9, 0.5414574146270752, 0.13442589342594147, 8.9861478805542
4855738, 10, 0.5969151258468628, 0.14632925391197205, 9.984983444213867
4855738, 11, 0.6512027978897095, 0.15779772400856018, 10.983881950378418
4855738, 12, 0.703528642654419, 0.16861411929130554, 11.982909202575684
4855738, 13, 0.7601854205131531, 0.18095943331718445, 12.98170280456543
4855738, 14, 0.8144583106040955, 0.1925090253353119, 13.980646133422852
4855738, 15, 0.8709079027175903, 0.20504385232925415, 14.97954273223877
4855738, 16, 0.93404620885849, 0.22062218189239502, 15.978086471557617
4855738, 17, 0.9971989989280701, 0.2367510348558426, 16.976661682128906
4855738, 18, 1.066664218902588, 0.2561822831630707, 17.97472381591797
4855738, 19, 1.130391240119934, 0.2721279561519623, 18.9732723236084
4855738, 20, 1.1689108610153198, 0.27790510654449463, 19.972734451293945
4855738, 21, 1.1968038082122803, 0.2808535695075989, 20.97256851196289
4855738, 22, 1.2318100929260254, 0.28577521443367004, 21.972190856933594
4855738, 23, 1.2865601778030396, 0.29770994186401367, 22.971019744873047
4855738, 24, 1.3349668979644775, 0.30717703700065613, 23.970245361328125
4855738, 25, 1.3812788724899292, 0.31572622060775757, 24.96959114074707
4855738, 26, 1.428410530090332, 0.32450735569000244, 25.968910217285156
4855738, 27, 1.4811079502105713, 0.3352394998073578, 26.9680233001709
4855738, 28, 1.5324711799621582, 0.3455844521522522, 27.96721076965332
4855738, 29, 1.5837572813034058, 0.3559349775314331, 28.96639633178711
4855738, 30, 1.639236330986023, 0.36800286173820496, 29.965328216552734
