Case_ID, Slide_ID, mae, mse, ssim
5266205, 1, 0.059066951274871826, 0.010267728939652443, 0.9992718696594238
5266205, 2, 0.12107165902853012, 0.021604105830192566, 1.9983919858932495
5266205, 3, 0.184058278799057, 0.03328067064285278, 2.9974703788757324
5266205, 4, 0.26292189955711365, 0.05111933499574661, 3.9956631660461426
5266205, 5, 0.323005735874176, 0.06175990402698517, 4.994948863983154
5266205, 6, 0.3819946050643921, 0.07222975045442581, 5.994284152984619
5266205, 7, 0.4396132230758667, 0.08241736888885498, 6.993704795837402
5266205, 8, 0.4969249665737152, 0.0926041230559349, 7.99315071105957
5266205, 9, 0.5542874932289124, 0.1029157042503357, 8.992618560791016
5266205, 10, 0.6105958223342896, 0.11282612383365631, 9.992136001586914
5266205, 11, 0.6655468940734863, 0.12221148610115051, 10.991686820983887
5266205, 12, 0.7202212810516357, 0.13166187703609467, 11.991235733032227
5266205, 13, 0.7711987495422363, 0.1393694132566452, 12.990612030029297
5266205, 14, 0.8277466893196106, 0.14851868152618408, 13.989752769470215
5266205, 15, 0.8654693961143494, 0.15302413702011108, 14.989473342895508
5266205, 16, 0.9105544090270996, 0.15914160013198853, 15.988975524902344
5266205, 17, 0.9647912383079529, 0.16750331223011017, 16.98815155029297
5266205, 18, 1.0177134275436401, 0.1753716915845871, 17.987382888793945
5266205, 19, 1.0659186840057373, 0.1819046139717102, 18.986785888671875
5266205, 20, 1.1132498979568481, 0.1889820545911789, 19.986425399780273
5266205, 21, 1.162160038948059, 0.19650159776210785, 20.98603630065918
5266205, 22, 1.2125880718231201, 0.20453400909900665, 21.985620498657227
5266205, 23, 1.2661962509155273, 0.21335983276367188, 22.985116958618164
5266205, 24, 1.3221062421798706, 0.2227870225906372, 23.984554290771484
5266205, 25, 1.3768024444580078, 0.2319577932357788, 24.98404312133789
5266205, 26, 1.4470309019088745, 0.24642902612686157, 25.982868194580078
5266205, 27, 1.524196982383728, 0.2638355791568756, 26.9813175201416
5266205, 28, 1.5955621004104614, 0.27890831232070923, 27.979990005493164
5266205, 29, 1.6718401908874512, 0.2961270809173584, 28.978458404541016
5266205, 30, 1.7398637533187866, 0.3099307119846344, 29.977476119995117
5110047, 1, 0.03702995926141739, 0.00438379542902112, 0.9997315406799316
5110047, 2, 0.07386647164821625, 0.008600594475865364, 1.9994826316833496
5110047, 3, 0.11275867372751236, 0.013557491824030876, 2.9991908073425293
5110047, 4, 0.17843012511730194, 0.025924280285835266, 3.9981863498687744
5110047, 5, 0.24334335327148438, 0.03811607137322426, 4.997213840484619
5110047, 6, 0.2990516424179077, 0.04735523834824562, 5.996566295623779
5110047, 7, 0.33708685636520386, 0.05158424749970436, 6.996302127838135
5110047, 8, 0.3743410110473633, 0.0560670867562294, 7.996061325073242
5110047, 9, 0.4108121693134308, 0.06028580293059349, 8.995830535888672
5110047, 10, 0.47499123215675354, 0.07237539440393448, 9.99483871459961
5110047, 11, 0.5372105240821838, 0.0838954895734787, 10.993929862976074
5110047, 12, 0.5926640629768372, 0.09328529238700867, 11.993356704711914
5110047, 13, 0.6308975219726562, 0.09817609935998917, 12.993122100830078
5110047, 14, 0.6675230264663696, 0.10260097682476044, 13.992910385131836
5110047, 15, 0.702992856502533, 0.10648321360349655, 14.992704391479492
5110047, 16, 0.7378702759742737, 0.11026572436094284, 15.992501258850098
5110047, 17, 0.7723972201347351, 0.1139555349946022, 16.992298126220703
5110047, 18, 0.8092665076255798, 0.11828914284706116, 17.99203872680664
5110047, 19, 0.8449399471282959, 0.12229468673467636, 18.991804122924805
5110047, 20, 0.8808086514472961, 0.12634405493736267, 19.9915714263916
5110047, 21, 0.943736732006073, 0.13846829533576965, 20.990703582763672
5110047, 22, 1.0203832387924194, 0.15614436566829681, 21.989147186279297
5110047, 23, 1.0850242376327515, 0.16895504295825958, 22.98823356628418
5110047, 24, 1.150874137878418, 0.18220697343349457, 23.987218856811523
5110047, 25, 1.2153817415237427, 0.19515836238861084, 24.986183166503906
5110047, 26, 1.2800225019454956, 0.20809490978717804, 25.98508071899414
5110047, 27, 1.3420740365982056, 0.22007913887500763, 26.984155654907227
5110047, 28, 1.406798005104065, 0.2330745905637741, 27.983081817626953
5110047, 29, 1.480410099029541, 0.24935704469680786, 28.9815616607666
5110047, 30, 1.5564807653427124, 0.2667924463748932, 29.979909896850586
4954663, 1, 0.0423312671482563, 0.005445260554552078, 0.9996539950370789
4954663, 2, 0.0826297402381897, 0.010200798511505127, 1.9993607997894287
4954663, 3, 0.12255719304084778, 0.014861444011330605, 2.9990735054016113
4954663, 4, 0.16170084476470947, 0.019740168005228043, 3.998790740966797
4954663, 5, 0.2013367861509323, 0.02488393522799015, 4.998472690582275
4954663, 6, 0.27820175886154175, 0.04229483753442764, 5.997256755828857
4954663, 7, 0.3241457939147949, 0.04871425777673721, 6.9969024658203125
4954663, 8, 0.3649631440639496, 0.054158687591552734, 7.996570587158203
4954663, 9, 0.4049032926559448, 0.05924270674586296, 8.99626350402832
4954663, 10, 0.444968044757843, 0.06395061314105988, 9.995950698852539
4954663, 11, 0.4862200617790222, 0.06968775391578674, 10.99558162689209
4954663, 12, 0.5238767266273499, 0.07415787130594254, 11.995328903198242
4954663, 13, 0.5615242719650269, 0.07875340431928635, 12.995065689086914
4954663, 14, 0.5997732281684875, 0.08360108733177185, 13.994793891906738
4954663, 15, 0.6370444893836975, 0.0881144106388092, 14.994548797607422
4954663, 16, 0.6752088665962219, 0.09233682602643967, 15.994277000427246
4954663, 17, 0.7136437892913818, 0.09708000719547272, 16.9940128326416
4954663, 18, 0.7512776255607605, 0.10171789675951004, 17.993776321411133
4954663, 19, 0.7900419235229492, 0.10639789700508118, 18.993532180786133
4954663, 20, 0.8635443449020386, 0.1226835772395134, 19.992385864257812
4954663, 21, 0.940413236618042, 0.14036117494106293, 20.99104118347168
4954663, 22, 1.0124421119689941, 0.15592046082019806, 21.98986053466797
4954663, 23, 1.0796910524368286, 0.16967597603797913, 22.988927841186523
4954663, 24, 1.156733751296997, 0.1873219609260559, 23.987485885620117
4954663, 25, 1.2301084995269775, 0.20333565771579742, 24.986284255981445
4954663, 26, 1.317751407623291, 0.2254536747932434, 25.984272003173828
4954663, 27, 1.3989651203155518, 0.2446732521057129, 26.982818603515625
4954663, 28, 1.4834572076797485, 0.26559707522392273, 27.981060028076172
4954663, 29, 1.569355845451355, 0.28772443532943726, 28.97921371459961
4954663, 30, 1.6100584268569946, 0.2920616865158081, 29.97885513305664
4899760, 1, 0.09060950577259064, 0.024566827341914177, 0.9977865219116211
4899760, 2, 0.16252467036247253, 0.04036913812160492, 1.9966940879821777
4899760, 3, 0.23277851939201355, 0.05530748516321182, 2.9956488609313965
4899760, 4, 0.3076392114162445, 0.07200384885072708, 3.9943559169769287
4899760, 5, 0.39005717635154724, 0.09234132617712021, 4.992504119873047
4899760, 6, 0.4787720739841461, 0.11577961593866348, 5.99049711227417
4899760, 7, 0.518441379070282, 0.12034569680690765, 6.990264892578125
4899760, 8, 0.5580881237983704, 0.12488634139299393, 7.990040302276611
4899760, 9, 0.6033583283424377, 0.13064062595367432, 8.989667892456055
4899760, 10, 0.643527626991272, 0.13520006835460663, 9.989439964294434
4899760, 11, 0.6870009303092957, 0.14041286706924438, 10.9891357421875
4899760, 12, 0.7261549830436707, 0.14473585784435272, 11.988919258117676
4899760, 13, 0.7640942931175232, 0.1489650160074234, 12.988712310791016
4899760, 14, 0.8035081028938293, 0.15366074442863464, 13.98847770690918
4899760, 15, 0.8461050391197205, 0.15882541239261627, 14.988175392150879
4899760, 16, 0.884787917137146, 0.16315318644046783, 15.987947463989258
4899760, 17, 0.9252281188964844, 0.1681726723909378, 16.98769187927246
4899760, 18, 1.0105199813842773, 0.1899615377187729, 17.985687255859375
4899760, 19, 1.089529037475586, 0.20901520550251007, 18.984094619750977
4899760, 20, 1.1680481433868408, 0.22754712402820587, 19.98267936706543
4899760, 21, 1.2465282678604126, 0.2461545318365097, 20.981176376342773
4899760, 22, 1.320703387260437, 0.26320621371269226, 21.97987937927246
4899760, 23, 1.3942660093307495, 0.2796688675880432, 22.97854995727539
4899760, 24, 1.4812616109848022, 0.3023209571838379, 23.97637939453125
4899760, 25, 1.574493646621704, 0.32914984226226807, 24.973800659179688
4899760, 26, 1.6667639017105103, 0.35509371757507324, 25.971485137939453
4899760, 27, 1.7561445236206055, 0.37880900502204895, 26.9696044921875
4899760, 28, 1.8422638177871704, 0.40118980407714844, 27.96795082092285
4899760, 29, 1.932072401046753, 0.42618992924690247, 28.965669631958008
4899760, 30, 2.0271098613739014, 0.4536900222301483, 29.96310806274414
5262914_2, 1, 0.0815897062420845, 0.01960737630724907, 0.9984483122825623
5262914_2, 2, 0.16180121898651123, 0.03846154361963272, 1.9968550205230713
5262914_2, 3, 0.2337142527103424, 0.053832270205020905, 2.9956958293914795
5262914_2, 4, 0.3191109895706177, 0.07458093017339706, 3.9937591552734375
5262914_2, 5, 0.3935835063457489, 0.09102680534124374, 4.992580890655518
5262914_2, 6, 0.4698486924171448, 0.10834374278783798, 5.991372108459473
5262914_2, 7, 0.547676146030426, 0.12603692710399628, 6.990049362182617
5262914_2, 8, 0.593508780002594, 0.13309985399246216, 7.989664077758789
5262914_2, 9, 0.637455940246582, 0.13959138095378876, 8.989298820495605
5262914_2, 10, 0.6942052245140076, 0.1506272852420807, 9.988462448120117
5262914_2, 11, 0.7666229605674744, 0.16281980276107788, 10.986815452575684
5262914_2, 12, 0.8351810574531555, 0.17385655641555786, 11.985398292541504
5262914_2, 13, 0.9105511903762817, 0.1870799958705902, 12.98362922668457
5262914_2, 14, 0.9941245317459106, 0.20306509733200073, 13.981405258178711
5262914_2, 15, 1.0464305877685547, 0.21094943583011627, 14.980775833129883
5262914_2, 16, 1.1092156171798706, 0.22073349356651306, 15.979657173156738
5262914_2, 17, 1.1973130702972412, 0.24253062903881073, 16.977609634399414
5262914_2, 18, 1.2698767185211182, 0.2581835985183716, 17.976390838623047
5262914_2, 19, 1.3418049812316895, 0.27404093742370605, 18.975242614746094
5262914_2, 20, 1.4167678356170654, 0.29051315784454346, 19.973926544189453
5262914_2, 21, 1.4893646240234375, 0.3065386414527893, 20.972841262817383
5262914_2, 22, 1.5600591897964478, 0.32171136140823364, 21.971845626831055
5262914_2, 23, 1.637082576751709, 0.33913081884384155, 22.970537185668945
5262914_2, 24, 1.7164978981018066, 0.3578353822231293, 23.96902847290039
5262914_2, 25, 1.793317437171936, 0.3754490315914154, 24.967605590820312
5262914_2, 26, 1.8802772760391235, 0.39778414368629456, 25.965578079223633
5262914_2, 27, 1.9702606201171875, 0.4215119481086731, 26.963449478149414
5262914_2, 28, 2.053633213043213, 0.442267507314682, 27.96175193786621
5262914_2, 29, 2.1446220874786377, 0.46682411432266235, 28.95964813232422
5262914_2, 30, 2.187498092651367, 0.47256535291671753, 29.959245681762695
5216902, 1, 0.07141301780939102, 0.015194551087915897, 0.9988218545913696
5216902, 2, 0.11014090478420258, 0.019686924293637276, 1.9985523223876953
5216902, 3, 0.18072925508022308, 0.034466251730918884, 2.997410297393799
5216902, 4, 0.2479841262102127, 0.04770688712596893, 3.9963574409484863
5216902, 5, 0.32379791140556335, 0.06421136856079102, 4.994853496551514
5216902, 6, 0.4010609984397888, 0.08136250823736191, 5.993273735046387
5216902, 7, 0.4578312039375305, 0.0908140242099762, 6.992595672607422
5216902, 8, 0.4947705566883087, 0.09490623325109482, 7.992392539978027
5216902, 9, 0.5724208950996399, 0.11249362677335739, 8.991016387939453
5216902, 10, 0.6069393157958984, 0.11604701727628708, 9.990819931030273
5216902, 11, 0.6411158442497253, 0.11962289363145828, 10.990625381469727
5216902, 12, 0.675044596195221, 0.12320418655872345, 11.990439414978027
5216902, 13, 0.7099043130874634, 0.12704186141490936, 12.990239143371582
5216902, 14, 0.7467797994613647, 0.1313324123620987, 13.989990234375
5216902, 15, 0.7802048921585083, 0.1347416341304779, 14.9898042678833
5216902, 16, 0.8132837414741516, 0.1380435824394226, 15.9896240234375
5216902, 17, 0.8796894550323486, 0.15095824003219604, 16.988750457763672
5216902, 18, 0.9528440833091736, 0.16669046878814697, 17.98748779296875
5216902, 19, 1.0322351455688477, 0.18521863222122192, 18.98587417602539
5216902, 20, 1.1002122163772583, 0.19875316321849823, 19.984811782836914
5216902, 21, 1.1799824237823486, 0.21702098846435547, 20.98309326171875
5216902, 22, 1.260176420211792, 0.23554842174053192, 21.98137092590332
5216902, 23, 1.3344541788101196, 0.25206607580184937, 22.98002815246582
5216902, 24, 1.4153984785079956, 0.27178341150283813, 23.978439331054688
5216902, 25, 1.4987263679504395, 0.29242366552352905, 24.976696014404297
5216902, 26, 1.5829108953475952, 0.31302857398986816, 25.974864959716797
5216902, 27, 1.6657367944717407, 0.33287540078163147, 26.97308921813965
5216902, 28, 1.7475229501724243, 0.3524000644683838, 27.971410751342773
5216902, 29, 1.8304789066314697, 0.37274521589279175, 28.969520568847656
5216902, 30, 1.9147207736968994, 0.3939751386642456, 29.967544555664062
5032506, 1, 0.0580451637506485, 0.009946940466761589, 0.9993411302566528
5032506, 2, 0.11426112055778503, 0.019274158403277397, 1.9986737966537476
5032506, 3, 0.16451583802700043, 0.027071911841630936, 2.9982168674468994
5032506, 4, 0.21303832530975342, 0.03458113223314285, 3.9978277683258057
5032506, 5, 0.2669910192489624, 0.04340272396802902, 4.997245788574219
5032506, 6, 0.32186779379844666, 0.052462268620729446, 5.996690273284912
5032506, 7, 0.3781837522983551, 0.0618864968419075, 6.996081829071045
5032506, 8, 0.435051292181015, 0.0715303122997284, 7.995446681976318
5032506, 9, 0.48915600776672363, 0.08041831105947495, 8.994901657104492
5032506, 10, 0.5368419885635376, 0.0874648243188858, 9.994510650634766
5032506, 11, 0.5850637555122375, 0.09485426545143127, 10.994095802307129
5032506, 12, 0.6338433623313904, 0.10265447199344635, 11.993651390075684
5032506, 13, 0.6792412996292114, 0.10816822201013565, 12.993136405944824
5032506, 14, 0.7232834696769714, 0.11339541524648666, 13.992656707763672
5032506, 15, 0.7644841074943542, 0.11817532032728195, 14.992246627807617
5032506, 16, 0.8002102971076965, 0.12203700095415115, 15.991969108581543
5032506, 17, 0.8409661650657654, 0.12671808898448944, 16.991579055786133
5032506, 18, 0.8757061958312988, 0.13018284738063812, 17.991329193115234
5032506, 19, 0.9150910377502441, 0.13448214530944824, 18.990951538085938
5032506, 20, 0.9643914699554443, 0.1418285071849823, 19.990514755249023
5032506, 21, 1.011703372001648, 0.14863193035125732, 20.99012565612793
5032506, 22, 1.0546269416809082, 0.15415939688682556, 21.989837646484375
5032506, 23, 1.095697283744812, 0.15943218767642975, 22.98957061767578
5032506, 24, 1.1498193740844727, 0.1682254821062088, 23.988887786865234
5032506, 25, 1.2054530382156372, 0.17753750085830688, 24.988183975219727
5032506, 26, 1.2618348598480225, 0.187164768576622, 25.987524032592773
5032506, 27, 1.317670464515686, 0.1967804729938507, 26.986940383911133
5032506, 28, 1.3740074634552002, 0.2066183090209961, 27.986303329467773
5032506, 29, 1.4332026243209839, 0.21720579266548157, 28.985506057739258
5032506, 30, 1.4927555322647095, 0.22799888253211975, 29.984729766845703
4862367, 1, 0.07097179442644119, 0.015331678092479706, 0.9988957047462463
4862367, 2, 0.1139223724603653, 0.021056056022644043, 1.9985555410385132
4862367, 3, 0.15494437515735626, 0.02643255889415741, 2.9982681274414062
4862367, 4, 0.22298255562782288, 0.03983112797141075, 3.997105360031128
4862367, 5, 0.29909342527389526, 0.05677124112844467, 4.995543479919434
4862367, 6, 0.3696179986000061, 0.07156719267368317, 5.9943528175354
4862367, 7, 0.40825632214546204, 0.07636041194200516, 6.994125843048096
4862367, 8, 0.4706505239009857, 0.08799578994512558, 7.993402481079102
4862367, 9, 0.5402904152870178, 0.10245752334594727, 8.992364883422852
4862367, 10, 0.6108932495117188, 0.11736598610877991, 9.99119758605957
4862367, 11, 0.6568624973297119, 0.1242627426981926, 10.990867614746094
4862367, 12, 0.6965652108192444, 0.12930859625339508, 11.990604400634766
4862367, 13, 0.7620725035667419, 0.14199894666671753, 12.989601135253906
4862367, 14, 0.8001109957695007, 0.14630244672298431, 13.989356994628906
4862367, 15, 0.8382980823516846, 0.150859996676445, 14.98913288116455
4862367, 16, 0.8761605024337769, 0.15538983047008514, 15.988908767700195
4862367, 17, 0.9138856530189514, 0.15986663103103638, 16.988672256469727
4862367, 18, 0.9494746923446655, 0.16361379623413086, 17.988468170166016
4862367, 19, 1.018756628036499, 0.17799171805381775, 18.987239837646484
4862367, 20, 1.0993778705596924, 0.19703923165798187, 19.985403060913086
4862367, 21, 1.1819132566452026, 0.21704070270061493, 20.983646392822266
4862367, 22, 1.2562402486801147, 0.23347893357276917, 21.98238754272461
4862367, 23, 1.3318992853164673, 0.2506105303764343, 22.981021881103516
4862367, 24, 1.367543339729309, 0.2544163167476654, 23.980833053588867
4862367, 25, 1.404177188873291, 0.2583889663219452, 24.980628967285156
4862367, 26, 1.4406565427780151, 0.2622707188129425, 25.98043441772461
4862367, 27, 1.47676420211792, 0.26603469252586365, 26.980241775512695
4862367, 28, 1.521066427230835, 0.27102407813072205, 27.979764938354492
4862367, 29, 1.557698130607605, 0.2747199237346649, 28.979537963867188
4862367, 30, 1.59580397605896, 0.2790983021259308, 29.97930335998535
1144246, 1, 0.04416034743189812, 0.005662061739712954, 0.9996013045310974
1144246, 2, 0.08945292234420776, 0.01135549508035183, 1.999128818511963
1144246, 3, 0.15507936477661133, 0.023981545120477676, 2.9982168674468994
1144246, 4, 0.22321081161499023, 0.03747490048408508, 3.997129440307617
1144246, 5, 0.28849372267723083, 0.04991418495774269, 4.996145248413086
1144246, 6, 0.3560778796672821, 0.06316075474023819, 5.995030879974365
1144246, 7, 0.42391055822372437, 0.07648001611232758, 6.9939446449279785
1144246, 8, 0.488496333360672, 0.08865036070346832, 7.993062496185303
1144246, 9, 0.5520577430725098, 0.10050652921199799, 8.992229461669922
1144246, 10, 0.6173985600471497, 0.11302129924297333, 9.991313934326172
1144246, 11, 0.6851595640182495, 0.12636220455169678, 10.990310668945312
1144246, 12, 0.7537095546722412, 0.1400076299905777, 11.989314079284668
1144246, 13, 0.820019543170929, 0.15298980474472046, 12.988424301147461
1144246, 14, 0.8829408288002014, 0.1648501753807068, 13.987568855285645
1144246, 15, 0.9307464361190796, 0.17132489383220673, 14.987091064453125
1144246, 16, 0.9852896928787231, 0.17940030992031097, 15.986343383789062
1144246, 17, 1.0402904748916626, 0.18758903443813324, 16.985578536987305
1144246, 18, 1.1002700328826904, 0.19731754064559937, 17.98460578918457
1144246, 19, 1.1617677211761475, 0.20769037306308746, 18.983530044555664
1144246, 20, 1.2205591201782227, 0.21728861331939697, 19.98253631591797
1144246, 21, 1.2796522378921509, 0.22722092270851135, 20.981489181518555
1144246, 22, 1.334774374961853, 0.2359701693058014, 21.980592727661133
1144246, 23, 1.3867436647415161, 0.24388033151626587, 22.97980499267578
1144246, 24, 1.444832682609558, 0.25389811396598816, 23.978713989257812
1144246, 25, 1.5061612129211426, 0.26507169008255005, 24.977441787719727
1144246, 26, 1.5642499923706055, 0.27493518590927124, 25.976341247558594
1144246, 27, 1.6198900938034058, 0.28402212262153625, 26.975337982177734
1144246, 28, 1.6638729572296143, 0.28971734642982483, 27.97481918334961
1144246, 29, 1.7099974155426025, 0.29571664333343506, 28.9742488861084
1144246, 30, 1.7528809309005737, 0.30069226026535034, 29.973796844482422
4841237, 1, 0.035182494670152664, 0.003839695593342185, 0.999771237373352
4841237, 2, 0.07250593602657318, 0.008206794038414955, 1.9995124340057373
4841237, 3, 0.12608176469802856, 0.01690753921866417, 2.998910427093506
4841237, 4, 0.1653924584388733, 0.02193406969308853, 3.9986274242401123
4841237, 5, 0.22790759801864624, 0.03309964761137962, 4.99763298034668
4841237, 6, 0.2939333915710449, 0.04524853080511093, 5.996481895446777
4841237, 7, 0.3541327714920044, 0.05572308599948883, 6.9956769943237305
4841237, 8, 0.40838611125946045, 0.06472057849168777, 7.995159149169922
4841237, 9, 0.4637632966041565, 0.0738794133067131, 8.994560241699219
4841237, 10, 0.5172967910766602, 0.08256079256534576, 9.994039535522461
4841237, 11, 0.5640905499458313, 0.08930214494466782, 10.9935302734375
4841237, 12, 0.6147550344467163, 0.09712487459182739, 11.992887496948242
4841237, 13, 0.6625673770904541, 0.10408347845077515, 12.99234390258789
4841237, 14, 0.7082330584526062, 0.11040863394737244, 13.99187183380127
4841237, 15, 0.7527629137039185, 0.11643014848232269, 14.991427421569824
4841237, 16, 0.796618640422821, 0.12237826734781265, 15.990998268127441
4841237, 17, 0.837459146976471, 0.12762656807899475, 16.990659713745117
4841237, 18, 0.8789126873016357, 0.13300254940986633, 17.990314483642578
4841237, 19, 0.9177891612052917, 0.13758061826229095, 18.99001121520996
4841237, 20, 0.9567288160324097, 0.1423894315958023, 19.989717483520508
4841237, 21, 0.9947187900543213, 0.14677108824253082, 20.989423751831055
4841237, 22, 1.0352728366851807, 0.1513601392507553, 21.989044189453125
4841237, 23, 1.0771838426589966, 0.1561737060546875, 22.98863410949707
4841237, 24, 1.119541883468628, 0.16110987961292267, 23.988208770751953
4841237, 25, 1.1600886583328247, 0.1656194031238556, 24.987823486328125
4841237, 26, 1.1977587938308716, 0.16955594718456268, 25.987489700317383
4841237, 27, 1.27363920211792, 0.18613125383853912, 26.98562240600586
4841237, 28, 1.3470066785812378, 0.2016659826040268, 27.98392105102539
4841237, 29, 1.4411824941635132, 0.22734051942825317, 28.98076820373535
4841237, 30, 1.523574948310852, 0.24687619507312775, 29.97850227355957
4151265, 1, 0.05124940723180771, 0.007770081050693989, 0.9995414018630981
4151265, 2, 0.10181602090597153, 0.015444931574165821, 1.999083399772644
4151265, 3, 0.15143245458602905, 0.02303536981344223, 2.9986743927001953
4151265, 4, 0.20085492730140686, 0.030482295900583267, 3.998257637023926
4151265, 5, 0.2526337802410126, 0.03848453238606453, 4.99776554107666
4151265, 6, 0.3061230480670929, 0.04690784960985184, 5.997230529785156
4151265, 7, 0.3601011335849762, 0.055455487221479416, 6.996679782867432
4151265, 8, 0.42045748233795166, 0.0656750351190567, 7.995884418487549
4151265, 9, 0.47951436042785645, 0.07552842050790787, 8.995174407958984
4151265, 10, 0.5370025634765625, 0.0849311351776123, 9.994504928588867
4151265, 11, 0.5911803245544434, 0.09336615353822708, 10.993936538696289
4151265, 12, 0.6389234662055969, 0.09897326678037643, 11.993371963500977
4151265, 13, 0.6788266897201538, 0.10325831174850464, 12.993040084838867
4151265, 14, 0.7260638475418091, 0.1090630441904068, 13.992485046386719
4151265, 15, 0.7599449157714844, 0.11242885887622833, 14.99228572845459
4151265, 16, 0.8015245795249939, 0.11702148616313934, 15.991902351379395
4151265, 17, 0.8592638373374939, 0.1250123828649521, 16.9909725189209
4151265, 18, 0.9109407663345337, 0.13168060779571533, 17.990259170532227
4151265, 19, 0.9458489418029785, 0.13505780696868896, 18.99005126953125
4151265, 20, 0.9921255111694336, 0.14144311845302582, 19.989702224731445
4151265, 21, 1.037274718284607, 0.1476203054189682, 20.989376068115234
4151265, 22, 1.0845128297805786, 0.15435542166233063, 21.988998413085938
4151265, 23, 1.1313841342926025, 0.161000058054924, 22.9886474609375
4151265, 24, 1.1896229982376099, 0.17090003192424774, 23.98792266845703
4151265, 25, 1.2324142456054688, 0.17661669850349426, 24.987625122070312
4151265, 26, 1.2753947973251343, 0.18229857087135315, 25.98729705810547
4151265, 27, 1.3180550336837769, 0.18784800171852112, 26.98697280883789
4151265, 28, 1.3601750135421753, 0.19320234656333923, 27.986665725708008
4151265, 29, 1.3938959836959839, 0.19621329009532928, 28.98644256591797
4151265, 30, 1.4350178241729736, 0.20061956346035004, 29.98604965209961
4741590, 1, 0.09506311267614365, 0.027118870988488197, 0.9974953532218933
4741590, 2, 0.1992667019367218, 0.059472277760505676, 1.9940978288650513
4741590, 3, 0.27688464522361755, 0.07738476991653442, 2.992342472076416
4741590, 4, 0.3281572163105011, 0.08465080708265305, 3.991609573364258
4741590, 5, 0.3720473647117615, 0.09038791060447693, 4.9911885261535645
4741590, 6, 0.4260747730731964, 0.09844322502613068, 5.99033260345459
4741590, 7, 0.5208224654197693, 0.12541450560092926, 6.987574577331543
4741590, 8, 0.6412939429283142, 0.16759765148162842, 7.982525825500488
4741590, 9, 0.6868396997451782, 0.17377211153507233, 8.982068061828613
4741590, 10, 0.7814455032348633, 0.20040282607078552, 9.979418754577637
4741590, 11, 0.8722928166389465, 0.22510461509227753, 10.977093696594238
4741590, 12, 0.9609023928642273, 0.24899783730506897, 11.97482967376709
4741590, 13, 1.0856056213378906, 0.29223111271858215, 12.969316482543945
4741590, 14, 1.1745553016662598, 0.31649070978164673, 13.9667387008667
4741590, 15, 1.2891881465911865, 0.35583633184432983, 14.962496757507324
4741590, 16, 1.3667056560516357, 0.37379005551338196, 15.960709571838379
4741590, 17, 1.4099527597427368, 0.37979522347450256, 16.960403442382812
4741590, 18, 1.5056887865066528, 0.4062075614929199, 17.957706451416016
4741590, 19, 1.6178500652313232, 0.4427063465118408, 18.9537410736084
4741590, 20, 1.737122893333435, 0.48425543308258057, 19.948989868164062
4741590, 21, 1.8483322858810425, 0.5211891531944275, 20.944923400878906
4741590, 22, 1.9395458698272705, 0.5467035174369812, 21.942554473876953
4741590, 23, 2.0398306846618652, 0.5766190886497498, 22.9394588470459
4741590, 24, 2.1360549926757812, 0.6045703291893005, 23.936817169189453
4741590, 25, 2.240952730178833, 0.6379672884941101, 24.933340072631836
4741590, 26, 2.3495523929595947, 0.6735435128211975, 25.929306030273438
4741590, 27, 2.452453136444092, 0.7055397033691406, 26.925859451293945
4741590, 28, 2.557095527648926, 0.7392181158065796, 27.92245864868164
4741590, 29, 2.673978805541992, 0.7806467413902283, 28.918025970458984
4741590, 30, 2.7866322994232178, 0.8191494941711426, 29.914033889770508
4669030, 1, 0.07538438588380814, 0.01674450933933258, 0.9984286427497864
4669030, 2, 0.14980976283550262, 0.03289187327027321, 1.9968440532684326
4669030, 3, 0.22073404490947723, 0.04753242805600166, 2.995398998260498
4669030, 4, 0.2837250828742981, 0.05949391797184944, 3.994333505630493
4669030, 5, 0.34404435753822327, 0.07043614238500595, 4.993445873260498
4669030, 6, 0.40405625104904175, 0.08147098124027252, 5.9926838874816895
4669030, 7, 0.4653416574001312, 0.09306731075048447, 6.991864204406738
4669030, 8, 0.5219103693962097, 0.10333428531885147, 7.991226673126221
4669030, 9, 0.5796055793762207, 0.11381983011960983, 8.990518569946289
4669030, 10, 0.6350821852684021, 0.12382205575704575, 9.989882469177246
4669030, 11, 0.6899787187576294, 0.13337400555610657, 10.989221572875977
4669030, 12, 0.7538637518882751, 0.14556880295276642, 11.988149642944336
4669030, 13, 0.8107832074165344, 0.15554040670394897, 12.987371444702148
4669030, 14, 0.867234468460083, 0.16531550884246826, 13.986598014831543
4669030, 15, 0.9050688743591309, 0.1700432002544403, 14.986321449279785
4669030, 16, 0.9463452696800232, 0.17573511600494385, 15.985920906066895
4669030, 17, 0.9864803552627563, 0.18098202347755432, 16.985567092895508
4669030, 18, 1.0368388891220093, 0.1891874521970749, 17.98507308959961
4669030, 19, 1.086287498474121, 0.19668938219547272, 18.98455810546875
4669030, 20, 1.1430538892745972, 0.2061312049627304, 19.983747482299805
4669030, 21, 1.1934188604354858, 0.21387255191802979, 20.983224868774414
4669030, 22, 1.2450611591339111, 0.2218843400478363, 21.982608795166016
4669030, 23, 1.296553611755371, 0.23012125492095947, 22.982025146484375
4669030, 24, 1.3481770753860474, 0.23832842707633972, 23.9814510345459
4669030, 25, 1.399129033088684, 0.24603290855884552, 24.980871200561523
4669030, 26, 1.4605956077575684, 0.2567920684814453, 25.979774475097656
4669030, 27, 1.5154856443405151, 0.2654402554035187, 26.97898292541504
4669030, 28, 1.5676705837249756, 0.2736484706401825, 27.978328704833984
4669030, 29, 1.620509147644043, 0.2823445498943329, 28.977731704711914
4669030, 30, 1.6798089742660522, 0.29328468441963196, 29.97698402404785
4876648, 1, 0.06945601105690002, 0.01490020751953125, 0.9989698529243469
4876648, 2, 0.13569453358650208, 0.02845478616654873, 1.9980133771896362
4876648, 3, 0.19550779461860657, 0.039407335221767426, 2.9973156452178955
4876648, 4, 0.25181204080581665, 0.04920994117856026, 3.996692419052124
4876648, 5, 0.3144529163837433, 0.06084463372826576, 4.995742321014404
4876648, 6, 0.38397300243377686, 0.0750420019030571, 5.994433403015137
4876648, 7, 0.44551244378089905, 0.08622457087039948, 6.993521213531494
4876648, 8, 0.5075725317001343, 0.09777414798736572, 7.992548942565918
4876648, 9, 0.576160192489624, 0.11164341866970062, 8.991291999816895
4876648, 10, 0.6365930438041687, 0.12241897732019424, 9.990436553955078
4876648, 11, 0.7034181356430054, 0.13553990423679352, 10.98922348022461
4876648, 12, 0.7937201261520386, 0.15969526767730713, 11.986720085144043
4876648, 13, 0.8333144783973694, 0.16445660591125488, 12.986485481262207
4876648, 14, 0.9019149541854858, 0.17807412147521973, 13.985199928283691
4876648, 15, 0.9565312266349792, 0.1869686096906662, 14.984625816345215
4876648, 16, 0.9945072531700134, 0.19139614701271057, 15.984395027160645
4876648, 17, 1.0546835660934448, 0.20185087621212006, 16.98349952697754
4876648, 18, 1.0928151607513428, 0.20619319379329681, 17.98326301574707
4876648, 19, 1.156297206878662, 0.21816125512123108, 18.982322692871094
4876648, 20, 1.2197550535202026, 0.23024232685565948, 19.98137855529785
4876648, 21, 1.2829467058181763, 0.24215935170650482, 20.98047637939453
4876648, 22, 1.3488191366195679, 0.2549956142902374, 21.979352951049805
4876648, 23, 1.4086264371871948, 0.26571688055992126, 22.9785213470459
4876648, 24, 1.4707962274551392, 0.27725619077682495, 23.97759246826172
4876648, 25, 1.5390963554382324, 0.29092109203338623, 24.976314544677734
4876648, 26, 1.616131067276001, 0.30844733119010925, 25.974557876586914
4876648, 27, 1.680830717086792, 0.32108548283576965, 26.97350311279297
4876648, 28, 1.7162771224975586, 0.3249121904373169, 27.97332000732422
4876648, 29, 1.752628207206726, 0.32875630259513855, 28.973133087158203
4876648, 30, 1.789905071258545, 0.33288052678108215, 29.972932815551758
4762480, 1, 0.09191155433654785, 0.025143224745988846, 0.9976624250411987
4762480, 2, 0.18151311576366425, 0.0490090548992157, 1.9953560829162598
4762480, 3, 0.26301801204681396, 0.06868492811918259, 2.9936025142669678
4762480, 4, 0.3588773310184479, 0.09486768394708633, 3.990743637084961
4762480, 5, 0.45636415481567383, 0.12235861271619797, 4.98784065246582
4762480, 6, 0.5515481233596802, 0.14839614927768707, 5.985245227813721
4762480, 7, 0.6413784027099609, 0.17198412120342255, 6.9830451011657715
4762480, 8, 0.732871413230896, 0.19651079177856445, 7.980602741241455
4762480, 9, 0.8154999613761902, 0.21668186783790588, 8.978750228881836
4762480, 10, 0.9092694520950317, 0.24193359911441803, 9.976110458374023
4762480, 11, 0.9981269836425781, 0.2647562325000763, 10.973771095275879
4762480, 12, 1.0974690914154053, 0.2928744852542877, 11.970634460449219
4762480, 13, 1.1867283582687378, 0.3155275881290436, 12.968177795410156
4762480, 14, 1.2615963220596313, 0.3319215476512909, 13.96661376953125
4762480, 15, 1.343043327331543, 0.35118481516838074, 14.964729309082031
4762480, 16, 1.4249473810195923, 0.3711433410644531, 15.962761878967285
4762480, 17, 1.4992096424102783, 0.38776397705078125, 16.961158752441406
4762480, 18, 1.5807216167449951, 0.40685006976127625, 17.959081649780273
4762480, 19, 1.6911441087722778, 0.44012701511383057, 18.954843521118164
4762480, 20, 1.7788668870925903, 0.4622131288051605, 19.952367782592773
4762480, 21, 1.8616770505905151, 0.48238763213157654, 20.95020294189453
4762480, 22, 1.9468514919281006, 0.5035410523414612, 21.947811126708984
4762480, 23, 2.0335164070129395, 0.5253586173057556, 22.94540023803711
4762480, 24, 2.122903823852539, 0.5487595796585083, 23.942758560180664
4762480, 25, 2.2173571586608887, 0.5747843384742737, 24.939678192138672
4762480, 26, 2.3040552139282227, 0.5969623923301697, 25.9371395111084
4762480, 27, 2.39490008354187, 0.6218003034591675, 26.934429168701172
4762480, 28, 2.49176025390625, 0.6499829888343811, 27.931297302246094
4762480, 29, 2.584704875946045, 0.6761631965637207, 28.928600311279297
4762480, 30, 2.683464288711548, 0.7056522965431213, 29.925424575805664
5050023, 1, 0.09239368140697479, 0.023884516209363937, 0.9978600144386292
5050023, 2, 0.17032620310783386, 0.04113784432411194, 1.9965522289276123
5050023, 3, 0.2488025426864624, 0.05882544443011284, 2.995124340057373
5050023, 4, 0.2945285737514496, 0.06607520580291748, 3.9946866035461426
5050023, 5, 0.33789902925491333, 0.07231367379426956, 4.994335174560547
5050023, 6, 0.42228686809539795, 0.09248402714729309, 5.992340087890625
5050023, 7, 0.4744025468826294, 0.10001344978809357, 6.991658687591553
5050023, 8, 0.5289586782455444, 0.10770057886838913, 7.990871906280518
5050023, 9, 0.5768718719482422, 0.11410737037658691, 8.990362167358398
5050023, 10, 0.6232376098632812, 0.12010575830936432, 9.989893913269043
5050023, 11, 0.6659060120582581, 0.1257665604352951, 10.989535331726074
5050023, 12, 0.7069141864776611, 0.13138560950756073, 11.989212989807129
5050023, 13, 0.7478445172309875, 0.1372733861207962, 12.988869667053223
5050023, 14, 0.7870393395423889, 0.1427038013935089, 13.988574981689453
5050023, 15, 0.8265975713729858, 0.14785556495189667, 14.98825740814209
5050023, 16, 0.8696484565734863, 0.15330205857753754, 15.987820625305176
5050023, 17, 0.9089664816856384, 0.1582823544740677, 16.987489700317383
5050023, 18, 0.9967474341392517, 0.18062350153923035, 17.98546028137207
5050023, 19, 1.0359073877334595, 0.18555772304534912, 18.985122680664062
5050023, 20, 1.0965467691421509, 0.19700153172016144, 19.98426055908203
5050023, 21, 1.1809074878692627, 0.21784137189388275, 20.98225975036621
5050023, 22, 1.2508741617202759, 0.2325393706560135, 21.98102569580078
5050023, 23, 1.3148750066757202, 0.24532192945480347, 22.98007583618164
5050023, 24, 1.3904815912246704, 0.26239269971847534, 23.978519439697266
5050023, 25, 1.4733530282974243, 0.28258517384529114, 24.97658920288086
5050023, 26, 1.5589966773986816, 0.304372102022171, 25.974594116210938
5050023, 27, 1.6495484113693237, 0.3285139501094818, 26.972450256347656
5050023, 28, 1.735222578048706, 0.35017701983451843, 27.970497131347656
5050023, 29, 1.8230926990509033, 0.37321847677230835, 28.968284606933594
5050023, 30, 1.9167977571487427, 0.4001332223415375, 29.965627670288086
4794215, 1, 0.05709938704967499, 0.008488674648106098, 0.9991527199745178
4794215, 2, 0.11052746325731277, 0.01616746373474598, 1.9984772205352783
4794215, 3, 0.1597258448600769, 0.02290208823978901, 2.9979100227355957
4794215, 4, 0.2031787484884262, 0.028782930225133896, 3.9976487159729004
4794215, 5, 0.2468828409910202, 0.03446352481842041, 4.997358798980713
4794215, 6, 0.29185232520103455, 0.0407584048807621, 5.997064113616943
4794215, 7, 0.3377012610435486, 0.04735371097922325, 6.996755123138428
4794215, 8, 0.3841937780380249, 0.05368756502866745, 7.996390342712402
4794215, 9, 0.43130791187286377, 0.0608149990439415, 8.99605941772461
4794215, 10, 0.49494802951812744, 0.07275474071502686, 9.995214462280273
4794215, 11, 0.5776339769363403, 0.0920264944434166, 10.993474960327148
4794215, 12, 0.6692816019058228, 0.11603400111198425, 11.991292953491211
4794215, 13, 0.7177673578262329, 0.12389759719371796, 12.990915298461914
4794215, 14, 0.7639696598052979, 0.13042044639587402, 13.990581512451172
4794215, 15, 0.8474476337432861, 0.150803342461586, 14.988930702209473
4794215, 16, 0.9151898622512817, 0.16475147008895874, 15.987991333007812
4794215, 17, 0.9922778010368347, 0.18251116573810577, 16.98667335510254
4794215, 18, 1.069954514503479, 0.20045313239097595, 17.98526954650879
4794215, 19, 1.1193031072616577, 0.20808294415473938, 18.984853744506836
4794215, 20, 1.166736364364624, 0.2150832563638687, 19.98448371887207
4794215, 21, 1.2505500316619873, 0.2362918257713318, 20.982789993286133
4794215, 22, 1.3488744497299194, 0.2647777795791626, 21.980113983154297
4794215, 23, 1.4156718254089355, 0.2784288227558136, 22.97919273376465
4794215, 24, 1.5091804265975952, 0.30467718839645386, 23.976978302001953
4794215, 25, 1.616727352142334, 0.3391633629798889, 24.973613739013672
4794215, 26, 1.662360429763794, 0.34558454155921936, 25.973247528076172
4794215, 27, 1.7065263986587524, 0.35131222009658813, 26.97289276123047
4794215, 28, 1.7494077682495117, 0.35689157247543335, 27.97260856628418
4794215, 29, 1.7957401275634766, 0.3631182014942169, 28.97220230102539
4794215, 30, 1.8948429822921753, 0.3931058645248413, 29.969547271728516
5194805_2, 1, 0.04565546289086342, 0.006606442853808403, 0.9996291995048523
5194805_2, 2, 0.12807926535606384, 0.02685987763106823, 1.9980182647705078
5194805_2, 3, 0.18187907338142395, 0.03611813113093376, 2.9975216388702393
5194805_2, 4, 0.26487913727760315, 0.056847915053367615, 3.996136426925659
5194805_2, 5, 0.3589050769805908, 0.08292625844478607, 4.994086265563965
5194805_2, 6, 0.4542100131511688, 0.10952503234148026, 5.992134094238281
5194805_2, 7, 0.5035406947135925, 0.11815500259399414, 6.991710186004639
5194805_2, 8, 0.592240571975708, 0.14119789004325867, 7.989856243133545
5194805_2, 9, 0.6803827285766602, 0.16410964727401733, 8.988078117370605
5194805_2, 10, 0.789366602897644, 0.19841507077217102, 9.984667778015137
5194805_2, 11, 0.8830705881118774, 0.22419989109039307, 10.982569694519043
5194805_2, 12, 0.9683340787887573, 0.24585853517055511, 11.981035232543945
5194805_2, 13, 1.050232172012329, 0.2663486897945404, 12.97974681854248
5194805_2, 14, 1.1450163125991821, 0.2927495241165161, 13.977553367614746
5194805_2, 15, 1.2485703229904175, 0.32346731424331665, 14.974514961242676
5194805_2, 16, 1.340673565864563, 0.3480810225009918, 15.972370147705078
5194805_2, 17, 1.4443113803863525, 0.37890487909317017, 16.969396591186523
5194805_2, 18, 1.5541603565216064, 0.4131711721420288, 17.965818405151367
5194805_2, 19, 1.649981141090393, 0.4398944675922394, 18.963348388671875
5194805_2, 20, 1.74531090259552, 0.4664808511734009, 19.960927963256836
5194805_2, 21, 1.8535451889038086, 0.500023603439331, 20.957176208496094
5194805_2, 22, 1.9578355550765991, 0.5313814878463745, 21.953882217407227
5194805_2, 23, 2.052004098892212, 0.5573815107345581, 22.951480865478516
5194805_2, 24, 2.1428937911987305, 0.5824397206306458, 23.949398040771484
5194805_2, 25, 2.2351202964782715, 0.6082462668418884, 24.947216033935547
5194805_2, 26, 2.3377797603607178, 0.6395760774612427, 25.944013595581055
5194805_2, 27, 2.4332969188690186, 0.6669952273368835, 26.941120147705078
5194805_2, 28, 2.526702642440796, 0.6933586597442627, 27.93869972229004
5194805_2, 29, 2.6306746006011963, 0.725830614566803, 28.935449600219727
5194805_2, 30, 2.7273406982421875, 0.754062294960022, 29.932815551757812
4820624, 1, 0.04016027972102165, 0.004858085419982672, 0.9997200965881348
4820624, 2, 0.0810433030128479, 0.00987167190760374, 1.9994378089904785
4820624, 3, 0.13710486888885498, 0.01973670907318592, 2.998859405517578
4820624, 4, 0.19204121828079224, 0.029236216098070145, 3.998289108276367
4820624, 5, 0.24871841073036194, 0.039157934486866, 4.997666358947754
4820624, 6, 0.28471478819847107, 0.04314358904957771, 5.997475624084473
4820624, 7, 0.3247862756252289, 0.04800726845860481, 6.997216701507568
4820624, 8, 0.36510729789733887, 0.05274767428636551, 7.996973991394043
4820624, 9, 0.40395593643188477, 0.057313982397317886, 8.99671459197998
4820624, 10, 0.46356990933418274, 0.06795544922351837, 9.995908737182617
4820624, 11, 0.5346617698669434, 0.08305273205041885, 10.9946870803833
4820624, 12, 0.5947725772857666, 0.09408953785896301, 11.994013786315918
4820624, 13, 0.6373990774154663, 0.09949734061956406, 12.993706703186035
4820624, 14, 0.6799786686897278, 0.10489004850387573, 13.993399620056152
4820624, 15, 0.7220780849456787, 0.11008317023515701, 14.993094444274902
4820624, 16, 0.7813708186149597, 0.12094498425722122, 15.992349624633789
4820624, 17, 0.8258566856384277, 0.1265472173690796, 16.991968154907227
4820624, 18, 0.8672504425048828, 0.13171230256557465, 17.991657257080078
4820624, 19, 0.9050431251525879, 0.13618279993534088, 18.99138832092285
4820624, 20, 0.9738624691963196, 0.15015879273414612, 19.990123748779297
4820624, 21, 1.0118433237075806, 0.15470150113105774, 20.9898624420166
4820624, 22, 1.081813097000122, 0.16927853226661682, 21.98886489868164
4820624, 23, 1.152283787727356, 0.1842370182275772, 22.98779296875
4820624, 24, 1.225880742073059, 0.20037296414375305, 23.98651885986328
4820624, 25, 1.307948112487793, 0.22026903927326202, 24.984750747680664
4820624, 26, 1.3874379396438599, 0.2391117513179779, 25.983083724975586
4820624, 27, 1.4689909219741821, 0.2591220438480377, 26.981351852416992
4820624, 28, 1.5536879301071167, 0.28051701188087463, 27.97956657409668
4820624, 29, 1.6361128091812134, 0.3006829619407654, 28.97810173034668
4820624, 30, 1.7252901792526245, 0.32439401745796204, 29.97621726989746
4733553, 1, 0.06613091379404068, 0.011155526153743267, 0.998845100402832
4733553, 2, 0.12699322402477264, 0.020863499492406845, 1.9979426860809326
4733553, 3, 0.18694019317626953, 0.030323123559355736, 2.9970333576202393
4733553, 4, 0.2735890746116638, 0.05234362185001373, 3.9949560165405273
4733553, 5, 0.3298294246196747, 0.0609242245554924, 4.994277477264404
4733553, 6, 0.38484978675842285, 0.06971509009599686, 5.993719100952148
4733553, 7, 0.4416290521621704, 0.07866500318050385, 6.993046283721924
4733553, 8, 0.49971243739128113, 0.08825162053108215, 7.992369651794434
4733553, 9, 0.5578802824020386, 0.09834509342908859, 8.991740226745605
4733553, 10, 0.618281900882721, 0.10893726348876953, 9.990965843200684
4733553, 11, 0.685910165309906, 0.12206338346004486, 10.989921569824219
4733553, 12, 0.7445874214172363, 0.1316843181848526, 11.989235877990723
4733553, 13, 0.8042816519737244, 0.14148491621017456, 12.988492965698242
4733553, 14, 0.8650715351104736, 0.15171317756175995, 13.987675666809082
4733553, 15, 0.9650763273239136, 0.18162603676319122, 14.9846830368042
4733553, 16, 1.0656957626342773, 0.2115270048379898, 15.981622695922852
4733553, 17, 1.1556460857391357, 0.23536504805088043, 16.97928237915039
4733553, 18, 1.2604931592941284, 0.26792511343955994, 17.97581672668457
4733553, 19, 1.364017367362976, 0.29963648319244385, 18.972352981567383
4733553, 20, 1.465688705444336, 0.3301350176334381, 19.969144821166992
4733553, 21, 1.5684688091278076, 0.36074942350387573, 20.96578598022461
4733553, 22, 1.6789464950561523, 0.39529678225517273, 21.961599349975586
4733553, 23, 1.7869889736175537, 0.4294780492782593, 22.957660675048828
4733553, 24, 1.8921343088150024, 0.46180397272109985, 23.954416275024414
4733553, 25, 2.0028228759765625, 0.4980069696903229, 24.950416564941406
4733553, 26, 2.112260341644287, 0.533347487449646, 25.94657325744629
4733553, 27, 2.231759786605835, 0.5725194811820984, 26.94245147705078
4733553, 28, 2.3494863510131836, 0.6124005317687988, 27.938230514526367
4733553, 29, 2.4630401134490967, 0.6506152749061584, 28.93453025817871
4733553, 30, 2.579244375228882, 0.6901997327804565, 29.930625915527344
5036311, 1, 0.07791530340909958, 0.017378177493810654, 0.9982842206954956
5036311, 2, 0.1517012119293213, 0.03291480615735054, 1.9969878196716309
5036311, 3, 0.19114001095294952, 0.03764194995164871, 2.9967000484466553
5036311, 4, 0.23169010877609253, 0.04277164489030838, 3.9963808059692383
5036311, 5, 0.27952438592910767, 0.05025285854935646, 4.995824813842773
5036311, 6, 0.3431089520454407, 0.06210063025355339, 5.9950714111328125
5036311, 7, 0.4091200828552246, 0.07499099522829056, 6.99422550201416
5036311, 8, 0.4763728082180023, 0.08899262547492981, 7.9933552742004395
5036311, 9, 0.5417959094047546, 0.10215962678194046, 8.992531776428223
5036311, 10, 0.606067955493927, 0.11466097086668015, 9.991731643676758
5036311, 11, 0.6685396432876587, 0.12731260061264038, 10.990797996520996
5036311, 12, 0.730919361114502, 0.14031289517879486, 11.989754676818848
5036311, 13, 0.7886680364608765, 0.15104970335960388, 12.988814353942871
5036311, 14, 0.8425406217575073, 0.16033244132995605, 13.988025665283203
5036311, 15, 0.8941603302955627, 0.16878379881381989, 14.98731803894043
5036311, 16, 0.9609053134918213, 0.1822005957365036, 15.985943794250488
5036311, 17, 1.0279282331466675, 0.19588904082775116, 16.984535217285156
5036311, 18, 1.1028329133987427, 0.2126334309577942, 17.982675552368164
5036311, 19, 1.1665315628051758, 0.22490422427654266, 18.98139762878418
5036311, 20, 1.2323267459869385, 0.23782072961330414, 19.980016708374023
5036311, 21, 1.2882546186447144, 0.24734167754650116, 20.979415893554688
5036311, 22, 1.3487176895141602, 0.25869280099868774, 21.978715896606445
5036311, 23, 1.4087693691253662, 0.2701614499092102, 22.97797393798828
5036311, 24, 1.4571232795715332, 0.27772337198257446, 23.977352142333984
5036311, 25, 1.5204339027404785, 0.28974735736846924, 24.976585388183594
5036311, 26, 1.5865418910980225, 0.3026348352432251, 25.97576141357422
5036311, 27, 1.6493242979049683, 0.31470394134521484, 26.97502899169922
5036311, 28, 1.6923936605453491, 0.32082995772361755, 27.97455406188965
5036311, 29, 1.7322070598602295, 0.3258536756038666, 28.974193572998047
5036311, 30, 1.7723723649978638, 0.3308952748775482, 29.973844528198242
4739356, 1, 0.08902312070131302, 0.023052949458360672, 0.9980750679969788
4739356, 2, 0.17176957428455353, 0.04349476471543312, 1.9963910579681396
4739356, 3, 0.2489185631275177, 0.06088082492351532, 2.9948291778564453
4739356, 4, 0.32741832733154297, 0.07887677848339081, 3.993256092071533
4739356, 5, 0.39420825242996216, 0.0929512307047844, 4.992317199707031
4739356, 6, 0.4571583569049835, 0.10584844648838043, 5.991547107696533
4739356, 7, 0.5267661213874817, 0.1206127256155014, 6.990478515625
4739356, 8, 0.5903017520904541, 0.13375237584114075, 7.989667892456055
4739356, 9, 0.6595286726951599, 0.14868572354316711, 8.988564491271973
4739356, 10, 0.7244391441345215, 0.16250492632389069, 9.9876070022583
4739356, 11, 0.7875807285308838, 0.17580731213092804, 10.986725807189941
4739356, 12, 0.8493009209632874, 0.18851903080940247, 11.98594856262207
4739356, 13, 0.9100126028060913, 0.20092375576496124, 12.985185623168945
4739356, 14, 0.9854350090026855, 0.21746836602687836, 13.983624458312988
4739356, 15, 1.0281504392623901, 0.22373376786708832, 14.983214378356934
4739356, 16, 1.0727958679199219, 0.23081529140472412, 15.98274040222168
4739356, 17, 1.1165494918823242, 0.23768727481365204, 16.982280731201172
4739356, 18, 1.176651954650879, 0.24951815605163574, 17.981508255004883
4739356, 19, 1.2392351627349854, 0.26199081540107727, 18.980680465698242
4739356, 20, 1.3075591325759888, 0.27627038955688477, 19.979768753051758
4739356, 21, 1.3532054424285889, 0.28318533301353455, 20.979318618774414
4739356, 22, 1.4219974279403687, 0.29750534892082214, 21.978376388549805
4739356, 23, 1.4858083724975586, 0.31005537509918213, 22.977445602416992
4739356, 24, 1.5636094808578491, 0.32784366607666016, 23.975784301757812
4739356, 25, 1.6340543031692505, 0.34286537766456604, 24.974618911743164
4739356, 26, 1.6981359720230103, 0.3555927872657776, 25.973649978637695
4739356, 27, 1.7660434246063232, 0.37003517150878906, 26.972501754760742
4739356, 28, 1.8326767683029175, 0.38409626483917236, 27.971508026123047
4739356, 29, 1.922682762145996, 0.4084290862083435, 28.968990325927734
4739356, 30, 1.9910252094268799, 0.4223881661891937, 29.96784210205078
5125441, 1, 0.06446666270494461, 0.012235170230269432, 0.9989446401596069
5125441, 2, 0.11813295632600784, 0.021135244518518448, 1.9983892440795898
5125441, 3, 0.1692657321691513, 0.02935117483139038, 2.9979233741760254
5125441, 4, 0.21957042813301086, 0.037162866443395615, 3.9974942207336426
5125441, 5, 0.2698659896850586, 0.04484167322516441, 4.997066974639893
5125441, 6, 0.3236105442047119, 0.05348709598183632, 5.996536731719971
5125441, 7, 0.3818228542804718, 0.0632774606347084, 6.995844841003418
5125441, 8, 0.4374198019504547, 0.07241611927747726, 7.99532413482666
5125441, 9, 0.4918549656867981, 0.08135083317756653, 8.994843482971191
5125441, 10, 0.5457406640052795, 0.09014257043600082, 9.994343757629395
5125441, 11, 0.5989065766334534, 0.09906306862831116, 10.993828773498535
5125441, 12, 0.6512128114700317, 0.10752790421247482, 11.993334770202637
5125441, 13, 0.7026964426040649, 0.11579304188489914, 12.992853164672852
5125441, 14, 0.7522106170654297, 0.12274229526519775, 13.992195129394531
5125441, 15, 0.8057599663734436, 0.13090625405311584, 14.99137020111084
5125441, 16, 0.8574340343475342, 0.13871833682060242, 15.990572929382324
5125441, 17, 0.9144969582557678, 0.1481301486492157, 16.989561080932617
5125441, 18, 0.9652372598648071, 0.15592646598815918, 17.989110946655273
5125441, 19, 1.0146143436431885, 0.1634305864572525, 18.988679885864258
5125441, 20, 1.063665509223938, 0.1709803193807602, 19.988245010375977
5125441, 21, 1.1116688251495361, 0.1786413937807083, 20.987781524658203
5125441, 22, 1.1611545085906982, 0.18637536466121674, 21.987316131591797
5125441, 23, 1.2152494192123413, 0.19516535103321075, 22.98672866821289
5125441, 24, 1.275523066520691, 0.2060120850801468, 23.98592758178711
5125441, 25, 1.3380906581878662, 0.21770937740802765, 24.98505401611328
5125441, 26, 1.4051520824432373, 0.23112648725509644, 25.983976364135742
5125441, 27, 1.4668537378311157, 0.24245736002922058, 26.983154296875
5125441, 28, 1.5344691276550293, 0.2557947635650635, 27.981983184814453
5125441, 29, 1.598803162574768, 0.2678603529930115, 28.980985641479492
5125441, 30, 1.6441739797592163, 0.27404966950416565, 29.980621337890625
4713006, 1, 0.05122963711619377, 0.006605970673263073, 0.9992656707763672
4713006, 2, 0.08817405998706818, 0.01098884828388691, 1.9990121126174927
4713006, 3, 0.14011412858963013, 0.017839964479207993, 2.9982476234436035
4713006, 4, 0.24866339564323425, 0.04933468997478485, 3.9942679405212402
4713006, 5, 0.32569387555122375, 0.0657787099480629, 4.992506504058838
4713006, 6, 0.4365059435367584, 0.09759460389614105, 5.988248348236084
4713006, 7, 0.5602831840515137, 0.13714227080345154, 6.982791423797607
4713006, 8, 0.665194034576416, 0.16733622550964355, 7.979090690612793
4713006, 9, 0.7829865217208862, 0.20487533509731293, 8.974274635314941
4713006, 10, 0.8951130509376526, 0.23910124599933624, 9.969985008239746
4713006, 11, 0.9540519118309021, 0.24984879791736603, 10.968961715698242
4713006, 12, 1.0003502368927002, 0.25761842727661133, 11.968395233154297
4713006, 13, 1.0401211977005005, 0.2640276253223419, 12.967928886413574
4713006, 14, 1.0798596143722534, 0.2705092430114746, 13.967447280883789
4713006, 15, 1.1198080778121948, 0.27579131722450256, 14.967000007629395
4713006, 16, 1.1743123531341553, 0.28342941403388977, 15.966090202331543
4713006, 17, 1.2353875637054443, 0.2927039861679077, 16.96490478515625
4713006, 18, 1.305027723312378, 0.3044397830963135, 17.963306427001953
4713006, 19, 1.3606064319610596, 0.31239989399909973, 18.96233367919922
4713006, 20, 1.4369304180145264, 0.32907283306121826, 19.960575103759766
4713006, 21, 1.516954779624939, 0.3474036455154419, 20.958608627319336
4713006, 22, 1.5890414714813232, 0.3626437187194824, 21.957195281982422
4713006, 23, 1.6237990856170654, 0.3668195903301239, 22.956918716430664
4713006, 24, 1.6577446460723877, 0.37083691358566284, 23.95664405822754
4713006, 25, 1.6933881044387817, 0.3749450445175171, 24.956340789794922
4713006, 26, 1.7425962686538696, 0.3819936513900757, 25.955684661865234
4713006, 27, 1.7830822467803955, 0.38679051399230957, 26.955265045166016
4713006, 28, 1.819352388381958, 0.39099037647247314, 27.95494842529297
4713006, 29, 1.862606406211853, 0.39610740542411804, 28.954452514648438
4713006, 30, 1.9631930589675903, 0.42563650012016296, 29.951190948486328
4699088, 1, 0.05358561500906944, 0.008235583081841469, 0.9993996620178223
4699088, 2, 0.10372011363506317, 0.015601502731442451, 1.9989268779754639
4699088, 3, 0.1535431146621704, 0.023012397810816765, 2.9984946250915527
4699088, 4, 0.2034720778465271, 0.030673280358314514, 3.998074531555176
4699088, 5, 0.25887158513069153, 0.039655860513448715, 4.997419834136963
4699088, 6, 0.3229900002479553, 0.05132095143198967, 5.996319770812988
4699088, 7, 0.38334184885025024, 0.061781834810972214, 6.995429515838623
4699088, 8, 0.4372859597206116, 0.07034864276647568, 7.994853973388672
4699088, 9, 0.47557342052459717, 0.07526405155658722, 8.99452018737793
4699088, 10, 0.5228334665298462, 0.08085089176893234, 9.993911743164062
4699088, 11, 0.5596303343772888, 0.08487390726804733, 10.993634223937988
4699088, 12, 0.5925649404525757, 0.08849931508302689, 11.99343490600586
4699088, 13, 0.6462413668632507, 0.09692705422639847, 12.992616653442383
4699088, 14, 0.6818015575408936, 0.10108545422554016, 13.99234676361084
4699088, 15, 0.7307612299919128, 0.1081034317612648, 14.991671562194824
4699088, 16, 0.7770857810974121, 0.11458824574947357, 15.99106216430664
4699088, 17, 0.8229734301567078, 0.1210685595870018, 16.990474700927734
4699088, 18, 0.8627354502677917, 0.12617360055446625, 17.99007225036621
4699088, 19, 0.9084399938583374, 0.13276350498199463, 18.989477157592773
4699088, 20, 0.9536302089691162, 0.13932351768016815, 19.9888916015625
4699088, 21, 1.0022938251495361, 0.14702637493610382, 20.988449096679688
4699088, 22, 1.0524898767471313, 0.1547708362340927, 21.987916946411133
4699088, 23, 1.110136866569519, 0.16438351571559906, 22.987085342407227
4699088, 24, 1.1664443016052246, 0.17387843132019043, 23.98636245727539
4699088, 25, 1.2211169004440308, 0.1828208863735199, 24.98569107055664
4699088, 26, 1.271952748298645, 0.19071148335933685, 25.985088348388672
4699088, 27, 1.3250447511672974, 0.19881561398506165, 26.984390258789062
4699088, 28, 1.3743616342544556, 0.20609402656555176, 27.983821868896484
4699088, 29, 1.4723550081253052, 0.23374535143375397, 28.98031234741211
4699088, 30, 1.5344456434249878, 0.24508990347385406, 29.97923469543457
4772763, 1, 0.0654154121875763, 0.012515201233327389, 0.9989720582962036
4772763, 2, 0.12872576713562012, 0.024162720888853073, 1.9980202913284302
4772763, 3, 0.19452044367790222, 0.03605729714035988, 2.9968998432159424
4772763, 4, 0.2681512236595154, 0.05072181299328804, 3.995302438735962
4772763, 5, 0.34066474437713623, 0.06500648707151413, 4.993767738342285
4772763, 6, 0.38066235184669495, 0.0696784108877182, 5.993455410003662
4772763, 7, 0.4209166467189789, 0.0745779350399971, 6.993137359619141
4772763, 8, 0.4611337184906006, 0.0791509747505188, 7.992832183837891
4772763, 9, 0.5014472007751465, 0.08431422710418701, 8.992507934570312
4772763, 10, 0.5442847013473511, 0.09055951237678528, 9.992094993591309
4772763, 11, 0.5903997421264648, 0.09780868887901306, 10.991575241088867
4772763, 12, 0.6383932828903198, 0.10551965236663818, 11.990996360778809
4772763, 13, 0.6885944604873657, 0.113896444439888, 12.990331649780273
4772763, 14, 0.7332354784011841, 0.12026239931583405, 13.989879608154297
4772763, 15, 0.7745324373245239, 0.12541095912456512, 14.989556312561035
4772763, 16, 0.8190209269523621, 0.1317930668592453, 15.98911190032959
4772763, 17, 0.8646775484085083, 0.13850511610507965, 16.988637924194336
4772763, 18, 0.9120181202888489, 0.1458308845758438, 17.988088607788086
4772763, 19, 0.9583171606063843, 0.1531669646501541, 18.98752784729004
4772763, 20, 1.0040701627731323, 0.16050706803798676, 19.986948013305664
4772763, 21, 1.0491901636123657, 0.16751420497894287, 20.986387252807617
4772763, 22, 1.096670389175415, 0.17516940832138062, 21.985761642456055
4772763, 23, 1.165954828262329, 0.1894698590040207, 22.98475456237793
4772763, 24, 1.2362949848175049, 0.20397715270519257, 23.983625411987305
4772763, 25, 1.3140424489974976, 0.22145844995975494, 24.982023239135742
4772763, 26, 1.3848211765289307, 0.23615124821662903, 25.98067283630371
4772763, 27, 1.4546654224395752, 0.25054410099983215, 26.979267120361328
4772763, 28, 1.4889239072799683, 0.2537117004394531, 27.979034423828125
4772763, 29, 1.522605299949646, 0.2567669153213501, 28.978824615478516
4772763, 30, 1.594051718711853, 0.2720339298248291, 29.977405548095703
4850951, 1, 0.07498769462108612, 0.016697915270924568, 0.9989166259765625
4850951, 2, 0.12050016224384308, 0.022651445120573044, 1.998520851135254
4850951, 3, 0.16221126914024353, 0.027741799131035805, 2.9982247352600098
4850951, 4, 0.20742455124855042, 0.033567823469638824, 3.9978115558624268
4850951, 5, 0.2530224025249481, 0.0393516942858696, 4.997377872467041
4850951, 6, 0.293978750705719, 0.04417858645319939, 5.997096061706543
4850951, 7, 0.3521856665611267, 0.0541570819914341, 6.996465682983398
4850951, 8, 0.4084688723087311, 0.06348718702793121, 7.995964527130127
4850951, 9, 0.4494427442550659, 0.0681411474943161, 8.995606422424316
4850951, 10, 0.49479275941848755, 0.07385995984077454, 9.995040893554688
4850951, 11, 0.5340263843536377, 0.07849341630935669, 10.994710922241211
4850951, 12, 0.5901575684547424, 0.08718851953744888, 11.99392318725586
4850951, 13, 0.629682719707489, 0.09220591932535172, 12.993645668029785
4850951, 14, 0.6733336448669434, 0.09812215715646744, 13.993270874023438
4850951, 15, 0.7285606861114502, 0.106808602809906, 14.99252700805664
4850951, 16, 0.7794251441955566, 0.11447137594223022, 15.991924285888672
4850951, 17, 0.8344122171401978, 0.12317995727062225, 16.991186141967773
4850951, 18, 0.8837282657623291, 0.13026750087738037, 17.990659713745117
4850951, 19, 0.9260431528091431, 0.13587109744548798, 18.990331649780273
4850951, 20, 0.9650743007659912, 0.1408321112394333, 19.990089416503906
4850951, 21, 1.0206115245819092, 0.15069395303726196, 20.989582061767578
4850951, 22, 1.081390619277954, 0.16200736165046692, 21.988826751708984
4850951, 23, 1.1420916318893433, 0.17312602698802948, 22.98807716369629
4850951, 24, 1.2102487087249756, 0.18688569962978363, 23.98708152770996
4850951, 25, 1.2748233079910278, 0.19969791173934937, 24.986209869384766
4850951, 26, 1.3558964729309082, 0.21904703974723816, 25.98459243774414
4850951, 27, 1.4218828678131104, 0.2324712574481964, 26.983766555786133
4850951, 28, 1.4859693050384521, 0.245346337556839, 27.98296356201172
4850951, 29, 1.5482532978057861, 0.25736546516418457, 28.982227325439453
4850951, 30, 1.6210768222808838, 0.2734059989452362, 29.98105812072754
2265761, 1, 0.07145112007856369, 0.01523298118263483, 0.9987785816192627
2265761, 2, 0.13673743605613708, 0.02790921926498413, 1.997774362564087
2265761, 3, 0.20942983031272888, 0.04326195269823074, 2.996358871459961
2265761, 4, 0.27522262930870056, 0.05586050823330879, 3.9952964782714844
2265761, 5, 0.34330856800079346, 0.06932952255010605, 4.994204044342041
2265761, 6, 0.41476646065711975, 0.08423346281051636, 5.992985248565674
2265761, 7, 0.49050578474998474, 0.1007954478263855, 6.991542816162109
2265761, 8, 0.5750102400779724, 0.12116815149784088, 7.989490985870361
2265761, 9, 0.6579777002334595, 0.1408247947692871, 8.987558364868164
2265761, 10, 0.7348909974098206, 0.15775126218795776, 9.986035346984863
2265761, 11, 0.7709431648254395, 0.16160938143730164, 10.985795974731445
2265761, 12, 0.8071562647819519, 0.1655442714691162, 11.985546112060547
2265761, 13, 0.8447802066802979, 0.16990555822849274, 12.985249519348145
2265761, 14, 0.9045436382293701, 0.18023744225502014, 13.984134674072266
2265761, 15, 0.964438796043396, 0.19038125872612, 14.983043670654297
2265761, 16, 1.0004229545593262, 0.19418558478355408, 15.982799530029297
2265761, 17, 1.0393427610397339, 0.19818776845932007, 16.982460021972656
2265761, 18, 1.0858803987503052, 0.20465873181819916, 17.982065200805664
2265761, 19, 1.1404086351394653, 0.21384568512439728, 18.9814510345459
2265761, 20, 1.1935955286026, 0.22262713313102722, 19.980899810791016
2265761, 21, 1.2524566650390625, 0.23271116614341736, 20.98017120361328
2265761, 22, 1.327656865119934, 0.2486993670463562, 21.978687286376953
2265761, 23, 1.3980027437210083, 0.2626293897628784, 22.977542877197266
2265761, 24, 1.4502907991409302, 0.27124106884002686, 23.977035522460938
2265761, 25, 1.5162266492843628, 0.28359749913215637, 24.976009368896484
2265761, 26, 1.5520769357681274, 0.2871326804161072, 25.975725173950195
2265761, 27, 1.5952941179275513, 0.29188239574432373, 26.975204467773438
2265761, 28, 1.6310464143753052, 0.2954905331134796, 27.974918365478516
2265761, 29, 1.6747097969055176, 0.3013916015625, 28.974592208862305
2265761, 30, 1.7342015504837036, 0.3118637204170227, 29.97390365600586
5038881, 1, 0.08715463429689407, 0.023153526708483696, 0.9979548454284668
5038881, 2, 0.1656775325536728, 0.04195898771286011, 1.9964284896850586
5038881, 3, 0.25135940313339233, 0.06393153965473175, 2.9943695068359375
5038881, 4, 0.3352910876274109, 0.08527174592018127, 3.992309093475342
5038881, 5, 0.4194891154766083, 0.1066896989941597, 4.990312099456787
5038881, 6, 0.4949914813041687, 0.12364418059587479, 5.989040374755859
5038881, 7, 0.5683637261390686, 0.13960020244121552, 6.987897872924805
5038881, 8, 0.6388623714447021, 0.1544005274772644, 7.986881732940674
5038881, 9, 0.7069474458694458, 0.1683821678161621, 8.98597240447998
5038881, 10, 0.74282306432724, 0.17216317355632782, 9.985760688781738
5038881, 11, 0.7820060849189758, 0.17675280570983887, 10.98544979095459
5038881, 12, 0.822523832321167, 0.18170411884784698, 11.985119819641113
5038881, 13, 0.8622304797172546, 0.1864587366580963, 12.98482894897461
5038881, 14, 0.90532386302948, 0.19203247129917145, 13.984441757202148
5038881, 15, 0.9487582445144653, 0.19770729541778564, 14.98404598236084
5038881, 16, 0.9880183339118958, 0.2022372931241989, 15.983765602111816
5038881, 17, 1.031080961227417, 0.20785266160964966, 16.983352661132812
5038881, 18, 1.0923093557357788, 0.21924284100532532, 17.982635498046875
5038881, 19, 1.1490048170089722, 0.22903424501419067, 18.982013702392578
5038881, 20, 1.2063825130462646, 0.2391393929719925, 19.98130226135254
5038881, 21, 1.266730546951294, 0.25022372603416443, 20.98046112060547
5038881, 22, 1.3295667171478271, 0.26238158345222473, 21.97959327697754
5038881, 23, 1.395998477935791, 0.2760249376296997, 22.978654861450195
5038881, 24, 1.4635988473892212, 0.2900674045085907, 23.977619171142578
5038881, 25, 1.5346804857254028, 0.3055232763290405, 24.976425170898438
5038881, 26, 1.6180683374404907, 0.32659903168678284, 25.974409103393555
5038881, 27, 1.6934454441070557, 0.3436391353607178, 26.972885131835938
5038881, 28, 1.7718830108642578, 0.362060010433197, 27.971302032470703
5038881, 29, 1.8501683473587036, 0.38047105073928833, 28.969778060913086
5038881, 30, 1.936437726020813, 0.402730256319046, 29.967660903930664
4785791, 1, 0.08999030292034149, 0.02469499409198761, 0.9977385997772217
4785791, 2, 0.17939123511314392, 0.04875793680548668, 1.995348334312439
4785791, 3, 0.22520533204078674, 0.055227454751729965, 2.995007276535034
4785791, 4, 0.3081381022930145, 0.07632163166999817, 3.9934115409851074
4785791, 5, 0.35541629791259766, 0.08337914198637009, 4.9930500984191895
4785791, 6, 0.43445879220962524, 0.10238159447908401, 5.991626739501953
4785791, 7, 0.49910199642181396, 0.1152113825082779, 6.990705490112305
4785791, 8, 0.5914313197135925, 0.140995055437088, 7.988528728485107
4785791, 9, 0.6557649374008179, 0.1539253443479538, 8.987737655639648
4785791, 10, 0.7431016564369202, 0.1773633360862732, 9.98586368560791
4785791, 11, 0.7883684635162354, 0.18362216651439667, 10.985574722290039
4785791, 12, 0.835183322429657, 0.19017359614372253, 11.985176086425781
4785791, 13, 0.8903778195381165, 0.19983799755573273, 12.984630584716797
4785791, 14, 0.9906952977180481, 0.22993764281272888, 13.981732368469238
4785791, 15, 1.0394481420516968, 0.2366216629743576, 14.981157302856445
4785791, 16, 1.0932830572128296, 0.2451379895210266, 15.980459213256836
4785791, 17, 1.1848238706588745, 0.27042895555496216, 16.978078842163086
4785791, 18, 1.2776103019714355, 0.2962745130062103, 17.97564125061035
4785791, 19, 1.3748630285263062, 0.3240116238594055, 18.97287368774414
4785791, 20, 1.4772530794143677, 0.355214923620224, 19.96950912475586
4785791, 21, 1.5529448986053467, 0.3695225715637207, 20.967531204223633
4785791, 22, 1.6123199462890625, 0.37862011790275574, 21.9664363861084
4785791, 23, 1.6841996908187866, 0.3913429379463196, 22.96466636657715
4785791, 24, 1.7794033288955688, 0.4188940227031708, 23.962108612060547
4785791, 25, 1.8697313070297241, 0.4440843164920807, 24.959861755371094
4785791, 26, 1.9629696607589722, 0.4704013466835022, 25.957612991333008
4785791, 27, 2.0602755546569824, 0.49900662899017334, 26.955039978027344
4785791, 28, 2.15653657913208, 0.5273603200912476, 27.952329635620117
4785791, 29, 2.2443408966064453, 0.5507670640945435, 28.950101852416992
4785791, 30, 2.328615188598633, 0.5716774463653564, 29.94831657409668
1089412, 1, 0.06248656287789345, 0.01188673172146082, 0.999245285987854
1089412, 2, 0.12325187027454376, 0.02297085151076317, 1.998525857925415
1089412, 3, 0.16909493505954742, 0.02965681627392769, 2.998131275177002
1089412, 4, 0.22892874479293823, 0.04038224369287491, 3.997525215148926
1089412, 5, 0.28920793533325195, 0.05143280699849129, 4.996933937072754
1089412, 6, 0.3493826985359192, 0.06244729086756706, 5.9963274002075195
1089412, 7, 0.41025519371032715, 0.07376573234796524, 6.995673656463623
1089412, 8, 0.4727461040019989, 0.0857401192188263, 7.9949541091918945
1089412, 9, 0.5349099040031433, 0.09761825948953629, 8.994208335876465
1089412, 10, 0.5783140063285828, 0.10365055501461029, 9.993865966796875
1089412, 11, 0.6238374710083008, 0.11016074568033218, 10.993461608886719
1089412, 12, 0.6693229675292969, 0.11676586419343948, 11.993064880371094
1089412, 13, 0.7295350432395935, 0.12768222391605377, 12.992395401000977
1089412, 14, 0.7867914438247681, 0.13809464871883392, 13.991857528686523
1089412, 15, 0.8440516591072083, 0.14853480458259583, 14.991334915161133
1089412, 16, 0.8907130360603333, 0.1554790586233139, 15.990853309631348
1089412, 17, 0.9298694729804993, 0.16044236719608307, 16.99059295654297
1089412, 18, 0.9690669178962708, 0.16519251465797424, 17.990346908569336
1089412, 19, 1.0085253715515137, 0.17011944949626923, 18.990097045898438
1089412, 20, 1.0683612823486328, 0.1807965785264969, 19.989316940307617
1089412, 21, 1.1297740936279297, 0.19184891879558563, 20.988483428955078
1089412, 22, 1.1987366676330566, 0.2059696465730667, 21.987333297729492
1089412, 23, 1.268388032913208, 0.22058609127998352, 22.986236572265625
1089412, 24, 1.3494280576705933, 0.24004200100898743, 23.98446273803711
1089412, 25, 1.4250128269195557, 0.2573864161968231, 24.98305320739746
1089412, 26, 1.5143088102340698, 0.28132304549217224, 25.980770111083984
1089412, 27, 1.5911047458648682, 0.2988622188568115, 26.979196548461914
1089412, 28, 1.6780670881271362, 0.32115229964256287, 27.97684097290039
1089412, 29, 1.747157335281372, 0.3360084295272827, 28.975664138793945
1089412, 30, 1.8206536769866943, 0.35238873958587646, 29.97435760498047
4996894, 1, 0.039203476160764694, 0.004700185265392065, 0.9997152090072632
4996894, 2, 0.07745695114135742, 0.009179315529763699, 1.9994685649871826
4996894, 3, 0.11573842167854309, 0.013720663264393806, 2.9992024898529053
4996894, 4, 0.15363727509975433, 0.018137475475668907, 3.998943567276001
4996894, 5, 0.1904851645231247, 0.0222645103931427, 4.9987077713012695
4996894, 6, 0.22545959055423737, 0.025915326550602913, 5.99851655960083
4996894, 7, 0.2607422471046448, 0.02963995933532715, 6.998321056365967
4996894, 8, 0.2985607087612152, 0.03393132984638214, 7.9980950355529785
4996894, 9, 0.3349260687828064, 0.03793692588806152, 8.997897148132324
4996894, 10, 0.37181276082992554, 0.04213615506887436, 9.997681617736816
4996894, 11, 0.412452757358551, 0.04728590324521065, 10.99737548828125
4996894, 12, 0.45193737745285034, 0.052340347319841385, 11.997096061706543
4996894, 13, 0.49643662571907043, 0.05850023403763771, 12.996683120727539
4996894, 14, 0.5339521765708923, 0.06291540712118149, 13.996443748474121
4996894, 15, 0.5704523921012878, 0.06710322201251984, 14.996233940124512
4996894, 16, 0.6091225743293762, 0.0717606395483017, 15.995992660522461
4996894, 17, 0.6563893556594849, 0.07822898030281067, 16.9954776763916
4996894, 18, 0.7052788734436035, 0.08506707102060318, 17.99489974975586
4996894, 19, 0.7643016576766968, 0.09605440497398376, 18.9942569732666
4996894, 20, 0.8235384225845337, 0.10690275579690933, 19.99351692199707
4996894, 21, 0.8876259922981262, 0.11926712095737457, 20.992481231689453
4996894, 22, 0.9549782276153564, 0.13293562829494476, 21.991262435913086
4996894, 23, 1.0127168893814087, 0.14325451850891113, 22.990575790405273
4996894, 24, 1.0694546699523926, 0.1531640589237213, 23.98992919921875
4996894, 25, 1.13157320022583, 0.16516566276550293, 24.98914337158203
4996894, 26, 1.1971491575241089, 0.17856648564338684, 25.988327026367188
4996894, 27, 1.2665138244628906, 0.19360196590423584, 26.9873046875
4996894, 28, 1.3396062850952148, 0.21027767658233643, 27.986106872558594
4996894, 29, 1.4161550998687744, 0.2282429337501526, 28.98477554321289
4996894, 30, 1.486507534980774, 0.24384289979934692, 29.983598709106445
1217886, 1, 0.05342244729399681, 0.008338313549757004, 0.9994238018989563
1217886, 2, 0.10032644122838974, 0.015239996835589409, 1.999056100845337
1217886, 3, 0.14673267304897308, 0.021935874596238136, 2.998711347579956
1217886, 4, 0.20475853979587555, 0.03190894052386284, 3.997877597808838
1217886, 5, 0.26801198720932007, 0.04372527450323105, 4.996806621551514
1217886, 6, 0.31668391823768616, 0.05096103250980377, 5.996414661407471
1217886, 7, 0.3666854798793793, 0.05841125547885895, 6.996000289916992
1217886, 8, 0.41391828656196594, 0.06506657600402832, 7.99564266204834
1217886, 9, 0.45793789625167847, 0.07013697922229767, 8.995134353637695
1217886, 10, 0.5113843083381653, 0.07727964222431183, 9.994322776794434
1217886, 11, 0.5697862505912781, 0.08566658943891525, 10.993324279785156
1217886, 12, 0.6302477121353149, 0.09463395178318024, 11.992239952087402
1217886, 13, 0.6887998580932617, 0.10329807549715042, 12.99122428894043
1217886, 14, 0.7240597009658813, 0.10689260810613632, 13.990960121154785
1217886, 15, 0.7786130905151367, 0.11443223059177399, 14.990096092224121
1217886, 16, 0.8354889154434204, 0.12246401607990265, 15.989145278930664
1217886, 17, 0.8777363300323486, 0.12710002064704895, 16.98870277404785
1217886, 18, 0.9190495610237122, 0.13152602314949036, 17.988283157348633
1217886, 19, 0.9637707471847534, 0.13684356212615967, 18.987747192382812
1217886, 20, 1.0085011720657349, 0.1430126428604126, 19.9874267578125
1217886, 21, 1.0517288446426392, 0.1487315595149994, 20.987123489379883
1217886, 22, 1.0954259634017944, 0.15455277264118195, 21.986814498901367
1217886, 23, 1.1389919519424438, 0.16041383147239685, 22.98649787902832
1217886, 24, 1.1840412616729736, 0.1665033996105194, 23.98615264892578
1217886, 25, 1.228847622871399, 0.17243555188179016, 24.985809326171875
1217886, 26, 1.2726421356201172, 0.17810790240764618, 25.985471725463867
1217886, 27, 1.316745400428772, 0.18392573297023773, 26.985076904296875
1217886, 28, 1.3484151363372803, 0.187132328748703, 27.984888076782227
1217886, 29, 1.3803802728652954, 0.19019101560115814, 28.98467445373535
1217886, 30, 1.4179362058639526, 0.1945207715034485, 29.984432220458984
4820909, 1, 0.10451290011405945, 0.02475413866341114, 0.996239960193634
4820909, 2, 0.20990324020385742, 0.04928036034107208, 1.9924548864364624
4820909, 3, 0.34632402658462524, 0.09888926893472672, 2.985830307006836
4820909, 4, 0.44688940048217773, 0.1272871494293213, 3.9826817512512207
4820909, 5, 0.5720040202140808, 0.16976602375507355, 4.97723388671875
4820909, 6, 0.6883383989334106, 0.20727258920669556, 5.972596168518066
4820909, 7, 0.7973849773406982, 0.24014362692832947, 6.96859073638916
4820909, 8, 0.9015151858329773, 0.2702859938144684, 7.965050220489502
4820909, 9, 0.9516739845275879, 0.2775726020336151, 8.96442985534668
4820909, 10, 1.0971441268920898, 0.33135509490966797, 9.956893920898438
4820909, 11, 1.2486965656280518, 0.38565805554389954, 10.94885540008545
4820909, 12, 1.4049172401428223, 0.443252295255661, 11.940286636352539
4820909, 13, 1.5230222940444946, 0.4729028046131134, 12.935585021972656
4820909, 14, 1.642575740814209, 0.5038143992424011, 13.930728912353516
4820909, 15, 1.7587922811508179, 0.5332799553871155, 14.926168441772461
4820909, 16, 1.8636565208435059, 0.5626682639122009, 15.922481536865234
4820909, 17, 1.9734622240066528, 0.5951361656188965, 16.918363571166992
4820909, 18, 2.081125259399414, 0.6274272799491882, 17.914474487304688
4820909, 19, 2.198253631591797, 0.6657177209854126, 18.909706115722656
4820909, 20, 2.3253979682922363, 0.7110608220100403, 19.90383529663086
4820909, 21, 2.4427943229675293, 0.7501663565635681, 20.898902893066406
4820909, 22, 2.5570149421691895, 0.7866219878196716, 21.894262313842773
4820909, 23, 2.659278154373169, 0.8158784508705139, 22.89061737060547
4820909, 24, 2.8077378273010254, 0.8738290667533875, 23.88210105895996
4820909, 25, 2.9361400604248047, 0.9200869798660278, 24.87607765197754
4820909, 26, 3.0298025608062744, 0.9446923732757568, 25.873079299926758
4820909, 27, 3.140482187271118, 0.9813822507858276, 26.868579864501953
4820909, 28, 3.197113275527954, 0.990142822265625, 27.867666244506836
4820909, 29, 3.2512874603271484, 0.9982329607009888, 28.866931915283203
4820909, 30, 3.358152151107788, 1.0299955606460571, 29.862516403198242
1221647, 1, 0.05355985835194588, 0.008398517966270447, 0.999419629573822
1221647, 2, 0.10039907693862915, 0.015259303152561188, 1.999056339263916
1221647, 3, 0.1468547135591507, 0.021962299942970276, 2.9987125396728516
1221647, 4, 0.20501095056533813, 0.03197430074214935, 3.997875213623047
1221647, 5, 0.26866576075553894, 0.043929073959589005, 4.996786594390869
1221647, 6, 0.31743040680885315, 0.051186997443437576, 5.996391773223877
1221647, 7, 0.36730438470840454, 0.05858543887734413, 6.995984077453613
1221647, 8, 0.41464418172836304, 0.06525897979736328, 7.995622634887695
1221647, 9, 0.4585765600204468, 0.07032912224531174, 8.995115280151367
1221647, 10, 0.5121181011199951, 0.07750629633665085, 9.994300842285156
1221647, 11, 0.5705054402351379, 0.08589036017656326, 10.993302345275879
1221647, 12, 0.6309621334075928, 0.0948968455195427, 11.992215156555176
1221647, 13, 0.6897220611572266, 0.10360605269670486, 12.991190910339355
1221647, 14, 0.7248384952545166, 0.10716483741998672, 13.990928649902344
1221647, 15, 0.7794840335845947, 0.11473079025745392, 14.990062713623047
1221647, 16, 0.8362506628036499, 0.12273168563842773, 15.989115715026855
1221647, 17, 0.8786952495574951, 0.12740495800971985, 16.98866844177246
1221647, 18, 0.9198221564292908, 0.13180218636989594, 17.988252639770508
1221647, 19, 0.9646130800247192, 0.13714717328548431, 18.987714767456055
1221647, 20, 1.0083249807357788, 0.14308331906795502, 19.987398147583008
1221647, 21, 1.0516688823699951, 0.14883239567279816, 20.987091064453125
1221647, 22, 1.0955075025558472, 0.15469087660312653, 21.986780166625977
1221647, 23, 1.1391469240188599, 0.160566046833992, 22.986461639404297
1221647, 24, 1.1840261220932007, 0.16661152243614197, 23.98611831665039
1221647, 25, 1.228943109512329, 0.17255569994449615, 24.985774993896484
1221647, 26, 1.2728246450424194, 0.1782401204109192, 25.985435485839844
1221647, 27, 1.3171777725219727, 0.18412548303604126, 26.985034942626953
1221647, 28, 1.344852328300476, 0.18654343485832214, 27.984886169433594
1221647, 29, 1.3769054412841797, 0.18960969150066376, 28.984670639038086
1221647, 30, 1.4288326501846313, 0.19763797521591187, 29.9841365814209
5195398, 1, 0.06247790530323982, 0.011663995683193207, 0.9991739988327026
5195398, 2, 0.12730255722999573, 0.023879600688815117, 1.9981951713562012
5195398, 3, 0.1795065999031067, 0.03229362517595291, 2.997681140899658
5195398, 4, 0.23007036745548248, 0.040326908230781555, 3.997239351272583
5195398, 5, 0.2868627905845642, 0.04985134303569794, 4.996607303619385
5195398, 6, 0.34537407755851746, 0.05998337268829346, 5.995957374572754
5195398, 7, 0.4043256342411041, 0.07027371972799301, 6.995315074920654
5195398, 8, 0.4617863893508911, 0.08033212274312973, 7.994767665863037
5195398, 9, 0.5042949914932251, 0.08609302341938019, 8.994401931762695
5195398, 10, 0.5492714643478394, 0.09255695343017578, 9.993925094604492
5195398, 11, 0.5909029841423035, 0.0981035903096199, 10.993551254272461
5195398, 12, 0.6308376789093018, 0.10321032255887985, 11.993209838867188
5195398, 13, 0.6801831722259521, 0.11056243628263474, 12.992561340332031
5195398, 14, 0.7213170528411865, 0.11589040607213974, 13.99218463897705
5195398, 15, 0.7649903297424316, 0.12183623015880585, 14.991714477539062
5195398, 16, 0.8074004054069519, 0.1274132877588272, 15.99129867553711
5195398, 17, 0.8503725528717041, 0.1330169439315796, 16.990886688232422
5195398, 18, 0.8867426514625549, 0.13704995810985565, 17.990652084350586
5195398, 19, 0.9279356002807617, 0.14228929579257965, 18.990243911743164
5195398, 20, 0.9694260954856873, 0.14763057231903076, 19.98982048034668
5195398, 21, 1.0301032066345215, 0.15823471546173096, 20.98912811279297
5195398, 22, 1.0935235023498535, 0.1698511242866516, 21.988189697265625
5195398, 23, 1.1473541259765625, 0.17817963659763336, 22.987625122070312
5195398, 24, 1.1929235458374023, 0.1843542605638504, 23.987239837646484
5195398, 25, 1.2330952882766724, 0.18907125294208527, 24.986921310424805
5195398, 26, 1.2805109024047852, 0.1959991753101349, 25.986488342285156
5195398, 27, 1.3353012800216675, 0.20485055446624756, 26.98573112487793
5195398, 28, 1.3909302949905396, 0.21393387019634247, 27.985010147094727
5195398, 29, 1.4219861030578613, 0.21675878763198853, 28.984861373901367
5195398, 30, 1.4533076286315918, 0.2195502370595932, 29.984712600708008
5007479, 1, 0.09623614698648453, 0.02641952969133854, 0.9971978664398193
5007479, 2, 0.1406993418931961, 0.032396700233221054, 1.9966769218444824
5007479, 3, 0.18353486061096191, 0.03816331550478935, 2.9962539672851562
5007479, 4, 0.24274185299873352, 0.04914206266403198, 3.995576858520508
5007479, 5, 0.28894710540771484, 0.05593987554311752, 4.9951252937316895
5007479, 6, 0.361297607421875, 0.07168281823396683, 5.993929862976074
5007479, 7, 0.45440876483917236, 0.0967809408903122, 6.991544723510742
5007479, 8, 0.5358841419219971, 0.11595180630683899, 7.989992141723633
5007479, 9, 0.6134544014930725, 0.1334265172481537, 8.988757133483887
5007479, 10, 0.704703688621521, 0.15695658326148987, 9.98666763305664
5007479, 11, 0.7486364841461182, 0.1624472290277481, 10.986255645751953
5007479, 12, 0.7962342500686646, 0.16910545527935028, 11.98578929901123
5007479, 13, 0.8403716087341309, 0.17473217844963074, 12.985380172729492
5007479, 14, 0.8859313726425171, 0.18102815747261047, 13.984942436218262
5007479, 15, 0.9299221038818359, 0.18674682080745697, 14.984536170959473
5007479, 16, 0.9781463146209717, 0.19356873631477356, 15.984023094177246
5007479, 17, 1.0221450328826904, 0.19918540120124817, 16.983638763427734
5007479, 18, 1.0990774631500244, 0.21697741746902466, 17.982425689697266
5007479, 19, 1.158698558807373, 0.22709086537361145, 18.981395721435547
5007479, 20, 1.2096236944198608, 0.2343851625919342, 19.980751037597656
5007479, 21, 1.2593802213668823, 0.24155111610889435, 20.980195999145508
5007479, 22, 1.3148112297058105, 0.25048741698265076, 21.979469299316406
5007479, 23, 1.368651032447815, 0.2593947649002075, 22.97872543334961
5007479, 24, 1.4274988174438477, 0.2700125277042389, 23.97787857055664
5007479, 25, 1.5010361671447754, 0.2861018478870392, 24.976774215698242
5007479, 26, 1.5800840854644775, 0.30437445640563965, 25.97543716430664
5007479, 27, 1.6589826345443726, 0.32265371084213257, 26.9742431640625
5007479, 28, 1.728042483329773, 0.3371327817440033, 27.973295211791992
5007479, 29, 1.8021571636199951, 0.3536762297153473, 28.9720401763916
5007479, 30, 1.9213913679122925, 0.39522600173950195, 29.966787338256836
4431350, 1, 0.07458797097206116, 0.0155718345195055, 0.9983871579170227
4431350, 2, 0.1477137804031372, 0.030479222536087036, 1.9968655109405518
4431350, 3, 0.2277040183544159, 0.04804670810699463, 2.994922399520874
4431350, 4, 0.3113185167312622, 0.06709825992584229, 3.992732048034668
4431350, 5, 0.37831664085388184, 0.07979879528284073, 4.991594314575195
4431350, 6, 0.45136088132858276, 0.09460059553384781, 5.990086555480957
4431350, 7, 0.5380797386169434, 0.11533331871032715, 6.987720966339111
4431350, 8, 0.6225511431694031, 0.13518765568733215, 7.985589027404785
4431350, 9, 0.6689648032188416, 0.14094886183738708, 8.985112190246582
4431350, 10, 0.7183125019073486, 0.14729392528533936, 9.984485626220703
4431350, 11, 0.7600401043891907, 0.15244071185588837, 10.98413372039795
4431350, 12, 0.7994917631149292, 0.15720942616462708, 11.983854293823242
4431350, 13, 0.8387427926063538, 0.162043958902359, 12.983595848083496
4431350, 14, 0.8779928684234619, 0.16692358255386353, 13.98334789276123
4431350, 15, 0.9175098538398743, 0.17187191545963287, 14.983095169067383
4431350, 16, 0.9571493268013, 0.1767386496067047, 15.982833862304688
4431350, 17, 0.9973004460334778, 0.18167679011821747, 16.982561111450195
4431350, 18, 1.0546399354934692, 0.1913260817527771, 17.981857299804688
4431350, 19, 1.1231319904327393, 0.20486633479595184, 18.980676651000977
4431350, 20, 1.2011833190917969, 0.22241055965423584, 19.97907829284668
4431350, 21, 1.2799603939056396, 0.2404974102973938, 20.97736930847168
4431350, 22, 1.3565529584884644, 0.25758057832717896, 21.97577667236328
4431350, 23, 1.4395149946212769, 0.27772247791290283, 22.973865509033203
4431350, 24, 1.5199016332626343, 0.29677140712738037, 23.972097396850586
4431350, 25, 1.585871696472168, 0.309404194355011, 24.970970153808594
4431350, 26, 1.6468404531478882, 0.32012292742729187, 25.970003128051758
4431350, 27, 1.714118480682373, 0.33353671431541443, 26.968734741210938
4431350, 28, 1.7563719749450684, 0.33822453022003174, 27.968311309814453
4431350, 29, 1.8409254550933838, 0.3594690263271332, 28.96629524230957
4431350, 30, 1.9185799360275269, 0.37787947058677673, 29.964645385742188
5144366, 1, 0.06454017758369446, 0.012268425896763802, 0.9985737800598145
5144366, 2, 0.11821901798248291, 0.021623870357871056, 1.9975602626800537
5144366, 3, 0.17528118193149567, 0.03310204669833183, 2.9966323375701904
5144366, 4, 0.23103775084018707, 0.04359881952404976, 3.995769500732422
5144366, 5, 0.2878419756889343, 0.05510026961565018, 4.99476957321167
5144366, 6, 0.3528149724006653, 0.06790298968553543, 5.993260383605957
5144366, 7, 0.42459696531295776, 0.08280152827501297, 6.991462230682373
5144366, 8, 0.5131918787956238, 0.10351823270320892, 7.988814353942871
5144366, 9, 0.5938007235527039, 0.12131783366203308, 8.986588478088379
5144366, 10, 0.6777698397636414, 0.14016014337539673, 9.984193801879883
5144366, 11, 0.7552806735038757, 0.15687672793865204, 10.982110023498535
5144366, 12, 0.8287807703018188, 0.17233340442180634, 11.980219841003418
5144366, 13, 0.910767674446106, 0.19061630964279175, 12.97790813446045
5144366, 14, 0.9869626760482788, 0.20589709281921387, 13.976019859313965
5144366, 15, 1.0647464990615845, 0.2216465175151825, 14.974061965942383
5144366, 16, 1.1480438709259033, 0.24006438255310059, 15.97175407409668
5144366, 17, 1.2075375318527222, 0.25133273005485535, 16.970531463623047
5144366, 18, 1.248541235923767, 0.25787317752838135, 17.9699649810791
5144366, 19, 1.2877622842788696, 0.2637626528739929, 18.969457626342773
5144366, 20, 1.3268605470657349, 0.2689692974090576, 19.969018936157227
5144366, 21, 1.385177493095398, 0.27961745858192444, 20.968202590942383
5144366, 22, 1.442095398902893, 0.28933393955230713, 21.967525482177734
5144366, 23, 1.4963091611862183, 0.29846349358558655, 22.96688461303711
5144366, 24, 1.5507292747497559, 0.30806151032447815, 23.966175079345703
5144366, 25, 1.6046388149261475, 0.31753841042518616, 24.965532302856445
5144366, 26, 1.6594319343566895, 0.32682445645332336, 25.96488380432129
5144366, 27, 1.714236855506897, 0.3358297348022461, 26.964258193969727
5144366, 28, 1.768467664718628, 0.34466755390167236, 27.963708877563477
5144366, 29, 1.8307965993881226, 0.35611656308174133, 28.962942123413086
5144366, 30, 1.8974772691726685, 0.36920100450515747, 29.96207046508789
5037673, 1, 0.0374126099050045, 0.00445949612185359, 0.9997633695602417
5037673, 2, 0.1023407131433487, 0.01732441410422325, 1.998889684677124
5037673, 3, 0.16355682909488678, 0.02882477268576622, 2.998103380203247
5037673, 4, 0.2241676300764084, 0.03982660919427872, 3.997316360473633
5037673, 5, 0.2799146771430969, 0.04933638870716095, 4.996758937835693
5037673, 6, 0.34561729431152344, 0.06218019872903824, 5.995689392089844
5037673, 7, 0.40606778860092163, 0.07304143160581589, 6.994922161102295
5037673, 8, 0.4645353853702545, 0.08329851925373077, 7.994274139404297
5037673, 9, 0.5277884602546692, 0.09519220143556595, 8.993428230285645
5037673, 10, 0.5667752027511597, 0.09988938271999359, 9.993182182312012
5037673, 11, 0.6235051155090332, 0.10961536318063736, 10.99262809753418
5037673, 12, 0.678198516368866, 0.11894383281469345, 11.99212646484375
5037673, 13, 0.7354996204376221, 0.12897634506225586, 12.991522789001465
5037673, 14, 0.7957410216331482, 0.13995103538036346, 13.990721702575684
5037673, 15, 0.8615522384643555, 0.15262088179588318, 14.989550590515137
5037673, 16, 0.9260240197181702, 0.16463282704353333, 15.988469123840332
5037673, 17, 0.959122896194458, 0.16784708201885223, 16.988313674926758
5037673, 18, 0.9934991598129272, 0.1714765876531601, 17.988126754760742
5037673, 19, 1.0282396078109741, 0.1749153882265091, 18.9879150390625
5037673, 20, 1.0626909732818604, 0.17846521735191345, 19.98773193359375
5037673, 21, 1.1309998035430908, 0.19229763746261597, 20.98668670654297
5037673, 22, 1.2003624439239502, 0.2067609578371048, 21.985631942749023
5037673, 23, 1.270163655281067, 0.22134384512901306, 22.984575271606445
5037673, 24, 1.334275722503662, 0.23366723954677582, 23.983793258666992
5037673, 25, 1.4094276428222656, 0.2507242262363434, 24.982498168945312
5037673, 26, 1.4812856912612915, 0.2665620744228363, 25.981412887573242
5037673, 27, 1.5474878549575806, 0.2801036536693573, 26.980560302734375
5037673, 28, 1.6133627891540527, 0.2933674156665802, 27.979700088500977
5037673, 29, 1.6858757734298706, 0.3092997670173645, 28.978538513183594
5037673, 30, 1.7452521324157715, 0.32016149163246155, 29.97793197631836
4766524, 1, 0.09338673949241638, 0.025601515546441078, 0.9975049495697021
4766524, 2, 0.1933676302433014, 0.054548297077417374, 1.9944918155670166
4766524, 3, 0.2912593185901642, 0.08238402009010315, 2.9915804862976074
4766524, 4, 0.38259053230285645, 0.10676155984401703, 3.9891843795776367
4766524, 5, 0.4744258224964142, 0.13131636381149292, 4.986701488494873
4766524, 6, 0.5198691487312317, 0.13761776685714722, 5.986290454864502
4766524, 7, 0.5656731724739075, 0.14412961900234222, 6.985934257507324
4766524, 8, 0.6120866537094116, 0.15048979222774506, 7.9855546951293945
4766524, 9, 0.6609760522842407, 0.15734143555164337, 8.985072135925293
4766524, 10, 0.7096906304359436, 0.1646631509065628, 9.984654426574707
4766524, 11, 0.7602315545082092, 0.172126904129982, 10.984193801879883
4766524, 12, 0.8101992011070251, 0.1793547421693802, 11.98370361328125
4766524, 13, 0.8573936820030212, 0.1862775981426239, 12.983298301696777
4766524, 14, 0.9074925780296326, 0.19302843511104584, 13.982708930969238
4766524, 15, 0.9511145353317261, 0.19945791363716125, 14.982396125793457
4766524, 16, 1.0419371128082275, 0.22332599759101868, 15.980224609375
4766524, 17, 1.0848431587219238, 0.22945772111415863, 16.979944229125977
4766524, 18, 1.1272501945495605, 0.2350715696811676, 17.979642868041992
4766524, 19, 1.1704826354980469, 0.2406078428030014, 18.979299545288086
4766524, 20, 1.2751697301864624, 0.27278968691825867, 19.975811004638672
4766524, 21, 1.3662556409835815, 0.29753321409225464, 20.97347068786621
4766524, 22, 1.4130059480667114, 0.3033856451511383, 21.972980499267578
4766524, 23, 1.4556028842926025, 0.3086986243724823, 22.972618103027344
4766524, 24, 1.5390660762786865, 0.3298865556716919, 23.97069549560547
4766524, 25, 1.6237012147903442, 0.3515576124191284, 24.968704223632812
4766524, 26, 1.7198858261108398, 0.37911033630371094, 25.96590232849121
4766524, 27, 1.8173341751098633, 0.40803056955337524, 26.962862014770508
4766524, 28, 1.912370204925537, 0.4350200593471527, 27.960155487060547
4766524, 29, 2.011225700378418, 0.46402642130851746, 28.957321166992188
4766524, 30, 2.063819646835327, 0.47177043557167053, 29.956579208374023
1262475, 1, 0.05262105166912079, 0.008806207217276096, 0.9994789958000183
1262475, 2, 0.10333700478076935, 0.016934555023908615, 1.9990081787109375
1262475, 3, 0.1542253941297531, 0.025195255875587463, 2.998513698577881
1262475, 4, 0.20553207397460938, 0.033352699130773544, 3.998042106628418
1262475, 5, 0.2606881856918335, 0.04245763644576073, 4.997416973114014
1262475, 6, 0.3168960511684418, 0.051893316209316254, 5.996760845184326
1262475, 7, 0.37202873826026917, 0.06110087409615517, 6.996148586273193
1262475, 8, 0.4245254695415497, 0.06975049525499344, 7.995637893676758
1262475, 9, 0.4765511453151703, 0.07808849960565567, 8.995149612426758
1262475, 10, 0.5301079750061035, 0.08620336651802063, 9.994298934936523
1262475, 11, 0.5900595784187317, 0.0960054025053978, 10.993220329284668
1262475, 12, 0.6547410488128662, 0.10712061822414398, 11.991950035095215
1262475, 13, 0.7042291760444641, 0.11416605114936829, 12.991284370422363
1262475, 14, 0.7568482756614685, 0.1218639388680458, 13.99050235748291
1262475, 15, 0.8054293990135193, 0.1284887045621872, 14.989873886108398
1262475, 16, 0.844893753528595, 0.13331001996994019, 15.98951530456543
1262475, 17, 0.9035893082618713, 0.14264416694641113, 16.988510131835938
1262475, 18, 0.9665685892105103, 0.1533283293247223, 17.987276077270508
1262475, 19, 1.0178170204162598, 0.1608738750219345, 18.986499786376953
1262475, 20, 1.0633368492126465, 0.16721518337726593, 19.985912322998047
1262475, 21, 1.0998018980026245, 0.1715797781944275, 20.985599517822266
1262475, 22, 1.1442525386810303, 0.17763268947601318, 21.98504066467285
1262475, 23, 1.1960633993148804, 0.1859581470489502, 22.984561920166016
1262475, 24, 1.2577598094940186, 0.19720208644866943, 23.98380470275879
1262475, 25, 1.3196723461151123, 0.2085450440645218, 24.983030319213867
1262475, 26, 1.3799009323120117, 0.21936169266700745, 25.982337951660156
1262475, 27, 1.440664529800415, 0.23045699298381805, 26.981552124023438
1262475, 28, 1.5041303634643555, 0.24232324957847595, 27.980600357055664
1262475, 29, 1.5676727294921875, 0.2543478012084961, 28.979721069335938
1262475, 30, 1.6302036046981812, 0.26622262597084045, 29.978862762451172
5010602, 1, 0.06919386237859726, 0.013988244347274303, 0.9987922310829163
5010602, 2, 0.1484507918357849, 0.031853772699832916, 1.997023582458496
5010602, 3, 0.2243935614824295, 0.047863081097602844, 2.9953978061676025
5010602, 4, 0.2908307909965515, 0.06088762730360031, 3.9942944049835205
5010602, 5, 0.35707125067710876, 0.07376771420240402, 4.993250846862793
5010602, 6, 0.40635108947753906, 0.08042695373296738, 5.992611408233643
5010602, 7, 0.45233070850372314, 0.08618960529565811, 6.992088317871094
5010602, 8, 0.5069043040275574, 0.09577806293964386, 7.991168975830078
5010602, 9, 0.5746650695800781, 0.10986299067735672, 8.989629745483398
5010602, 10, 0.6481262445449829, 0.12597154080867767, 9.987792015075684
5010602, 11, 0.7166045308113098, 0.14019626379013062, 10.986215591430664
5010602, 12, 0.7788248658180237, 0.15216681361198425, 11.984941482543945
5010602, 13, 0.8506578207015991, 0.16763342916965485, 12.983177185058594
5010602, 14, 0.9264663457870483, 0.18487921357154846, 13.98117733001709
5010602, 15, 0.9988634586334229, 0.2009177953004837, 14.979358673095703
5010602, 16, 1.067537784576416, 0.21529561281204224, 15.97775936126709
5010602, 17, 1.1403319835662842, 0.2311103790998459, 16.9759464263916
5010602, 18, 1.211365818977356, 0.24629592895507812, 17.97418785095215
5010602, 19, 1.2810572385787964, 0.26080310344696045, 18.97250747680664
5010602, 20, 1.352691411972046, 0.27592983841896057, 19.970733642578125
5010602, 21, 1.4300836324691772, 0.29289573431015015, 20.96955680847168
5010602, 22, 1.5044382810592651, 0.3095925450325012, 21.968427658081055
5010602, 23, 1.5806604623794556, 0.3263627588748932, 22.967220306396484
5010602, 24, 1.6522104740142822, 0.34136611223220825, 23.96619415283203
5010602, 25, 1.733001947402954, 0.35968342423439026, 24.9647159576416
5010602, 26, 1.8204288482666016, 0.38093680143356323, 25.96293067932129
5010602, 27, 1.9048734903335571, 0.40107545256614685, 26.961244583129883
5010602, 28, 1.9530009031295776, 0.40851449966430664, 27.960525512695312
5010602, 29, 1.992935299873352, 0.41353002190589905, 28.960128784179688
5010602, 30, 2.033531665802002, 0.41882169246673584, 29.959712982177734
4961513, 1, 0.0368751622736454, 0.004268663935363293, 0.9997748732566833
4961513, 2, 0.07199245691299438, 0.008153634145855904, 1.9995825290679932
4961513, 3, 0.10739593952894211, 0.011947177350521088, 2.9993669986724854
4961513, 4, 0.16162993013858795, 0.020963624119758606, 3.9988341331481934
4961513, 5, 0.21509841084480286, 0.029911842197179794, 4.998336315155029
4961513, 6, 0.2867584228515625, 0.04471661150455475, 5.996991157531738
4961513, 7, 0.35137367248535156, 0.05722668394446373, 6.9960737228393555
4961513, 8, 0.4179307222366333, 0.07068099081516266, 7.9950995445251465
4961513, 9, 0.4790157377719879, 0.08211824297904968, 8.994311332702637
4961513, 10, 0.5240283608436584, 0.08778226375579834, 9.993782997131348
4961513, 11, 0.561603307723999, 0.09198302030563354, 10.993480682373047
4961513, 12, 0.597012460231781, 0.09598132222890854, 11.993242263793945
4961513, 13, 0.6356205940246582, 0.10066182911396027, 12.992990493774414
4961513, 14, 0.6727789044380188, 0.10505921393632889, 13.992774963378906
4961513, 15, 0.7083339691162109, 0.10895808786153793, 14.992581367492676
4961513, 16, 0.7464145421981812, 0.11345682293176651, 15.992341041564941
4961513, 17, 0.7875714302062988, 0.11863505840301514, 16.992029190063477
4961513, 18, 0.8305934071540833, 0.12428244948387146, 17.99166488647461
4961513, 19, 0.885504961013794, 0.13381922245025635, 18.991130828857422
4961513, 20, 0.9387314319610596, 0.14263510704040527, 19.990636825561523
4961513, 21, 1.0102670192718506, 0.15706662833690643, 20.98924446105957
4961513, 22, 1.0713822841644287, 0.16797254979610443, 21.988441467285156
4961513, 23, 1.1321990489959717, 0.17909717559814453, 22.98773765563965
4961513, 24, 1.194809913635254, 0.19098344445228577, 23.986921310424805
4961513, 25, 1.2506133317947388, 0.20090925693511963, 24.986366271972656
4961513, 26, 1.3104571104049683, 0.21201449632644653, 25.985658645629883
4961513, 27, 1.383505940437317, 0.22788606584072113, 26.984296798706055
4961513, 28, 1.450930118560791, 0.24176034331321716, 27.98322105407715
4961513, 29, 1.5283300876617432, 0.25985556840896606, 28.981657028198242
4961513, 30, 1.6031898260116577, 0.2771340012550354, 29.980268478393555
5059948, 1, 0.06854439526796341, 0.014163610525429249, 0.9987242221832275
5059948, 2, 0.1307315230369568, 0.0259796641767025, 1.9977617263793945
5059948, 3, 0.21560761332511902, 0.04599955677986145, 2.995542049407959
5059948, 4, 0.3051103949546814, 0.06777074933052063, 3.992959976196289
5059948, 5, 0.3929640054702759, 0.08860316872596741, 4.990485668182373
5059948, 6, 0.4486043155193329, 0.09790465980768204, 5.989753723144531
5059948, 7, 0.5011295080184937, 0.10633876174688339, 6.989163398742676
5059948, 8, 0.5717595219612122, 0.12029917538166046, 7.987716197967529
5059948, 9, 0.6348034143447876, 0.1319383829832077, 8.986653327941895
5059948, 10, 0.6908590793609619, 0.14179451763629913, 9.985939025878906
5059948, 11, 0.7517500519752502, 0.1515297144651413, 10.984894752502441
5059948, 12, 0.7894368171691895, 0.15583547949790955, 11.984535217285156
5059948, 13, 0.8533467650413513, 0.1665085256099701, 12.983358383178711
5059948, 14, 0.9159711003303528, 0.17696328461170197, 13.982221603393555
5059948, 15, 0.9526141881942749, 0.181528702378273, 14.98185920715332
5059948, 16, 0.9901334643363953, 0.18617992103099823, 15.981468200683594
5059948, 17, 1.0287671089172363, 0.1908072978258133, 16.981081008911133
5059948, 18, 1.0656214952468872, 0.1950826644897461, 17.98074722290039
5059948, 19, 1.121541976928711, 0.20473429560661316, 18.980087280273438
5059948, 20, 1.1776745319366455, 0.2140885293483734, 19.97944450378418
5059948, 21, 1.2314115762710571, 0.22306519746780396, 20.978918075561523
5059948, 22, 1.2825411558151245, 0.2312641441822052, 21.97844886779785
5059948, 23, 1.3373616933822632, 0.24030420184135437, 22.97780418395996
5059948, 24, 1.3915172815322876, 0.2491215318441391, 23.977214813232422
5059948, 25, 1.4509285688400269, 0.25930652022361755, 24.976417541503906
5059948, 26, 1.5114657878875732, 0.26967498660087585, 25.97550392150879
5059948, 27, 1.572670817375183, 0.2802598178386688, 26.974523544311523
5059948, 28, 1.6561256647109985, 0.2996843159198761, 27.97218132019043
5059948, 29, 1.7586677074432373, 0.32927000522613525, 28.96830940246582
5059948, 30, 1.8214325904846191, 0.3405533730983734, 29.967144012451172
4855738, 1, 0.060925889760255814, 0.011425946839153767, 0.9994186758995056
4855738, 2, 0.11108168959617615, 0.018904700875282288, 1.9987245798110962
4855738, 3, 0.16301317512989044, 0.026817483827471733, 2.998201847076416
4855738, 4, 0.2104114145040512, 0.033719517290592194, 3.99782657623291
4855738, 5, 0.25812509655952454, 0.04095504432916641, 4.997457981109619
4855738, 6, 0.3096686601638794, 0.049582839012145996, 5.996935844421387
4855738, 7, 0.360481321811676, 0.05794401839375496, 6.996440887451172
4855738, 8, 0.4091215431690216, 0.06553561985492706, 7.996034622192383
4855738, 9, 0.4568350613117218, 0.07278753817081451, 8.995645523071289
4855738, 10, 0.5051727294921875, 0.08013733476400375, 9.995243072509766
4855738, 11, 0.544937789440155, 0.08519094437360764, 10.994882583618164
4855738, 12, 0.5861029028892517, 0.09048513323068619, 11.994485855102539
4855738, 13, 0.6252470016479492, 0.0952414870262146, 12.994134902954102
4855738, 14, 0.6726438403129578, 0.10174064338207245, 13.993534088134766
4855738, 15, 0.7191780209541321, 0.1082850992679596, 14.993206977844238
4855738, 16, 0.7727275490760803, 0.11632724106311798, 15.992380142211914
4855738, 17, 0.8208136558532715, 0.12314626574516296, 16.99173355102539
4855738, 18, 0.8625311255455017, 0.12848857045173645, 17.99129295349121
4855738, 19, 0.8981009125709534, 0.13246238231658936, 18.991018295288086
4855738, 20, 0.9452897310256958, 0.1392536610364914, 19.99066162109375
4855738, 21, 0.9916102886199951, 0.14615504443645477, 20.99029541015625
4855738, 22, 1.0375126600265503, 0.15251511335372925, 21.989940643310547
4855738, 23, 1.0815954208374023, 0.1587124913930893, 22.98963165283203
4855738, 24, 1.1256786584854126, 0.16495531797409058, 23.989328384399414
4855738, 25, 1.1732460260391235, 0.1720876842737198, 24.988941192626953
4855738, 26, 1.230520486831665, 0.18192023038864136, 25.98827362060547
4855738, 27, 1.2891227006912231, 0.19215349853038788, 26.987586975097656
4855738, 28, 1.3449944257736206, 0.20164011418819427, 27.987003326416016
4855738, 29, 1.380699634552002, 0.20536991953849792, 28.98673439025879
4855738, 30, 1.4147310256958008, 0.20870570838451385, 29.986501693725586
