Case_ID, Slide_ID, mae, mse, ssim
5266205, 1, 0.0747750774025917, 0.022057056427001953, 0.9982072710990906
5266205, 2, 0.12952972948551178, 0.034394457936286926, 1.997451663017273
5266205, 3, 0.1642020046710968, 0.039240166544914246, 2.997072696685791
5266205, 4, 0.19243131577968597, 0.04249890521168709, 3.996884822845459
5266205, 5, 0.23776154220104218, 0.04923855885863304, 4.996034622192383
5266205, 6, 0.2863503396511078, 0.05677161365747452, 5.995038986206055
5266205, 7, 0.32962408661842346, 0.06305117160081863, 6.994284152984619
5266205, 8, 0.3713083863258362, 0.0690549686551094, 7.993597507476807
5266205, 9, 0.4159499406814575, 0.07590297609567642, 8.992788314819336
5266205, 10, 0.47401338815689087, 0.08836013078689575, 9.991387367248535
5266205, 11, 0.5072141885757446, 0.09256584942340851, 10.991044044494629
5266205, 12, 0.5409265756607056, 0.09706949442625046, 11.990754127502441
5266205, 13, 0.5775519013404846, 0.10220105946063995, 12.990377426147461
5266205, 14, 0.6237250566482544, 0.10997115820646286, 13.989632606506348
5266205, 15, 0.6547951698303223, 0.11377472430467606, 14.989377975463867
5266205, 16, 0.6873258352279663, 0.11772633343935013, 15.989124298095703
5266205, 17, 0.7249237298965454, 0.12288587540388107, 16.9887638092041
5266205, 18, 0.7706697583198547, 0.13080835342407227, 17.98807716369629
5266205, 19, 0.814216136932373, 0.13801729679107666, 18.987545013427734
5266205, 20, 0.8534250259399414, 0.14342723786830902, 19.987110137939453
5266205, 21, 0.8913066983222961, 0.14894242584705353, 20.98672103881836
5266205, 22, 0.9233200550079346, 0.15289559960365295, 21.9864501953125
5266205, 23, 0.9539756178855896, 0.1565956175327301, 22.986223220825195
5266205, 24, 0.9915339946746826, 0.1618986427783966, 23.985801696777344
5266205, 25, 1.020737648010254, 0.1651724874973297, 24.985612869262695
5266205, 26, 1.0491875410079956, 0.16836950182914734, 25.985422134399414
5266205, 27, 1.1613101959228516, 0.21443210542201996, 26.97971534729004
5266205, 28, 1.2433699369430542, 0.23882588744163513, 27.977415084838867
5266205, 29, 1.3346636295318604, 0.26941344141960144, 28.97427749633789
5266205, 30, 1.4061484336853027, 0.2880783677101135, 29.972801208496094
5110047, 1, 0.07530583441257477, 0.022250276058912277, 0.9982455372810364
5110047, 2, 0.14748264849185944, 0.04247055575251579, 1.9967303276062012
5110047, 3, 0.22176438570022583, 0.06370937824249268, 2.9950191974639893
5110047, 4, 0.300643652677536, 0.08716005086898804, 3.9929518699645996
5110047, 5, 0.37460994720458984, 0.10844893753528595, 4.99111795425415
5110047, 6, 0.4469349980354309, 0.12873078882694244, 5.9894232749938965
5110047, 7, 0.5188239812850952, 0.1485510915517807, 6.987735271453857
5110047, 8, 0.5975067615509033, 0.1721658557653427, 7.98553466796875
5110047, 9, 0.670323371887207, 0.19256283342838287, 8.983896255493164
5110047, 10, 0.7383092045783997, 0.2104492038488388, 9.98266887664795
5110047, 11, 0.7729452848434448, 0.21527832746505737, 10.982292175292969
5110047, 12, 0.8058642148971558, 0.21978060901165009, 11.981974601745605
5110047, 13, 0.8388566374778748, 0.22425587475299835, 12.98168659210205
5110047, 14, 0.8724609017372131, 0.2288837730884552, 13.981378555297852
5110047, 15, 0.903883695602417, 0.23290756344795227, 14.981142044067383
5110047, 16, 0.9359171986579895, 0.23669926822185516, 15.980896949768066
5110047, 17, 0.9742521643638611, 0.24256980419158936, 16.98047637939453
5110047, 18, 1.0122652053833008, 0.24800433218479156, 17.980073928833008
5110047, 19, 1.083719253540039, 0.2684039771556854, 18.97837257385254
5110047, 20, 1.1201106309890747, 0.2736159861087799, 19.977968215942383
5110047, 21, 1.1547677516937256, 0.27795088291168213, 20.97763442993164
5110047, 22, 1.1874258518218994, 0.28194478154182434, 21.977378845214844
5110047, 23, 1.2176954746246338, 0.2854445278644562, 22.977176666259766
5110047, 24, 1.248252272605896, 0.28924494981765747, 23.976953506469727
5110047, 25, 1.2765923738479614, 0.29257702827453613, 24.97678565979004
5110047, 26, 1.3031291961669922, 0.29549965262413025, 25.976642608642578
5110047, 27, 1.3744279146194458, 0.3147518038749695, 26.975200653076172
5110047, 28, 1.4447288513183594, 0.33329248428344727, 27.97380256652832
5110047, 29, 1.5119823217391968, 0.350421279668808, 28.972558975219727
5110047, 30, 1.576833963394165, 0.3666265308856964, 29.971542358398438
4954663, 1, 0.03884153813123703, 0.005791172850877047, 0.9995784759521484
4954663, 2, 0.08409471064805984, 0.013224929571151733, 1.9988799095153809
4954663, 3, 0.16986292600631714, 0.04213600233197212, 2.9963293075561523
4954663, 4, 0.2590220272541046, 0.07269927859306335, 3.9934308528900146
4954663, 5, 0.345802366733551, 0.1015687957406044, 4.990869045257568
4954663, 6, 0.4272793233394623, 0.12740439176559448, 5.988771438598633
4954663, 7, 0.4676097631454468, 0.1343356817960739, 6.9884161949157715
4954663, 8, 0.5494933724403381, 0.16038942337036133, 7.986307621002197
4954663, 9, 0.5850790739059448, 0.16508722305297852, 8.985981941223145
4954663, 10, 0.6167981028556824, 0.1690077930688858, 9.985757827758789
4954663, 11, 0.648809015750885, 0.17345550656318665, 10.985525131225586
4954663, 12, 0.6803651452064514, 0.1777949184179306, 11.985309600830078
4954663, 13, 0.7116761207580566, 0.18199683725833893, 12.985113143920898
4954663, 14, 0.7435710430145264, 0.1859620064496994, 13.984888076782227
4954663, 15, 0.777208149433136, 0.1902151256799698, 14.984621047973633
4954663, 16, 0.8669894933700562, 0.22139441967010498, 15.981675148010254
4954663, 17, 0.95509272813797, 0.2526865601539612, 16.979026794433594
4954663, 18, 1.0346391201019287, 0.27844905853271484, 17.976938247680664
4954663, 19, 1.108162522315979, 0.3003784418106079, 18.97515106201172
4954663, 20, 1.1865936517715454, 0.32508203387260437, 19.973209381103516
4954663, 21, 1.2702758312225342, 0.3531959652900696, 20.97101402282715
4954663, 22, 1.3084608316421509, 0.3588435649871826, 21.97063636779785
4954663, 23, 1.343380093574524, 0.36378389596939087, 22.970367431640625
4954663, 24, 1.3777172565460205, 0.3687809109687805, 23.970117568969727
4954663, 25, 1.4097719192504883, 0.37275978922843933, 24.969867706298828
4954663, 26, 1.4411756992340088, 0.37692779302597046, 25.969650268554688
4954663, 27, 1.4727606773376465, 0.38087064027786255, 26.96942901611328
4954663, 28, 1.5053973197937012, 0.38478389382362366, 27.96915626525879
4954663, 29, 1.5422648191452026, 0.3895059823989868, 28.968711853027344
4954663, 30, 1.5727460384368896, 0.39338648319244385, 29.9685115814209
4899760, 1, 0.10188785195350647, 0.039788682013750076, 0.995509922504425
4899760, 2, 0.18782490491867065, 0.06816457211971283, 1.9928269386291504
4899760, 3, 0.2750031352043152, 0.09646021574735641, 2.990069627761841
4899760, 4, 0.3600766062736511, 0.12371888011693954, 3.987596035003662
4899760, 5, 0.4451451897621155, 0.15091413259506226, 4.985138893127441
4899760, 6, 0.528680145740509, 0.1773400753736496, 5.982974052429199
4899760, 7, 0.6149821281433105, 0.2051345556974411, 6.980595588684082
4899760, 8, 0.6473425626754761, 0.2092679888010025, 7.980373382568359
4899760, 9, 0.678508996963501, 0.2132524996995926, 8.980151176452637
4899760, 10, 0.7098674774169922, 0.2172597050666809, 9.979914665222168
4899760, 11, 0.7437482476234436, 0.22192570567131042, 10.979598045349121
4899760, 12, 0.7793408632278442, 0.2272469848394394, 11.979220390319824
4899760, 13, 0.8174941539764404, 0.23318664729595184, 12.978806495666504
4899760, 14, 0.9100435972213745, 0.2660619020462036, 13.975642204284668
4899760, 15, 0.9993327856063843, 0.29736030101776123, 14.972725868225098
4899760, 16, 1.0850234031677246, 0.32674506306648254, 15.970165252685547
4899760, 17, 1.1672834157943726, 0.35300198197364807, 16.968074798583984
4899760, 18, 1.2523810863494873, 0.3811778724193573, 17.965848922729492
4899760, 19, 1.3366302251815796, 0.40985146164894104, 18.96361541748047
4899760, 20, 1.4244062900543213, 0.4400489628314972, 19.961292266845703
4899760, 21, 1.511088252067566, 0.468803346157074, 20.958925247192383
4899760, 22, 1.5465015172958374, 0.47363942861557007, 21.958633422851562
4899760, 23, 1.5821869373321533, 0.47872665524482727, 22.958332061767578
4899760, 24, 1.6199629306793213, 0.4846087694168091, 23.95794105529785
4899760, 25, 1.655179500579834, 0.489864319562912, 24.957609176635742
4899760, 26, 1.689842700958252, 0.49494677782058716, 25.957290649414062
4899760, 27, 1.724269151687622, 0.49997636675834656, 26.956966400146484
4899760, 28, 1.8155879974365234, 0.5307705402374268, 27.954057693481445
4899760, 29, 1.9094310998916626, 0.563289999961853, 28.950889587402344
4899760, 30, 2.004025459289551, 0.5963968634605408, 29.947635650634766
5262914_2, 1, 0.12043003737926483, 0.057434652000665665, 0.9925830364227295
5262914_2, 2, 0.15610180795192719, 0.062402933835983276, 1.992250919342041
5262914_2, 3, 0.19263574481010437, 0.06748849898576736, 2.9918999671936035
5262914_2, 4, 0.3108333945274353, 0.12073170393705368, 3.984984874725342
5262914_2, 5, 0.42964568734169006, 0.1741144359111786, 4.978067874908447
5262914_2, 6, 0.5197786092758179, 0.20204801857471466, 5.974102020263672
5262914_2, 7, 0.5930086374282837, 0.21839776635169983, 6.971620082855225
5262914_2, 8, 0.6299471855163574, 0.22335663437843323, 7.97122859954834
5262914_2, 9, 0.6665456891059875, 0.228155717253685, 8.970855712890625
5262914_2, 10, 0.7004978656768799, 0.23262684047222137, 9.970595359802246
5262914_2, 11, 0.7479956150054932, 0.24009612202644348, 10.96972942352295
5262914_2, 12, 0.8385252952575684, 0.2723604440689087, 11.966572761535645
5262914_2, 13, 0.9235744476318359, 0.30119743943214417, 12.963847160339355
5262914_2, 14, 0.9957525134086609, 0.3231083154678345, 13.9625244140625
5262914_2, 15, 1.0730692148208618, 0.3479316532611847, 14.961005210876465
5262914_2, 16, 1.1507487297058105, 0.3728023171424866, 15.959539413452148
5262914_2, 17, 1.2303352355957031, 0.39869940280914307, 16.957565307617188
5262914_2, 18, 1.3071633577346802, 0.4226187765598297, 17.95583152770996
5262914_2, 19, 1.4027560949325562, 0.45841073989868164, 18.951690673828125
5262914_2, 20, 1.493332028388977, 0.4914644658565521, 19.94867706298828
5262914_2, 21, 1.5681484937667847, 0.514230489730835, 20.94731903076172
5262914_2, 22, 1.6276988983154297, 0.5288054943084717, 21.94647216796875
5262914_2, 23, 1.6832618713378906, 0.5418460965156555, 22.945728302001953
5262914_2, 24, 1.7620289325714111, 0.5672228932380676, 23.94375991821289
5262914_2, 25, 1.84700345993042, 0.5956667065620422, 24.941320419311523
5262914_2, 26, 1.9292384386062622, 0.6222164630889893, 25.939085006713867
5262914_2, 27, 2.010430097579956, 0.6485218405723572, 26.936925888061523
5262914_2, 28, 2.0461575984954834, 0.653637170791626, 27.936613082885742
5262914_2, 29, 2.131301164627075, 0.681966245174408, 28.93410873413086
5262914_2, 30, 2.2156870365142822, 0.7098520994186401, 29.931665420532227
5216902, 1, 0.07171982526779175, 0.020185694098472595, 0.9984468817710876
5216902, 2, 0.11563391983509064, 0.0283203087747097, 1.9979965686798096
5216902, 3, 0.18708595633506775, 0.04795845225453377, 2.9965529441833496
5216902, 4, 0.2654578387737274, 0.07122296839952469, 3.994597911834717
5216902, 5, 0.3461182117462158, 0.09562144428491592, 4.992425918579102
5216902, 6, 0.42822861671447754, 0.12094850838184357, 5.990198135375977
5216902, 7, 0.5055620670318604, 0.14363887906074524, 6.988305568695068
5216902, 8, 0.5793198347091675, 0.16418001055717468, 7.9866485595703125
5216902, 9, 0.6084400415420532, 0.16744914650917053, 8.986451148986816
5216902, 10, 0.6352871656417847, 0.17020606994628906, 9.986308097839355
5216902, 11, 0.660142719745636, 0.17252856492996216, 10.986189842224121
5216902, 12, 0.6896194219589233, 0.1759129762649536, 11.985966682434082
5216902, 13, 0.7223667502403259, 0.18008209764957428, 12.98566722869873
5216902, 14, 0.7584258913993835, 0.1850208193063736, 13.985280990600586
5216902, 15, 0.7962570786476135, 0.19061455130577087, 14.98486328125
5216902, 16, 0.8733553290367126, 0.2126505821943283, 15.983052253723145
5216902, 17, 0.9261240363121033, 0.22322066128253937, 16.982332229614258
5216902, 18, 0.9618563652038574, 0.22810909152030945, 17.98201560974121
5216902, 19, 1.0373210906982422, 0.25129541754722595, 18.980070114135742
5216902, 20, 1.1011998653411865, 0.2675086259841919, 19.97893714904785
5216902, 21, 1.1388019323349, 0.2727993130683899, 20.978586196899414
5216902, 22, 1.1734185218811035, 0.27730175852775574, 21.978313446044922
5216902, 23, 1.2037353515625, 0.2807213366031647, 22.978132247924805
5216902, 24, 1.2355941534042358, 0.2845064103603363, 23.9779109954834
5216902, 25, 1.2693341970443726, 0.2887018918991089, 24.97760581970215
5216902, 26, 1.2972131967544556, 0.29164135456085205, 25.97744369506836
5216902, 27, 1.3234763145446777, 0.29426857829093933, 26.977306365966797
5216902, 28, 1.352250576019287, 0.2973368465900421, 27.97711181640625
5216902, 29, 1.4272687435150146, 0.3181281089782715, 28.975357055664062
5216902, 30, 1.5068042278289795, 0.3412792682647705, 29.973196029663086
5032506, 1, 0.06807317584753036, 0.017759477719664574, 0.9987540245056152
5032506, 2, 0.13635040819644928, 0.03532356768846512, 1.9974644184112549
5032506, 3, 0.21105439960956573, 0.0558464378118515, 2.995802402496338
5032506, 4, 0.28310728073120117, 0.07454661279916763, 3.994354724884033
5032506, 5, 0.35637742280960083, 0.09343626350164413, 4.992892265319824
5032506, 6, 0.4365169405937195, 0.11558718234300613, 5.990879535675049
5032506, 7, 0.513882577419281, 0.1362028568983078, 6.988997936248779
5032506, 8, 0.584700882434845, 0.15380355715751648, 7.98753023147583
5032506, 9, 0.6523230671882629, 0.17026948928833008, 8.986271858215332
5032506, 10, 0.7009965777397156, 0.17970696091651917, 9.985753059387207
5032506, 11, 0.7460086345672607, 0.1862078756093979, 10.985005378723145
5032506, 12, 0.7906354665756226, 0.19266748428344727, 11.98429012298584
5032506, 13, 0.8362592458724976, 0.19937117397785187, 12.983541488647461
5032506, 14, 0.8752133250236511, 0.20441192388534546, 13.983040809631348
5032506, 15, 0.9194198846817017, 0.21098573505878448, 14.982339859008789
5032506, 16, 0.9548984169960022, 0.2155614048242569, 15.981927871704102
5032506, 17, 0.9902841448783875, 0.22026322782039642, 16.981517791748047
5032506, 18, 1.0279326438903809, 0.22565345466136932, 17.98103904724121
5032506, 19, 1.0642658472061157, 0.23085930943489075, 18.98062515258789
5032506, 20, 1.1036098003387451, 0.23661521077156067, 19.980121612548828
5032506, 21, 1.1431360244750977, 0.2423919141292572, 20.979572296142578
5032506, 22, 1.183354139328003, 0.2482931762933731, 21.979013442993164
5032506, 23, 1.229709267616272, 0.25545841455459595, 22.978252410888672
5032506, 24, 1.272939682006836, 0.2616257667541504, 23.97762107849121
5032506, 25, 1.3184998035430908, 0.2684491276741028, 24.97688102722168
5032506, 26, 1.357730746269226, 0.2737308144569397, 25.976337432861328
5032506, 27, 1.3991211652755737, 0.27942681312561035, 26.97572898864746
5032506, 28, 1.4674924612045288, 0.2967885732650757, 27.974502563476562
5032506, 29, 1.5329444408416748, 0.3131316900253296, 28.973464965820312
5032506, 30, 1.6005157232284546, 0.33070287108421326, 29.97231674194336
4862367, 1, 0.0886559709906578, 0.03107704222202301, 0.9969775676727295
4862367, 2, 0.16480514407157898, 0.05443315580487251, 1.9951794147491455
4862367, 3, 0.24221214652061462, 0.07799185812473297, 2.9932661056518555
4862367, 4, 0.3257529139518738, 0.10504288971424103, 3.9908227920532227
4862367, 5, 0.4048759639263153, 0.12943607568740845, 4.988750457763672
4862367, 6, 0.4858212471008301, 0.15472480654716492, 5.986595153808594
4862367, 7, 0.573434054851532, 0.18455888330936432, 6.983823299407959
4862367, 8, 0.6073492169380188, 0.18957184255123138, 7.983556747436523
4862367, 9, 0.6369919180870056, 0.1931953728199005, 8.983392715454102
4862367, 10, 0.6682762503623962, 0.19684140384197235, 9.983139038085938
4862367, 11, 0.6988801956176758, 0.20056195557117462, 10.982965469360352
4862367, 12, 0.7316781878471375, 0.2049710899591446, 11.982757568359375
4862367, 13, 0.7644088864326477, 0.20932041108608246, 12.982569694519043
4862367, 14, 0.7950138449668884, 0.21300381422042847, 13.982383728027344
4862367, 15, 0.8272486329078674, 0.217095285654068, 14.98219108581543
4862367, 16, 0.8622180819511414, 0.22176632285118103, 15.981911659240723
4862367, 17, 0.8990557789802551, 0.2267949879169464, 16.981609344482422
4862367, 18, 0.9366200566291809, 0.2321455478668213, 17.981252670288086
4862367, 19, 0.9735477566719055, 0.23714163899421692, 18.980941772460938
4862367, 20, 1.0096451044082642, 0.24192239344120026, 19.980627059936523
4862367, 21, 1.0462313890457153, 0.24712951481342316, 20.98033332824707
4862367, 22, 1.0807616710662842, 0.2518109381198883, 21.98011016845703
4862367, 23, 1.1123487949371338, 0.2556593716144562, 22.979923248291016
4862367, 24, 1.1435600519180298, 0.2595011293888092, 23.9797420501709
4862367, 25, 1.172770380973816, 0.2628909647464752, 24.97956085205078
4862367, 26, 1.2071774005889893, 0.26751959323883057, 25.97929573059082
4862367, 27, 1.2359484434127808, 0.270763635635376, 26.979156494140625
4862367, 28, 1.2634609937667847, 0.273722380399704, 27.979013442993164
4862367, 29, 1.2926400899887085, 0.27723950147628784, 28.978857040405273
4862367, 30, 1.3713603019714355, 0.30152371525764465, 29.976734161376953
1144246, 1, 0.08672048151493073, 0.026721199974417686, 0.9976780414581299
1144246, 2, 0.17493534088134766, 0.05367187038064003, 1.995302677154541
1144246, 3, 0.2524389922618866, 0.0751076489686966, 2.9936532974243164
1144246, 4, 0.3295515775680542, 0.09636066854000092, 3.992004871368408
1144246, 5, 0.41562461853027344, 0.12190910428762436, 4.989800930023193
1144246, 6, 0.5068216919898987, 0.15058834850788116, 5.987206935882568
1144246, 7, 0.5997074246406555, 0.1806541085243225, 6.984399318695068
1144246, 8, 0.6946313977241516, 0.2117110937833786, 7.981396675109863
1144246, 9, 0.7865841388702393, 0.2404828816652298, 8.978812217712402
1144246, 10, 0.8265753984451294, 0.24650348722934723, 9.978322982788086
1144246, 11, 0.8670169115066528, 0.2526353597640991, 10.977802276611328
1144246, 12, 0.9108543395996094, 0.2600775361061096, 11.977106094360352
1144246, 13, 0.9524852633476257, 0.26700034737586975, 12.976426124572754
1144246, 14, 0.9933300614356995, 0.27359116077423096, 13.975753784179688
1144246, 15, 1.0338654518127441, 0.2801426947116852, 14.975059509277344
1144246, 16, 1.074489712715149, 0.28689679503440857, 15.974310874938965
1144246, 17, 1.1161975860595703, 0.294209748506546, 16.973506927490234
1144246, 18, 1.2006179094314575, 0.3187549114227295, 17.971019744873047
1144246, 19, 1.2889683246612549, 0.34546035528182983, 18.968570709228516
1144246, 20, 1.3690167665481567, 0.3676203787326813, 19.966835021972656
1144246, 21, 1.4485129117965698, 0.3892650604248047, 20.96519660949707
1144246, 22, 1.5334481000900269, 0.41375258564949036, 21.963266372680664
1144246, 23, 1.5869128704071045, 0.42536357045173645, 22.962106704711914
1144246, 24, 1.6285772323608398, 0.43296387791633606, 23.96129035949707
1144246, 25, 1.67227303981781, 0.4409806430339813, 24.96041488647461
1144246, 26, 1.7150987386703491, 0.4482352137565613, 25.95964241027832
1144246, 27, 1.7543613910675049, 0.45413103699684143, 26.959062576293945
1144246, 28, 1.7971545457839966, 0.46106699109077454, 27.958463668823242
1144246, 29, 1.886032223701477, 0.48724165558815, 28.956090927124023
1144246, 30, 1.9765608310699463, 0.5146192312240601, 29.953720092773438
4841237, 1, 0.0756780132651329, 0.02182220295071602, 0.9983265399932861
4841237, 2, 0.1625911295413971, 0.050219036638736725, 1.9954850673675537
4841237, 3, 0.2614063620567322, 0.08688677847385406, 2.9910850524902344
4841237, 4, 0.359967440366745, 0.12299869954586029, 3.9867334365844727
4841237, 5, 0.4344494640827179, 0.14383520185947418, 4.984845161437988
4841237, 6, 0.5183147192001343, 0.17015035450458527, 5.98222017288208
4841237, 7, 0.5991584062576294, 0.19422850012779236, 6.9800190925598145
4841237, 8, 0.6740795373916626, 0.21492543816566467, 7.978212356567383
4841237, 9, 0.7461933493614197, 0.2340189516544342, 8.976426124572754
4841237, 10, 0.7748810648918152, 0.23730520904064178, 9.976235389709473
4841237, 11, 0.8030216693878174, 0.24030929803848267, 10.97603702545166
4841237, 12, 0.8329717516899109, 0.24359260499477386, 11.97580337524414
4841237, 13, 0.8619215488433838, 0.24662862718105316, 12.975605010986328
4841237, 14, 0.8909473419189453, 0.2496885359287262, 13.97538948059082
4841237, 15, 0.9231735467910767, 0.25336623191833496, 14.97510814666748
4841237, 16, 0.9626842737197876, 0.25914788246154785, 15.9746675491333
4841237, 17, 1.033095359802246, 0.27737289667129517, 16.973257064819336
4841237, 18, 1.0988011360168457, 0.29364708065986633, 17.972034454345703
4841237, 19, 1.1644868850708008, 0.3101855516433716, 18.970844268798828
4841237, 20, 1.2359315156936646, 0.3295486569404602, 19.96936798095703
4841237, 21, 1.3006747961044312, 0.34539756178855896, 20.96816062927246
4841237, 22, 1.374439001083374, 0.36559784412384033, 21.966447830200195
4841237, 23, 1.409653663635254, 0.3698420524597168, 22.96605110168457
4841237, 24, 1.4445414543151855, 0.3738888204097748, 23.965682983398438
4841237, 25, 1.4746674299240112, 0.3770642876625061, 24.965442657470703
4841237, 26, 1.5060272216796875, 0.38046795129776, 25.96517562866211
4841237, 27, 1.53089439868927, 0.38280341029167175, 26.96501922607422
4841237, 28, 1.5613906383514404, 0.38597747683525085, 27.964773178100586
4841237, 29, 1.592340111732483, 0.3893388509750366, 28.964502334594727
4841237, 30, 1.658783197402954, 0.4056548774242401, 29.96314811706543
4151265, 1, 0.06161747872829437, 0.014922816306352615, 0.9990880489349365
4151265, 2, 0.12945784628391266, 0.032597385346889496, 1.9978206157684326
4151265, 3, 0.191433846950531, 0.047916609793901443, 2.9969940185546875
4151265, 4, 0.2533055543899536, 0.06313836574554443, 3.996143102645874
4151265, 5, 0.3203178346157074, 0.08025576174259186, 4.994825839996338
4151265, 6, 0.38301363587379456, 0.09534559398889542, 5.993777751922607
4151265, 7, 0.4483494162559509, 0.1113632470369339, 6.992553234100342
4151265, 8, 0.5106039047241211, 0.126084566116333, 7.991446495056152
4151265, 9, 0.5715643167495728, 0.1401469111442566, 8.990409851074219
4151265, 10, 0.6348450183868408, 0.1553485095500946, 9.989179611206055
4151265, 11, 0.6680117249488831, 0.15904857218265533, 10.98885440826416
4151265, 12, 0.7053096890449524, 0.16350038349628448, 11.988397598266602
4151265, 13, 0.7362107038497925, 0.16657960414886475, 12.988139152526855
4151265, 14, 0.767270028591156, 0.16977767646312714, 13.987892150878906
4151265, 15, 0.8006070852279663, 0.17370541393756866, 14.98759937286377
4151265, 16, 0.8640146255493164, 0.18889126181602478, 15.986406326293945
4151265, 17, 0.8954768180847168, 0.19249896705150604, 16.986173629760742
4151265, 18, 0.9256558418273926, 0.19574087858200073, 17.985958099365234
4151265, 19, 0.9560514092445374, 0.19915157556533813, 18.985746383666992
4151265, 20, 1.0223493576049805, 0.21610531210899353, 19.984298706054688
4151265, 21, 1.0936235189437866, 0.2357245683670044, 20.982473373413086
4151265, 22, 1.124873161315918, 0.23923443257808685, 21.98223876953125
4151265, 23, 1.1611480712890625, 0.24372483789920807, 22.981843948364258
4151265, 24, 1.1885578632354736, 0.24625332653522491, 23.98169708251953
4151265, 25, 1.215592384338379, 0.2486756145954132, 24.981538772583008
4151265, 26, 1.246080756187439, 0.2516835629940033, 25.981285095214844
4151265, 27, 1.3112339973449707, 0.2675904929637909, 26.98001480102539
4151265, 28, 1.3784390687942505, 0.2846795618534088, 27.97848129272461
4151265, 29, 1.4449081420898438, 0.30158063769340515, 28.976886749267578
4151265, 30, 1.49882972240448, 0.31328293681144714, 29.975982666015625
4741590, 1, 0.10376882553100586, 0.04276411980390549, 0.9952200055122375
4741590, 2, 0.19999223947525024, 0.07940301299095154, 1.9914690256118774
4741590, 3, 0.3004836440086365, 0.11906639486551285, 2.987168073654175
4741590, 4, 0.3469565212726593, 0.12744610011577606, 3.986320972442627
4741590, 5, 0.3912780284881592, 0.13538017868995667, 4.985566139221191
4741590, 6, 0.43994244933128357, 0.14454975724220276, 5.984602451324463
4741590, 7, 0.47878706455230713, 0.15122829377651215, 6.984140396118164
4741590, 8, 0.5873590111732483, 0.19635510444641113, 7.978849411010742
4741590, 9, 0.6870998740196228, 0.23538920283317566, 8.974719047546387
4741590, 10, 0.8102314472198486, 0.29251235723495483, 9.96746826171875
4741590, 11, 0.8833246231079102, 0.30913758277893066, 10.965020179748535
4741590, 12, 0.9465945959091187, 0.32191556692123413, 11.963245391845703
4741590, 13, 0.9990437030792236, 0.3312874436378479, 12.962102890014648
4741590, 14, 1.0630731582641602, 0.3442780375480652, 13.960302352905273
4741590, 15, 1.1235731840133667, 0.3560861349105835, 14.958715438842773
4741590, 16, 1.188352108001709, 0.36954978108406067, 15.956860542297363
4741590, 17, 1.238893985748291, 0.37895455956459045, 16.95587730407715
4741590, 18, 1.3611277341842651, 0.43576598167419434, 17.948772430419922
4741590, 19, 1.4572463035583496, 0.4733496904373169, 18.944957733154297
4741590, 20, 1.49969482421875, 0.4801930785179138, 19.94441032409668
4741590, 21, 1.5520892143249512, 0.4899968206882477, 20.943294525146484
4741590, 22, 1.5973966121673584, 0.49738913774490356, 21.94260025024414
4741590, 23, 1.637470006942749, 0.5035723447799683, 22.942113876342773
4741590, 24, 1.6801223754882812, 0.5105262994766235, 23.94145965576172
4741590, 25, 1.7359544038772583, 0.5210201740264893, 24.94013023376465
4741590, 26, 1.7857074737548828, 0.5296527743339539, 25.939111709594727
4741590, 27, 1.82216215133667, 0.5350311398506165, 26.93875503540039
4741590, 28, 1.865892767906189, 0.542037308216095, 27.938066482543945
4741590, 29, 1.9094083309173584, 0.5491649508476257, 28.937374114990234
4741590, 30, 1.9532290697097778, 0.5561256408691406, 29.9366397857666
4669030, 1, 0.0695820227265358, 0.020026646554470062, 0.9986142516136169
4669030, 2, 0.14446395635604858, 0.0425117127597332, 1.9968918561935425
4669030, 3, 0.21757999062538147, 0.06372617930173874, 2.9952633380889893
4669030, 4, 0.2720199525356293, 0.07574630528688431, 3.994439125061035
4669030, 5, 0.3527277112007141, 0.10071742534637451, 4.992073059082031
4669030, 6, 0.4339170455932617, 0.12553147971630096, 5.98966121673584
4669030, 7, 0.5064218640327454, 0.14569658041000366, 6.987820148468018
4669030, 8, 0.5380356907844543, 0.15018795430660248, 7.987533092498779
4669030, 9, 0.5676474571228027, 0.15395964682102203, 8.987290382385254
4669030, 10, 0.6016198396682739, 0.15878647565841675, 9.986924171447754
4669030, 11, 0.6296377182006836, 0.16210629045963287, 10.986736297607422
4669030, 12, 0.6614543795585632, 0.1662612408399582, 11.986438751220703
4669030, 13, 0.6925581693649292, 0.17021393775939941, 12.986159324645996
4669030, 14, 0.730377197265625, 0.17598266899585724, 13.985661506652832
4669030, 15, 0.7621480822563171, 0.18011419475078583, 14.985381126403809
4669030, 16, 0.8004297018051147, 0.18593648076057434, 15.984886169433594
4669030, 17, 0.8327606916427612, 0.1901673972606659, 16.98464012145996
4669030, 18, 0.9063599705696106, 0.2118482142686844, 17.982681274414062
4669030, 19, 0.978659451007843, 0.23268714547157288, 18.98102378845215
4669030, 20, 1.0459381341934204, 0.25054559111595154, 19.97967529296875
4669030, 21, 1.0848357677459717, 0.2564902603626251, 20.979183197021484
4669030, 22, 1.1171276569366455, 0.2606407701969147, 21.978879928588867
4669030, 23, 1.1511247158050537, 0.265235960483551, 22.978527069091797
4669030, 24, 1.1780682802200317, 0.2681264281272888, 23.97835350036621
4669030, 25, 1.2046512365341187, 0.27082934975624084, 24.978181838989258
4669030, 26, 1.2325875759124756, 0.2742220461368561, 25.977977752685547
4669030, 27, 1.2610470056533813, 0.2778398096561432, 26.977773666381836
4669030, 28, 1.2890901565551758, 0.2811261713504791, 27.97758674621582
4669030, 29, 1.3162845373153687, 0.28414779901504517, 28.9774112701416
4669030, 30, 1.343538522720337, 0.2873896062374115, 29.97723388671875
4876648, 1, 0.07302287220954895, 0.021558614447712898, 0.9982559680938721
4876648, 2, 0.14757901430130005, 0.043598562479019165, 1.9963300228118896
4876648, 3, 0.22582796216011047, 0.06768564879894257, 2.994114875793457
4876648, 4, 0.30033332109451294, 0.08961455523967743, 3.992177963256836
4876648, 5, 0.3322383165359497, 0.09389880299568176, 4.991977691650391
4876648, 6, 0.3627116084098816, 0.09766003489494324, 5.991754055023193
4876648, 7, 0.4361630082130432, 0.1188836619257927, 6.989934921264648
4876648, 8, 0.5141556262969971, 0.14223544299602509, 7.987726211547852
4876648, 9, 0.5894248485565186, 0.16420654952526093, 8.98572826385498
4876648, 10, 0.6169012784957886, 0.1671944558620453, 9.985596656799316
4876648, 11, 0.6453644037246704, 0.17035962641239166, 10.98546028137207
4876648, 12, 0.6754847168922424, 0.1739046275615692, 11.98529052734375
4876648, 13, 0.7143959403038025, 0.17951783537864685, 12.984888076782227
4876648, 14, 0.7503169178962708, 0.1843513697385788, 13.984598159790039
4876648, 15, 0.8205128908157349, 0.20364989340305328, 14.983051300048828
4876648, 16, 0.8882363438606262, 0.22224338352680206, 15.981681823730469
4876648, 17, 0.9656874537467957, 0.24626480042934418, 16.97958755493164
4876648, 18, 1.041977882385254, 0.26965105533599854, 17.97758674621582
4876648, 19, 1.1148853302001953, 0.2909301817417145, 18.975889205932617
4876648, 20, 1.1941927671432495, 0.3162481486797333, 19.97356605529785
4876648, 21, 1.23534095287323, 0.3220711648464203, 20.972959518432617
4876648, 22, 1.2677597999572754, 0.3261486291885376, 21.972745895385742
4876648, 23, 1.2978906631469727, 0.32968050241470337, 22.972579956054688
4876648, 24, 1.3287990093231201, 0.3332974910736084, 23.97239875793457
4876648, 25, 1.3594399690628052, 0.3365969955921173, 24.97215461730957
4876648, 26, 1.3884612321853638, 0.3397716283798218, 25.972021102905273
4876648, 27, 1.4641426801681519, 0.36168569326400757, 26.970123291015625
4876648, 28, 1.535636067390442, 0.38136404752731323, 27.96846580505371
4876648, 29, 1.6127891540527344, 0.40399858355522156, 28.9664363861084
4876648, 30, 1.683634638786316, 0.423206090927124, 29.964906692504883
4762480, 1, 0.07035820186138153, 0.019912442192435265, 0.9981709718704224
4762480, 2, 0.12213747203350067, 0.030815958976745605, 1.997420310974121
4762480, 3, 0.1716824471950531, 0.04053546115756035, 2.996709108352661
4762480, 4, 0.25128674507141113, 0.06545425206422806, 3.994401216506958
4762480, 5, 0.3356678783893585, 0.09303291141986847, 4.99164342880249
4762480, 6, 0.4162255525588989, 0.11830578744411469, 5.989285469055176
4762480, 7, 0.5034632682800293, 0.14673876762390137, 6.986196517944336
4762480, 8, 0.5849139094352722, 0.17148829996585846, 7.983588695526123
4762480, 9, 0.6803560853004456, 0.2054591178894043, 8.979713439941406
4762480, 10, 0.766474723815918, 0.23327970504760742, 9.976791381835938
4762480, 11, 0.801737904548645, 0.2380397766828537, 10.976455688476562
4762480, 12, 0.8361733555793762, 0.24263149499893188, 11.976165771484375
4762480, 13, 0.873657763004303, 0.24775688350200653, 12.975736618041992
4762480, 14, 0.9111025929450989, 0.2529872953891754, 13.975350379943848
4762480, 15, 0.9484390020370483, 0.25816357135772705, 14.9749755859375
4762480, 16, 0.9857608675956726, 0.26347148418426514, 15.974645614624023
4762480, 17, 1.0738455057144165, 0.2939443588256836, 16.97167205810547
4762480, 18, 1.1631954908370972, 0.32496386766433716, 17.968652725219727
4762480, 19, 1.2543084621429443, 0.3583563566207886, 18.96523094177246
4762480, 20, 1.2973428964614868, 0.3653433322906494, 19.964723587036133
4762480, 21, 1.3361530303955078, 0.37083837389945984, 20.964384078979492
4762480, 22, 1.3791005611419678, 0.37757623195648193, 21.963855743408203
4762480, 23, 1.4664921760559082, 0.40793031454086304, 22.96113395690918
4762480, 24, 1.5526577234268188, 0.43745073676109314, 23.958629608154297
4762480, 25, 1.6539974212646484, 0.47753220796585083, 24.954113006591797
4762480, 26, 1.6939761638641357, 0.4834136366844177, 25.953685760498047
4762480, 27, 1.7367701530456543, 0.4899306297302246, 26.95304298400879
4762480, 28, 1.7794333696365356, 0.4963126480579376, 27.95240020751953
4762480, 29, 1.8695013523101807, 0.5271821618080139, 28.9491024017334
4762480, 30, 1.9148463010787964, 0.534978449344635, 29.948429107666016
5050023, 1, 0.094190813601017, 0.03518938645720482, 0.9967633485794067
5050023, 2, 0.18663230538368225, 0.06877708435058594, 1.9936838150024414
5050023, 3, 0.2766205072402954, 0.10092335939407349, 2.990920305252075
5050023, 4, 0.3653133511543274, 0.1321856528520584, 3.9883949756622314
5050023, 5, 0.45249852538108826, 0.1624854952096939, 4.985921859741211
5050023, 6, 0.5400985479354858, 0.1924411803483963, 5.983316421508789
5050023, 7, 0.6300160884857178, 0.2237962931394577, 6.980507850646973
5050023, 8, 0.7192949056625366, 0.25450149178504944, 7.977666854858398
5050023, 9, 0.8025109171867371, 0.281743586063385, 8.97545051574707
5050023, 10, 0.8957181572914124, 0.3156448006629944, 9.9722261428833
5050023, 11, 0.9824283123016357, 0.34542232751846313, 10.96963119506836
5050023, 12, 1.0718984603881836, 0.37690454721450806, 11.966696739196777
5050023, 13, 1.1603102684020996, 0.407674640417099, 12.96372127532959
5050023, 14, 1.1992977857589722, 0.4135754108428955, 13.963276863098145
5050023, 15, 1.2893874645233154, 0.4459289610385895, 14.960182189941406
5050023, 16, 1.3789983987808228, 0.4779331088066101, 15.957160949707031
5050023, 17, 1.4685454368591309, 0.5100806951522827, 16.953746795654297
5050023, 18, 1.5122870206832886, 0.5172107219696045, 17.95311737060547
5050023, 19, 1.5984810590744019, 0.548500657081604, 18.950620651245117
5050023, 20, 1.6842461824417114, 0.5791613459587097, 19.94822120666504
5050023, 21, 1.7721807956695557, 0.6112630367279053, 20.94540023803711
5050023, 22, 1.8637735843658447, 0.6458618640899658, 21.942005157470703
5050023, 23, 1.9531619548797607, 0.6783196926116943, 22.939083099365234
5050023, 24, 2.044527769088745, 0.7111849784851074, 23.936002731323242
5050023, 25, 2.133411407470703, 0.7423684000968933, 24.933130264282227
5050023, 26, 2.2228565216064453, 0.7736501693725586, 25.93016815185547
5050023, 27, 2.318756103515625, 0.809634268283844, 26.926464080810547
5050023, 28, 2.4108636379241943, 0.8427520990371704, 27.923234939575195
5050023, 29, 2.5007307529449463, 0.874407947063446, 28.920305252075195
5050023, 30, 2.5778284072875977, 0.8987024426460266, 29.91863250732422
4794215, 1, 0.08902978897094727, 0.031715888530015945, 0.9968454837799072
4794215, 2, 0.1751873940229416, 0.0615948848426342, 1.9939407110214233
4794215, 3, 0.26498159766197205, 0.09377772361040115, 2.9907009601593018
4794215, 4, 0.35397446155548096, 0.12549060583114624, 3.9875130653381348
4794215, 5, 0.451950341463089, 0.16285020112991333, 4.9833574295043945
4794215, 6, 0.5448209047317505, 0.19652581214904785, 5.979886531829834
4794215, 7, 0.6436448097229004, 0.23452617228031158, 6.975683212280273
4794215, 8, 0.7394223809242249, 0.27051249146461487, 7.971853256225586
4794215, 9, 0.8070444464683533, 0.28879621624946594, 8.970050811767578
4794215, 10, 0.8452990055084229, 0.29448309540748596, 9.969613075256348
4794215, 11, 0.8840228915214539, 0.300060898065567, 10.969179153442383
4794215, 12, 0.9220176339149475, 0.3055768609046936, 11.968798637390137
4794215, 13, 0.9608169794082642, 0.31154143810272217, 12.968395233154297
4794215, 14, 1.0025132894515991, 0.3178945779800415, 13.967828750610352
4794215, 15, 1.0893218517303467, 0.349292516708374, 14.965049743652344
4794215, 16, 1.177699327468872, 0.3822309076786041, 15.962103843688965
4794215, 17, 1.2727787494659424, 0.4205952286720276, 16.95843505859375
4794215, 18, 1.35763418674469, 0.45127004384994507, 17.95574951171875
4794215, 19, 1.4414199590682983, 0.4805249571800232, 18.953519821166992
4794215, 20, 1.515994668006897, 0.5039960145950317, 19.951854705810547
4794215, 21, 1.5955034494400024, 0.5303773283958435, 20.950000762939453
4794215, 22, 1.6815534830093384, 0.5611423254013062, 21.947553634643555
4794215, 23, 1.7655889987945557, 0.5903648138046265, 22.945240020751953
4794215, 24, 1.8020548820495605, 0.5955460071563721, 23.94499397277832
4794215, 25, 1.837390661239624, 0.6005175113677979, 24.94472312927246
4794215, 26, 1.8736107349395752, 0.6055701375007629, 25.944374084472656
4794215, 27, 1.9108455181121826, 0.6105989217758179, 26.943965911865234
4794215, 28, 1.9451864957809448, 0.6152440309524536, 27.943693161010742
4794215, 29, 1.979798436164856, 0.6199764609336853, 28.943405151367188
4794215, 30, 2.0139830112457275, 0.6251847147941589, 29.94318389892578
5194805_2, 1, 0.08867346495389938, 0.03089502453804016, 0.9969393610954285
5194805_2, 2, 0.1960703432559967, 0.07545310258865356, 1.9919828176498413
5194805_2, 3, 0.30097246170043945, 0.11778219044208527, 2.9874560832977295
5194805_2, 4, 0.3977951407432556, 0.15367776155471802, 3.9839420318603516
5194805_2, 5, 0.5007114410400391, 0.19390150904655457, 4.979682445526123
5194805_2, 6, 0.6034998893737793, 0.23394209146499634, 5.975341320037842
5194805_2, 7, 0.7036901712417603, 0.27193549275398254, 6.971268653869629
5194805_2, 8, 0.8047934174537659, 0.3101659417152405, 7.967033386230469
5194805_2, 9, 0.8915995359420776, 0.3384597897529602, 8.964468002319336
5194805_2, 10, 0.9804855585098267, 0.3681161403656006, 9.962041854858398
5194805_2, 11, 1.0214403867721558, 0.37422293424606323, 10.961553573608398
5194805_2, 12, 1.1066274642944336, 0.4017904996871948, 11.959036827087402
5194805_2, 13, 1.1860318183898926, 0.4261084496974945, 12.957364082336426
5194805_2, 14, 1.2383803129196167, 0.4368898868560791, 13.956686973571777
5194805_2, 15, 1.2903070449829102, 0.44749915599823, 14.956005096435547
5194805_2, 16, 1.354443907737732, 0.46414774656295776, 15.95493221282959
5194805_2, 17, 1.4385408163070679, 0.4923939108848572, 16.952388763427734
5194805_2, 18, 1.5102664232254028, 0.5129516124725342, 17.95098114013672
5194805_2, 19, 1.5928385257720947, 0.5395789742469788, 18.949134826660156
5194805_2, 20, 1.6742089986801147, 0.5652995705604553, 19.947385787963867
5194805_2, 21, 1.758434772491455, 0.5921831130981445, 20.94506072998047
5194805_2, 22, 1.837629795074463, 0.6158492565155029, 21.943180084228516
5194805_2, 23, 1.8772170543670654, 0.6218553185462952, 22.94279670715332
5194805_2, 24, 1.9169118404388428, 0.6282371282577515, 23.942434310913086
5194805_2, 25, 1.9572443962097168, 0.6347312927246094, 24.942041397094727
5194805_2, 26, 2.0022335052490234, 0.641750693321228, 25.941360473632812
5194805_2, 27, 2.0395047664642334, 0.6474862098693848, 26.9410343170166
5194805_2, 28, 2.078298568725586, 0.6530444622039795, 27.940628051757812
5194805_2, 29, 2.133591413497925, 0.6628488898277283, 28.939407348632812
5194805_2, 30, 2.17690110206604, 0.6695568561553955, 29.938865661621094
4820624, 1, 0.08511825650930405, 0.028582246974110603, 0.9971689581871033
4820624, 2, 0.1680995523929596, 0.05545705556869507, 1.9947617053985596
4820624, 3, 0.2500069737434387, 0.08139456808567047, 2.9924886226654053
4820624, 4, 0.33745601773262024, 0.11055292189121246, 3.989760398864746
4820624, 5, 0.42322590947151184, 0.138565331697464, 4.987159252166748
4820624, 6, 0.5098705887794495, 0.16693109273910522, 5.984454154968262
4820624, 7, 0.5884312987327576, 0.19056566059589386, 6.982553005218506
4820624, 8, 0.6682360768318176, 0.21517613530158997, 7.980410575866699
4820624, 9, 0.7436237335205078, 0.23762518167495728, 8.978500366210938
4820624, 10, 0.774212658405304, 0.24147427082061768, 9.978333473205566
4820624, 11, 0.803280234336853, 0.2447683960199356, 10.978180885314941
4820624, 12, 0.8333499431610107, 0.24815446138381958, 11.978023529052734
4820624, 13, 0.8668777346611023, 0.2523258924484253, 12.977815628051758
4820624, 14, 0.8995463848114014, 0.2565305829048157, 13.977621078491211
4820624, 15, 0.9652548432350159, 0.27408096194267273, 14.976388931274414
4820624, 16, 1.0447548627853394, 0.2992582321166992, 15.974428176879883
4820624, 17, 1.1263874769210815, 0.32580530643463135, 16.97220802307129
4820624, 18, 1.206747055053711, 0.3519646227359772, 17.969921112060547
4820624, 19, 1.2433711290359497, 0.35695794224739075, 18.969646453857422
4820624, 20, 1.2814056873321533, 0.3626609742641449, 19.969331741333008
4820624, 21, 1.3655364513397217, 0.3905278742313385, 20.966724395751953
4820624, 22, 1.3999470472335815, 0.3949958086013794, 21.96650505065918
4820624, 23, 1.4327342510223389, 0.3990592062473297, 22.96626091003418
4820624, 24, 1.464663028717041, 0.4029170572757721, 23.966073989868164
4820624, 25, 1.4984362125396729, 0.40715888142585754, 24.965837478637695
4820624, 26, 1.5292245149612427, 0.41072818636894226, 25.965662002563477
4820624, 27, 1.5578664541244507, 0.4140164256095886, 26.965505599975586
4820624, 28, 1.5884907245635986, 0.4179179072380066, 27.965314865112305
4820624, 29, 1.6205581426620483, 0.4223356544971466, 28.96510124206543
4820624, 30, 1.6959251165390015, 0.44411325454711914, 29.96329116821289
4733553, 1, 0.10648176074028015, 0.045960813760757446, 0.9948983192443848
4733553, 2, 0.20932385325431824, 0.08828596025705338, 1.9902241230010986
4733553, 3, 0.3019811511039734, 0.12306177616119385, 2.986443042755127
4733553, 4, 0.3966837525367737, 0.15953469276428223, 3.9826080799102783
4733553, 5, 0.4997301697731018, 0.20163974165916443, 4.97782039642334
4733553, 6, 0.5506685972213745, 0.21046066284179688, 5.976860046386719
4733553, 7, 0.6032649278640747, 0.21984416246414185, 6.9758195877075195
4733553, 8, 0.6503573060035706, 0.22764688730239868, 7.975052356719971
4733553, 9, 0.6971874833106995, 0.23530824482440948, 8.974287033081055
4733553, 10, 0.7441246509552002, 0.2428242415189743, 9.973540306091309
4733553, 11, 0.791281521320343, 0.25048473477363586, 10.972764015197754
4733553, 12, 0.8351085186004639, 0.2573201656341553, 11.972225189208984
4733553, 13, 0.8846970796585083, 0.2657778561115265, 12.971319198608398
4733553, 14, 0.9340333938598633, 0.27463749051094055, 13.970446586608887
4733553, 15, 0.9855626225471497, 0.28385835886001587, 14.969496726989746
4733553, 16, 1.0387388467788696, 0.29415011405944824, 15.968576431274414
4733553, 17, 1.1020212173461914, 0.31063055992126465, 16.967313766479492
4733553, 18, 1.1890095472335815, 0.3424137234687805, 17.96474266052246
4733553, 19, 1.2370071411132812, 0.35127997398376465, 18.964204788208008
4733553, 20, 1.2873821258544922, 0.3604380488395691, 19.963497161865234
4733553, 21, 1.3341461420059204, 0.36833593249320984, 20.962894439697266
4733553, 22, 1.379250407218933, 0.3758086860179901, 21.962345123291016
4733553, 23, 1.4237428903579712, 0.38299623131752014, 22.96179962158203
4733553, 24, 1.4670535326004028, 0.3897462487220764, 23.961278915405273
4733553, 25, 1.5135341882705688, 0.39711642265319824, 24.960548400878906
4733553, 26, 1.5584295988082886, 0.4041508734226227, 25.959932327270508
4733553, 27, 1.6012295484542847, 0.41086545586586, 26.959468841552734
4733553, 28, 1.6477181911468506, 0.41823074221611023, 27.958820343017578
4733553, 29, 1.6917861700057983, 0.42521968483924866, 28.958297729492188
4733553, 30, 1.7786028385162354, 0.45533427596092224, 29.955867767333984
5036311, 1, 0.0772423967719078, 0.022851258516311646, 0.9982423186302185
5036311, 2, 0.14893218874931335, 0.04308531433343887, 1.9968689680099487
5036311, 3, 0.2250247448682785, 0.0652700662612915, 2.995344638824463
5036311, 4, 0.30371716618537903, 0.08846881985664368, 3.99365496635437
5036311, 5, 0.37867873907089233, 0.10932914912700653, 4.992184162139893
5036311, 6, 0.4516332745552063, 0.12924697995185852, 5.990955352783203
5036311, 7, 0.524884819984436, 0.149270161986351, 6.989738941192627
5036311, 8, 0.5958067774772644, 0.16816189885139465, 7.988609790802002
5036311, 9, 0.66542649269104, 0.18654023110866547, 8.98752498626709
5036311, 10, 0.734004557132721, 0.2041023224592209, 9.986442565917969
5036311, 11, 0.7872329354286194, 0.21448664367198944, 10.985334396362305
5036311, 12, 0.8320375680923462, 0.22206969559192657, 11.984590530395508
5036311, 13, 0.9062014818191528, 0.24151109158992767, 12.9830904006958
5036311, 14, 0.9787575006484985, 0.26057863235473633, 13.981710433959961
5036311, 15, 1.053337812423706, 0.28065454959869385, 14.980318069458008
5036311, 16, 1.128572940826416, 0.3017614781856537, 15.978899955749512
5036311, 17, 1.2040657997131348, 0.32264262437820435, 16.977537155151367
5036311, 18, 1.2827500104904175, 0.3453318476676941, 17.97613525390625
5036311, 19, 1.329282283782959, 0.3533511161804199, 18.97551727294922
5036311, 20, 1.3880850076675415, 0.3667052090167999, 19.974639892578125
5036311, 21, 1.4677706956863403, 0.38990774750709534, 20.973207473754883
5036311, 22, 1.5455601215362549, 0.4125116169452667, 21.971824645996094
5036311, 23, 1.6188337802886963, 0.4328724443912506, 22.9705753326416
5036311, 24, 1.6852537393569946, 0.449543297290802, 23.96949005126953
5036311, 25, 1.7493505477905273, 0.4647425413131714, 24.96845245361328
5036311, 26, 1.8225927352905273, 0.484092652797699, 25.96714973449707
5036311, 27, 1.8927160501480103, 0.5015150904655457, 26.965768814086914
5036311, 28, 1.928348422050476, 0.5069373846054077, 27.96535301208496
5036311, 29, 1.9608138799667358, 0.511389970779419, 28.965065002441406
5036311, 30, 2.0461034774780273, 0.5373703241348267, 29.962764739990234
4739356, 1, 0.07489154487848282, 0.02290170080959797, 0.9981098771095276
4739356, 2, 0.14796534180641174, 0.04450831189751625, 1.996433973312378
4739356, 3, 0.23054139316082, 0.07097937911748886, 2.993969440460205
4739356, 4, 0.3079822063446045, 0.094045490026474, 3.9920012950897217
4739356, 5, 0.37778833508491516, 0.11300692707300186, 4.99050235748291
4739356, 6, 0.4452151656150818, 0.13131225109100342, 5.989192485809326
4739356, 7, 0.5117440819740295, 0.14921581745147705, 6.987970352172852
4739356, 8, 0.5600377321243286, 0.1593645066022873, 7.987361431121826
4739356, 9, 0.5895623564720154, 0.1629137247800827, 8.987183570861816
4739356, 10, 0.6167312264442444, 0.16593222320079803, 9.987046241760254
4739356, 11, 0.6550940871238708, 0.1715468168258667, 10.98663330078125
4739356, 12, 0.6870570182800293, 0.17550654709339142, 11.986430168151855
4739356, 13, 0.7174588441848755, 0.1790827214717865, 12.98626708984375
4739356, 14, 0.7486531734466553, 0.18288545310497284, 13.986091613769531
4739356, 15, 0.7795586585998535, 0.18655329942703247, 14.98591423034668
4739356, 16, 0.8145307898521423, 0.1914212852716446, 15.985660552978516
4739356, 17, 0.8873004913330078, 0.21278642117977142, 16.984148025512695
4739356, 18, 0.9645770788192749, 0.23709075152873993, 17.982257843017578
4739356, 19, 1.0292181968688965, 0.254162073135376, 18.980905532836914
4739356, 20, 1.0877673625946045, 0.26842978596687317, 19.979900360107422
4739356, 21, 1.1489545106887817, 0.28436657786369324, 20.978853225708008
4739356, 22, 1.2272415161132812, 0.3087655007839203, 21.976926803588867
4739356, 23, 1.2614506483078003, 0.31342095136642456, 22.976701736450195
4739356, 24, 1.2933613061904907, 0.3175193965435028, 23.97650718688965
4739356, 25, 1.3323674201965332, 0.32364705204963684, 24.976102828979492
4739356, 26, 1.363105297088623, 0.32736632227897644, 25.975933074951172
4739356, 27, 1.3944225311279297, 0.331379771232605, 26.975751876831055
4739356, 28, 1.4249829053878784, 0.3351094424724579, 27.975576400756836
4739356, 29, 1.508430004119873, 0.36183109879493713, 28.973073959350586
4739356, 30, 1.588821530342102, 0.38671037554740906, 29.970752716064453
5125441, 1, 0.07222597301006317, 0.02087312750518322, 0.9982287883758545
5125441, 2, 0.1425231695175171, 0.040779054164886475, 1.9966728687286377
5125441, 3, 0.2103775441646576, 0.05923471599817276, 2.9952611923217773
5125441, 4, 0.2825818359851837, 0.0795932412147522, 3.9936230182647705
5125441, 5, 0.36066436767578125, 0.10302302241325378, 4.991451263427734
5125441, 6, 0.43640923500061035, 0.12500225007534027, 5.989467620849609
5125441, 7, 0.5127542018890381, 0.1474619209766388, 6.987466812133789
5125441, 8, 0.5458626747131348, 0.15170691907405853, 7.987171173095703
5125441, 9, 0.5796658396720886, 0.15585237741470337, 8.986797332763672
5125441, 10, 0.6114538311958313, 0.15944094955921173, 9.986507415771484
5125441, 11, 0.6393892168998718, 0.16255038976669312, 10.986346244812012
5125441, 12, 0.671241819858551, 0.16647614538669586, 11.98609733581543
5125441, 13, 0.7002527713775635, 0.16976702213287354, 12.985918045043945
5125441, 14, 0.7365391254425049, 0.1745067983865738, 13.985540390014648
5125441, 15, 0.7685107588768005, 0.17830616235733032, 14.985311508178711
5125441, 16, 0.8018811941146851, 0.18239641189575195, 15.98503589630127
5125441, 17, 0.8366115093231201, 0.1868913322687149, 16.98472785949707
5125441, 18, 0.8695478439331055, 0.1908642202615738, 17.984464645385742
5125441, 19, 0.9012018442153931, 0.19441868364810944, 18.98423194885254
5125441, 20, 0.956378161907196, 0.20630492269992828, 19.98342514038086
5125441, 21, 0.9906753897666931, 0.21063044667243958, 20.983121871948242
5125441, 22, 1.022287130355835, 0.2142282873392105, 21.982885360717773
5125441, 23, 1.0540926456451416, 0.21797800064086914, 22.982620239257812
5125441, 24, 1.0798546075820923, 0.22043193876743317, 23.982473373413086
5125441, 25, 1.1049028635025024, 0.22262193262577057, 24.982332229614258
5125441, 26, 1.13057541847229, 0.22508402168750763, 25.982192993164062
5125441, 27, 1.2115875482559204, 0.24972344934940338, 26.979808807373047
5125441, 28, 1.2894065380096436, 0.27214688062667847, 27.97770881652832
5125441, 29, 1.3626137971878052, 0.2924264371395111, 28.97593879699707
5125441, 30, 1.4329472780227661, 0.31170982122421265, 29.974321365356445
4713006, 1, 0.09306839108467102, 0.032024938613176346, 0.9969993233680725
4713006, 2, 0.18502745032310486, 0.06291747093200684, 1.9940752983093262
4713006, 3, 0.2857450246810913, 0.09957684576511383, 2.9899826049804688
4713006, 4, 0.3992238938808441, 0.1447613537311554, 3.9845311641693115
4713006, 5, 0.5031668543815613, 0.18278567492961884, 4.98019552230835
4713006, 6, 0.6033753156661987, 0.21812276542186737, 5.976146697998047
4713006, 7, 0.6947767734527588, 0.24721218645572662, 6.97308349609375
4713006, 8, 0.7512147426605225, 0.25769397616386414, 7.971775531768799
4713006, 9, 0.8144253492355347, 0.27057555317878723, 8.970086097717285
4713006, 10, 0.8637699484825134, 0.27872782945632935, 9.969108581542969
4713006, 11, 0.8979141712188721, 0.283672034740448, 10.968679428100586
4713006, 12, 0.9350240230560303, 0.2894286811351776, 11.968123435974121
4713006, 13, 0.9837217330932617, 0.29727625846862793, 12.9671630859375
4713006, 14, 1.0387837886810303, 0.30660897493362427, 13.965904235839844
4713006, 15, 1.091170310974121, 0.3153345584869385, 14.964746475219727
4713006, 16, 1.1251847743988037, 0.3204754889011383, 15.964324951171875
4713006, 17, 1.1632041931152344, 0.3263978362083435, 16.963769912719727
4713006, 18, 1.2378159761428833, 0.3482719957828522, 17.96124839782715
4713006, 19, 1.338934063911438, 0.38641035556793213, 18.95680809020996
4713006, 20, 1.429081916809082, 0.4177176356315613, 19.95333480834961
4713006, 21, 1.5139496326446533, 0.444673091173172, 20.950849533081055
4713006, 22, 1.5952670574188232, 0.46846964955329895, 21.948713302612305
4713006, 23, 1.6318426132202148, 0.47387516498565674, 22.948219299316406
4713006, 24, 1.6734102964401245, 0.4801977276802063, 23.947505950927734
4713006, 25, 1.7366936206817627, 0.4921287000179291, 24.945791244506836
4713006, 26, 1.7676427364349365, 0.49675649404525757, 25.94546127319336
4713006, 27, 1.796263575553894, 0.5006074905395508, 26.94521141052246
4713006, 28, 1.8258891105651855, 0.504816472530365, 27.944904327392578
4713006, 29, 1.8579668998718262, 0.5097039937973022, 28.944608688354492
4713006, 30, 1.9416941404342651, 0.5345662236213684, 29.942419052124023
4699088, 1, 0.06878449022769928, 0.018348881974816322, 0.998530387878418
4699088, 2, 0.14635615050792694, 0.04109727218747139, 1.9963412284851074
4699088, 3, 0.2282886952161789, 0.06614020466804504, 2.9937796592712402
4699088, 4, 0.302130788564682, 0.08619838953018188, 3.9919474124908447
4699088, 5, 0.37471961975097656, 0.1055743396282196, 4.990194320678711
4699088, 6, 0.44429275393486023, 0.12340760231018066, 5.988626480102539
4699088, 7, 0.5092164874076843, 0.13907404243946075, 6.987335205078125
4699088, 8, 0.5362409949302673, 0.1420344114303589, 7.987172603607178
4699088, 9, 0.5668790340423584, 0.14565642178058624, 8.986932754516602
4699088, 10, 0.5988613963127136, 0.14948174357414246, 9.986664772033691
4699088, 11, 0.6277187466621399, 0.15275798738002777, 10.98647403717041
4699088, 12, 0.664245069026947, 0.1571619063615799, 11.985978126525879
4699088, 13, 0.692157506942749, 0.16035261750221252, 12.985776901245117
4699088, 14, 0.7308264374732971, 0.1659969985485077, 13.985291481018066
4699088, 15, 0.7604103088378906, 0.16944965720176697, 14.985060691833496
4699088, 16, 0.8212388753890991, 0.1833132654428482, 15.984063148498535
4699088, 17, 0.8956827521324158, 0.20427975058555603, 16.981931686401367
4699088, 18, 0.9273075461387634, 0.20783789455890656, 17.981698989868164
4699088, 19, 0.9607648849487305, 0.21186409890651703, 18.9814395904541
4699088, 20, 1.0007596015930176, 0.21750980615615845, 19.980939865112305
4699088, 21, 1.0328881740570068, 0.22144721448421478, 20.98065185546875
4699088, 22, 1.0684417486190796, 0.2256571352481842, 21.980205535888672
4699088, 23, 1.098471760749817, 0.22924207150936127, 22.979909896850586
4699088, 24, 1.1259489059448242, 0.23273345828056335, 23.979686737060547
4699088, 25, 1.1565231084823608, 0.2365303486585617, 24.979387283325195
4699088, 26, 1.2415413856506348, 0.26224491000175476, 25.976703643798828
4699088, 27, 1.3338489532470703, 0.29261523485183716, 26.973299026489258
4699088, 28, 1.4150457382202148, 0.3159945607185364, 27.97089385986328
4699088, 29, 1.5124025344848633, 0.3497650623321533, 28.96686363220215
4699088, 30, 1.5880802869796753, 0.370843768119812, 29.964704513549805
4772763, 1, 0.033263444900512695, 0.005028584506362677, 0.9996725916862488
4772763, 2, 0.06575620174407959, 0.00982428714632988, 1.999345064163208
4772763, 3, 0.09822239726781845, 0.014057423919439316, 2.9990618228912354
4772763, 4, 0.1308397352695465, 0.01882859319448471, 3.998753547668457
4772763, 5, 0.16528786718845367, 0.023730836808681488, 4.9984612464904785
4772763, 6, 0.23906022310256958, 0.045168742537498474, 5.9967851638793945
4772763, 7, 0.2713930010795593, 0.0495372973382473, 6.996552467346191
4772763, 8, 0.30343541502952576, 0.05403192713856697, 7.996302604675293
4772763, 9, 0.3348814845085144, 0.058300089091062546, 8.996061325073242
4772763, 10, 0.36429563164711, 0.06208571791648865, 9.995862007141113
4772763, 11, 0.39353951811790466, 0.0656874030828476, 10.9956693649292
4772763, 12, 0.4266171455383301, 0.070061095058918, 11.99537467956543
4772763, 13, 0.45644161105155945, 0.07352769374847412, 12.995173454284668
4772763, 14, 0.4896999001502991, 0.0777350440621376, 13.994877815246582
4772763, 15, 0.5291522145271301, 0.08362959325313568, 14.994406700134277
4772763, 16, 0.5617023706436157, 0.08746033906936646, 15.994157791137695
4772763, 17, 0.6250285506248474, 0.1033112108707428, 16.993038177490234
4772763, 18, 0.6919324398040771, 0.12045649439096451, 17.99162483215332
4772763, 19, 0.768564760684967, 0.1430581957101822, 18.9894962310791
4772763, 20, 0.837059736251831, 0.16091981530189514, 19.98813819885254
4772763, 21, 0.8723602294921875, 0.16529975831508636, 20.987838745117188
4772763, 22, 0.9072797298431396, 0.1693480759859085, 21.987497329711914
4772763, 23, 0.9431921243667603, 0.17423975467681885, 22.987171173095703
4772763, 24, 0.972640335559845, 0.17750440537929535, 23.986988067626953
4772763, 25, 1.0001425743103027, 0.18023227155208588, 24.986845016479492
4772763, 26, 1.028388500213623, 0.18328124284744263, 25.98668670654297
4772763, 27, 1.055572509765625, 0.18623211979866028, 26.986536026000977
4772763, 28, 1.0842989683151245, 0.1892489790916443, 27.986347198486328
4772763, 29, 1.113144874572754, 0.19267943501472473, 28.986169815063477
4772763, 30, 1.195222020149231, 0.21818524599075317, 29.983793258666992
4850951, 1, 0.10703577101230621, 0.04384696111083031, 0.994894802570343
4850951, 2, 0.2150171995162964, 0.08869637548923492, 1.9896726608276367
4850951, 3, 0.3179454207420349, 0.12977759540081024, 2.985159158706665
4850951, 4, 0.418742835521698, 0.16886544227600098, 3.9808473587036133
4850951, 5, 0.5180574655532837, 0.2062493860721588, 4.976716041564941
4850951, 6, 0.6184409260749817, 0.24409425258636475, 5.972496509552002
4850951, 7, 0.7154138088226318, 0.2793472409248352, 6.968703746795654
4850951, 8, 0.8096485137939453, 0.3129241168498993, 7.9651994705200195
4850951, 9, 0.8874613046646118, 0.33582526445388794, 8.963325500488281
4850951, 10, 0.9600992798805237, 0.3561707139015198, 9.961790084838867
4850951, 11, 0.9957759976387024, 0.36095666885375977, 10.961511611938477
4850951, 12, 1.0267738103866577, 0.3646831512451172, 11.96133041381836
4850951, 13, 1.0638985633850098, 0.3697834312915802, 12.961009979248047
4850951, 14, 1.1036988496780396, 0.37589406967163086, 13.96066665649414
4850951, 15, 1.1821705102920532, 0.3993588089942932, 14.958863258361816
4850951, 16, 1.2589969635009766, 0.42204657196998596, 15.957114219665527
4850951, 17, 1.3411043882369995, 0.4476067125797272, 16.954917907714844
4850951, 18, 1.4262971878051758, 0.4753512442111969, 17.95231056213379
4850951, 19, 1.5037822723388672, 0.49856770038604736, 18.9505558013916
4850951, 20, 1.5856616497039795, 0.5247042179107666, 19.948373794555664
4850951, 21, 1.6647835969924927, 0.5493621826171875, 20.946447372436523
4850951, 22, 1.7434827089309692, 0.5734829306602478, 21.944658279418945
4850951, 23, 1.8077762126922607, 0.5901849269866943, 22.943450927734375
4850951, 24, 1.8853107690811157, 0.6133406758308411, 23.941722869873047
4850951, 25, 1.9616373777389526, 0.6358036398887634, 24.94001007080078
4850951, 26, 1.995647668838501, 0.6403696537017822, 25.939743041992188
4850951, 27, 2.029705047607422, 0.6451156735420227, 26.939483642578125
4850951, 28, 2.105161428451538, 0.6667813658714294, 27.93787956237793
4850951, 29, 2.1876626014709473, 0.6926057934761047, 28.935758590698242
4850951, 30, 2.2679648399353027, 0.717215895652771, 29.933826446533203
2265761, 1, 0.07469253987073898, 0.021549062803387642, 0.998431384563446
2265761, 2, 0.15016533434391022, 0.0434422567486763, 1.99676513671875
2265761, 3, 0.2229575663805008, 0.06394117325544357, 2.995192050933838
2265761, 4, 0.25559815764427185, 0.06827946752309799, 3.9948959350585938
2265761, 5, 0.2916167080402374, 0.0734175592660904, 4.994505405426025
2265761, 6, 0.3210507035255432, 0.07678904384374619, 5.994318008422852
2265761, 7, 0.35154977440834045, 0.08050871640443802, 6.994104862213135
2265761, 8, 0.3812030553817749, 0.08398262411355972, 7.99390172958374
2265761, 9, 0.4099593460559845, 0.0871429443359375, 8.993725776672363
2265761, 10, 0.4398476183414459, 0.09044967591762543, 9.993526458740234
2265761, 11, 0.4702669680118561, 0.09377875924110413, 10.993310928344727
2265761, 12, 0.5045006275177002, 0.09795043617486954, 11.993003845214844
2265761, 13, 0.5383937954902649, 0.10204725712537766, 12.992696762084961
2265761, 14, 0.5857136249542236, 0.10974220186471939, 13.991907119750977
2265761, 15, 0.6244204044342041, 0.11505959928035736, 14.991456985473633
2265761, 16, 0.6704826354980469, 0.12351842224597931, 15.990922927856445
2265761, 17, 0.7377278804779053, 0.1407098025083542, 16.989810943603516
2265761, 18, 0.8078640103340149, 0.15959085524082184, 17.988603591918945
2265761, 19, 0.8830914497375488, 0.18183910846710205, 18.986778259277344
2265761, 20, 0.9577551484107971, 0.20331571996212006, 19.985055923461914
2265761, 21, 1.0324372053146362, 0.22479663789272308, 20.983631134033203
2265761, 22, 1.1126283407211304, 0.24990957975387573, 21.981674194335938
2265761, 23, 1.1480698585510254, 0.2544859051704407, 22.981355667114258
2265761, 24, 1.1780643463134766, 0.25776034593582153, 23.981136322021484
2265761, 25, 1.2071293592453003, 0.26083579659461975, 24.980947494506836
2265761, 26, 1.2438868284225464, 0.26569098234176636, 25.98052978515625
2265761, 27, 1.2796382904052734, 0.2702479064464569, 26.980146408081055
2265761, 28, 1.3116955757141113, 0.27425917983055115, 27.979862213134766
2265761, 29, 1.343204379081726, 0.2783290445804596, 28.979598999023438
2265761, 30, 1.372359275817871, 0.2817322611808777, 29.979408264160156
5038881, 1, 0.07766091078519821, 0.023995021358132362, 0.9983171820640564
5038881, 2, 0.1609460711479187, 0.050594642758369446, 1.9963982105255127
5038881, 3, 0.24508044123649597, 0.07716821134090424, 2.994474411010742
5038881, 4, 0.3299238979816437, 0.1038016825914383, 3.992424964904785
5038881, 5, 0.41387704014778137, 0.13008373975753784, 4.990440368652344
5038881, 6, 0.5054240226745605, 0.16087935864925385, 5.987738609313965
5038881, 7, 0.5963476896286011, 0.19146209955215454, 6.985082149505615
5038881, 8, 0.6832985877990723, 0.2197183221578598, 7.983059883117676
5038881, 9, 0.7174065709114075, 0.22514812648296356, 8.982736587524414
5038881, 10, 0.756561815738678, 0.23217527568340302, 9.982196807861328
5038881, 11, 0.7999505400657654, 0.24089297652244568, 10.981451988220215
5038881, 12, 0.8468254804611206, 0.2508792579174042, 11.980534553527832
5038881, 13, 0.8904201984405518, 0.2598779797554016, 12.979759216308594
5038881, 14, 0.9287490844726562, 0.26695188879966736, 13.97921085357666
5038881, 15, 0.9696269631385803, 0.27392351627349854, 14.978650093078613
5038881, 16, 1.0583430528640747, 0.30282676219940186, 15.97624397277832
5038881, 17, 1.1399871110916138, 0.3284449875354767, 16.974288940429688
5038881, 18, 1.1991509199142456, 0.34247592091560364, 17.973310470581055
5038881, 19, 1.2690733671188354, 0.3609534502029419, 18.971969604492188
5038881, 20, 1.3572354316711426, 0.3896290361881256, 19.96993637084961
5038881, 21, 1.4429314136505127, 0.41680747270584106, 20.96780776977539
5038881, 22, 1.4902524948120117, 0.4261228144168854, 21.967058181762695
5038881, 23, 1.539177656173706, 0.436351478099823, 22.966211318969727
5038881, 24, 1.586273431777954, 0.4459834694862366, 23.965396881103516
5038881, 25, 1.6310783624649048, 0.45453670620918274, 24.96465492248535
5038881, 26, 1.675398826599121, 0.4632168710231781, 25.96387481689453
5038881, 27, 1.7476447820663452, 0.4834650456905365, 26.96249771118164
5038881, 28, 1.8247226476669312, 0.5066726207733154, 27.960939407348633
5038881, 29, 1.8764629364013672, 0.5187698006629944, 28.959728240966797
5038881, 30, 1.925301432609558, 0.5302799940109253, 29.9586238861084
4785791, 1, 0.09316939860582352, 0.034214187413454056, 0.9964969158172607
4785791, 2, 0.1857740581035614, 0.0680045336484909, 1.9930766820907593
4785791, 3, 0.2789793610572815, 0.10202699899673462, 2.9897260665893555
4785791, 4, 0.3144168257713318, 0.10711270570755005, 3.9893546104431152
4785791, 5, 0.4084664583206177, 0.14185550808906555, 4.985721588134766
4785791, 6, 0.5102359652519226, 0.18160685896873474, 5.981288433074951
4785791, 7, 0.6088905334472656, 0.21963822841644287, 6.977300643920898
4785791, 8, 0.6423327326774597, 0.22447463870048523, 7.977019309997559
4785791, 9, 0.6970216035842896, 0.23432083427906036, 8.975735664367676
4785791, 10, 0.7304801940917969, 0.23888185620307922, 9.975532531738281
4785791, 11, 0.76402348279953, 0.2434382438659668, 10.975335121154785
4785791, 12, 0.7989919185638428, 0.24827653169631958, 11.975018501281738
4785791, 13, 0.8337223529815674, 0.2529987692832947, 12.974770545959473
4785791, 14, 0.8706122636795044, 0.2583789527416229, 13.974455833435059
4785791, 15, 0.9076394438743591, 0.26387014985084534, 14.97415828704834
4785791, 16, 0.9474933743476868, 0.2700713872909546, 15.973736763000488
4785791, 17, 1.0348713397979736, 0.3011432886123657, 16.971067428588867
4785791, 18, 1.118640422821045, 0.33009809255599976, 17.968442916870117
4785791, 19, 1.198543667793274, 0.3566834330558777, 18.96629524230957
4785791, 20, 1.2808585166931152, 0.3842689096927643, 19.96394157409668
4785791, 21, 1.3612000942230225, 0.4108719229698181, 20.96180534362793
4785791, 22, 1.4460712671279907, 0.44019564986228943, 21.959333419799805
4785791, 23, 1.4837175607681274, 0.44566646218299866, 22.959014892578125
4785791, 24, 1.5191611051559448, 0.45041128993034363, 23.958789825439453
4785791, 25, 1.5540775060653687, 0.4550526440143585, 24.958568572998047
4785791, 26, 1.5889551639556885, 0.45977073907852173, 25.958335876464844
4785791, 27, 1.622623324394226, 0.46425214409828186, 26.958086013793945
4785791, 28, 1.6588082313537598, 0.46934086084365845, 27.95765495300293
4785791, 29, 1.692999243736267, 0.4739439785480499, 28.957382202148438
4785791, 30, 1.751584529876709, 0.4856669306755066, 29.955873489379883
1089412, 1, 0.07623019069433212, 0.023839058354496956, 0.9979831576347351
1089412, 2, 0.15634264051914215, 0.049678292125463486, 1.9955883026123047
1089412, 3, 0.23555690050125122, 0.07449176162481308, 2.993366241455078
1089412, 4, 0.31584835052490234, 0.09962844848632812, 3.990971565246582
1089412, 5, 0.3708103895187378, 0.1116306334733963, 4.990081787109375
1089412, 6, 0.45336881279945374, 0.13805623352527618, 5.987358570098877
1089412, 7, 0.5377267003059387, 0.16578663885593414, 6.98452615737915
1089412, 8, 0.6180235147476196, 0.19061337411403656, 7.982192516326904
1089412, 9, 0.6923299431800842, 0.21204766631126404, 8.980327606201172
1089412, 10, 0.7212397456169128, 0.21539326012134552, 9.980177879333496
1089412, 11, 0.754558801651001, 0.21995633840560913, 10.979933738708496
1089412, 12, 0.7842969298362732, 0.22327381372451782, 11.979767799377441
1089412, 13, 0.8130480051040649, 0.2264862358570099, 12.97961711883545
1089412, 14, 0.8453124761581421, 0.23056527972221375, 13.979392051696777
1089412, 15, 0.8787128925323486, 0.23485110700130463, 14.979148864746094
1089412, 16, 0.9111552238464355, 0.23879127204418182, 15.9789457321167
1089412, 17, 0.9448202848434448, 0.24306520819664001, 16.97869110107422
1089412, 18, 1.0184632539749146, 0.26485878229141235, 17.97711181640625
1089412, 19, 1.091481328010559, 0.2863364517688751, 18.975622177124023
1089412, 20, 1.1311171054840088, 0.29243749380111694, 19.975238800048828
1089412, 21, 1.1666998863220215, 0.29726558923721313, 20.97496223449707
1089412, 22, 1.206521987915039, 0.3037833571434021, 21.97456169128418
1089412, 23, 1.2425786256790161, 0.30901166796684265, 22.97427749633789
1089412, 24, 1.276115894317627, 0.3133821487426758, 23.974058151245117
1089412, 25, 1.3083988428115845, 0.31748563051223755, 24.973857879638672
1089412, 26, 1.3399337530136108, 0.32139894366264343, 25.97365951538086
1089412, 27, 1.3719627857208252, 0.3254699409008026, 26.973440170288086
1089412, 28, 1.4008456468582153, 0.32875439524650574, 27.97328758239746
1089412, 29, 1.4708383083343506, 0.3482285737991333, 28.97198486328125
1089412, 30, 1.5284972190856934, 0.36167946457862854, 29.9710750579834
4996894, 1, 0.07750950753688812, 0.023779116570949554, 0.9980267286300659
4996894, 2, 0.1504451185464859, 0.044877659529447556, 1.9963486194610596
4996894, 3, 0.22832149267196655, 0.06837775558233261, 2.9942939281463623
4996894, 4, 0.31591811776161194, 0.09751122444868088, 3.9914162158966064
4996894, 5, 0.4008559584617615, 0.1247536689043045, 4.988734245300293
4996894, 6, 0.4830627143383026, 0.15042099356651306, 5.986280918121338
4996894, 7, 0.5610008835792542, 0.17360083758831024, 6.98427677154541
4996894, 8, 0.6314711570739746, 0.19319796562194824, 7.982878684997559
4996894, 9, 0.7011374235153198, 0.21252746880054474, 8.981511116027832
4996894, 10, 0.7320133447647095, 0.21633128821849823, 9.981271743774414
4996894, 11, 0.7674837708473206, 0.22120214998722076, 10.980907440185547
4996894, 12, 0.7973626852035522, 0.2246699035167694, 11.980716705322266
4996894, 13, 0.8286221623420715, 0.22849524021148682, 12.980499267578125
4996894, 14, 0.8600572943687439, 0.23247450590133667, 13.980273246765137
4996894, 15, 0.8920143842697144, 0.23651394248008728, 14.980050086975098
4996894, 16, 0.926177442073822, 0.24108479917049408, 15.979815483093262
4996894, 17, 1.0056692361831665, 0.2660672962665558, 16.97791862487793
4996894, 18, 1.041303038597107, 0.27070754766464233, 17.977628707885742
4996894, 19, 1.0742919445037842, 0.2746795117855072, 18.9774227142334
4996894, 20, 1.1094928979873657, 0.27944180369377136, 19.97715950012207
4996894, 21, 1.1438840627670288, 0.2841184735298157, 20.976911544799805
4996894, 22, 1.1747194528579712, 0.2878279983997345, 21.976707458496094
4996894, 23, 1.206432580947876, 0.29182326793670654, 22.97647476196289
4996894, 24, 1.2353438138961792, 0.29517683386802673, 23.976308822631836
4996894, 25, 1.2653610706329346, 0.29875272512435913, 24.97610092163086
4996894, 26, 1.297459602355957, 0.3027441203594208, 25.97581672668457
4996894, 27, 1.330100417137146, 0.30690112709999084, 26.975513458251953
4996894, 28, 1.4048388004302979, 0.3283293843269348, 27.973896026611328
4996894, 29, 1.4748917818069458, 0.34737202525138855, 28.97260093688965
4996894, 30, 1.547206163406372, 0.3673253059387207, 29.97112274169922
1217886, 1, 0.06550411134958267, 0.016874123364686966, 0.9989028573036194
1217886, 2, 0.13297730684280396, 0.03427450358867645, 1.9977110624313354
1217886, 3, 0.1964460164308548, 0.04931594431400299, 2.99657940864563
1217886, 4, 0.2699032127857208, 0.06898616254329681, 3.9948551654815674
1217886, 5, 0.33643993735313416, 0.08502297103404999, 4.993690490722656
1217886, 6, 0.4049718976020813, 0.1019892692565918, 5.992406845092773
1217886, 7, 0.43821462988853455, 0.10660173743963242, 6.992115020751953
1217886, 8, 0.47686654329299927, 0.1117824986577034, 7.991605758666992
1217886, 9, 0.5024272799491882, 0.11433850228786469, 8.991447448730469
1217886, 10, 0.5306048393249512, 0.11715677380561829, 9.991235733032227
1217886, 11, 0.5544881820678711, 0.11929887533187866, 10.991103172302246
1217886, 12, 0.5896173715591431, 0.12326247990131378, 11.990720748901367
1217886, 13, 0.6360456943511963, 0.12988466024398804, 12.989940643310547
1217886, 14, 0.6901568174362183, 0.13881590962409973, 13.988813400268555
1217886, 15, 0.7361156940460205, 0.1455104798078537, 14.988040924072266
1217886, 16, 0.7655216455459595, 0.14860913157463074, 15.987854957580566
1217886, 17, 0.8397470712661743, 0.16859017312526703, 16.986343383789062
1217886, 18, 0.9110981225967407, 0.18687023222446442, 17.985158920288086
1217886, 19, 0.9787201881408691, 0.20395995676517487, 18.983966827392578
1217886, 20, 1.0520298480987549, 0.2238021194934845, 19.98246192932129
1217886, 21, 1.1163322925567627, 0.23907288908958435, 20.9815731048584
1217886, 22, 1.1711894273757935, 0.24869760870933533, 21.980443954467773
1217886, 23, 1.2041887044906616, 0.2524026334285736, 22.980131149291992
1217886, 24, 1.2353127002716064, 0.2555985748767853, 23.979854583740234
1217886, 25, 1.272342324256897, 0.2600035071372986, 24.979389190673828
1217886, 26, 1.3120102882385254, 0.2652031183242798, 25.978836059570312
1217886, 27, 1.3402456045150757, 0.26829254627227783, 26.978614807128906
1217886, 28, 1.3690584897994995, 0.2716037333011627, 27.978389739990234
1217886, 29, 1.418041467666626, 0.28082072734832764, 28.977815628051758
1217886, 30, 1.45890212059021, 0.28761693835258484, 29.977449417114258
4820909, 1, 0.11581653356552124, 0.05262232571840286, 0.9930701851844788
4820909, 2, 0.2280590981245041, 0.101032555103302, 1.9866169691085815
4820909, 3, 0.3520129323005676, 0.16008701920509338, 2.978738784790039
4820909, 4, 0.48759251832962036, 0.2292468249797821, 3.969470262527466
4820909, 5, 0.6063539981842041, 0.2826683819293976, 4.962727069854736
4820909, 6, 0.6522320508956909, 0.29099446535110474, 5.9619011878967285
4820909, 7, 0.7067444920539856, 0.3014006018638611, 6.960587501525879
4820909, 8, 0.7730410099029541, 0.3161092698574066, 7.958567142486572
4820909, 9, 0.884731113910675, 0.36367976665496826, 8.952775955200195
4820909, 10, 0.956437349319458, 0.3804277181625366, 9.950385093688965
4820909, 11, 1.0283201932907104, 0.39731544256210327, 10.947969436645508
4820909, 12, 1.141510248184204, 0.4469600319862366, 11.9420166015625
4820909, 13, 1.2618852853775024, 0.5024958848953247, 12.934951782226562
4820909, 14, 1.38297700881958, 0.5591212511062622, 13.927895545959473
4820909, 15, 1.4987409114837646, 0.6106533408164978, 14.9214448928833
4820909, 16, 1.6063348054885864, 0.6556141376495361, 15.916208267211914
4820909, 17, 1.7324016094207764, 0.7156267166137695, 16.90847396850586
4820909, 18, 1.864262580871582, 0.7793633937835693, 17.8997745513916
4820909, 19, 1.9884412288665771, 0.8368893265724182, 18.892221450805664
4820909, 20, 2.079890012741089, 0.8703257441520691, 19.888612747192383
4820909, 21, 2.159621238708496, 0.8964866995811462, 20.885942459106445
4820909, 22, 2.2448458671569824, 0.9260708093643188, 21.882715225219727
4820909, 23, 2.335193157196045, 0.9583297371864319, 22.879362106323242
4820909, 24, 2.383802652359009, 0.9670562744140625, 23.87839698791504
4820909, 25, 2.5000460147857666, 1.0164436101913452, 24.872041702270508
4820909, 26, 2.607508420944214, 1.0595186948776245, 25.86680793762207
4820909, 27, 2.7054948806762695, 1.096276879310608, 26.86270523071289
4820909, 28, 2.8044795989990234, 1.133589267730713, 27.858524322509766
4820909, 29, 2.9211204051971436, 1.184175729751587, 28.852039337158203
4820909, 30, 3.0025534629821777, 1.2103441953659058, 29.849233627319336
1221647, 1, 0.06575272232294083, 0.017015773802995682, 0.9988986253738403
1221647, 2, 0.133171945810318, 0.03435761481523514, 1.9977107048034668
1221647, 3, 0.20043209195137024, 0.051157720386981964, 2.9964065551757812
1221647, 4, 0.27420076727867126, 0.07097627967596054, 3.994663715362549
1221647, 5, 0.34082743525505066, 0.08703985810279846, 4.99349308013916
1221647, 6, 0.40922099351882935, 0.10392879694700241, 5.992217540740967
1221647, 7, 0.44470974802970886, 0.1092841774225235, 6.9919328689575195
1221647, 8, 0.4833860695362091, 0.11447659134864807, 7.991422653198242
1221647, 9, 0.5090099573135376, 0.11704225093126297, 8.991263389587402
1221647, 10, 0.5372868776321411, 0.11987407505512238, 9.991050720214844
1221647, 11, 0.561295747756958, 0.12203430384397507, 10.990917205810547
1221647, 12, 0.5963959693908691, 0.12599821388721466, 11.990534782409668
1221647, 13, 0.6428320407867432, 0.13262979686260223, 12.989752769470215
1221647, 14, 0.696907103061676, 0.1415427029132843, 13.988627433776855
1221647, 15, 0.7429957985877991, 0.14826111495494843, 14.987853050231934
1221647, 16, 0.772810697555542, 0.15144291520118713, 15.987658500671387
1221647, 17, 0.8470878005027771, 0.17147400975227356, 16.986146926879883
1221647, 18, 0.9181908965110779, 0.18962018191814423, 17.984975814819336
1221647, 19, 0.9862280488014221, 0.20688948035240173, 18.983766555786133
1221647, 20, 1.0598748922348022, 0.22692392766475677, 19.982242584228516
1221647, 21, 1.1238597631454468, 0.24205973744392395, 20.98135757446289
1221647, 22, 1.1787556409835815, 0.2516682744026184, 21.980228424072266
1221647, 23, 1.2117893695831299, 0.25537019968032837, 22.979915618896484
1221647, 24, 1.242860198020935, 0.25855016708374023, 23.97964096069336
1221647, 25, 1.2799580097198486, 0.26297661662101746, 24.97917366027832
1221647, 26, 1.3196452856063843, 0.2681765556335449, 25.978618621826172
1221647, 27, 1.3478822708129883, 0.27127811312675476, 26.978397369384766
1221647, 28, 1.37661612033844, 0.2745759189128876, 27.978174209594727
1221647, 29, 1.4250280857086182, 0.2835938632488251, 28.977615356445312
1221647, 30, 1.4734220504760742, 0.2927534580230713, 29.97705841064453
5195398, 1, 0.07697831094264984, 0.02346159517765045, 0.9981391429901123
5195398, 2, 0.15854373574256897, 0.04946168512105942, 1.9958109855651855
5195398, 3, 0.23535257577896118, 0.07269613444805145, 2.9937918186187744
5195398, 4, 0.3063517212867737, 0.09260978549718857, 3.992211103439331
5195398, 5, 0.38095715641975403, 0.11401611566543579, 4.990427017211914
5195398, 6, 0.4543529450893402, 0.13457973301410675, 5.988546848297119
5195398, 7, 0.5106156468391418, 0.14712928235530853, 6.987634658813477
5195398, 8, 0.5739791393280029, 0.16282837092876434, 7.9863600730896
5195398, 9, 0.6441740989685059, 0.18178310990333557, 8.984795570373535
5195398, 10, 0.6728150844573975, 0.18501122295856476, 9.984624862670898
5195398, 11, 0.7043032646179199, 0.18902890384197235, 10.984354972839355
5195398, 12, 0.7349995374679565, 0.19273200631141663, 11.984109878540039
5195398, 13, 0.7656503915786743, 0.1964522749185562, 12.983871459960938
5195398, 14, 0.7984563708305359, 0.20073643326759338, 13.983585357666016
5195398, 15, 0.8309949040412903, 0.20491786301136017, 14.983304023742676
5195398, 16, 0.8677966594696045, 0.21027882397174835, 15.982898712158203
5195398, 17, 0.9406734704971313, 0.23066170513629913, 16.981159210205078
5195398, 18, 1.0151920318603516, 0.25187841057777405, 17.979339599609375
5195398, 19, 1.0842161178588867, 0.2704065442085266, 18.977893829345703
5195398, 20, 1.1549402475357056, 0.28991177678108215, 19.976146697998047
5195398, 21, 1.223578691482544, 0.3082176744937897, 20.97455406188965
5195398, 22, 1.2542436122894287, 0.3117796778678894, 21.974348068237305
5195398, 23, 1.284421443939209, 0.31516554951667786, 22.974157333374023
5195398, 24, 1.3202402591705322, 0.31997478008270264, 23.973773956298828
5195398, 25, 1.348488450050354, 0.3230310082435608, 24.973590850830078
5195398, 26, 1.3777148723602295, 0.3263385593891144, 25.97338104248047
5195398, 27, 1.4039450883865356, 0.3289574086666107, 26.973241806030273
5195398, 28, 1.4299172163009644, 0.33156099915504456, 27.973114013671875
5195398, 29, 1.4978930950164795, 0.3488560914993286, 28.97172737121582
5195398, 30, 1.5691943168640137, 0.3677036464214325, 29.97010040283203
5007479, 1, 0.07975349575281143, 0.025541085749864578, 0.9978414177894592
5007479, 2, 0.17144669592380524, 0.058521807193756104, 1.9944792985916138
5007479, 3, 0.21045972406864166, 0.06421998888254166, 2.994067907333374
5007479, 4, 0.2478906512260437, 0.06943134218454361, 3.993729829788208
5007479, 5, 0.2868891656398773, 0.07517380267381668, 4.993356704711914
5007479, 6, 0.32268938422203064, 0.08007129281759262, 5.993022441864014
5007479, 7, 0.3581835627555847, 0.08480904251337051, 6.992705821990967
5007479, 8, 0.39543429017066956, 0.08992040157318115, 7.992351531982422
5007479, 9, 0.47720664739608765, 0.11620983481407166, 8.989913940429688
5007479, 10, 0.5582780241966248, 0.14197880029678345, 9.987576484680176
5007479, 11, 0.5992764234542847, 0.14826618134975433, 10.987051010131836
5007479, 12, 0.6342458128929138, 0.1526913344860077, 11.986701011657715
5007479, 13, 0.6682692766189575, 0.15672895312309265, 12.98635196685791
5007479, 14, 0.7074259519577026, 0.16189993917942047, 13.985777854919434
5007479, 15, 0.7433288097381592, 0.1665976196527481, 14.985329627990723
5007479, 16, 0.830329418182373, 0.19541113078594208, 15.982271194458008
5007479, 17, 0.9156226515769958, 0.22262997925281525, 16.979259490966797
5007479, 18, 0.9958959817886353, 0.2465668022632599, 17.976741790771484
5007479, 19, 1.038885235786438, 0.2533659338951111, 18.976102828979492
5007479, 20, 1.075258493423462, 0.25823521614074707, 19.97568130493164
5007479, 21, 1.1108373403549194, 0.2629498243331909, 20.975317001342773
5007479, 22, 1.146963357925415, 0.2677275836467743, 21.9749813079834
5007479, 23, 1.1857010126113892, 0.27320289611816406, 22.97457504272461
5007479, 24, 1.2230098247528076, 0.27847880125045776, 23.97416114807129
5007479, 25, 1.2596020698547363, 0.2836989164352417, 24.97372055053711
5007479, 26, 1.296360969543457, 0.2888695299625397, 25.973310470581055
5007479, 27, 1.3412857055664062, 0.2959076166152954, 26.97244644165039
5007479, 28, 1.395884394645691, 0.30575722455978394, 27.971080780029297
5007479, 29, 1.4562920331954956, 0.31761589646339417, 28.969383239746094
5007479, 30, 1.5098166465759277, 0.32749277353286743, 29.968069076538086
4431350, 1, 0.08564401417970657, 0.0287158265709877, 0.9970713257789612
4431350, 2, 0.1690833568572998, 0.05595087632536888, 1.9943602085113525
4431350, 3, 0.25305473804473877, 0.08337397128343582, 2.991619110107422
4431350, 4, 0.3436717689037323, 0.11457458138465881, 3.9882912635803223
4431350, 5, 0.42571455240249634, 0.14012832939624786, 4.985710620880127
4431350, 6, 0.4569273591041565, 0.14427775144577026, 5.9855170249938965
4431350, 7, 0.48930788040161133, 0.14829136431217194, 6.9852681159973145
4431350, 8, 0.5216628313064575, 0.15214861929416656, 7.984993934631348
4431350, 9, 0.5526805520057678, 0.15567006170749664, 8.984756469726562
4431350, 10, 0.5817767381668091, 0.1591484248638153, 9.984588623046875
4431350, 11, 0.6118490695953369, 0.16269467771053314, 10.984407424926758
4431350, 12, 0.6423986554145813, 0.16633296012878418, 11.984222412109375
4431350, 13, 0.6728116869926453, 0.17000405490398407, 12.98402214050293
4431350, 14, 0.7041003108024597, 0.17403975129127502, 13.983794212341309
4431350, 15, 0.7346886992454529, 0.17763978242874146, 14.983610153198242
4431350, 16, 0.8060031533241272, 0.1978146880865097, 15.981905937194824
4431350, 17, 0.883016049861908, 0.2213905304670334, 16.979822158813477
4431350, 18, 0.9233371615409851, 0.22681653499603271, 17.97927474975586
4431350, 19, 0.9558233618736267, 0.23066605627536774, 18.979026794433594
4431350, 20, 0.9933542013168335, 0.23608529567718506, 19.978668212890625
4431350, 21, 1.0330508947372437, 0.24229642748832703, 20.978290557861328
4431350, 22, 1.068420648574829, 0.2470061182975769, 21.97800064086914
4431350, 23, 1.100900650024414, 0.25093165040016174, 22.977752685546875
4431350, 24, 1.1323041915893555, 0.2549760937690735, 23.977548599243164
4431350, 25, 1.1612352132797241, 0.2581424415111542, 24.977357864379883
4431350, 26, 1.1901719570159912, 0.2613842487335205, 25.977174758911133
4431350, 27, 1.2190395593643188, 0.26497337222099304, 26.97700309753418
4431350, 28, 1.2938812971115112, 0.28643113374710083, 27.97496223449707
4431350, 29, 1.3676031827926636, 0.30704548954963684, 28.97307014465332
4431350, 30, 1.447318434715271, 0.33113670349121094, 29.9707088470459
5144366, 1, 0.02728760801255703, 0.0030788551084697247, 0.9998135566711426
5144366, 2, 0.061775051057338715, 0.007913428358733654, 1.9994044303894043
5144366, 3, 0.09477825462818146, 0.012455470860004425, 2.999021530151367
5144366, 4, 0.12397062033414841, 0.01612147130072117, 3.9987523555755615
5144366, 5, 0.15938100218772888, 0.021618783473968506, 4.998341083526611
5144366, 6, 0.23591241240501404, 0.042348459362983704, 5.996503829956055
5144366, 7, 0.31882184743881226, 0.06620226055383682, 6.994239807128906
5144366, 8, 0.40476664900779724, 0.0915423110127449, 7.991744518280029
5144366, 9, 0.43642425537109375, 0.09648443758487701, 8.99128532409668
5144366, 10, 0.46806615591049194, 0.10136520117521286, 9.990824699401855
5144366, 11, 0.5002027750015259, 0.1064106747508049, 10.990340232849121
5144366, 12, 0.5382640957832336, 0.11283181607723236, 11.989670753479004
5144366, 13, 0.5814614295959473, 0.12034234404563904, 12.988840103149414
5144366, 14, 0.6383105516433716, 0.1327311098575592, 13.987860679626465
5144366, 15, 0.7049503326416016, 0.14900562167167664, 14.986488342285156
5144366, 16, 0.7740150690078735, 0.16664443910121918, 15.984903335571289
5144366, 17, 0.8434296250343323, 0.1846943199634552, 16.983346939086914
5144366, 18, 0.918703556060791, 0.2051609307527542, 17.98159408569336
5144366, 19, 0.9958193302154541, 0.22698569297790527, 18.97965431213379
5144366, 20, 1.078160285949707, 0.25174200534820557, 19.977333068847656
5144366, 21, 1.1599633693695068, 0.27627459168434143, 20.97517204284668
5144366, 22, 1.2405482530593872, 0.299845814704895, 21.973127365112305
5144366, 23, 1.3090236186981201, 0.3171413540840149, 22.97171401977539
5144366, 24, 1.347061276435852, 0.32374119758605957, 23.971078872680664
5144366, 25, 1.387585163116455, 0.3309863805770874, 24.970346450805664
5144366, 26, 1.4333025217056274, 0.33975350856781006, 25.969396591186523
5144366, 27, 1.475512981414795, 0.34748515486717224, 26.968599319458008
5144366, 28, 1.5179706811904907, 0.3553113341331482, 27.967792510986328
5144366, 29, 1.5876325368881226, 0.37349897623062134, 28.966352462768555
5144366, 30, 1.6592544317245483, 0.3927614688873291, 29.964815139770508
5037673, 1, 0.07874450832605362, 0.023985780775547028, 0.998113214969635
5037673, 2, 0.15601465106010437, 0.047090500593185425, 1.9963278770446777
5037673, 3, 0.23449119925498962, 0.07073909044265747, 2.9944891929626465
5037673, 4, 0.31540507078170776, 0.09561790525913239, 3.9924426078796387
5037673, 5, 0.4032217562198639, 0.12410017848014832, 4.989737510681152
5037673, 6, 0.47788798809051514, 0.14526325464248657, 5.988185405731201
5037673, 7, 0.5134636759757996, 0.15011276304721832, 6.987844467163086
5037673, 8, 0.5493760108947754, 0.15490715205669403, 7.987497329711914
5037673, 9, 0.58749920129776, 0.16026511788368225, 8.987091064453125
5037673, 10, 0.6234462857246399, 0.16508305072784424, 9.986743927001953
5037673, 11, 0.6582390069961548, 0.1694413423538208, 10.986413955688477
5037673, 12, 0.698893666267395, 0.17534248530864716, 11.985885620117188
5037673, 13, 0.7340477705001831, 0.17996376752853394, 12.985550880432129
5037673, 14, 0.7694895267486572, 0.18476754426956177, 13.985233306884766
5037673, 15, 0.807792067527771, 0.19025476276874542, 14.984823226928711
5037673, 16, 0.8905268907546997, 0.2167874574661255, 15.982573509216309
5037673, 17, 0.9725229740142822, 0.2433408945798874, 16.980331420898438
5037673, 18, 1.0491337776184082, 0.26669901609420776, 17.978744506835938
5037673, 19, 1.12947416305542, 0.2919475734233856, 18.976850509643555
5037673, 20, 1.2073310613632202, 0.3155522346496582, 19.975147247314453
5037673, 21, 1.282423734664917, 0.33735719323158264, 20.973798751831055
5037673, 22, 1.3623095750808716, 0.36220782995224, 21.971982955932617
5037673, 23, 1.397475004196167, 0.3669508695602417, 22.971683502197266
5037673, 24, 1.4315036535263062, 0.3713448941707611, 23.971412658691406
5037673, 25, 1.4640412330627441, 0.37528666853904724, 24.971172332763672
5037673, 26, 1.4972329139709473, 0.37933874130249023, 25.970916748046875
5037673, 27, 1.5302081108093262, 0.38340499997138977, 26.970645904541016
5037673, 28, 1.560595154762268, 0.38721469044685364, 27.97043800354004
5037673, 29, 1.5906952619552612, 0.39106959104537964, 28.97023582458496
5037673, 30, 1.6198023557662964, 0.39463692903518677, 29.970048904418945
4766524, 1, 0.08926621824502945, 0.032722800970077515, 0.9966877102851868
4766524, 2, 0.17581763863563538, 0.0631110742688179, 1.9935591220855713
4766524, 3, 0.2684522271156311, 0.09736354649066925, 2.9899113178253174
4766524, 4, 0.36013519763946533, 0.13065005838871002, 3.9864554405212402
4766524, 5, 0.44118887186050415, 0.15759162604808807, 4.983954429626465
4766524, 6, 0.5255694389343262, 0.18600057065486908, 5.981298446655273
4766524, 7, 0.6117345094680786, 0.21566703915596008, 6.978515148162842
4766524, 8, 0.6559622287750244, 0.22390718758106232, 7.977992057800293
4766524, 9, 0.6873092651367188, 0.22807057201862335, 8.97776985168457
4766524, 10, 0.7205832004547119, 0.2325877547264099, 9.977477073669434
4766524, 11, 0.7592746019363403, 0.23813435435295105, 10.976967811584473
4766524, 12, 0.7981698513031006, 0.24360592663288116, 11.976465225219727
4766524, 13, 0.8344486355781555, 0.24872389435768127, 12.976088523864746
4766524, 14, 0.8744474053382874, 0.2547903060913086, 13.975579261779785
4766524, 15, 0.9165464043617249, 0.26134175062179565, 14.97508716583252
4766524, 16, 1.0016124248504639, 0.2915065884590149, 15.972611427307129
4766524, 17, 1.0930973291397095, 0.3263015151023865, 16.969362258911133
4766524, 18, 1.1790488958358765, 0.35733330249786377, 17.966646194458008
4766524, 19, 1.2618505954742432, 0.38691049814224243, 18.9642333984375
4766524, 20, 1.3506786823272705, 0.4206770360469818, 19.961294174194336
4766524, 21, 1.3975012302398682, 0.4288318157196045, 20.960628509521484
4766524, 22, 1.4431757926940918, 0.43647947907447815, 21.959989547729492
4766524, 23, 1.4826650619506836, 0.44271066784858704, 22.959598541259766
4766524, 24, 1.5242195129394531, 0.44903722405433655, 23.959033966064453
4766524, 25, 1.612187147140503, 0.4795615077018738, 24.956008911132812
4766524, 26, 1.6733486652374268, 0.49448713660240173, 25.95461082458496
4766524, 27, 1.7179690599441528, 0.502856433391571, 26.95402717590332
4766524, 28, 1.8047125339508057, 0.5323095321655273, 27.951255798339844
4766524, 29, 1.8864887952804565, 0.5588494539260864, 28.948976516723633
4766524, 30, 1.9821665287017822, 0.5942639708518982, 29.94529151916504
1262475, 1, 0.06689693033695221, 0.018043329939246178, 0.9987707734107971
1262475, 2, 0.12909328937530518, 0.03358696401119232, 1.9977662563323975
1262475, 3, 0.18946127593517303, 0.04799063131213188, 2.996818780899048
1262475, 4, 0.2237091362476349, 0.05269428342580795, 3.9964747428894043
1262475, 5, 0.25206974148750305, 0.05602078512310982, 4.996267795562744
1262475, 6, 0.2820959985256195, 0.0596134252846241, 5.996007919311523
1262475, 7, 0.3207157850265503, 0.06504160910844803, 6.995485782623291
1262475, 8, 0.3761928975582123, 0.07703230530023575, 7.994762897491455
1262475, 9, 0.434084951877594, 0.09008148312568665, 8.993983268737793
1262475, 10, 0.47571876645088196, 0.09642372280359268, 9.993369102478027
1262475, 11, 0.5181142091751099, 0.10292194038629532, 10.9927339553833
1262475, 12, 0.5601242780685425, 0.10922031849622726, 11.992133140563965
1262475, 13, 0.6048112511634827, 0.11628922820091248, 12.991435050964355
1262475, 14, 0.6521235108375549, 0.12429769337177277, 13.99062728881836
1262475, 15, 0.6957229375839233, 0.13119740784168243, 14.989964485168457
1262475, 16, 0.735934853553772, 0.13698992133140564, 15.989418029785156
1262475, 17, 0.772075355052948, 0.1417369693517685, 16.989013671875
1262475, 18, 0.8454422950744629, 0.16142475605010986, 17.98734474182129
1262475, 19, 0.917955219745636, 0.18072295188903809, 18.985885620117188
1262475, 20, 0.9910358786582947, 0.20042191445827484, 19.984426498413086
1262475, 21, 1.0359904766082764, 0.2078849971294403, 20.9836368560791
1262475, 22, 1.0742535591125488, 0.21341633796691895, 21.983116149902344
1262475, 23, 1.1064136028289795, 0.2172912210226059, 22.982816696166992
1262475, 24, 1.1363589763641357, 0.22056487202644348, 23.982572555541992
1262475, 25, 1.176477313041687, 0.226115882396698, 24.981975555419922
1262475, 26, 1.2092679738998413, 0.22993527352809906, 25.981630325317383
1262475, 27, 1.2430915832519531, 0.23420552909374237, 26.98124885559082
1262475, 28, 1.2723729610443115, 0.2376401126384735, 27.981000900268555
1262475, 29, 1.3013179302215576, 0.24098864197731018, 28.980764389038086
1262475, 30, 1.3308197259902954, 0.24443288147449493, 29.980512619018555
5010602, 1, 0.0747600868344307, 0.0222331415861845, 0.9981437921524048
5010602, 2, 0.1456199288368225, 0.042111463844776154, 1.9965764284133911
5010602, 3, 0.21848522126674652, 0.06294633448123932, 2.9948811531066895
5010602, 4, 0.2869829535484314, 0.08170971274375916, 3.9935109615325928
5010602, 5, 0.36029279232025146, 0.10262860357761383, 4.9918293952941895
5010602, 6, 0.42557281255722046, 0.11987736821174622, 5.990697383880615
5010602, 7, 0.4578179121017456, 0.124012790620327, 6.990401268005371
5010602, 8, 0.489328533411026, 0.12784723937511444, 7.990126609802246
5010602, 9, 0.5210555195808411, 0.13173998892307281, 8.98983097076416
5010602, 10, 0.5514748096466064, 0.13522596657276154, 9.989575386047363
5010602, 11, 0.585691511631012, 0.13960868120193481, 10.989198684692383
5010602, 12, 0.6212857961654663, 0.1442294865846634, 11.988761901855469
5010602, 13, 0.653188169002533, 0.14788411557674408, 12.988445281982422
5010602, 14, 0.6839473843574524, 0.151467427611351, 13.988199234008789
5010602, 15, 0.7545823454856873, 0.17073984444141388, 14.986598014831543
5010602, 16, 0.824876070022583, 0.19018837809562683, 15.98489761352539
5010602, 17, 0.8900917768478394, 0.2072683870792389, 16.983509063720703
5010602, 18, 0.9534078240394592, 0.22348882257938385, 17.982437133789062
5010602, 19, 1.023042917251587, 0.24299542605876923, 18.981063842773438
5010602, 20, 1.093082070350647, 0.2630285322666168, 19.97968101501465
5010602, 21, 1.1659311056137085, 0.2846735119819641, 20.978078842163086
5010602, 22, 1.2377790212631226, 0.30597662925720215, 21.976558685302734
5010602, 23, 1.3079872131347656, 0.3256899118423462, 22.975154876708984
5010602, 24, 1.3811439275741577, 0.3464828431606293, 23.973487854003906
5010602, 25, 1.4540497064590454, 0.36755356192588806, 24.971763610839844
5010602, 26, 1.5197460651397705, 0.3846922218799591, 25.97043228149414
5010602, 27, 1.5500484704971313, 0.38793548941612244, 26.97018051147461
5010602, 28, 1.5785306692123413, 0.3908067047595978, 27.9699764251709
5010602, 29, 1.6076231002807617, 0.39398065209388733, 28.969749450683594
5010602, 30, 1.6386072635650635, 0.39791855216026306, 29.9694881439209
4961513, 1, 0.07533083856105804, 0.023222384974360466, 0.9981247186660767
4961513, 2, 0.14907927811145782, 0.045250870287418365, 1.9963929653167725
4961513, 3, 0.22613397240638733, 0.06857655942440033, 2.9944658279418945
4961513, 4, 0.3063150942325592, 0.09327302128076553, 3.992250919342041
4961513, 5, 0.38461601734161377, 0.11649420112371445, 4.990299224853516
4961513, 6, 0.4670043885707855, 0.1422230303287506, 5.987931251525879
4961513, 7, 0.5510470867156982, 0.16886261105537415, 6.985280513763428
4961513, 8, 0.6321102380752563, 0.1943221092224121, 7.983026027679443
4961513, 9, 0.6643432974815369, 0.19866973161697388, 8.982793807983398
4961513, 10, 0.6922651529312134, 0.20200051367282867, 9.982643127441406
4961513, 11, 0.7194782495498657, 0.2050212025642395, 10.98250675201416
4961513, 12, 0.7498098015785217, 0.20861174166202545, 11.982311248779297
4961513, 13, 0.7785452604293823, 0.21185457706451416, 12.98215389251709
4961513, 14, 0.8088878393173218, 0.21533051133155823, 13.981978416442871
4961513, 15, 0.8439698815345764, 0.21974489092826843, 14.981607437133789
4961513, 16, 0.9281882047653198, 0.24859030544757843, 15.979066848754883
4961513, 17, 1.0059263706207275, 0.2729722559452057, 16.977323532104492
4961513, 18, 1.091859221458435, 0.3024311661720276, 17.97455596923828
4961513, 19, 1.128702163696289, 0.30758529901504517, 18.974218368530273
4961513, 20, 1.1652621030807495, 0.3129356801509857, 19.973876953125
4961513, 21, 1.249442219734192, 0.34107813239097595, 20.97148895263672
4961513, 22, 1.329422950744629, 0.3658459186553955, 21.969459533691406
4961513, 23, 1.4050689935684204, 0.38770899176597595, 22.9676456451416
4961513, 24, 1.4343305826187134, 0.3912191689014435, 23.967456817626953
4961513, 25, 1.4615683555603027, 0.39417290687561035, 24.967300415039062
4961513, 26, 1.4888060092926025, 0.3969770073890686, 25.967159271240234
4961513, 27, 1.51563560962677, 0.39969170093536377, 26.96701431274414
4961513, 28, 1.5451610088348389, 0.40297186374664307, 27.9668025970459
4961513, 29, 1.6276378631591797, 0.4288540780544281, 28.96457290649414
4961513, 30, 1.708423137664795, 0.45394834876060486, 29.962478637695312
5059948, 1, 0.08695411682128906, 0.02865741401910782, 0.9969686269760132
5059948, 2, 0.17142227292060852, 0.0555979385972023, 1.9942312240600586
5059948, 3, 0.25003528594970703, 0.07865653187036514, 2.992123603820801
5059948, 4, 0.3363510072231293, 0.1059337854385376, 3.989419937133789
5059948, 5, 0.4271107316017151, 0.13570430874824524, 4.986225605010986
5059948, 6, 0.5179691314697266, 0.16524669528007507, 5.9830641746521
5059948, 7, 0.5551527738571167, 0.17043301463127136, 6.982535362243652
5059948, 8, 0.5845820307731628, 0.17436359822750092, 7.98223876953125
5059948, 9, 0.6216132640838623, 0.17974257469177246, 8.981754302978516
5059948, 10, 0.6543683409690857, 0.18393389880657196, 9.981400489807129
5059948, 11, 0.6838033199310303, 0.1876288801431656, 10.98111343383789
5059948, 12, 0.713294506072998, 0.1913660615682602, 11.980810165405273
5059948, 13, 0.745407223701477, 0.19555385410785675, 12.980429649353027
5059948, 14, 0.7847630977630615, 0.2015986442565918, 13.979853630065918
5059948, 15, 0.8689284324645996, 0.22818589210510254, 14.977007865905762
5059948, 16, 0.9564604163169861, 0.257396399974823, 15.974038124084473
5059948, 17, 1.0445586442947388, 0.28753241896629333, 16.971031188964844
5059948, 18, 1.1219762563705444, 0.3100193738937378, 17.969223022460938
5059948, 19, 1.2047487497329712, 0.33556491136550903, 18.967025756835938
5059948, 20, 1.2982165813446045, 0.3694845139980316, 19.963550567626953
5059948, 21, 1.3795478343963623, 0.39450061321258545, 20.961320877075195
5059948, 22, 1.4157757759094238, 0.3997389078140259, 21.96091079711914
5059948, 23, 1.4477288722991943, 0.4041976034641266, 22.960569381713867
5059948, 24, 1.4864623546600342, 0.4096706211566925, 23.95999526977539
5059948, 25, 1.5193980932235718, 0.41438940167427063, 24.959623336791992
5059948, 26, 1.5532304048538208, 0.418775349855423, 25.95923614501953
5059948, 27, 1.5877830982208252, 0.4233265519142151, 26.958837509155273
5059948, 28, 1.673922061920166, 0.44875457882881165, 27.95647430419922
5059948, 29, 1.7628822326660156, 0.4756622314453125, 28.953813552856445
5059948, 30, 1.8496487140655518, 0.5017840266227722, 29.951190948486328
4855738, 1, 0.07494504004716873, 0.02211989462375641, 0.9982606172561646
4855738, 2, 0.14732053875923157, 0.04280844330787659, 1.9966678619384766
4855738, 3, 0.22517219185829163, 0.06590789556503296, 2.9946112632751465
4855738, 4, 0.30540141463279724, 0.09035523235797882, 3.992347478866577
4855738, 5, 0.3857145309448242, 0.11460553109645844, 4.990077018737793
4855738, 6, 0.460264652967453, 0.13552281260490417, 5.988286972045898
4855738, 7, 0.5328561663627625, 0.15535986423492432, 6.986667156219482
4855738, 8, 0.6045084595680237, 0.1749311089515686, 7.985156059265137
4855738, 9, 0.6766720414161682, 0.19453322887420654, 8.983616828918457
4855738, 10, 0.7486374974250793, 0.21407081186771393, 9.982107162475586
4855738, 11, 0.8206593990325928, 0.23390576243400574, 10.98058795928955
4855738, 12, 0.8544716238975525, 0.2385784387588501, 11.980241775512695
4855738, 13, 0.8838233351707458, 0.2421281784772873, 12.98002815246582
4855738, 14, 0.9172730445861816, 0.24662652611732483, 13.979720115661621
4855738, 15, 0.9524450302124023, 0.2514762878417969, 14.979398727416992
4855738, 16, 0.9855700135231018, 0.25579389929771423, 15.979145050048828
4855738, 17, 1.0220762491226196, 0.2609959840774536, 16.978805541992188
4855738, 18, 1.0598260164260864, 0.26631495356559753, 17.97847557067871
4855738, 19, 1.1018272638320923, 0.27357321977615356, 18.97808074951172
4855738, 20, 1.146040439605713, 0.28123214840888977, 19.977441787719727
4855738, 21, 1.181199073791504, 0.2858447730541229, 20.97716522216797
4855738, 22, 1.222072720527649, 0.29277360439300537, 21.976655960083008
4855738, 23, 1.2573264837265015, 0.2976929545402527, 22.97634506225586
4855738, 24, 1.2985345125198364, 0.3045821487903595, 23.975765228271484
4855738, 25, 1.3421509265899658, 0.31209197640419006, 24.975078582763672
4855738, 26, 1.3827852010726929, 0.3187156021595001, 25.974491119384766
4855738, 27, 1.4498101472854614, 0.33597829937934875, 26.973331451416016
4855738, 28, 1.5173307657241821, 0.3534070551395416, 27.97213363647461
4855738, 29, 1.5856865644454956, 0.37100380659103394, 28.970924377441406
4855738, 30, 1.6558520793914795, 0.3893628716468811, 29.96961784362793
