Case_ID, Slide_ID, mae, mse, ssim
5266205, 1, 0.07720568776130676, 0.019520359113812447, 0.9987544417381287
5266205, 1, 0.14546331763267517, 0.03427952155470848, 1.9977627992630005
5266205, 1, 0.19579346477985382, 0.04228769615292549, 2.9972550868988037
5266205, 1, 0.2464028298854828, 0.05093272030353546, 3.9967041015625
5266205, 1, 0.294971764087677, 0.05907602608203888, 4.996232986450195
5266205, 1, 0.3479519784450531, 0.06892235577106476, 5.995582580566406
5266205, 1, 0.4018588066101074, 0.07883787900209427, 6.994884967803955
5266205, 1, 0.4529969394207001, 0.08778810501098633, 7.994373321533203
5266205, 1, 0.5233034491539001, 0.1031271293759346, 8.993456840515137
5266205, 1, 0.592433750629425, 0.1186009868979454, 9.992605209350586
5266205, 1, 0.6617885828018188, 0.1342126429080963, 10.99168872833252
5266205, 1, 0.7306936383247375, 0.14941225945949554, 11.990726470947266
5266205, 1, 0.8000293970108032, 0.16437025368213654, 12.989686012268066
5266205, 1, 0.8645831346511841, 0.17813099920749664, 13.988842964172363
5266205, 1, 0.9238001108169556, 0.19025704264640808, 14.988177299499512
5266205, 1, 0.9807465672492981, 0.20148763060569763, 15.987564086914062
5266205, 1, 1.0232430696487427, 0.2078026980161667, 16.98720359802246
5266205, 1, 1.0650298595428467, 0.2138865739107132, 17.986845016479492
5266205, 1, 1.1036370992660522, 0.21897035837173462, 18.98654556274414
5266205, 1, 1.1395130157470703, 0.22319093346595764, 19.986316680908203
5266205, 1, 1.1754343509674072, 0.22727800905704498, 20.986093521118164
5266205, 1, 1.2108296155929565, 0.23109999299049377, 21.985877990722656
5266205, 1, 1.2457997798919678, 0.23490330576896667, 22.98567008972168
5266205, 1, 1.2794907093048096, 0.23855315148830414, 23.985488891601562
5266205, 1, 1.313973307609558, 0.24238647520542145, 24.985288619995117
5266205, 1, 1.3491828441619873, 0.2464902102947235, 25.98507308959961
5266205, 1, 1.4199901819229126, 0.2618398070335388, 26.983675003051758
5266205, 1, 1.4971346855163574, 0.279815137386322, 27.981876373291016
5266205, 1, 1.5715243816375732, 0.2968287169933319, 28.980281829833984
5266205, 1, 1.6302947998046875, 0.3083944618701935, 29.979509353637695
5110047, 2, 0.08143971115350723, 0.021430663764476776, 0.9983640909194946
5110047, 2, 0.15973833203315735, 0.041147857904434204, 1.9969627857208252
5110047, 2, 0.22974632680416107, 0.05762422829866409, 2.9959723949432373
5110047, 2, 0.2826419472694397, 0.06783577799797058, 3.995408773422241
5110047, 2, 0.33508291840553284, 0.0772087574005127, 4.9948883056640625
5110047, 2, 0.4048615097999573, 0.09323616325855255, 5.993851184844971
5110047, 2, 0.4702354073524475, 0.10762793570756912, 6.992954730987549
5110047, 2, 0.5398030877113342, 0.1233251541852951, 7.991907596588135
5110047, 2, 0.6193849444389343, 0.14309380948543549, 8.990331649780273
5110047, 2, 0.7013591527938843, 0.16366496682167053, 9.988479614257812
5110047, 2, 0.7808391451835632, 0.18338699638843536, 10.986821174621582
5110047, 2, 0.8615236282348633, 0.20334312319755554, 11.984994888305664
5110047, 2, 0.9070463180541992, 0.21080119907855988, 12.984588623046875
5110047, 2, 0.9509952664375305, 0.21764518320560455, 13.984216690063477
5110047, 2, 0.9959943890571594, 0.22384890913963318, 14.983762741088867
5110047, 2, 1.043596625328064, 0.2306211143732071, 15.9832181930542
5110047, 2, 1.0851510763168335, 0.236033633351326, 16.98282814025879
5110047, 2, 1.1241765022277832, 0.24097073078155518, 17.982501983642578
5110047, 2, 1.1621804237365723, 0.24595020711421967, 18.982194900512695
5110047, 2, 1.200615644454956, 0.25108209252357483, 19.98188591003418
5110047, 2, 1.2384644746780396, 0.25594955682754517, 20.981590270996094
5110047, 2, 1.2752233743667603, 0.26060977578163147, 21.981307983398438
5110047, 2, 1.3115699291229248, 0.2651664912700653, 22.981029510498047
5110047, 2, 1.3484147787094116, 0.2697029411792755, 23.980749130249023
5110047, 2, 1.386868953704834, 0.2744162976741791, 24.980422973632812
5110047, 2, 1.4356273412704468, 0.2816784381866455, 25.979827880859375
5110047, 2, 1.5233036279678345, 0.30428531765937805, 26.97728157043457
5110047, 2, 1.5673867464065552, 0.31140002608299255, 27.976879119873047
5110047, 2, 1.6119298934936523, 0.318448543548584, 28.97644805908203
5110047, 2, 1.6541624069213867, 0.3244805932044983, 29.976055145263672
4954663, 3, 0.08947829902172089, 0.023364229127764702, 0.9980791211128235
4954663, 3, 0.17971175909042358, 0.04698871448636055, 1.9961919784545898
4954663, 3, 0.2740772068500519, 0.07239469885826111, 2.994035243988037
4954663, 3, 0.32976919412612915, 0.08266398310661316, 3.993387460708618
4954663, 3, 0.3895302414894104, 0.09597858041524887, 4.9925408363342285
4954663, 3, 0.47263363003730774, 0.11796179413795471, 5.9911065101623535
4954663, 3, 0.5625667572021484, 0.14206181466579437, 6.989262104034424
4954663, 3, 0.6456969976425171, 0.1642209142446518, 7.987791061401367
4954663, 3, 0.7280316948890686, 0.18578778207302094, 8.986297607421875
4954663, 3, 0.7815898060798645, 0.19603557884693146, 9.985651969909668
4954663, 3, 0.836314857006073, 0.2071516215801239, 10.984878540039062
4954663, 3, 0.9292840957641602, 0.23211129009723663, 11.982654571533203
4954663, 3, 1.0219403505325317, 0.25692641735076904, 12.980414390563965
4954663, 3, 1.1072317361831665, 0.27857881784439087, 13.978691101074219
4954663, 3, 1.1939752101898193, 0.30067458748817444, 14.976868629455566
4954663, 3, 1.2762140035629272, 0.32134056091308594, 15.97530746459961
4954663, 3, 1.3566583395004272, 0.34053418040275574, 16.973573684692383
4954663, 3, 1.403602123260498, 0.3483698070049286, 17.973102569580078
4954663, 3, 1.4488216638565063, 0.3556433618068695, 18.972660064697266
4954663, 3, 1.498569130897522, 0.3628555238246918, 19.972047805786133
4954663, 3, 1.5440319776535034, 0.3699048161506653, 20.971595764160156
4954663, 3, 1.5932620763778687, 0.3777720332145691, 21.971059799194336
4954663, 3, 1.6781303882598877, 0.39995431900024414, 22.969051361083984
4954663, 3, 1.763994812965393, 0.4229107201099396, 23.966819763183594
4954663, 3, 1.848030924797058, 0.44503283500671387, 24.96474266052246
4954663, 3, 1.9368016719818115, 0.4691906273365021, 25.96234893798828
4954663, 3, 2.0253734588623047, 0.4935861825942993, 26.95993995666504
4954663, 3, 2.116999387741089, 0.5195753574371338, 27.957202911376953
4954663, 3, 2.2030842304229736, 0.5430567264556885, 28.95490837097168
4954663, 3, 2.251520872116089, 0.5508600473403931, 29.95441436767578
4899760, 4, 0.05053600296378136, 0.008825954981148243, 0.9994162321090698
4899760, 4, 0.09978409111499786, 0.01691591739654541, 1.9989101886749268
4899760, 4, 0.1493830531835556, 0.025018751621246338, 2.998462438583374
4899760, 4, 0.2106214463710785, 0.03795045614242554, 3.997776508331299
4899760, 4, 0.2956313490867615, 0.06082652509212494, 4.996306419372559
4899760, 4, 0.3733009397983551, 0.0808601900935173, 5.995294094085693
4899760, 4, 0.4619012773036957, 0.10487308353185654, 6.993627071380615
4899760, 4, 0.5604711771011353, 0.13329701125621796, 7.991090774536133
4899760, 4, 0.6560765504837036, 0.16029158234596252, 8.988873481750488
4899760, 4, 0.756401002407074, 0.18963544070720673, 9.986172676086426
4899760, 4, 0.8515539765357971, 0.2163180261850357, 10.984066009521484
4899760, 4, 0.9514805674552917, 0.24557332694530487, 11.981557846069336
4899760, 4, 1.0396575927734375, 0.270035058259964, 12.979975700378418
4899760, 4, 1.1110601425170898, 0.2867125868797302, 13.978939056396484
4899760, 4, 1.1756591796875, 0.29969558119773865, 14.977877616882324
4899760, 4, 1.227694034576416, 0.3088817894458771, 15.977303504943848
4899760, 4, 1.278889536857605, 0.31781741976737976, 16.97675132751465
4899760, 4, 1.3262919187545776, 0.32535624504089355, 17.976301193237305
4899760, 4, 1.377261996269226, 0.33405837416648865, 18.97576332092285
4899760, 4, 1.424347162246704, 0.34158098697662354, 19.975330352783203
4899760, 4, 1.4736378192901611, 0.349519819021225, 20.974754333496094
4899760, 4, 1.529122233390808, 0.3587748110294342, 21.97398567199707
4899760, 4, 1.5808852910995483, 0.3672763407230377, 22.973377227783203
4899760, 4, 1.6374077796936035, 0.37728968262672424, 23.972599029541016
4899760, 4, 1.698589563369751, 0.38839980959892273, 24.971588134765625
4899760, 4, 1.7552467584609985, 0.3978101909160614, 25.970741271972656
4899760, 4, 1.8130136728286743, 0.4075646996498108, 26.969863891601562
4899760, 4, 1.9223747253417969, 0.4421572685241699, 27.965974807739258
4899760, 4, 2.031646490097046, 0.47729164361953735, 28.962020874023438
4899760, 4, 2.1290485858917236, 0.5058029294013977, 29.959150314331055
5262914_2, 5, 0.09141244739294052, 0.026691501960158348, 0.9983981251716614
5262914_2, 5, 0.18504294753074646, 0.05408303439617157, 1.9967172145843506
5262914_2, 5, 0.2806006073951721, 0.08119973540306091, 2.9950613975524902
5262914_2, 5, 0.37546464800834656, 0.1084401085972786, 3.9935052394866943
5262914_2, 5, 0.4672812223434448, 0.13395720720291138, 4.992020606994629
5262914_2, 5, 0.5500467419624329, 0.15605957806110382, 5.99075984954834
5262914_2, 5, 0.644298791885376, 0.1839219331741333, 6.989187240600586
5262914_2, 5, 0.7369711399078369, 0.21046161651611328, 7.987513542175293
5262914_2, 5, 0.8301216959953308, 0.2367870807647705, 8.985638618469238
5262914_2, 5, 0.9238676428794861, 0.26319465041160583, 9.983806610107422
5262914_2, 5, 1.0169450044631958, 0.2889690697193146, 10.981917381286621
5262914_2, 5, 1.0982937812805176, 0.30939584970474243, 11.980557441711426
5262914_2, 5, 1.181337833404541, 0.33085736632347107, 12.979151725769043
5262914_2, 5, 1.2736520767211914, 0.3570176959037781, 13.977375030517578
5262914_2, 5, 1.365828514099121, 0.3835732042789459, 14.975626945495605
5262914_2, 5, 1.443088412284851, 0.40245240926742554, 15.974408149719238
5262914_2, 5, 1.5199731588363647, 0.41991233825683594, 16.9731502532959
5262914_2, 5, 1.6082804203033447, 0.4425545930862427, 17.971256256103516
5262914_2, 5, 1.6658296585083008, 0.4537498652935028, 18.970645904541016
5262914_2, 5, 1.721402645111084, 0.4643990397453308, 19.970062255859375
5262914_2, 5, 1.77461838722229, 0.4745481610298157, 20.969501495361328
5262914_2, 5, 1.825746774673462, 0.48363882303237915, 21.9689884185791
5262914_2, 5, 1.875784993171692, 0.4917755722999573, 22.968488693237305
5262914_2, 5, 1.925586223602295, 0.5002784729003906, 23.968000411987305
5262914_2, 5, 1.9768613576889038, 0.5086934566497803, 24.96748161315918
5262914_2, 5, 2.029362201690674, 0.5174992084503174, 25.966903686523438
5262914_2, 5, 2.119797706604004, 0.5418812036514282, 26.96458625793457
5262914_2, 5, 2.2021756172180176, 0.5632855296134949, 27.96283531188965
5262914_2, 5, 2.2840142250061035, 0.5844008326530457, 28.96111488342285
5262914_2, 5, 2.34608793258667, 0.5969306826591492, 29.960233688354492
5216902, 6, 0.061276875436306, 0.012622501701116562, 0.9992692470550537
5216902, 6, 0.1226113811135292, 0.025438876822590828, 1.9985072612762451
5216902, 6, 0.18492662906646729, 0.03851093351840973, 2.997727632522583
5216902, 6, 0.24674499034881592, 0.0511641725897789, 3.9969711303710938
5216902, 6, 0.30234718322753906, 0.0619848370552063, 4.996404647827148
5216902, 6, 0.37890714406967163, 0.07990308105945587, 5.99509859085083
5216902, 6, 0.4545774459838867, 0.09745018184185028, 6.993865489959717
5216902, 6, 0.5278587341308594, 0.11419586837291718, 7.992794036865234
5216902, 6, 0.5976639986038208, 0.12958121299743652, 8.991754531860352
5216902, 6, 0.6742253303527832, 0.147970050573349, 9.990347862243652
5216902, 6, 0.7254068851470947, 0.15679031610488892, 10.989747047424316
5216902, 6, 0.764037013053894, 0.16198547184467316, 11.989456176757812
5216902, 6, 0.8036285042762756, 0.167543426156044, 12.98914623260498
5216902, 6, 0.886121928691864, 0.18786555528640747, 13.987310409545898
5216902, 6, 0.9272288084030151, 0.19377146661281586, 14.986971855163574
5216902, 6, 0.965760350227356, 0.19887663424015045, 15.986701965332031
5216902, 6, 1.00484299659729, 0.20406222343444824, 16.98642349243164
5216902, 6, 1.0434603691101074, 0.20909243822097778, 17.986143112182617
5216902, 6, 1.081932783126831, 0.21424813568592072, 18.985864639282227
5216902, 6, 1.1200380325317383, 0.21942974627017975, 19.985584259033203
5216902, 6, 1.1583218574523926, 0.22449781000614166, 20.985307693481445
5216902, 6, 1.1977299451828003, 0.22983318567276, 21.985008239746094
5216902, 6, 1.2347066402435303, 0.2343732863664627, 22.98476219177246
5216902, 6, 1.2725085020065308, 0.23905211687088013, 23.984500885009766
5216902, 6, 1.31242835521698, 0.2445071041584015, 24.984203338623047
5216902, 6, 1.3525495529174805, 0.25009024143218994, 25.9838924407959
5216902, 6, 1.401923418045044, 0.2582116425037384, 26.9833984375
5216902, 6, 1.4479780197143555, 0.2649119198322296, 27.982980728149414
5216902, 6, 1.4919037818908691, 0.27086010575294495, 28.98261260986328
5216902, 6, 1.563503384590149, 0.2865646481513977, 29.98115348815918
5032506, 7, 0.06290851533412933, 0.012568067759275436, 0.9993200302124023
5032506, 7, 0.1230846643447876, 0.024861492216587067, 1.9986478090286255
5032506, 7, 0.18498165905475616, 0.03761609271168709, 2.9979705810546875
5032506, 7, 0.2524922788143158, 0.0524773970246315, 3.997145652770996
5032506, 7, 0.309190958738327, 0.06287231296300888, 4.996319770812988
5032506, 7, 0.3749709129333496, 0.0761168897151947, 5.994964599609375
5032506, 7, 0.4467790126800537, 0.09120523184537888, 6.993324279785156
5032506, 7, 0.5113562345504761, 0.10330373793840408, 7.992083549499512
5032506, 7, 0.5687136054039001, 0.1129785031080246, 8.991182327270508
5032506, 7, 0.6287936568260193, 0.12327520549297333, 9.990141868591309
5032506, 7, 0.6963605284690857, 0.1357622891664505, 10.988739967346191
5032506, 7, 0.7562171816825867, 0.1458878368139267, 11.987689971923828
5032506, 7, 0.8133552670478821, 0.1554909646511078, 12.986734390258789
5032506, 7, 0.8715736865997314, 0.16531221568584442, 13.985754013061523
5032506, 7, 0.9265590906143188, 0.17445766925811768, 14.984918594360352
5032506, 7, 0.9793538451194763, 0.18331210315227509, 15.984216690063477
5032506, 7, 1.0331323146820068, 0.19217613339424133, 16.983484268188477
5032506, 7, 1.0892002582550049, 0.20058581233024597, 17.982616424560547
5032506, 7, 1.1433682441711426, 0.20826971530914307, 18.981794357299805
5032506, 7, 1.1948224306106567, 0.215164914727211, 19.98105812072754
5032506, 7, 1.2452815771102905, 0.22183164954185486, 20.980361938476562
5032506, 7, 1.2957143783569336, 0.22847577929496765, 21.97966957092285
5032506, 7, 1.3471300601959229, 0.23525714874267578, 22.97893714904785
5032506, 7, 1.395810604095459, 0.24146923422813416, 23.978282928466797
5032506, 7, 1.4377739429473877, 0.24625331163406372, 24.97784996032715
5032506, 7, 1.4727437496185303, 0.24979758262634277, 25.977609634399414
5032506, 7, 1.5073516368865967, 0.2532934844493866, 26.977386474609375
5032506, 7, 1.5487877130508423, 0.25814345479011536, 27.97698402404785
5032506, 7, 1.5897853374481201, 0.2631072402000427, 28.976593017578125
5032506, 7, 1.6271865367889404, 0.2677527070045471, 29.976242065429688
4862367, 8, 0.07900898158550262, 0.020025085657835007, 0.9985528588294983
4862367, 8, 0.1606784164905548, 0.04066253453493118, 1.9970051050186157
4862367, 8, 0.24154222011566162, 0.06119678169488907, 2.995612859725952
4862367, 8, 0.3218849301338196, 0.08153016120195389, 3.994253158569336
4862367, 8, 0.3871362507343292, 0.09599622339010239, 4.993490695953369
4862367, 8, 0.4424452781677246, 0.10697159171104431, 5.992931365966797
4862367, 8, 0.5205216407775879, 0.12562723457813263, 6.991488456726074
4862367, 8, 0.5990606546401978, 0.14430053532123566, 7.989950656890869
4862367, 8, 0.6779888868331909, 0.16288889944553375, 8.98839282989502
4862367, 8, 0.7484904527664185, 0.17848360538482666, 9.987333297729492
4862367, 8, 0.82607501745224, 0.1968359649181366, 10.985767364501953
4862367, 8, 0.8674215078353882, 0.20247890055179596, 11.985499382019043
4862367, 8, 0.9088045358657837, 0.20843160152435303, 12.985201835632324
4862367, 8, 0.9522703289985657, 0.21503497660160065, 13.984832763671875
4862367, 8, 0.995468258857727, 0.22126859426498413, 14.984487533569336
4862367, 8, 1.0357794761657715, 0.22660943865776062, 15.984198570251465
4862367, 8, 1.0740834474563599, 0.23164352774620056, 16.98396110534668
4862367, 8, 1.1123325824737549, 0.23655200004577637, 17.983701705932617
4862367, 8, 1.1495884656906128, 0.241037979722023, 18.983474731445312
4862367, 8, 1.1876146793365479, 0.24573147296905518, 19.983261108398438
4862367, 8, 1.2245829105377197, 0.2501547336578369, 20.983047485351562
4862367, 8, 1.2620166540145874, 0.2544659972190857, 21.982784271240234
4862367, 8, 1.2996926307678223, 0.25884824991226196, 22.982494354248047
4862367, 8, 1.3361561298370361, 0.2631695568561554, 23.982257843017578
4862367, 8, 1.373206615447998, 0.2676254212856293, 24.982025146484375
4862367, 8, 1.4121423959732056, 0.27264800667762756, 25.981773376464844
4862367, 8, 1.4617115259170532, 0.2808050513267517, 26.9812068939209
4862367, 8, 1.5164594650268555, 0.2902248203754425, 27.980440139770508
4862367, 8, 1.5723755359649658, 0.30058711767196655, 28.979671478271484
4862367, 8, 1.6187963485717773, 0.30788877606391907, 29.979206085205078
1144246, 9, 0.06836545467376709, 0.013442164286971092, 0.9987207055091858
1144246, 9, 0.13617879152297974, 0.026411239057779312, 1.997527837753296
1144246, 9, 0.20382674038410187, 0.03917202726006508, 2.9963908195495605
1144246, 9, 0.2809845805168152, 0.05574715510010719, 3.9947457313537598
1144246, 9, 0.3541167676448822, 0.07073703408241272, 4.993402004241943
1144246, 9, 0.4429462254047394, 0.09285871684551239, 5.991692543029785
1144246, 9, 0.5396000742912292, 0.1185990422964096, 6.989789962768555
1144246, 9, 0.6358397006988525, 0.14377570152282715, 7.987921714782715
1144246, 9, 0.7305451035499573, 0.1685582548379898, 8.98609733581543
1144246, 9, 0.8286940455436707, 0.1950046420097351, 9.984180450439453
1144246, 9, 0.9247459769248962, 0.22086335718631744, 10.982314109802246
1144246, 9, 1.0218536853790283, 0.24726098775863647, 11.980377197265625
1144246, 9, 1.114607572555542, 0.2715439200401306, 12.97860336303711
1144246, 9, 1.2153946161270142, 0.29962241649627686, 13.976181983947754
1144246, 9, 1.3168143033981323, 0.32821986079216003, 14.97362995147705
1144246, 9, 1.4070653915405273, 0.3528589606285095, 15.971841812133789
1144246, 9, 1.4980486631393433, 0.3773719370365143, 16.970046997070312
1144246, 9, 1.5895459651947021, 0.4022681713104248, 17.968069076538086
1144246, 9, 1.6464074850082397, 0.4127372205257416, 18.96721076965332
1144246, 9, 1.6968212127685547, 0.42055743932724, 19.966554641723633
1144246, 9, 1.7471294403076172, 0.4279842674732208, 20.96590805053711
1144246, 9, 1.80025315284729, 0.43660661578178406, 21.965131759643555
1144246, 9, 1.8712555170059204, 0.4510291814804077, 22.96345329284668
1144246, 9, 1.938699722290039, 0.46439430117607117, 23.961959838867188
1144246, 9, 2.00156569480896, 0.4760756194591522, 24.96070671081543
1144246, 9, 2.0675923824310303, 0.4889260530471802, 25.95932960510254
1144246, 9, 2.1282801628112793, 0.4999072551727295, 26.958242416381836
1144246, 9, 2.1805307865142822, 0.5079593062400818, 27.957551956176758
1144246, 9, 2.2316431999206543, 0.5155434608459473, 28.956926345825195
1144246, 9, 2.3023321628570557, 0.5296540260314941, 29.955474853515625
4841237, 10, 0.07970079034566879, 0.02105303853750229, 0.9984237551689148
4841237, 10, 0.16643217206001282, 0.0452234148979187, 1.9963316917419434
4841237, 10, 0.25842493772506714, 0.07187534123659134, 2.9937634468078613
4841237, 10, 0.34392139315605164, 0.09464266896247864, 3.991819381713867
4841237, 10, 0.4243657886981964, 0.11495134234428406, 4.9902729988098145
4841237, 10, 0.504633367061615, 0.13526283204555511, 5.988698959350586
4841237, 10, 0.5866753458976746, 0.15646322071552277, 6.986976623535156
4841237, 10, 0.6712867021560669, 0.17923182249069214, 7.985070705413818
4841237, 10, 0.7549236416816711, 0.20157980918884277, 8.983221054077148
4841237, 10, 0.8071329593658447, 0.21088248491287231, 9.982553482055664
4841237, 10, 0.8571538329124451, 0.21935944259166718, 10.98192310333252
4841237, 10, 0.8996045589447021, 0.22583870589733124, 11.981510162353516
4841237, 10, 0.9420894384384155, 0.23256197571754456, 12.981112480163574
4841237, 10, 0.9834780693054199, 0.23858413100242615, 13.9807710647583
4841237, 10, 1.0241258144378662, 0.2441679686307907, 14.980443954467773
4841237, 10, 1.0649161338806152, 0.24966038763523102, 15.980116844177246
4841237, 10, 1.1063988208770752, 0.2553832232952118, 16.979772567749023
4841237, 10, 1.1451526880264282, 0.260450154542923, 17.979469299316406
4841237, 10, 1.1852874755859375, 0.26587268710136414, 18.979137420654297
4841237, 10, 1.228124737739563, 0.2719856798648834, 19.978740692138672
4841237, 10, 1.2684998512268066, 0.27750876545906067, 20.978403091430664
4841237, 10, 1.308836579322815, 0.2830551862716675, 21.978071212768555
4841237, 10, 1.3493787050247192, 0.28861284255981445, 22.977731704711914
4841237, 10, 1.3917440176010132, 0.294670969247818, 23.97735023498535
4841237, 10, 1.4329551458358765, 0.3003021478652954, 24.97699737548828
4841237, 10, 1.473806381225586, 0.3055894374847412, 25.976640701293945
4841237, 10, 1.5148749351501465, 0.31113356351852417, 26.976289749145508
4841237, 10, 1.5618921518325806, 0.31844645738601685, 27.97577667236328
4841237, 10, 1.6103224754333496, 0.3261018395423889, 28.97523307800293
4841237, 10, 1.6537765264511108, 0.33230289816856384, 29.974788665771484
4151265, 11, 0.06556758284568787, 0.014422213658690453, 0.9991021752357483
4151265, 11, 0.1355125904083252, 0.030073948204517365, 1.9979002475738525
4151265, 11, 0.20393919944763184, 0.045126333832740784, 2.9968676567077637
4151265, 11, 0.2711658179759979, 0.05955619737505913, 3.995870351791382
4151265, 11, 0.32079893350601196, 0.06776046752929688, 4.995409965515137
4151265, 11, 0.38173708319664, 0.07989808917045593, 5.994633674621582
4151265, 11, 0.43461984395980835, 0.08929306268692017, 6.994098663330078
4151265, 11, 0.48330172896385193, 0.09700501710176468, 7.993630886077881
4151265, 11, 0.5288568735122681, 0.10387009382247925, 8.993234634399414
4151265, 11, 0.578411877155304, 0.11252527683973312, 9.992775917053223
4151265, 11, 0.6252405643463135, 0.11987724155187607, 10.992365837097168
4151265, 11, 0.6717790365219116, 0.12662705779075623, 11.991897583007812
4151265, 11, 0.7135915756225586, 0.13197816908359528, 12.991567611694336
4151265, 11, 0.7533311247825623, 0.13661572337150574, 13.991279602050781
4151265, 11, 0.7988673448562622, 0.14240117371082306, 14.990827560424805
4151265, 11, 0.8502752780914307, 0.1496337503194809, 15.990199089050293
4151265, 11, 0.9008023738861084, 0.15682397782802582, 16.98957061767578
4151265, 11, 0.949938178062439, 0.1637061983346939, 17.988967895507812
4151265, 11, 1.002005696296692, 0.17137084901332855, 18.98824691772461
4151265, 11, 1.0383003950119019, 0.1756783276796341, 19.987985610961914
4151265, 11, 1.0771996974945068, 0.18039047718048096, 20.98767852783203
4151265, 11, 1.118464469909668, 0.18549838662147522, 21.9873104095459
4151265, 11, 1.159761667251587, 0.19032597541809082, 22.98695945739746
4151265, 11, 1.1945722103118896, 0.19407862424850464, 23.98674964904785
4151265, 11, 1.2298437356948853, 0.1980743259191513, 24.986520767211914
4151265, 11, 1.2651000022888184, 0.2020290344953537, 25.986289978027344
4151265, 11, 1.3036339282989502, 0.2063579112291336, 26.98600196838379
4151265, 11, 1.3390164375305176, 0.21031787991523743, 27.985769271850586
4151265, 11, 1.3744984865188599, 0.21430405974388123, 28.98554229736328
4151265, 11, 1.4098632335662842, 0.21816208958625793, 29.985332489013672
4741590, 12, 0.1055326759815216, 0.03456159308552742, 0.9963740706443787
4741590, 12, 0.192301407456398, 0.05957387015223503, 1.9943900108337402
4741590, 12, 0.2553709149360657, 0.07324902713298798, 2.9933199882507324
4741590, 12, 0.3067822754383087, 0.08230724930763245, 3.992708921432495
4741590, 12, 0.3619483411312103, 0.09294630587100983, 4.992073059082031
4741590, 12, 0.4755295515060425, 0.13157573342323303, 5.987839221954346
4741590, 12, 0.5687320232391357, 0.15959186851978302, 6.985180854797363
4741590, 12, 0.6724575161933899, 0.19265198707580566, 7.981940746307373
4741590, 12, 0.7650572657585144, 0.2172740250825882, 8.978998184204102
4741590, 12, 0.8454230427742004, 0.23789146542549133, 9.977282524108887
4741590, 12, 0.9407628774642944, 0.2655068039894104, 10.97477912902832
4741590, 12, 1.0275434255599976, 0.288930743932724, 11.972722053527832
4741590, 12, 1.1238211393356323, 0.3171001374721527, 12.970136642456055
4741590, 12, 1.1788995265960693, 0.3280485272407532, 13.969451904296875
4741590, 12, 1.2853895425796509, 0.35994961857795715, 14.9654541015625
4741590, 12, 1.366868019104004, 0.3792779743671417, 15.963285446166992
4741590, 12, 1.4189125299453735, 0.3888314962387085, 16.9627685546875
4741590, 12, 1.503114104270935, 0.41012686491012573, 17.96053123474121
4741590, 12, 1.5655498504638672, 0.4231128394603729, 18.959484100341797
4741590, 12, 1.6171172857284546, 0.4322652816772461, 19.958843231201172
4741590, 12, 1.7075073719024658, 0.4531658887863159, 20.955942153930664
4741590, 12, 1.7993687391281128, 0.47456350922584534, 21.95292854309082
4741590, 12, 1.8628629446029663, 0.4866141080856323, 22.951763153076172
4741590, 12, 1.935089111328125, 0.5011508464813232, 23.950056076049805
4741590, 12, 2.0195963382720947, 0.5207195281982422, 24.947546005249023
4741590, 12, 2.111907958984375, 0.5470876097679138, 25.944847106933594
4741590, 12, 2.193774700164795, 0.5661109685897827, 26.94256019592285
4741590, 12, 2.290308952331543, 0.5932119488716125, 27.939191818237305
4741590, 12, 2.3494627475738525, 0.6042621731758118, 28.938215255737305
4741590, 12, 2.4214863777160645, 0.6203246116638184, 29.936574935913086
4669030, 13, 0.05408994108438492, 0.010616627521812916, 0.9993639588356018
4669030, 13, 0.10475828498601913, 0.019871830940246582, 1.9987833499908447
4669030, 13, 0.1561395227909088, 0.029655981808900833, 2.998155355453491
4669030, 13, 0.20742078125476837, 0.03916259482502937, 3.9975390434265137
4669030, 13, 0.2597346007823944, 0.04818590730428696, 4.996970176696777
4669030, 13, 0.31493011116981506, 0.05806172266602516, 5.996311187744141
4669030, 13, 0.369378000497818, 0.0688665360212326, 6.9956183433532715
4669030, 13, 0.4443363845348358, 0.08710368722677231, 7.994300365447998
4669030, 13, 0.522365927696228, 0.10596948862075806, 8.992779731750488
4669030, 13, 0.6019234657287598, 0.1252894401550293, 9.991059303283691
4669030, 13, 0.6756331920623779, 0.1426340490579605, 10.989620208740234
4669030, 13, 0.7458814382553101, 0.15848684310913086, 11.988327980041504
4669030, 13, 0.8245071172714233, 0.17723025381565094, 12.986602783203125
4669030, 13, 0.8699389100074768, 0.18432816863059998, 13.986180305480957
4669030, 13, 0.91314297914505, 0.19039735198020935, 14.985769271850586
4669030, 13, 0.9552350640296936, 0.19636975228786469, 15.985382080078125
4669030, 13, 0.9994138479232788, 0.2027685046195984, 16.984941482543945
4669030, 13, 1.0399507284164429, 0.20836739242076874, 17.984575271606445
4669030, 13, 1.0804190635681152, 0.21385660767555237, 18.984201431274414
4669030, 13, 1.123895525932312, 0.22023501992225647, 19.983739852905273
4669030, 13, 1.1657443046569824, 0.22619874775409698, 20.98333168029785
4669030, 13, 1.2087820768356323, 0.232565239071846, 21.982881546020508
4669030, 13, 1.2568079233169556, 0.23942817747592926, 22.98224449157715
4669030, 13, 1.302128791809082, 0.24595242738723755, 23.98170280456543
4669030, 13, 1.3468316793441772, 0.2523634135723114, 24.981182098388672
4669030, 13, 1.3903985023498535, 0.2587757408618927, 25.980682373046875
4669030, 13, 1.4341249465942383, 0.2652803957462311, 26.980186462402344
4669030, 13, 1.4778488874435425, 0.27158960700035095, 27.979717254638672
4669030, 13, 1.5441312789916992, 0.2853223383426666, 28.978317260742188
4669030, 13, 1.590053915977478, 0.2920115292072296, 29.977787017822266
4876648, 14, 0.048880934715270996, 0.00810371432453394, 0.9995731711387634
4876648, 14, 0.10056754946708679, 0.01689864695072174, 1.9989489316940308
4876648, 14, 0.14911384880542755, 0.02481846511363983, 2.9984428882598877
4876648, 14, 0.20445895195007324, 0.03509480506181717, 3.9977073669433594
4876648, 14, 0.25744014978408813, 0.04463217407464981, 4.997100353240967
4876648, 14, 0.30614209175109863, 0.053142696619033813, 5.996645450592041
4876648, 14, 0.3829055428504944, 0.07109778374433517, 6.995490550994873
4876648, 14, 0.43548333644866943, 0.08084678649902344, 7.995020866394043
4876648, 14, 0.48546695709228516, 0.08959591388702393, 8.994612693786621
4876648, 14, 0.5609161853790283, 0.10734664648771286, 9.99349308013916
4876648, 14, 0.6408966779708862, 0.12681831419467926, 10.992033958435059
4876648, 14, 0.7202107906341553, 0.14554353058338165, 11.990541458129883
4876648, 14, 0.7920201420783997, 0.16151440143585205, 12.989496231079102
4876648, 14, 0.8658950924873352, 0.17821139097213745, 13.988243103027344
4876648, 14, 0.9381603002548218, 0.19429592788219452, 14.987126350402832
4876648, 14, 1.0070204734802246, 0.20936180651187897, 15.986196517944336
4876648, 14, 1.0516934394836426, 0.2160257250070572, 16.98583221435547
4876648, 14, 1.091001033782959, 0.22098959982395172, 17.98556900024414
4876648, 14, 1.1332279443740845, 0.22652292251586914, 18.985225677490234
4876648, 14, 1.179984450340271, 0.23300626873970032, 19.984752655029297
4876648, 14, 1.2212255001068115, 0.238038569688797, 20.98444366455078
4876648, 14, 1.2615303993225098, 0.24300533533096313, 21.984149932861328
4876648, 14, 1.3057507276535034, 0.2489657998085022, 22.983741760253906
4876648, 14, 1.343612551689148, 0.2535562217235565, 23.9835147857666
4876648, 14, 1.3849884271621704, 0.25869035720825195, 24.98316192626953
4876648, 14, 1.4612860679626465, 0.27583256363868713, 25.98153305053711
4876648, 14, 1.5382730960845947, 0.29340648651123047, 26.979827880859375
4876648, 14, 1.6192636489868164, 0.31288525462150574, 27.977710723876953
4876648, 14, 1.69891357421875, 0.33204513788223267, 28.975711822509766
4876648, 14, 1.7668203115463257, 0.3466391861438751, 29.9744815826416
4762480, 15, 0.09097743779420853, 0.0256380382925272, 0.9976518750190735
4762480, 15, 0.1745666265487671, 0.04606480896472931, 1.9956021308898926
4762480, 15, 0.25863444805145264, 0.06731820106506348, 2.993716239929199
4762480, 15, 0.35481563210487366, 0.09488517045974731, 3.9910151958465576
4762480, 15, 0.4339043200016022, 0.11380027234554291, 4.989388942718506
4762480, 15, 0.5095876455307007, 0.13151980936527252, 5.987926483154297
4762480, 15, 0.6085569262504578, 0.16112716495990753, 6.9849934577941895
4762480, 15, 0.7025012969970703, 0.18784773349761963, 7.982571125030518
4762480, 15, 0.7988712191581726, 0.2162865698337555, 8.979774475097656
4762480, 15, 0.9021610021591187, 0.2486318200826645, 9.976229667663574
4762480, 15, 0.9865089058876038, 0.269395649433136, 10.973841667175293
4762480, 15, 1.0521948337554932, 0.2813730835914612, 11.972553253173828
4762480, 15, 1.10718834400177, 0.2907625436782837, 12.971885681152344
4762480, 15, 1.1595333814620972, 0.29963549971580505, 13.971335411071777
4762480, 15, 1.2153401374816895, 0.308810830116272, 14.970582962036133
4762480, 15, 1.2687126398086548, 0.3174320459365845, 15.969972610473633
4762480, 15, 1.3191559314727783, 0.32557326555252075, 16.969444274902344
4762480, 15, 1.370776891708374, 0.3337228000164032, 17.96880340576172
4762480, 15, 1.4255672693252563, 0.34261858463287354, 18.968034744262695
4762480, 15, 1.481671929359436, 0.3517608940601349, 19.967159271240234
4762480, 15, 1.5356088876724243, 0.3603290319442749, 20.96636962890625
4762480, 15, 1.5854984521865845, 0.36837050318717957, 21.965850830078125
4762480, 15, 1.6351162195205688, 0.37589767575263977, 22.965341567993164
4762480, 15, 1.6860525608062744, 0.3839164674282074, 23.96471405029297
4762480, 15, 1.7379541397094727, 0.39232420921325684, 24.964048385620117
4762480, 15, 1.7978757619857788, 0.40270286798477173, 25.962926864624023
4762480, 15, 1.850017786026001, 0.4114295542240143, 26.962207794189453
4762480, 15, 1.9060324430465698, 0.42129096388816833, 27.961288452148438
4762480, 15, 1.960963487625122, 0.4307079017162323, 28.960485458374023
4762480, 15, 2.018897294998169, 0.4411049485206604, 29.959514617919922
5050023, 16, 0.0975247398018837, 0.029699349775910378, 0.9974845051765442
5050023, 16, 0.19358867406845093, 0.058696407824754715, 1.9950766563415527
5050023, 16, 0.29003214836120605, 0.08836271613836288, 2.9927918910980225
5050023, 16, 0.3898215889930725, 0.11897007375955582, 3.990236282348633
5050023, 16, 0.4868624806404114, 0.14855314791202545, 4.987908840179443
5050023, 16, 0.5931123495101929, 0.1826169490814209, 5.98468542098999
5050023, 16, 0.7014710307121277, 0.21802082657814026, 6.9811296463012695
5050023, 16, 0.7565820217132568, 0.22816559672355652, 7.98043966293335
5050023, 16, 0.8160008192062378, 0.2406255453824997, 8.97965145111084
5050023, 16, 0.9116985201835632, 0.2697318196296692, 9.977239608764648
5050023, 16, 1.0008103847503662, 0.295906662940979, 10.975245475769043
5050023, 16, 1.0981606245040894, 0.3259637951850891, 11.972655296325684
5050023, 16, 1.2111648321151733, 0.36411967873573303, 12.968574523925781
5050023, 16, 1.3212487697601318, 0.40056952834129333, 13.964832305908203
5050023, 16, 1.4372942447662354, 0.4406373202800751, 14.960472106933594
5050023, 16, 1.556728482246399, 0.4821244478225708, 15.95573902130127
5050023, 16, 1.6751670837402344, 0.5228686332702637, 16.951093673706055
5050023, 16, 1.7912437915802002, 0.5621475577354431, 17.946699142456055
5050023, 16, 1.9066493511199951, 0.6012977957725525, 18.942279815673828
5050023, 16, 2.0182557106018066, 0.6381747126579285, 19.938222885131836
5050023, 16, 2.0874171257019043, 0.65304034948349, 20.936861038208008
5050023, 16, 2.199476480484009, 0.6903181076049805, 21.932769775390625
5050023, 16, 2.3083975315093994, 0.7263487577438354, 22.92888832092285
5050023, 16, 2.411346435546875, 0.7592785954475403, 23.9256591796875
5050023, 16, 2.4684219360351562, 0.7702804207801819, 24.924726486206055
5050023, 16, 2.5245401859283447, 0.7810956835746765, 25.923837661743164
5050023, 16, 2.58101749420166, 0.7923187613487244, 26.92291259765625
5050023, 16, 2.6406142711639404, 0.8046896457672119, 27.92180633544922
5050023, 16, 2.699031352996826, 0.8161056041717529, 28.92075538635254
5050023, 16, 2.7555599212646484, 0.826950192451477, 29.919782638549805
4794215, 17, 0.09093519300222397, 0.025225071236491203, 0.9979307055473328
4794215, 17, 0.1776197850704193, 0.04876990616321564, 1.996189832687378
4794215, 17, 0.2365831732749939, 0.060257140547037125, 2.995617151260376
4794215, 17, 0.3253673017024994, 0.08431866019964218, 3.9938013553619385
4794215, 17, 0.4165414869785309, 0.10993938893079758, 4.991879463195801
4794215, 17, 0.48943033814430237, 0.12737740576267242, 5.990875244140625
4794215, 17, 0.5940203666687012, 0.15994331240653992, 6.987778186798096
4794215, 17, 0.7061748504638672, 0.19637927412986755, 7.983922004699707
4794215, 17, 0.8210757970809937, 0.23483632504940033, 8.979809761047363
4794215, 17, 0.9110709428787231, 0.2607962489128113, 9.97801399230957
4794215, 17, 1.007765531539917, 0.28895989060401917, 10.975584030151367
4794215, 17, 1.1045770645141602, 0.3168390393257141, 11.973130226135254
4794215, 17, 1.2002298831939697, 0.34391048550605774, 12.970576286315918
4794215, 17, 1.296189785003662, 0.3719477951526642, 13.968029975891113
4794215, 17, 1.3838324546813965, 0.3962582051753998, 14.966253280639648
4794215, 17, 1.4528782367706299, 0.41207924485206604, 15.965255737304688
4794215, 17, 1.5460816621780396, 0.43890881538391113, 16.962976455688477
4794215, 17, 1.6187705993652344, 0.45546990633010864, 17.961708068847656
4794215, 17, 1.6705650091171265, 0.4635525345802307, 18.961179733276367
4794215, 17, 1.7215418815612793, 0.4718703031539917, 19.960660934448242
4794215, 17, 1.7842551469802856, 0.4828646183013916, 20.959579467773438
4794215, 17, 1.8381364345550537, 0.49171897768974304, 21.95890235900879
4794215, 17, 1.8866503238677979, 0.49982866644859314, 22.958478927612305
4794215, 17, 1.9345636367797852, 0.508031964302063, 23.95806312561035
4794215, 17, 2.0274975299835205, 0.5345354676246643, 24.955331802368164
4794215, 17, 2.122206687927246, 0.5620319843292236, 25.952465057373047
4794215, 17, 2.2010295391082764, 0.5820818543434143, 26.95077896118164
4794215, 17, 2.2884950637817383, 0.605366587638855, 27.948427200317383
4794215, 17, 2.3711705207824707, 0.6266421675682068, 28.94632339477539
4794215, 17, 2.4736030101776123, 0.6584489345550537, 29.942686080932617
5194805_2, 18, 0.06620341539382935, 0.014389636926352978, 0.9992010593414307
5194805_2, 18, 0.13860511779785156, 0.03183535113930702, 1.9982643127441406
5194805_2, 18, 0.24265719950199127, 0.06316910684108734, 2.9962263107299805
5194805_2, 18, 0.3458936810493469, 0.09354986250400543, 3.994029998779297
5194805_2, 18, 0.4497253894805908, 0.12424557656049728, 4.99174165725708
5194805_2, 18, 0.5533455610275269, 0.15474751591682434, 5.989370346069336
5194805_2, 18, 0.6612957715988159, 0.18744787573814392, 6.986404895782471
5194805_2, 18, 0.7675948143005371, 0.21942538022994995, 7.983635902404785
5194805_2, 18, 0.8659155368804932, 0.24816003441810608, 8.981538772583008
5194805_2, 18, 0.9695796966552734, 0.27909591794013977, 9.978893280029297
5194805_2, 18, 1.068680763244629, 0.30839651823043823, 10.976634979248047
5194805_2, 18, 1.1640299558639526, 0.3356545865535736, 11.974711418151855
5194805_2, 18, 1.256556749343872, 0.3613538146018982, 12.97282886505127
5194805_2, 18, 1.3631560802459717, 0.3932318091392517, 13.96962833404541
5194805_2, 18, 1.4602265357971191, 0.4209967255592346, 14.96715259552002
5194805_2, 18, 1.5476665496826172, 0.4448961317539215, 15.96552848815918
5194805_2, 18, 1.6537460088729858, 0.47734811902046204, 16.962299346923828
5194805_2, 18, 1.7644200325012207, 0.5120319724082947, 17.9586238861084
5194805_2, 18, 1.8578004837036133, 0.5377522110939026, 18.95642852783203
5194805_2, 18, 1.9103797674179077, 0.5472641587257385, 19.955921173095703
5194805_2, 18, 1.9612441062927246, 0.5561544299125671, 20.9554500579834
5194805_2, 18, 2.013401746749878, 0.5655730366706848, 21.954923629760742
5194805_2, 18, 2.070979118347168, 0.5764107704162598, 22.954254150390625
5194805_2, 18, 2.16365647315979, 0.6024308800697327, 23.952001571655273
5194805_2, 18, 2.254889965057373, 0.6280357837677002, 24.949872970581055
5194805_2, 18, 2.347292900085449, 0.6547357439994812, 25.947587966918945
5194805_2, 18, 2.4464988708496094, 0.684955358505249, 26.944562911987305
5194805_2, 18, 2.554187059402466, 0.7197381854057312, 27.940664291381836
5194805_2, 18, 2.6468048095703125, 0.7464871406555176, 28.938058853149414
5194805_2, 18, 2.7408487796783447, 0.7743945717811584, 29.935400009155273
4820624, 19, 0.04820694029331207, 0.007837476208806038, 0.9995943307876587
4820624, 19, 0.09553790092468262, 0.015567705035209656, 1.9991848468780518
4820624, 19, 0.14094515144824982, 0.022450903430581093, 2.9988131523132324
4820624, 19, 0.1927088350057602, 0.030739519745111465, 3.998279333114624
4820624, 19, 0.24201546609401703, 0.03825967758893967, 4.997828006744385
4820624, 19, 0.2919158935546875, 0.0459517277777195, 5.997354507446289
4820624, 19, 0.3393156826496124, 0.05299871042370796, 6.996941566467285
4820624, 19, 0.39103636145591736, 0.061450932174921036, 7.996375560760498
4820624, 19, 0.4462365508079529, 0.07244417816400528, 8.995800018310547
4820624, 19, 0.500458836555481, 0.08270050585269928, 9.995253562927246
4820624, 19, 0.5463617444038391, 0.0900128036737442, 10.994881629943848
4820624, 19, 0.5950503349304199, 0.09803461283445358, 11.994298934936523
4820624, 19, 0.6438577771186829, 0.10577395558357239, 12.993674278259277
4820624, 19, 0.6954604387283325, 0.11539095640182495, 13.993110656738281
4820624, 19, 0.7538322806358337, 0.127837672829628, 14.992341995239258
4820624, 19, 0.8262031078338623, 0.14626014232635498, 15.990987777709961
4820624, 19, 0.9071401953697205, 0.16790176928043365, 16.989164352416992
4820624, 19, 0.9504789113998413, 0.17454959452152252, 17.9887752532959
4820624, 19, 0.994942307472229, 0.18150651454925537, 18.988386154174805
4820624, 19, 1.040645718574524, 0.188899427652359, 19.987998962402344
4820624, 19, 1.0851545333862305, 0.19564610719680786, 20.987634658813477
4820624, 19, 1.1267772912979126, 0.20179630815982819, 21.98729133605957
4820624, 19, 1.1704283952713013, 0.20829187333583832, 22.986888885498047
4820624, 19, 1.2131580114364624, 0.21451261639595032, 23.98653221130371
4820624, 19, 1.2549558877944946, 0.22050747275352478, 24.98619842529297
4820624, 19, 1.2971832752227783, 0.2267169952392578, 25.985809326171875
4820624, 19, 1.3435274362564087, 0.23424066603183746, 26.985246658325195
4820624, 19, 1.3993936777114868, 0.24516336619853973, 27.984302520751953
4820624, 19, 1.4518768787384033, 0.2544236183166504, 28.983505249023438
4820624, 19, 1.5393911600112915, 0.27905938029289246, 29.98084259033203
4733553, 20, 0.08504520356655121, 0.022471589967608452, 0.9978067874908447
4733553, 20, 0.1586819887161255, 0.03866127133369446, 1.996277093887329
4733553, 20, 0.22917458415031433, 0.05365453660488129, 2.994959592819214
4733553, 20, 0.3010072708129883, 0.06912717968225479, 3.9935994148254395
4733553, 20, 0.3735213279724121, 0.0857214629650116, 4.992252826690674
4733553, 20, 0.4558549225330353, 0.10577743500471115, 5.990273475646973
4733553, 20, 0.5654351711273193, 0.14259931445121765, 6.986377716064453
4733553, 20, 0.6789780259132385, 0.18123145401477814, 7.982059001922607
4733553, 20, 0.7933165431022644, 0.22049368917942047, 8.97771167755127
4733553, 20, 0.9106732606887817, 0.2610970735549927, 9.973102569580078
4733553, 20, 1.025059461593628, 0.3005657494068146, 10.968910217285156
4733553, 20, 1.1442571878433228, 0.3429756164550781, 11.964035034179688
4733553, 20, 1.2613558769226074, 0.3840840458869934, 12.959409713745117
4733553, 20, 1.368055820465088, 0.4186069965362549, 13.95570182800293
4733553, 20, 1.485487699508667, 0.4590660035610199, 14.951005935668945
4733553, 20, 1.6053255796432495, 0.5013371706008911, 15.946126937866211
4733553, 20, 1.7203797101974487, 0.5410506129264832, 16.94162940979004
4733553, 20, 1.7905657291412354, 0.5554757714271545, 17.94025230407715
4733553, 20, 1.8655781745910645, 0.5711748003959656, 18.938495635986328
4733553, 20, 1.9374101161956787, 0.5854458212852478, 19.936962127685547
4733553, 20, 2.0061259269714355, 0.5989603400230408, 20.935617446899414
4733553, 20, 2.078601121902466, 0.6134353876113892, 21.933990478515625
4733553, 20, 2.147827625274658, 0.6274005174636841, 22.932594299316406
4733553, 20, 2.2234079837799072, 0.6431631445884705, 23.930795669555664
4733553, 20, 2.3039608001708984, 0.6625062823295593, 24.928739547729492
4733553, 20, 2.420193910598755, 0.7035819292068481, 25.923845291137695
4733553, 20, 2.5319886207580566, 0.7419353723526001, 26.919330596923828
4733553, 20, 2.6266894340515137, 0.7703113555908203, 27.916336059570312
4733553, 20, 2.700955629348755, 0.7870283722877502, 28.914690017700195
4733553, 20, 2.776460886001587, 0.8039360642433167, 29.91292381286621
5036311, 21, 0.0801621526479721, 0.021174192428588867, 0.9987522959709167
5036311, 21, 0.1577278971672058, 0.041574083268642426, 1.997562050819397
5036311, 21, 0.23524412512779236, 0.061857786029577255, 2.9964258670806885
5036311, 21, 0.317969411611557, 0.08398161828517914, 3.995168924331665
5036311, 21, 0.4031534194946289, 0.1064959242939949, 4.993729114532471
5036311, 21, 0.4914454221725464, 0.13008743524551392, 5.991927623748779
5036311, 21, 0.5794481039047241, 0.1530819535255432, 6.990230560302734
5036311, 21, 0.662306010723114, 0.17494457960128784, 7.988882541656494
5036311, 21, 0.748316764831543, 0.1974308043718338, 8.987255096435547
5036311, 21, 0.8318670988082886, 0.21890641748905182, 9.985777854919434
5036311, 21, 0.8946645259857178, 0.23264475166797638, 10.984987258911133
5036311, 21, 0.9492161273956299, 0.24300263822078705, 11.984313011169434
5036311, 21, 1.004052758216858, 0.25366050004959106, 12.98358154296875
5036311, 21, 1.0741169452667236, 0.26952028274536133, 13.982645988464355
5036311, 21, 1.1457420587539673, 0.28614842891693115, 14.981648445129395
5036311, 21, 1.1949717998504639, 0.29463356733322144, 15.98115348815918
5036311, 21, 1.2424691915512085, 0.30199217796325684, 16.980741500854492
5036311, 21, 1.290655493736267, 0.31005215644836426, 17.98023223876953
5036311, 21, 1.3392977714538574, 0.31844013929367065, 18.979690551757812
5036311, 21, 1.3911921977996826, 0.3282764256000519, 19.978965759277344
5036311, 21, 1.4413502216339111, 0.3374759256839752, 20.97831153869629
5036311, 21, 1.4888670444488525, 0.3458009362220764, 21.977758407592773
5036311, 21, 1.533415675163269, 0.35301047563552856, 22.977319717407227
5036311, 21, 1.5807297229766846, 0.36124011874198914, 23.97675323486328
5036311, 21, 1.6331336498260498, 0.371265709400177, 24.97598648071289
5036311, 21, 1.686793565750122, 0.38164445757865906, 25.97517967224121
5036311, 21, 1.7331761121749878, 0.3888412117958069, 26.974773406982422
5036311, 21, 1.7840646505355835, 0.39826807379722595, 27.97412872314453
5036311, 21, 1.8326164484024048, 0.40644264221191406, 28.97362518310547
5036311, 21, 1.8872840404510498, 0.4174467623233795, 29.972911834716797
4739356, 22, 0.057847633957862854, 0.011999156326055527, 0.9993012547492981
4739356, 22, 0.11761869490146637, 0.024249380454421043, 1.9986000061035156
4739356, 22, 0.1776595115661621, 0.036399103701114655, 2.9978930950164795
4739356, 22, 0.2327895611524582, 0.04721273109316826, 3.9972705841064453
4739356, 22, 0.2885599732398987, 0.058348849415779114, 4.996524333953857
4739356, 22, 0.34716516733169556, 0.07123728096485138, 5.995659351348877
4739356, 22, 0.40681007504463196, 0.08426882326602936, 6.994849681854248
4739356, 22, 0.4643384516239166, 0.09644815325737, 7.994135856628418
4739356, 22, 0.5265671610832214, 0.11146355420351028, 8.993260383605957
4739356, 22, 0.6208720207214355, 0.13849744200706482, 9.990833282470703
4739356, 22, 0.7021819353103638, 0.16033051908016205, 10.989297866821289
4739356, 22, 0.7844251990318298, 0.18190041184425354, 11.987709045410156
4739356, 22, 0.8515599966049194, 0.19766360521316528, 12.986756324768066
4739356, 22, 0.9028611779212952, 0.20760588347911835, 13.986185073852539
4739356, 22, 0.9523328542709351, 0.2162773460149765, 14.985650062561035
4739356, 22, 0.9965652227401733, 0.22331969439983368, 15.985252380371094
4739356, 22, 1.04349946975708, 0.2314765900373459, 16.984785079956055
4739356, 22, 1.0939936637878418, 0.24101831018924713, 17.984209060668945
4739356, 22, 1.1441665887832642, 0.25018203258514404, 18.983654022216797
4739356, 22, 1.1920169591903687, 0.2584770619869232, 19.983131408691406
4739356, 22, 1.2376326322555542, 0.2662371098995209, 20.982646942138672
4739356, 22, 1.2827922105789185, 0.2732686698436737, 21.982177734375
4739356, 22, 1.328797698020935, 0.2806093990802765, 22.98165512084961
4739356, 22, 1.374871850013733, 0.2885854244232178, 23.981136322021484
4739356, 22, 1.4218074083328247, 0.2965269088745117, 24.980615615844727
4739356, 22, 1.469709873199463, 0.3046458959579468, 25.980091094970703
4739356, 22, 1.5544207096099854, 0.32749447226524353, 26.978025436401367
4739356, 22, 1.6372896432876587, 0.3492940068244934, 27.97604751586914
4739356, 22, 1.7216893434524536, 0.3712625503540039, 28.973859786987305
4739356, 22, 1.808056354522705, 0.3937164843082428, 29.9714298248291
5125441, 23, 0.05700598657131195, 0.010969220660626888, 0.999112069606781
5125441, 23, 0.11286533623933792, 0.021503370255231857, 1.9982582330703735
5125441, 23, 0.1604473888874054, 0.02930530346930027, 2.9977104663848877
5125441, 23, 0.21434244513511658, 0.039509885013103485, 3.99698805809021
5125441, 23, 0.2731368839740753, 0.051392339169979095, 4.996241569519043
5125441, 23, 0.33089253306388855, 0.06287046521902084, 5.995517253875732
5125441, 23, 0.38742944598197937, 0.07355885952711105, 6.99464225769043
5125441, 23, 0.4464816153049469, 0.08522462844848633, 7.993683338165283
5125441, 23, 0.4988660514354706, 0.09460493177175522, 8.993017196655273
5125441, 23, 0.5422433018684387, 0.10110382735729218, 9.992635726928711
5125441, 23, 0.5879532694816589, 0.10816590487957001, 10.992207527160645
5125441, 23, 0.6302475929260254, 0.11430087685585022, 11.991850852966309
5125441, 23, 0.669893205165863, 0.11963266134262085, 12.991548538208008
5125441, 23, 0.7082860469818115, 0.12449586391448975, 13.9912748336792
5125441, 23, 0.7446804642677307, 0.12882158160209656, 14.991052627563477
5125441, 23, 0.7833249568939209, 0.13381533324718475, 15.990788459777832
5125441, 23, 0.8199123740196228, 0.13818983733654022, 16.990571975708008
5125441, 23, 0.856788694858551, 0.14273379743099213, 17.990345001220703
5125441, 23, 0.8932875394821167, 0.1472238004207611, 18.9901123046875
5125441, 23, 0.9289110898971558, 0.1513296216726303, 19.989891052246094
5125441, 23, 0.965035617351532, 0.15554936230182648, 20.989633560180664
5125441, 23, 0.9981182217597961, 0.15907089412212372, 21.989431381225586
5125441, 23, 1.0309194326400757, 0.16243647038936615, 22.989242553710938
5125441, 23, 1.06350576877594, 0.1656968891620636, 23.98906707763672
5125441, 23, 1.0968180894851685, 0.16918519139289856, 24.988872528076172
5125441, 23, 1.1339491605758667, 0.1729487031698227, 25.98857307434082
5125441, 23, 1.1750925779342651, 0.17738139629364014, 26.98812484741211
5125441, 23, 1.2210652828216553, 0.18289805948734283, 27.987504959106445
5125441, 23, 1.2620216608047485, 0.18785595893859863, 28.98710060119629
5125441, 23, 1.3050793409347534, 0.1933470368385315, 29.986621856689453
4713006, 24, 0.07172051072120667, 0.016866764053702354, 0.9988614916801453
4713006, 24, 0.14051270484924316, 0.03269914537668228, 1.997969150543213
4713006, 24, 0.21298569440841675, 0.04972529411315918, 2.996933937072754
4713006, 24, 0.29086998105049133, 0.06878598779439926, 3.9955081939697266
4713006, 24, 0.36691993474960327, 0.08691257983446121, 4.994213581085205
4713006, 24, 0.4453071653842926, 0.10581578314304352, 5.9927778244018555
4713006, 24, 0.5207546949386597, 0.12387724220752716, 6.991608619689941
4713006, 24, 0.5978724360466003, 0.1426972895860672, 7.990328788757324
4713006, 24, 0.675517737865448, 0.1619715690612793, 8.988994598388672
4713006, 24, 0.7558950185775757, 0.18209630250930786, 9.987378120422363
4713006, 24, 0.8372340798377991, 0.2024390995502472, 10.985719680786133
4713006, 24, 0.9242440462112427, 0.2251012772321701, 11.983556747436523
4713006, 24, 0.9651917219161987, 0.23122692108154297, 12.983257293701172
4713006, 24, 1.007213830947876, 0.2372787892818451, 13.982929229736328
4713006, 24, 1.054458737373352, 0.2441285252571106, 14.982337951660156
4713006, 24, 1.0928256511688232, 0.24932311475276947, 15.982048988342285
4713006, 24, 1.1336690187454224, 0.25473353266716003, 16.98173713684082
4713006, 24, 1.180247187614441, 0.2610865831375122, 17.981277465820312
4713006, 24, 1.2265546321868896, 0.26717376708984375, 18.9808292388916
4713006, 24, 1.2657880783081055, 0.2718682885169983, 19.980552673339844
4713006, 24, 1.3028368949890137, 0.2761251926422119, 20.980249404907227
4713006, 24, 1.3384380340576172, 0.2802755534648895, 21.98003387451172
4713006, 24, 1.3767027854919434, 0.2851034998893738, 22.97975730895996
4713006, 24, 1.4277182817459106, 0.29237449169158936, 23.97897720336914
4713006, 24, 1.465079665184021, 0.2972252666950226, 24.978715896606445
4713006, 24, 1.5073273181915283, 0.30316126346588135, 25.978355407714844
4713006, 24, 1.5913203954696655, 0.32128676772117615, 26.975719451904297
4713006, 24, 1.6893702745437622, 0.34572315216064453, 27.972000122070312
4713006, 24, 1.730577826499939, 0.351787805557251, 28.971664428710938
4713006, 24, 1.7724921703338623, 0.35770106315612793, 29.971343994140625
4699088, 25, 0.04247990623116493, 0.005806848872452974, 0.9996516108512878
4699088, 25, 0.08644023537635803, 0.012666633352637291, 1.9992449283599854
4699088, 25, 0.1348342001438141, 0.020907321944832802, 2.99881911277771
4699088, 25, 0.18264895677566528, 0.02935139462351799, 3.9983887672424316
4699088, 25, 0.24220949411392212, 0.04146914929151535, 4.997677326202393
4699088, 25, 0.31453025341033936, 0.05783511698246002, 5.996392250061035
4699088, 25, 0.385998398065567, 0.07354491204023361, 6.99519157409668
4699088, 25, 0.45683717727661133, 0.08919257670640945, 7.994076251983643
4699088, 25, 0.528937578201294, 0.10515925288200378, 8.992849349975586
4699088, 25, 0.5965744256973267, 0.11964784562587738, 9.991785049438477
4699088, 25, 0.6532392501831055, 0.1303764283657074, 10.991080284118652
4699088, 25, 0.7158042192459106, 0.14261414110660553, 11.990118980407715
4699088, 25, 0.7891969680786133, 0.15857216715812683, 12.988648414611816
4699088, 25, 0.8629201650619507, 0.17441695928573608, 13.987153053283691
4699088, 25, 0.9331363439559937, 0.1889006495475769, 14.985790252685547
4699088, 25, 0.9741301536560059, 0.19389048218727112, 15.98541259765625
4699088, 25, 1.0096256732940674, 0.19804079830646515, 16.985177993774414
4699088, 25, 1.045868992805481, 0.20187734067440033, 17.98492431640625
4699088, 25, 1.079660177230835, 0.20562231540679932, 18.984724044799805
4699088, 25, 1.1150250434875488, 0.20985330641269684, 19.984485626220703
4699088, 25, 1.152895450592041, 0.21466779708862305, 20.984169006347656
4699088, 25, 1.1866155862808228, 0.21861699223518372, 21.98395347595215
4699088, 25, 1.2247538566589355, 0.22363631427288055, 22.98362159729004
4699088, 25, 1.2587823867797852, 0.22728461027145386, 23.983407974243164
4699088, 25, 1.2938898801803589, 0.23090216517448425, 24.983177185058594
4699088, 25, 1.3282724618911743, 0.23464922606945038, 25.982955932617188
4699088, 25, 1.3652020692825317, 0.23927177488803864, 26.982667922973633
4699088, 25, 1.4063719511032104, 0.24547718465328217, 27.982255935668945
4699088, 25, 1.451311469078064, 0.25267496705055237, 28.98171043395996
4699088, 25, 1.4906213283538818, 0.2580469846725464, 29.981342315673828
4772763, 26, 0.09069821238517761, 0.023972347378730774, 0.9975855350494385
4772763, 26, 0.17654672265052795, 0.0460231676697731, 1.995636224746704
4772763, 26, 0.24449029564857483, 0.06045597046613693, 2.9946212768554688
4772763, 26, 0.3180011808872223, 0.07781439274549484, 3.9935054779052734
4772763, 26, 0.3983086347579956, 0.09741725027561188, 4.9920430183410645
4772763, 26, 0.4791003465652466, 0.1173727959394455, 5.990487098693848
4772763, 26, 0.5675980448722839, 0.14025546610355377, 6.9883317947387695
4772763, 26, 0.6480368971824646, 0.15973202884197235, 7.9868268966674805
4772763, 26, 0.7268161177635193, 0.17814195156097412, 8.985340118408203
4772763, 26, 0.8097951412200928, 0.19789592921733856, 9.983478546142578
4772763, 26, 0.8968338966369629, 0.21955430507659912, 10.981258392333984
4772763, 26, 0.9778156280517578, 0.238560751080513, 11.97938060760498
4772763, 26, 1.0218117237091064, 0.24560683965682983, 12.979015350341797
4772763, 26, 1.0678073167800903, 0.25272446870803833, 13.978608131408691
4772763, 26, 1.1337746381759644, 0.2657529413700104, 14.977407455444336
4772763, 26, 1.1739866733551025, 0.2714420258998871, 15.977088928222656
4772763, 26, 1.2126508951187134, 0.2765730023384094, 16.97679901123047
4772763, 26, 1.2504358291625977, 0.2815081775188446, 17.976520538330078
4772763, 26, 1.2882020473480225, 0.28629016876220703, 18.976253509521484
4772763, 26, 1.3268167972564697, 0.2913331985473633, 19.975988388061523
4772763, 26, 1.3653242588043213, 0.29650551080703735, 20.9757137298584
4772763, 26, 1.403437852859497, 0.3014899492263794, 21.97544288635254
4772763, 26, 1.4420018196105957, 0.30649489164352417, 22.975162506103516
4772763, 26, 1.4812042713165283, 0.31158682703971863, 23.974853515625
4772763, 26, 1.5261105298995972, 0.31712937355041504, 24.97437858581543
4772763, 26, 1.592088222503662, 0.3291468620300293, 25.97304916381836
4772763, 26, 1.6478697061538696, 0.33808469772338867, 26.97222137451172
4772763, 26, 1.7198820114135742, 0.3533456027507782, 27.970569610595703
4772763, 26, 1.7671126127243042, 0.3607631027698517, 28.97006607055664
4772763, 26, 1.8131386041641235, 0.3675183057785034, 29.969633102416992
4850951, 27, 0.08693984150886536, 0.023176565766334534, 0.9978877902030945
4850951, 27, 0.1634577214717865, 0.043754465878009796, 1.9966981410980225
4850951, 27, 0.24307918548583984, 0.06537514179944992, 2.995384693145752
4850951, 27, 0.3107615113258362, 0.08103474974632263, 3.9944682121276855
4850951, 27, 0.3817792534828186, 0.0973244160413742, 4.993382930755615
4850951, 27, 0.43703439831733704, 0.10719235986471176, 5.992785453796387
4850951, 27, 0.4955565929412842, 0.11758819967508316, 6.992020606994629
4850951, 27, 0.5501636266708374, 0.12687146663665771, 7.991408824920654
4850951, 27, 0.6135908365249634, 0.1385209560394287, 8.990403175354004
4850951, 27, 0.6594489216804504, 0.14533260464668274, 9.989988327026367
4850951, 27, 0.7102755904197693, 0.15319573879241943, 10.989483833312988
4850951, 27, 0.7699297070503235, 0.16371898353099823, 11.988643646240234
4850951, 27, 0.8441992402076721, 0.18251481652259827, 12.987585067749023
4850951, 27, 0.9244711399078369, 0.204013392329216, 13.98618221282959
4850951, 27, 1.004356861114502, 0.2251787781715393, 14.984781265258789
4850951, 27, 1.0807782411575317, 0.24482783675193787, 15.983579635620117
4850951, 27, 1.1578305959701538, 0.26532086730003357, 16.98233985900879
4850951, 27, 1.271939992904663, 0.3034989535808563, 17.977842330932617
4850951, 27, 1.3722745180130005, 0.33351942896842957, 18.974599838256836
4850951, 27, 1.453356146812439, 0.3546406924724579, 19.97300910949707
4850951, 27, 1.5066801309585571, 0.3645557165145874, 20.972461700439453
4850951, 27, 1.5537753105163574, 0.3720618188381195, 21.971982955932617
4850951, 27, 1.5985935926437378, 0.378526896238327, 22.971572875976562
4850951, 27, 1.6432007551193237, 0.3848194479942322, 23.971220016479492
4850951, 27, 1.6921533346176147, 0.3926677703857422, 24.970766067504883
4850951, 27, 1.7392841577529907, 0.39980348944664, 25.970359802246094
4850951, 27, 1.7890894412994385, 0.4075382947921753, 26.969890594482422
4850951, 27, 1.835935115814209, 0.41456902027130127, 27.969512939453125
4850951, 27, 1.8792973756790161, 0.42049580812454224, 28.969167709350586
4850951, 27, 1.9244986772537231, 0.4266858696937561, 29.96874237060547
2265761, 28, 0.07993890345096588, 0.020422713831067085, 0.9986451268196106
2265761, 28, 0.1596134752035141, 0.04073574021458626, 1.99734628200531
2265761, 28, 0.2362470030784607, 0.06032012775540352, 2.996103286743164
2265761, 28, 0.3134309947490692, 0.07929677516222, 3.994917392730713
2265761, 28, 0.38727912306785583, 0.09702017158269882, 4.993826866149902
2265761, 28, 0.46251869201660156, 0.11505153775215149, 5.992753028869629
2265761, 28, 0.5368673801422119, 0.13290125131607056, 6.991684436798096
2265761, 28, 0.6120120882987976, 0.1511872410774231, 7.990576267242432
2265761, 28, 0.678833544254303, 0.16641239821910858, 8.989663124084473
2265761, 28, 0.737507164478302, 0.17706741392612457, 9.988739013671875
2265761, 28, 0.7936307191848755, 0.18662075698375702, 10.987905502319336
2265761, 28, 0.8523085117340088, 0.19678331911563873, 11.986946105957031
2265761, 28, 0.8967225551605225, 0.20316265523433685, 12.986499786376953
2265761, 28, 0.9376623630523682, 0.20865730941295624, 13.986161231994629
2265761, 28, 0.978690505027771, 0.21417686343193054, 14.985828399658203
2265761, 28, 1.0199923515319824, 0.21991008520126343, 15.985496520996094
2265761, 28, 1.0620025396347046, 0.22597256302833557, 16.985153198242188
2265761, 28, 1.1025549173355103, 0.23168636858463287, 17.984819412231445
2265761, 28, 1.143798828125, 0.2373882532119751, 18.984453201293945
2265761, 28, 1.1829465627670288, 0.24255558848381042, 19.984149932861328
2265761, 28, 1.2198506593704224, 0.24716059863567352, 20.98390007019043
2265761, 28, 1.2570735216140747, 0.2516213059425354, 21.9836368560791
2265761, 28, 1.2938783168792725, 0.2562314569950104, 22.983381271362305
2265761, 28, 1.3320952653884888, 0.26119092106819153, 23.983091354370117
2265761, 28, 1.369894027709961, 0.26564186811447144, 24.982824325561523
2265761, 28, 1.4086196422576904, 0.27019646763801575, 25.982542037963867
2265761, 28, 1.447935938835144, 0.27521541714668274, 26.982240676879883
2265761, 28, 1.4878952503204346, 0.28004881739616394, 27.98190689086914
2265761, 28, 1.5283467769622803, 0.28560325503349304, 28.9815731048584
2265761, 28, 1.5725326538085938, 0.29219168424606323, 29.981136322021484
5038881, 29, 0.09482122957706451, 0.027963686734437943, 0.9978983998298645
5038881, 29, 0.18964941799640656, 0.055328067392110825, 1.9957746267318726
5038881, 29, 0.289926141500473, 0.08428727090358734, 2.9932961463928223
5038881, 29, 0.3878437280654907, 0.11269927769899368, 3.9909868240356445
5038881, 29, 0.4842687249183655, 0.14054656028747559, 4.988717079162598
5038881, 29, 0.5481611490249634, 0.15586423873901367, 5.987572193145752
5038881, 29, 0.6320430040359497, 0.17964354157447815, 6.985955715179443
5038881, 29, 0.6991904973983765, 0.19581599533557892, 7.984580039978027
5038881, 29, 0.7642537355422974, 0.21100226044654846, 8.983348846435547
5038881, 29, 0.8313292264938354, 0.22755658626556396, 9.98216438293457
5038881, 29, 0.9161369204521179, 0.2511841654777527, 10.980506896972656
5038881, 29, 1.0018746852874756, 0.27532970905303955, 11.978800773620605
5038881, 29, 1.081323504447937, 0.29775044322013855, 12.97734260559082
5038881, 29, 1.162440538406372, 0.3198116421699524, 13.975861549377441
5038881, 29, 1.2214871644973755, 0.3326164186000824, 14.975022315979004
5038881, 29, 1.3084802627563477, 0.3563168942928314, 15.973173141479492
5038881, 29, 1.3955433368682861, 0.3793896734714508, 16.971372604370117
5038881, 29, 1.4808480739593506, 0.40110835433006287, 17.969640731811523
5038881, 29, 1.5270859003067017, 0.40888723731040955, 18.969152450561523
5038881, 29, 1.5757901668548584, 0.417708158493042, 19.968603134155273
5038881, 29, 1.6246442794799805, 0.42616361379623413, 20.968137741088867
5038881, 29, 1.6762287616729736, 0.43496352434158325, 21.96761131286621
5038881, 29, 1.7213048934936523, 0.4422979950904846, 22.96720314025879
5038881, 29, 1.7654420137405396, 0.44910818338394165, 23.966819763183594
5038881, 29, 1.8096526861190796, 0.455992192029953, 24.966388702392578
5038881, 29, 1.8547593355178833, 0.46318137645721436, 25.96591567993164
5038881, 29, 1.8994065523147583, 0.47009196877479553, 26.965486526489258
5038881, 29, 1.9464271068572998, 0.4782063364982605, 27.9649715423584
5038881, 29, 2.0155813694000244, 0.49395546317100525, 28.9637451171875
5038881, 29, 2.0801610946655273, 0.5086396336555481, 29.96271324157715
4785791, 30, 0.07624484598636627, 0.01993144489824772, 0.9985435605049133
4785791, 30, 0.15218046307563782, 0.039265599101781845, 1.9971568584442139
4785791, 30, 0.21365903317928314, 0.052300114184617996, 2.996180295944214
4785791, 30, 0.2910091280937195, 0.07329995185136795, 3.994798421859741
4785791, 30, 0.3553220331668854, 0.08807951956987381, 4.993871212005615
4785791, 30, 0.4734872579574585, 0.12954756617546082, 5.988954544067383
4785791, 30, 0.5613808631896973, 0.15441253781318665, 6.986993312835693
4785791, 30, 0.6339970827102661, 0.17222025990486145, 7.9855780601501465
4785791, 30, 0.7058718800544739, 0.1890135556459427, 8.984023094177246
4785791, 30, 0.7586723566055298, 0.198590949177742, 9.983346939086914
4785791, 30, 0.8099040985107422, 0.2074040025472641, 10.982723236083984
4785791, 30, 0.8615857362747192, 0.21697066724300385, 11.982221603393555
4785791, 30, 0.9127330780029297, 0.22594255208969116, 12.981687545776367
4785791, 30, 0.9601716995239258, 0.23403319716453552, 13.981291770935059
4785791, 30, 1.022892951965332, 0.247078076004982, 14.980270385742188
4785791, 30, 1.078706979751587, 0.25719591975212097, 15.979483604431152
4785791, 30, 1.1265175342559814, 0.26512274146080017, 16.979063034057617
4785791, 30, 1.1733803749084473, 0.27293235063552856, 17.97868537902832
4785791, 30, 1.2206354141235352, 0.2804473638534546, 18.978225708007812
4785791, 30, 1.269997000694275, 0.2881532907485962, 19.977685928344727
4785791, 30, 1.3215105533599854, 0.29631057381629944, 20.9770565032959
4785791, 30, 1.370029091835022, 0.3039434850215912, 21.976572036743164
4785791, 30, 1.4567502737045288, 0.3272499740123749, 22.97445297241211
4785791, 30, 1.5414447784423828, 0.34979742765426636, 23.972505569458008
4785791, 30, 1.6556499004364014, 0.38803553581237793, 24.967823028564453
4785791, 30, 1.7368448972702026, 0.4091850519180298, 25.96590232849121
4785791, 30, 1.8199584484100342, 0.4317173957824707, 26.963951110839844
4785791, 30, 1.8782981634140015, 0.4429231882095337, 27.963075637817383
4785791, 30, 1.9454998970031738, 0.45677316188812256, 28.961637496948242
4785791, 30, 1.997268795967102, 0.4653950333595276, 29.96103858947754
1089412, 31, 0.07554556429386139, 0.018341580405831337, 0.9988086223602295
1089412, 31, 0.14272238314151764, 0.03335801139473915, 1.997979998588562
1089412, 31, 0.20491743087768555, 0.04656581953167915, 2.997257709503174
1089412, 31, 0.25848764181137085, 0.056699737906455994, 3.9966742992401123
1089412, 31, 0.30946534872055054, 0.06573513150215149, 4.996159553527832
1089412, 31, 0.36576029658317566, 0.07668057084083557, 5.995608329772949
1089412, 31, 0.4380875825881958, 0.09296908229589462, 6.994516372680664
1089412, 31, 0.5088388919830322, 0.10882622003555298, 7.993552207946777
1089412, 31, 0.5804891586303711, 0.12546071410179138, 8.99254035949707
1089412, 31, 0.6550275087356567, 0.1432364135980606, 9.991333961486816
1089412, 31, 0.7325923442840576, 0.16194108128547668, 10.989842414855957
1089412, 31, 0.8051742315292358, 0.1787647306919098, 11.988624572753906
1089412, 31, 0.8501679301261902, 0.1858847439289093, 12.98826789855957
1089412, 31, 0.8941127061843872, 0.19267676770687103, 13.987927436828613
1089412, 31, 0.9420486092567444, 0.20085498690605164, 14.987527847290039
1089412, 31, 0.9857177138328552, 0.20746786892414093, 15.987217903137207
1089412, 31, 1.0271137952804565, 0.21332266926765442, 16.986915588378906
1089412, 31, 1.0700159072875977, 0.21976332366466522, 17.986610412597656
1089412, 31, 1.1119530200958252, 0.22588323056697845, 18.986318588256836
1089412, 31, 1.1533583402633667, 0.2318306565284729, 19.986024856567383
1089412, 31, 1.1962053775787354, 0.2381436675786972, 20.985679626464844
1089412, 31, 1.2396411895751953, 0.24467915296554565, 21.985307693481445
1089412, 31, 1.2826744318008423, 0.25119146704673767, 22.984956741333008
1089412, 31, 1.324489951133728, 0.25737306475639343, 23.984638214111328
1089412, 31, 1.3667458295822144, 0.26348060369491577, 24.98430061340332
1089412, 31, 1.41093111038208, 0.2700945734977722, 25.983930587768555
1089412, 31, 1.460000991821289, 0.27850428223609924, 26.983476638793945
1089412, 31, 1.5305112600326538, 0.2943820059299469, 27.982267379760742
1089412, 31, 1.5767570734024048, 0.3017919957637787, 28.98186492919922
1089412, 31, 1.6208982467651367, 0.3081909418106079, 29.981483459472656
4996894, 32, 0.056111741811037064, 0.010200303047895432, 0.9992665648460388
4996894, 32, 0.11355902254581451, 0.02125949040055275, 1.9985125064849854
4996894, 32, 0.1599561721086502, 0.028691794723272324, 2.9981298446655273
4996894, 32, 0.20907491445541382, 0.036538317799568176, 3.9976229667663574
4996894, 32, 0.2733996510505676, 0.04910542070865631, 4.996479034423828
4996894, 32, 0.32637786865234375, 0.05855218693614006, 5.995878219604492
4996894, 32, 0.3816754221916199, 0.06916914880275726, 6.9953718185424805
4996894, 32, 0.44987714290618896, 0.08446624875068665, 7.994584083557129
4996894, 32, 0.514888346195221, 0.0986839011311531, 8.993879318237305
4996894, 32, 0.5808808207511902, 0.11309733986854553, 9.993157386779785
4996894, 32, 0.648114800453186, 0.1279938519001007, 10.99234390258789
4996894, 32, 0.7187708020210266, 0.1437910944223404, 11.991242408752441
4996894, 32, 0.7957040071487427, 0.16160517930984497, 12.989717483520508
4996894, 32, 0.8729147911071777, 0.17903926968574524, 13.988195419311523
4996894, 32, 0.9270297288894653, 0.18766488134860992, 14.987579345703125
4996894, 32, 0.9622784852981567, 0.1915830373764038, 15.98738956451416
4996894, 32, 0.9983665347099304, 0.1959044486284256, 16.98717498779297
4996894, 32, 1.034785270690918, 0.20038551092147827, 17.98695945739746
4996894, 32, 1.0710469484329224, 0.204618439078331, 18.986740112304688
4996894, 32, 1.1079368591308594, 0.20896542072296143, 19.98650360107422
4996894, 32, 1.1466585397720337, 0.21378904581069946, 20.98621368408203
4996894, 32, 1.184768557548523, 0.21856649219989777, 21.985937118530273
4996894, 32, 1.2281851768493652, 0.22455541789531708, 22.985483169555664
4996894, 32, 1.2690855264663696, 0.23009799420833588, 23.98511505126953
4996894, 32, 1.3080445528030396, 0.23518800735473633, 24.984821319580078
4996894, 32, 1.350589394569397, 0.24131989479064941, 25.984451293945312
4996894, 32, 1.4005088806152344, 0.24952851235866547, 26.983909606933594
4996894, 32, 1.4713919162750244, 0.2653389573097229, 27.982545852661133
4996894, 32, 1.5348591804504395, 0.27806708216667175, 28.98148536682129
4996894, 32, 1.5992684364318848, 0.29189223051071167, 29.98039436340332
1217886, 33, 0.07949316501617432, 0.01922115683555603, 0.9982746243476868
1217886, 33, 0.13811331987380981, 0.03042115457355976, 1.9976670742034912
1217886, 33, 0.197526216506958, 0.041755080223083496, 2.9970688819885254
1217886, 33, 0.25657010078430176, 0.05320657044649124, 3.996485710144043
1217886, 33, 0.3030770719051361, 0.06016163155436516, 4.996026515960693
1217886, 33, 0.34977155923843384, 0.06731001287698746, 5.995611667633057
1217886, 33, 0.40238839387893677, 0.07672207057476044, 6.9951395988464355
1217886, 33, 0.4607991874217987, 0.08837944269180298, 7.994531154632568
1217886, 33, 0.5232961177825928, 0.1009272113442421, 8.993816375732422
1217886, 33, 0.5898855328559875, 0.11473031342029572, 9.992873191833496
1217886, 33, 0.6588220596313477, 0.1291297823190689, 10.991758346557617
1217886, 33, 0.70902019739151, 0.13707539439201355, 11.991255760192871
1217886, 33, 0.7443159818649292, 0.141169935464859, 12.991043090820312
1217886, 33, 0.7880390286445618, 0.1469518542289734, 13.990592956542969
1217886, 33, 0.8367493152618408, 0.15383729338645935, 14.989970207214355
1217886, 33, 0.8775299787521362, 0.15909984707832336, 15.989599227905273
1217886, 33, 0.9160547852516174, 0.16372200846672058, 16.989294052124023
1217886, 33, 0.9591594934463501, 0.16916459798812866, 17.988842010498047
1217886, 33, 1.0090124607086182, 0.1759323626756668, 18.98816680908203
1217886, 33, 1.0621366500854492, 0.1833568513393402, 19.987356185913086
1217886, 33, 1.1056461334228516, 0.18842832744121552, 20.986873626708984
1217886, 33, 1.146531105041504, 0.19288195669651031, 21.986474990844727
1217886, 33, 1.1874687671661377, 0.19739824533462524, 22.986087799072266
1217886, 33, 1.2313511371612549, 0.20274405181407928, 23.985618591308594
1217886, 33, 1.274503469467163, 0.20804303884506226, 24.985157012939453
1217886, 33, 1.3174877166748047, 0.21333558857440948, 25.984697341918945
1217886, 33, 1.3595165014266968, 0.21848508715629578, 26.984289169311523
1217886, 33, 1.4105830192565918, 0.22587813436985016, 27.983558654785156
1217886, 33, 1.4626284837722778, 0.2337612807750702, 28.982765197753906
1217886, 33, 1.5032579898834229, 0.23922555148601532, 29.982345581054688
4820909, 34, 0.11308176070451736, 0.039484910666942596, 0.9955883026123047
4820909, 34, 0.22250890731811523, 0.07471420615911484, 1.9909789562225342
4820909, 34, 0.30022796988487244, 0.09501346200704575, 2.9892661571502686
4820909, 34, 0.3600400984287262, 0.10720463842153549, 3.988363742828369
4820909, 34, 0.44568365812301636, 0.12885436415672302, 4.985827445983887
4820909, 34, 0.5479753017425537, 0.1600973904132843, 5.982128143310547
4820909, 34, 0.659369707107544, 0.19804707169532776, 6.978032112121582
4820909, 34, 0.7594436407089233, 0.22909317910671234, 7.9746809005737305
4820909, 34, 0.8585702776908875, 0.25974467396736145, 8.971693992614746
4820909, 34, 0.9573230743408203, 0.29003825783729553, 9.968623161315918
4820909, 34, 1.0925424098968506, 0.3429366648197174, 10.961691856384277
4820909, 34, 1.2166798114776611, 0.3885529041290283, 11.956137657165527
4820909, 34, 1.3231861591339111, 0.42291945219039917, 12.952486991882324
4820909, 34, 1.4626784324645996, 0.4785917401313782, 13.945024490356445
4820909, 34, 1.5358319282531738, 0.4962354004383087, 14.943564414978027
4820909, 34, 1.613148808479309, 0.5155001282691956, 15.941873550415039
4820909, 34, 1.681057095527649, 0.5290528535842896, 16.940406799316406
4820909, 34, 1.7589943408966064, 0.5458803772926331, 17.938371658325195
4820909, 34, 1.8146370649337769, 0.5561255216598511, 18.937620162963867
4820909, 34, 1.876198172569275, 0.5674887299537659, 19.936548233032227
4820909, 34, 1.9621788263320923, 0.5877628326416016, 20.933917999267578
4820909, 34, 2.0555741786956787, 0.6114680171012878, 21.930673599243164
4820909, 34, 2.1263396739959717, 0.6261332631111145, 22.92894744873047
4820909, 34, 2.182861804962158, 0.6367545127868652, 23.92812728881836
4820909, 34, 2.2541074752807617, 0.6513404846191406, 24.926416397094727
4820909, 34, 2.337909698486328, 0.6705036163330078, 25.923860549926758
4820909, 34, 2.4091622829437256, 0.6855319142341614, 26.922183990478516
4820909, 34, 2.481937885284424, 0.701499879360199, 27.920381546020508
4820909, 34, 2.597644329071045, 0.7360270023345947, 28.915061950683594
4820909, 34, 2.710439682006836, 0.7697017788887024, 29.909954071044922
1221647, 35, 0.0795365571975708, 0.019269833341240883, 0.998271644115448
1221647, 35, 0.13900628685951233, 0.03076169639825821, 1.9976475238800049
1221647, 35, 0.19702091813087463, 0.04163968935608864, 2.9970791339874268
1221647, 35, 0.2562326490879059, 0.05314851179718971, 3.9964890480041504
1221647, 35, 0.3027649223804474, 0.06006627157330513, 4.9960222244262695
1221647, 35, 0.35045626759529114, 0.0675930380821228, 5.995616436004639
1221647, 35, 0.4019724726676941, 0.07662880420684814, 6.995157718658447
1221647, 35, 0.4593593180179596, 0.08788487315177917, 7.994576930999756
1221647, 35, 0.5219205021858215, 0.10045718401670456, 8.99385929107666
1221647, 35, 0.5886006951332092, 0.11431627720594406, 9.992913246154785
1221647, 35, 0.657276451587677, 0.12862230837345123, 10.99180793762207
1221647, 35, 0.702900767326355, 0.13524818420410156, 11.991421699523926
1221647, 35, 0.7382638454437256, 0.1393725425004959, 12.991207122802734
1221647, 35, 0.7818716764450073, 0.14511919021606445, 13.990761756896973
1221647, 35, 0.8307891488075256, 0.1520637720823288, 14.990134239196777
1221647, 35, 0.8715718984603882, 0.15734857320785522, 15.989760398864746
1221647, 35, 0.9101638793945312, 0.1619812250137329, 16.989450454711914
1221647, 35, 0.9534049034118652, 0.16744735836982727, 17.988998413085938
1221647, 35, 1.003244400024414, 0.17421385645866394, 18.98832130432129
1221647, 35, 1.0565781593322754, 0.18169145286083221, 19.987503051757812
1221647, 35, 1.1001336574554443, 0.18675944209098816, 20.98702049255371
1221647, 35, 1.1410431861877441, 0.19121330976486206, 21.986621856689453
1221647, 35, 1.1819449663162231, 0.19569805264472961, 22.986236572265625
1221647, 35, 1.2259142398834229, 0.2010621279478073, 23.985763549804688
1221647, 35, 1.2690625190734863, 0.20636701583862305, 24.985301971435547
1221647, 35, 1.3119791746139526, 0.21165120601654053, 25.984844207763672
1221647, 35, 1.3539581298828125, 0.2168075144290924, 26.984437942504883
1221647, 35, 1.404964566230774, 0.22418422996997833, 27.98370933532715
1221647, 35, 1.45693039894104, 0.23203279078006744, 28.982919692993164
1221647, 35, 1.4978662729263306, 0.237578883767128, 29.98249053955078
5195398, 36, 0.08405192941427231, 0.020439062267541885, 0.9981785416603088
5195398, 36, 0.1670636534690857, 0.040786027908325195, 1.996497392654419
5195398, 36, 0.2493407130241394, 0.06109379976987839, 2.9949417114257812
5195398, 36, 0.32836028933525085, 0.07999575138092041, 3.9936108589172363
5195398, 36, 0.4020053446292877, 0.09687934815883636, 4.992552280426025
5195398, 36, 0.47549858689308167, 0.1136932224035263, 5.991506099700928
5195398, 36, 0.5448719263076782, 0.12870682775974274, 6.990540981292725
5195398, 36, 0.612602949142456, 0.142852321267128, 7.989589691162109
5195398, 36, 0.6870519518852234, 0.15919244289398193, 8.988327980041504
5195398, 36, 0.7390871047973633, 0.16815510392189026, 9.987849235534668
5195398, 36, 0.7785781621932983, 0.17355214059352875, 10.987555503845215
5195398, 36, 0.8189522624015808, 0.17871978878974915, 11.987278938293457
5195398, 36, 0.8914008140563965, 0.19379685819149017, 12.985997200012207
5195398, 36, 0.9659285545349121, 0.20972032845020294, 13.984626770019531
5195398, 36, 1.0227124691009521, 0.21962617337703705, 14.983983039855957
5195398, 36, 1.0575225353240967, 0.2235172837972641, 15.983786582946777
5195398, 36, 1.0946621894836426, 0.22790534794330597, 16.9835205078125
5195398, 36, 1.1298891305923462, 0.23166516423225403, 17.983320236206055
5195398, 36, 1.163679838180542, 0.23498426377773285, 18.983152389526367
5195398, 36, 1.2003017663955688, 0.23861263692378998, 19.982891082763672
5195398, 36, 1.233441710472107, 0.2417600452899933, 20.982723236083984
5195398, 36, 1.2667852640151978, 0.24505086243152618, 21.982542037963867
5195398, 36, 1.301334023475647, 0.24858792126178741, 22.982330322265625
5195398, 36, 1.3362187147140503, 0.2522934079170227, 23.982118606567383
5195398, 36, 1.370456337928772, 0.2558920085430145, 24.981914520263672
5195398, 36, 1.4073572158813477, 0.26003965735435486, 25.98164939880371
5195398, 36, 1.4433132410049438, 0.26397255063056946, 26.981428146362305
5195398, 36, 1.4787802696228027, 0.267787367105484, 27.981220245361328
5195398, 36, 1.5126138925552368, 0.27120542526245117, 28.98103141784668
5195398, 36, 1.5468261241912842, 0.2745879292488098, 29.9808349609375
5007479, 37, 0.08024146407842636, 0.02011369913816452, 0.9983528256416321
5007479, 37, 0.1414376050233841, 0.031935468316078186, 1.997568964958191
5007479, 37, 0.21977275609970093, 0.05138696730136871, 2.9962987899780273
5007479, 37, 0.31861960887908936, 0.0805358737707138, 3.9934988021850586
5007479, 37, 0.4067908525466919, 0.10466431081295013, 4.9918084144592285
5007479, 37, 0.4906395971775055, 0.1268720179796219, 5.990294933319092
5007479, 37, 0.5800973773002625, 0.15181542932987213, 6.988426685333252
5007479, 37, 0.6720374226570129, 0.1781700700521469, 7.986423492431641
5007479, 37, 0.7673206329345703, 0.20581698417663574, 8.984210014343262
5007479, 37, 0.8614518642425537, 0.23277626931667328, 9.982054710388184
5007479, 37, 0.951913595199585, 0.25832056999206543, 10.98016357421875
5007479, 37, 1.0433646440505981, 0.2844943404197693, 11.978184700012207
5007479, 37, 1.1069116592407227, 0.2971002161502838, 12.977232933044434
5007479, 37, 1.1683590412139893, 0.3092636168003082, 13.976425170898438
5007479, 37, 1.2338199615478516, 0.3229616582393646, 14.97547435760498
5007479, 37, 1.300549030303955, 0.3380296528339386, 15.97452163696289
5007479, 37, 1.3738640546798706, 0.35554400086402893, 16.973201751708984
5007479, 37, 1.4418905973434448, 0.37028342485427856, 17.972030639648438
5007479, 37, 1.5022857189178467, 0.382426917552948, 18.971256256103516
5007479, 37, 1.5610482692718506, 0.39360323548316956, 19.970529556274414
5007479, 37, 1.6186975240707397, 0.40427112579345703, 20.969764709472656
5007479, 37, 1.6787768602371216, 0.41527071595191956, 21.968780517578125
5007479, 37, 1.742002010345459, 0.4271824061870575, 22.96757698059082
5007479, 37, 1.8057339191436768, 0.43906906247138977, 23.966333389282227
5007479, 37, 1.876817226409912, 0.45349565148353577, 24.964656829833984
5007479, 37, 1.9574652910232544, 0.47179263830184937, 25.96233367919922
5007479, 37, 2.0414042472839355, 0.49107640981674194, 26.959806442260742
5007479, 37, 2.1204473972320557, 0.507910966873169, 27.957616806030273
5007479, 37, 2.1846344470977783, 0.5206817388534546, 28.956483840942383
5007479, 37, 2.246202230453491, 0.5328976511955261, 29.955543518066406
4431350, 38, 0.050495635718107224, 0.009216279722750187, 0.9994276762008667
4431350, 38, 0.09951238334178925, 0.017618337646126747, 1.9989134073257446
4431350, 38, 0.1499394327402115, 0.026650331914424896, 2.998366594314575
4431350, 38, 0.1985931098461151, 0.03417358547449112, 3.9979300498962402
4431350, 38, 0.2466827630996704, 0.04202069714665413, 4.997472763061523
4431350, 38, 0.2955140471458435, 0.049261197447776794, 5.99701452255249
4431350, 38, 0.3476366698741913, 0.05731458589434624, 6.996452808380127
4431350, 38, 0.4364464581012726, 0.07991742342710495, 7.99420166015625
4431350, 38, 0.5177012085914612, 0.09957757592201233, 8.992536544799805
4431350, 38, 0.6038751006126404, 0.12146157026290894, 9.990510940551758
4431350, 38, 0.7008274793624878, 0.14790132641792297, 10.987566947937012
4431350, 38, 0.8077104091644287, 0.17949381470680237, 11.983685493469238
4431350, 38, 0.9120023250579834, 0.2095225751399994, 12.980040550231934
4431350, 38, 1.0034819841384888, 0.23314663767814636, 13.977468490600586
4431350, 38, 1.1106674671173096, 0.26483216881752014, 14.973538398742676
4431350, 38, 1.1651936769485474, 0.2740190029144287, 15.972838401794434
4431350, 38, 1.2100939750671387, 0.2803977429866791, 16.972415924072266
4431350, 38, 1.2524491548538208, 0.2862805426120758, 17.97209358215332
4431350, 38, 1.293287992477417, 0.29204031825065613, 18.9717960357666
4431350, 38, 1.332887887954712, 0.2973557710647583, 19.97151756286621
4431350, 38, 1.3732805252075195, 0.30275845527648926, 20.971210479736328
4431350, 38, 1.4125639200210571, 0.3079572319984436, 21.97092056274414
4431350, 38, 1.4538755416870117, 0.31312453746795654, 22.970561981201172
4431350, 38, 1.4947543144226074, 0.31834375858306885, 23.970218658447266
4431350, 38, 1.5383461713790894, 0.3239705562591553, 24.969804763793945
4431350, 38, 1.594398021697998, 0.33268046379089355, 25.968914031982422
4431350, 38, 1.6685529947280884, 0.3494966924190521, 26.967172622680664
4431350, 38, 1.7459396123886108, 0.3676358759403229, 27.965160369873047
4431350, 38, 1.8280813694000244, 0.388126015663147, 28.962955474853516
4431350, 38, 1.8833662271499634, 0.39737415313720703, 29.962194442749023
5144366, 39, 0.0737118199467659, 0.017714282497763634, 0.9987465739250183
5144366, 39, 0.12509658932685852, 0.02678186446428299, 1.9980709552764893
5144366, 39, 0.18351130187511444, 0.03839372098445892, 2.9970622062683105
5144366, 39, 0.23840811848640442, 0.048607632517814636, 3.996218681335449
5144366, 39, 0.2910473942756653, 0.0580228716135025, 4.995460510253906
5144366, 39, 0.34006160497665405, 0.06612909585237503, 5.994870185852051
5144366, 39, 0.3897990882396698, 0.07460863143205643, 6.994338035583496
5144366, 39, 0.4491780698299408, 0.0863802433013916, 7.993520259857178
5144366, 39, 0.5287784337997437, 0.10599592328071594, 8.991817474365234
5144366, 39, 0.6044197082519531, 0.12396982312202454, 9.990352630615234
5144366, 39, 0.6771510243415833, 0.14098672568798065, 10.989051818847656
5144366, 39, 0.7504594922065735, 0.15863101184368134, 11.987727165222168
5144366, 39, 0.8266428709030151, 0.17721855640411377, 12.986257553100586
5144366, 39, 0.9041398167610168, 0.19624373316764832, 13.984685897827148
5144366, 39, 0.9499559998512268, 0.2037191092967987, 14.984207153320312
5144366, 39, 0.9927184581756592, 0.21019774675369263, 15.9837646484375
5144366, 39, 1.0352455377578735, 0.2166866809129715, 16.98328971862793
5144366, 39, 1.0825777053833008, 0.2246094048023224, 17.982620239257812
5144366, 39, 1.1290531158447266, 0.23228564858436584, 18.981971740722656
5144366, 39, 1.1777552366256714, 0.24057874083518982, 19.98122215270996
5144366, 39, 1.2209646701812744, 0.24722589552402496, 20.98067855834961
5144366, 39, 1.2642565965652466, 0.2537538707256317, 21.980148315429688
5144366, 39, 1.3090335130691528, 0.2606441080570221, 22.979564666748047
5144366, 39, 1.351538062095642, 0.2669697403907776, 23.979047775268555
5144366, 39, 1.3915858268737793, 0.2726546823978424, 24.978607177734375
5144366, 39, 1.4339845180511475, 0.27888578176498413, 25.97808265686035
5144366, 39, 1.477170705795288, 0.28518247604370117, 26.97757339477539
5144366, 39, 1.5227620601654053, 0.2921716868877411, 27.976993560791016
5144366, 39, 1.566487193107605, 0.2987074851989746, 28.97647476196289
5144366, 39, 1.6101200580596924, 0.30511438846588135, 29.97597885131836
5037673, 40, 0.07467840611934662, 0.018707985058426857, 0.998953640460968
5037673, 40, 0.1498958170413971, 0.037530139088630676, 1.9978208541870117
5037673, 40, 0.23045474290847778, 0.05783102661371231, 2.9963948726654053
5037673, 40, 0.3148052394390106, 0.07959932088851929, 3.994657278060913
5037673, 40, 0.3890666365623474, 0.09729314595460892, 4.993584156036377
5037673, 40, 0.46697497367858887, 0.11646472662687302, 5.992246150970459
5037673, 40, 0.5448731780052185, 0.13545185327529907, 6.990981578826904
5037673, 40, 0.6182210445404053, 0.15278644859790802, 7.98997163772583
5037673, 40, 0.6905462145805359, 0.1696769744157791, 8.9889497756958
5037673, 40, 0.7595353722572327, 0.18512657284736633, 9.988011360168457
5037673, 40, 0.8130707740783691, 0.19505779445171356, 10.98754596710205
5037673, 40, 0.8607621788978577, 0.20229236781597137, 11.987060546875
5037673, 40, 0.9038474559783936, 0.20823295414447784, 12.986709594726562
5037673, 40, 0.9425015449523926, 0.21334919333457947, 13.986465454101562
5037673, 40, 0.984687089920044, 0.21968914568424225, 14.986152648925781
5037673, 40, 1.024024248123169, 0.22500267624855042, 15.985902786254883
5037673, 40, 1.0906474590301514, 0.23939396440982819, 16.98497200012207
5037673, 40, 1.1343528032302856, 0.24562348425388336, 17.984638214111328
5037673, 40, 1.176384687423706, 0.2511931359767914, 18.984312057495117
5037673, 40, 1.217508316040039, 0.2564040422439575, 19.984006881713867
5037673, 40, 1.2547333240509033, 0.26086896657943726, 20.983779907226562
5037673, 40, 1.2921653985977173, 0.2653597891330719, 21.983549118041992
5037673, 40, 1.331217646598816, 0.2700931429862976, 22.983291625976562
5037673, 40, 1.370771884918213, 0.27485355734825134, 23.983013153076172
5037673, 40, 1.407482385635376, 0.27909448742866516, 24.982784271240234
5037673, 40, 1.4476737976074219, 0.2840215861797333, 25.98249626159668
5037673, 40, 1.4860976934432983, 0.28855210542678833, 26.982248306274414
5037673, 40, 1.5307040214538574, 0.29468536376953125, 27.981828689575195
5037673, 40, 1.5732539892196655, 0.3005344569683075, 28.981473922729492
5037673, 40, 1.61480712890625, 0.306255042552948, 29.981138229370117
4766524, 41, 0.09078630059957504, 0.026272229850292206, 0.9978535175323486
4766524, 41, 0.18955130875110626, 0.055557981133461, 1.9950640201568604
4766524, 41, 0.28793081641197205, 0.08455218374729156, 2.9920873641967773
4766524, 41, 0.35693255066871643, 0.09910282492637634, 3.990912914276123
4766524, 41, 0.42287084460258484, 0.11364549398422241, 4.989902019500732
4766524, 41, 0.5279412269592285, 0.1459505558013916, 5.986380100250244
4766524, 41, 0.630732536315918, 0.17718720436096191, 6.983082294464111
4766524, 41, 0.7309340238571167, 0.20777660608291626, 7.9800825119018555
4766524, 41, 0.8282416462898254, 0.23728038370609283, 8.977217674255371
4766524, 41, 0.9252186417579651, 0.2662883400917053, 9.974376678466797
4766524, 41, 0.9922984838485718, 0.2799496352672577, 10.97317886352539
4766524, 41, 1.075765609741211, 0.3014153242111206, 11.971158027648926
4766524, 41, 1.1353548765182495, 0.3124653398990631, 12.970287322998047
4766524, 41, 1.1931452751159668, 0.32311558723449707, 13.969496726989746
4766524, 41, 1.251833200454712, 0.3338353633880615, 14.968682289123535
4766524, 41, 1.3119900226593018, 0.3447904884815216, 15.967787742614746
4766524, 41, 1.3776085376739502, 0.357301265001297, 16.966554641723633
4766524, 41, 1.435152292251587, 0.36714696884155273, 17.96575927734375
4766524, 41, 1.4901268482208252, 0.37631022930145264, 18.96509552001953
4766524, 41, 1.5510636568069458, 0.3864991366863251, 19.96406364440918
4766524, 41, 1.6081116199493408, 0.3956882059574127, 20.9632625579834
4766524, 41, 1.6696984767913818, 0.40602487325668335, 21.962244033813477
4766524, 41, 1.7350208759307861, 0.4175891578197479, 22.96101188659668
4766524, 41, 1.7980087995529175, 0.4287017583847046, 23.959941864013672
4766524, 41, 1.8598315715789795, 0.4399152994155884, 24.958967208862305
4766524, 41, 1.9211517572402954, 0.4516817331314087, 25.95806312561035
4766524, 41, 1.9869091510772705, 0.4643554091453552, 26.956865310668945
4766524, 41, 2.0558221340179443, 0.47912079095840454, 27.955554962158203
4766524, 41, 2.154874563217163, 0.5081073641777039, 28.951980590820312
4766524, 41, 2.257575511932373, 0.5404761433601379, 29.94841766357422
1262475, 42, 0.0794718861579895, 0.019254177808761597, 0.9986027479171753
1262475, 42, 0.15829505026340485, 0.038383543491363525, 1.9972575902938843
1262475, 42, 0.2311476469039917, 0.05570344626903534, 2.9962680339813232
1262475, 42, 0.30503663420677185, 0.07352437824010849, 3.9952361583709717
1262475, 42, 0.3797532916069031, 0.09182114154100418, 4.994145393371582
1262475, 42, 0.45696625113487244, 0.11081968992948532, 5.992884159088135
1262475, 42, 0.5320895314216614, 0.12899793684482574, 6.991766452789307
1262475, 42, 0.603574812412262, 0.14577142894268036, 7.990800380706787
1262475, 42, 0.6761841773986816, 0.1631518006324768, 8.989782333374023
1262475, 42, 0.7468231320381165, 0.17967528104782104, 9.988816261291504
1262475, 42, 0.81806480884552, 0.19598372280597687, 10.9878511428833
1262475, 42, 0.8902994394302368, 0.21225586533546448, 11.986831665039062
1262475, 42, 0.9380484223365784, 0.2201109230518341, 12.986380577087402
1262475, 42, 0.9815940856933594, 0.22642302513122559, 13.9859619140625
1262475, 42, 1.0246310234069824, 0.232771635055542, 14.985532760620117
1262475, 42, 1.0676381587982178, 0.2391997128725052, 15.985090255737305
1262475, 42, 1.1211622953414917, 0.24814653396606445, 16.984264373779297
1262475, 42, 1.1700440645217896, 0.2555476129055023, 17.983606338500977
1262475, 42, 1.2236988544464111, 0.2640291154384613, 18.982755661010742
1262475, 42, 1.2779253721237183, 0.27255505323410034, 19.981863021850586
1262475, 42, 1.3235723972320557, 0.27876266837120056, 20.98126792907715
1262475, 42, 1.3640071153640747, 0.28386786580085754, 21.9808292388916
1262475, 42, 1.4085696935653687, 0.2899773418903351, 22.98025894165039
1262475, 42, 1.4533846378326416, 0.29615169763565063, 23.979686737060547
1262475, 42, 1.4909298419952393, 0.3007674813270569, 24.979341506958008
1262475, 42, 1.5265405178070068, 0.3049376904964447, 25.979063034057617
1262475, 42, 1.5623509883880615, 0.3091354966163635, 26.978784561157227
1262475, 42, 1.5987648963928223, 0.31336674094200134, 27.97850799560547
1262475, 42, 1.641801357269287, 0.31951963901519775, 28.977983474731445
1262475, 42, 1.6820396184921265, 0.3249054551124573, 29.977563858032227
5010602, 43, 0.08243881911039352, 0.022067802026867867, 0.998599648475647
5010602, 43, 0.15808671712875366, 0.04049166291952133, 1.9969382286071777
5010602, 43, 0.2258935570716858, 0.05531344190239906, 2.9955461025238037
5010602, 43, 0.28971588611602783, 0.06843309104442596, 3.994372606277466
5010602, 43, 0.3506366014480591, 0.08044109493494034, 4.993393898010254
5010602, 43, 0.4361940324306488, 0.10310029238462448, 5.991716384887695
5010602, 43, 0.5231559872627258, 0.12642280757427216, 6.989879131317139
5010602, 43, 0.6111472249031067, 0.15011830627918243, 7.987917423248291
5010602, 43, 0.7030209302902222, 0.17575418949127197, 8.985701560974121
5010602, 43, 0.7630813717842102, 0.18748483061790466, 9.984853744506836
5010602, 43, 0.8168699145317078, 0.19700205326080322, 10.984200477600098
5010602, 43, 0.8711227774620056, 0.20689159631729126, 11.983525276184082
5010602, 43, 0.9247189164161682, 0.216529980301857, 12.982902526855469
5010602, 43, 0.9795843362808228, 0.22622045874595642, 13.982245445251465
5010602, 43, 1.0372377634048462, 0.23667685687541962, 14.98145580291748
5010602, 43, 1.099912405014038, 0.24877837300300598, 15.980437278747559
5010602, 43, 1.1658438444137573, 0.2621246874332428, 16.97921371459961
5010602, 43, 1.2199393510818481, 0.27146753668785095, 17.97848129272461
5010602, 43, 1.2731566429138184, 0.28032782673835754, 18.977781295776367
5010602, 43, 1.331836462020874, 0.29084670543670654, 19.976823806762695
5010602, 43, 1.384790301322937, 0.29951998591423035, 20.976091384887695
5010602, 43, 1.433401346206665, 0.3071083128452301, 21.975509643554688
5010602, 43, 1.4858052730560303, 0.3160284757614136, 22.974756240844727
5010602, 43, 1.535444974899292, 0.3241164982318878, 23.974124908447266
5010602, 43, 1.5824986696243286, 0.3310389518737793, 24.973634719848633
5010602, 43, 1.6307179927825928, 0.3384583592414856, 25.97308921813965
5010602, 43, 1.687186360359192, 0.34891214966773987, 26.9721622467041
5010602, 43, 1.745386004447937, 0.3603733479976654, 27.971145629882812
5010602, 43, 1.8015316724777222, 0.36991995573043823, 28.970294952392578
5010602, 43, 1.865286946296692, 0.3809933364391327, 29.969074249267578
4961513, 44, 0.05599815770983696, 0.010834867134690285, 0.9991859197616577
4961513, 44, 0.1177586019039154, 0.023521268740296364, 1.9981167316436768
4961513, 44, 0.16035786271095276, 0.02955571375787258, 2.9977643489837646
4961513, 44, 0.20443543791770935, 0.035786740481853485, 3.997401714324951
4961513, 44, 0.24890664219856262, 0.04244145750999451, 4.997012615203857
4961513, 44, 0.296424001455307, 0.050107505172491074, 5.996545791625977
4961513, 44, 0.3401978313922882, 0.05643124133348465, 6.996207237243652
4961513, 44, 0.3918588161468506, 0.06528426706790924, 7.995673656463623
4961513, 44, 0.4496750831604004, 0.07664086669683456, 8.994986534118652
4961513, 44, 0.5199966430664062, 0.09274724125862122, 9.993988990783691
4961513, 44, 0.5899187326431274, 0.10890820622444153, 10.992995262145996
4961513, 44, 0.6720038056373596, 0.1292644888162613, 11.991192817687988
4961513, 44, 0.7665085196495056, 0.15493080019950867, 12.98843765258789
4961513, 44, 0.8476571440696716, 0.17443357408046722, 13.9866361618042
4961513, 44, 0.9313780069351196, 0.19491368532180786, 14.98455810546875
4961513, 44, 1.01016366481781, 0.21321040391921997, 15.98283576965332
4961513, 44, 1.0904103517532349, 0.23237434029579163, 16.980979919433594
4961513, 44, 1.161166787147522, 0.2477927803993225, 17.979679107666016
4961513, 44, 1.2446458339691162, 0.2683558464050293, 18.977550506591797
4961513, 44, 1.2880693674087524, 0.2744075059890747, 19.977153778076172
4961513, 44, 1.3267414569854736, 0.2788592576980591, 20.976835250854492
4961513, 44, 1.362449288368225, 0.28291141986846924, 21.976608276367188
4961513, 44, 1.396953821182251, 0.2866579592227936, 22.976408004760742
4961513, 44, 1.4319355487823486, 0.29051077365875244, 23.9761962890625
4961513, 44, 1.4686200618743896, 0.2946344316005707, 24.975942611694336
4961513, 44, 1.5040562152862549, 0.29846176505088806, 25.975725173950195
4961513, 44, 1.5420771837234497, 0.3027186989784241, 26.975427627563477
4961513, 44, 1.5821869373321533, 0.30739980936050415, 27.97507095336914
4961513, 44, 1.6344425678253174, 0.3158275783061981, 28.97437286376953
4961513, 44, 1.685875415802002, 0.3243984282016754, 29.973730087280273
5059948, 45, 0.049486156553030014, 0.007694339845329523, 0.999417781829834
5059948, 45, 0.0990980714559555, 0.015650469809770584, 1.998816728591919
5059948, 45, 0.1442059874534607, 0.022342003881931305, 2.9983785152435303
5059948, 45, 0.19643151760101318, 0.03105916455388069, 3.9976987838745117
5059948, 45, 0.261115163564682, 0.042833857238292694, 4.9965057373046875
5059948, 45, 0.3444475829601288, 0.06263690441846848, 5.994380950927734
5059948, 45, 0.4459213614463806, 0.0912318080663681, 6.991227626800537
5059948, 45, 0.5348324179649353, 0.11337646842002869, 7.989106178283691
5059948, 45, 0.6214518547058105, 0.13503628969192505, 8.987037658691406
5059948, 45, 0.7050666213035583, 0.15574410557746887, 9.985167503356934
5059948, 45, 0.79392009973526, 0.17855854332447052, 10.982909202575684
5059948, 45, 0.8379835486412048, 0.18527503311634064, 11.982550621032715
5059948, 45, 0.8763748407363892, 0.18990565836429596, 12.98228931427002
5059948, 45, 0.9157247543334961, 0.19472748041152954, 13.981978416442871
5059948, 45, 0.9612959623336792, 0.20087216794490814, 14.98148250579834
5059948, 45, 1.000177025794983, 0.2055455446243286, 15.981189727783203
5059948, 45, 1.045306921005249, 0.21159285306930542, 16.980709075927734
5059948, 45, 1.094854712486267, 0.21860569715499878, 17.980066299438477
5059948, 45, 1.1398528814315796, 0.22452230751514435, 18.979568481445312
5059948, 45, 1.1858946084976196, 0.23075638711452484, 19.979026794433594
5059948, 45, 1.2194567918777466, 0.23443852365016937, 20.978818893432617
5059948, 45, 1.2525147199630737, 0.2378806322813034, 21.97863006591797
5059948, 45, 1.2881534099578857, 0.2419710010290146, 22.978378295898438
5059948, 45, 1.3214565515518188, 0.24559442698955536, 23.97816276550293
5059948, 45, 1.3548593521118164, 0.24908366799354553, 24.977949142456055
5059948, 45, 1.3961982727050781, 0.2542518675327301, 25.977540969848633
5059948, 45, 1.4328738451004028, 0.258456289768219, 26.97727394104004
5059948, 45, 1.4730300903320312, 0.2634545564651489, 27.97691535949707
5059948, 45, 1.51249098777771, 0.26856672763824463, 28.9765567779541
5059948, 45, 1.553667664527893, 0.2742975652217865, 29.976139068603516
4855738, 46, 0.050620753318071365, 0.008761556819081306, 0.9994237422943115
4855738, 46, 0.10351543873548508, 0.01841409131884575, 1.9987932443618774
4855738, 46, 0.16015766561031342, 0.02945617586374283, 2.9979147911071777
4855738, 46, 0.22018079459667206, 0.042042046785354614, 3.996846914291382
4855738, 46, 0.2766956090927124, 0.053104959428310394, 4.99595832824707
4855738, 46, 0.3351500928401947, 0.06489904224872589, 5.995024681091309
4855738, 46, 0.39129355549812317, 0.07605724036693573, 6.994203567504883
4855738, 46, 0.46622514724731445, 0.09368256479501724, 7.993124008178711
4855738, 46, 0.5332399010658264, 0.10974143445491791, 8.992268562316895
4855738, 46, 0.600149393081665, 0.1252257376909256, 9.991432189941406
4855738, 46, 0.6615074276924133, 0.13848063349723816, 10.990742683410645
4855738, 46, 0.7317591309547424, 0.15536458790302277, 11.989825248718262
4855738, 46, 0.8066644072532654, 0.17273136973381042, 12.988692283630371
4855738, 46, 0.8802796602249146, 0.18938513100147247, 13.987584114074707
4855738, 46, 0.9512208104133606, 0.20552630722522736, 14.986504554748535
4855738, 46, 1.0123510360717773, 0.21817143261432648, 15.98573112487793
4855738, 46, 1.0751421451568604, 0.23127254843711853, 16.984935760498047
4855738, 46, 1.1330903768539429, 0.2430509477853775, 17.984264373779297
4855738, 46, 1.1867643594741821, 0.25334039330482483, 18.983705520629883
4855738, 46, 1.240473747253418, 0.26225805282592773, 19.982940673828125
4855738, 46, 1.2907989025115967, 0.27009135484695435, 20.982269287109375
4855738, 46, 1.3451323509216309, 0.27895885705947876, 21.981420516967773
4855738, 46, 1.3943870067596436, 0.2862947881221771, 22.98078155517578
4855738, 46, 1.4394508600234985, 0.292389452457428, 23.980289459228516
4855738, 46, 1.4877697229385376, 0.29951581358909607, 24.979713439941406
4855738, 46, 1.5276591777801514, 0.3047323524951935, 25.979379653930664
4855738, 46, 1.5677719116210938, 0.31002235412597656, 26.979047775268555
4855738, 46, 1.6141557693481445, 0.31698739528656006, 27.97850227355957
4855738, 46, 1.6602141857147217, 0.3239489793777466, 28.977956771850586
4855738, 46, 1.7053534984588623, 0.330758661031723, 29.977462768554688
