Case_ID, Slide_ID, mae, mse, ssim
5266205, 1, 0.08411716669797897, 0.026246855035424232, 0.9984272122383118
5266205, 1, 0.16491174697875977, 0.049984849989414215, 1.9970778226852417
5266205, 1, 0.24465134739875793, 0.07291947305202484, 2.9958302974700928
5266205, 1, 0.33043110370635986, 0.10008610039949417, 3.9941186904907227
5266205, 1, 0.42828312516212463, 0.13873395323753357, 4.9906792640686035
5266205, 1, 0.5319560766220093, 0.18159028887748718, 5.9866743087768555
5266205, 1, 0.6334721446037292, 0.22167852520942688, 6.983133316040039
5266205, 1, 0.7323510050773621, 0.26001623272895813, 7.97971773147583
5266205, 1, 0.8338668346405029, 0.30055859684944153, 8.9758939743042
5266205, 1, 0.9398144483566284, 0.3453185260295868, 9.971416473388672
5266205, 1, 1.0367131233215332, 0.3811390995979309, 10.968317985534668
5266205, 1, 1.124127984046936, 0.4088860750198364, 11.966423034667969
5266205, 1, 1.2141244411468506, 0.4378654360771179, 12.964456558227539
5266205, 1, 1.2672199010849, 0.44770583510398865, 13.96357250213623
5266205, 1, 1.3041596412658691, 0.4525600075721741, 14.963233947753906
5266205, 1, 1.342575192451477, 0.45760613679885864, 15.962881088256836
5266205, 1, 1.4313018321990967, 0.48568540811538696, 16.960662841796875
5266205, 1, 1.4827336072921753, 0.4950222074985504, 17.959819793701172
5266205, 1, 1.5726879835128784, 0.5232281684875488, 18.957763671875
5266205, 1, 1.654561161994934, 0.5486346483230591, 19.955623626708984
5266205, 1, 1.7419483661651611, 0.5766441822052002, 20.953351974487305
5266205, 1, 1.8351762294769287, 0.6094791889190674, 21.9503116607666
5266205, 1, 1.9235445261001587, 0.6380164623260498, 22.947965621948242
5266205, 1, 2.0052380561828613, 0.6619260907173157, 23.946380615234375
5266205, 1, 2.091691255569458, 0.6891677975654602, 24.944272994995117
5266205, 1, 2.176758289337158, 0.7152262330055237, 25.94231605529785
5266205, 1, 2.287414073944092, 0.7641300559043884, 26.936859130859375
5266205, 1, 2.3743772506713867, 0.7923709750175476, 27.93465232849121
5266205, 1, 2.467351198196411, 0.8257731199264526, 28.931705474853516
5266205, 1, 2.549934148788452, 0.8500803112983704, 29.930091857910156
5110047, 2, 0.07775026559829712, 0.023095492273569107, 0.9985976219177246
5110047, 2, 0.1566188931465149, 0.04677124321460724, 1.9971661567687988
5110047, 2, 0.2360401153564453, 0.07058203965425491, 2.9956915378570557
5110047, 2, 0.31676122546195984, 0.09516865015029907, 3.9941346645355225
5110047, 2, 0.3850920498371124, 0.11326045542955399, 4.993037223815918
5110047, 2, 0.46687066555023193, 0.13849875330924988, 5.991410255432129
5110047, 2, 0.5487850308418274, 0.1639581024646759, 6.989696025848389
5110047, 2, 0.6354116797447205, 0.19286508858203888, 7.98744010925293
5110047, 2, 0.7198078632354736, 0.21977801620960236, 8.98541259765625
5110047, 2, 0.7987287044525146, 0.24296072125434875, 9.984027862548828
5110047, 2, 0.8392519354820251, 0.2489132583141327, 10.983553886413574
5110047, 2, 0.8793168067932129, 0.2547038197517395, 11.983132362365723
5110047, 2, 0.9196051359176636, 0.26076972484588623, 12.982704162597656
5110047, 2, 0.9605507254600525, 0.26722463965415955, 13.98224925994873
5110047, 2, 0.9980983734130859, 0.27264103293418884, 14.981908798217773
5110047, 2, 1.036171555519104, 0.27791157364845276, 15.98155689239502
5110047, 2, 1.0808202028274536, 0.2856164276599884, 16.980998992919922
5110047, 2, 1.1239699125289917, 0.2921311557292938, 17.980480194091797
5110047, 2, 1.1649470329284668, 0.2981647849082947, 18.980045318603516
5110047, 2, 1.2081472873687744, 0.30505263805389404, 19.97948455810547
5110047, 2, 1.249582052230835, 0.3110160529613495, 20.978992462158203
5110047, 2, 1.3334691524505615, 0.3395555317401886, 21.976499557495117
5110047, 2, 1.4156861305236816, 0.3662584722042084, 22.97435760498047
5110047, 2, 1.4519644975662231, 0.37109482288360596, 23.97405242919922
5110047, 2, 1.485662817955017, 0.3754418194293976, 24.97379493713379
5110047, 2, 1.5177974700927734, 0.3793320059776306, 25.97357177734375
5110047, 2, 1.5549236536026, 0.3847093880176544, 26.973228454589844
5110047, 2, 1.6360098123550415, 0.408878892660141, 27.971738815307617
5110047, 2, 1.7159602642059326, 0.43251389265060425, 28.97028160095215
5110047, 2, 1.794668436050415, 0.4558688700199127, 29.96889305114746
4954663, 3, 0.08868250995874405, 0.031258147209882736, 0.9977148175239563
4954663, 3, 0.13098639249801636, 0.038394227623939514, 1.9971400499343872
4954663, 3, 0.17029398679733276, 0.04508465901017189, 2.996767997741699
4954663, 3, 0.26269179582595825, 0.07714623957872391, 3.994621992111206
4954663, 3, 0.35148704051971436, 0.10663080215454102, 4.992840766906738
4954663, 3, 0.44008976221084595, 0.136240154504776, 5.99103307723999
4954663, 3, 0.5292255282402039, 0.16585330665111542, 6.989319801330566
4954663, 3, 0.6210615038871765, 0.19778913259506226, 7.987218379974365
4954663, 3, 0.7142442464828491, 0.23138025403022766, 8.984862327575684
4954663, 3, 0.807030200958252, 0.2637293040752411, 9.982806205749512
4954663, 3, 0.896292507648468, 0.2931499183177948, 10.981063842773438
4954663, 3, 0.9856835007667542, 0.32292747497558594, 11.979150772094727
4954663, 3, 1.073289394378662, 0.3518233001232147, 12.977213859558105
4954663, 3, 1.165120244026184, 0.38403788208961487, 13.974748611450195
4954663, 3, 1.2571542263031006, 0.41612449288368225, 14.972368240356445
4954663, 3, 1.3502938747406006, 0.4497396647930145, 15.969642639160156
4954663, 3, 1.4441128969192505, 0.48447322845458984, 16.96682357788086
4954663, 3, 1.5375982522964478, 0.5182915329933167, 17.96426010131836
4954663, 3, 1.6252148151397705, 0.5475389361381531, 18.962060928344727
4954663, 3, 1.7162575721740723, 0.5791653990745544, 19.959592819213867
4954663, 3, 1.8085857629776, 0.6129093170166016, 20.956933975219727
4954663, 3, 1.900552749633789, 0.6459038257598877, 21.95436668395996
4954663, 3, 1.991148829460144, 0.6772598624229431, 22.95215606689453
4954663, 3, 2.0744504928588867, 0.7037242650985718, 23.950441360473633
4954663, 3, 2.165037155151367, 0.7350229620933533, 24.94805335998535
4954663, 3, 2.2543370723724365, 0.764991819858551, 25.94601058959961
4954663, 3, 2.344726085662842, 0.7962427139282227, 26.94377326965332
4954663, 3, 2.435854196548462, 0.828400194644928, 27.941415786743164
4954663, 3, 2.5301225185394287, 0.8640450239181519, 28.9386043548584
4954663, 3, 2.6190030574798584, 0.8947576880455017, 29.936620712280273
4899760, 4, 0.10767993330955505, 0.04664536565542221, 0.995969831943512
4899760, 4, 0.2064456045627594, 0.08343817293643951, 1.9936249256134033
4899760, 4, 0.303133487701416, 0.11910390853881836, 2.991283893585205
4899760, 4, 0.4005316197872162, 0.1548076719045639, 3.9888916015625
4899760, 4, 0.492308646440506, 0.18701346218585968, 4.986783504486084
4899760, 4, 0.5824925303459167, 0.21709983050823212, 5.984888553619385
4899760, 4, 0.6767866611480713, 0.249942347407341, 6.982645511627197
4899760, 4, 0.7165306210517883, 0.2553427219390869, 7.982263088226318
4899760, 4, 0.7542974948883057, 0.2607530355453491, 8.981884002685547
4899760, 4, 0.790678083896637, 0.2658652663230896, 9.981529235839844
4899760, 4, 0.8274682760238647, 0.2710999548435211, 10.981161117553711
4899760, 4, 0.916110634803772, 0.300959050655365, 11.9789400100708
4899760, 4, 1.0116262435913086, 0.3350353240966797, 12.976378440856934
4899760, 4, 1.0821281671524048, 0.3545946478843689, 13.974756240844727
4899760, 4, 1.1601003408432007, 0.3784942626953125, 14.972699165344238
4899760, 4, 1.20834219455719, 0.3868681490421295, 15.972037315368652
4899760, 4, 1.2563356161117554, 0.39508235454559326, 16.971471786499023
4899760, 4, 1.308215856552124, 0.40458375215530396, 17.97078514099121
4899760, 4, 1.3878103494644165, 0.4294750690460205, 18.968652725219727
4899760, 4, 1.4332245588302612, 0.4369855523109436, 19.968154907226562
4899760, 4, 1.474348545074463, 0.44292086362838745, 20.967790603637695
4899760, 4, 1.5151605606079102, 0.44885367155075073, 21.96741485595703
4899760, 4, 1.55601167678833, 0.4547281265258789, 22.967010498046875
4899760, 4, 1.5993571281433105, 0.4615880846977234, 23.966489791870117
4899760, 4, 1.6402641534805298, 0.4677513837814331, 24.966041564941406
4899760, 4, 1.7018322944641113, 0.48185616731643677, 25.965036392211914
4899760, 4, 1.7476763725280762, 0.4892027974128723, 26.96449089050293
4899760, 4, 1.8440454006195068, 0.5234002470970154, 27.962045669555664
4899760, 4, 1.9418965578079224, 0.5593875646591187, 28.95935821533203
4899760, 4, 2.0406105518341064, 0.5963510274887085, 29.956525802612305
5262914_2, 5, 0.11300073564052582, 0.05483580008149147, 0.9941556453704834
5262914_2, 5, 0.1987011730670929, 0.0834122747182846, 1.9922970533370972
5262914_2, 5, 0.28367382287979126, 0.11197102069854736, 2.9903805255889893
5262914_2, 5, 0.39320942759513855, 0.16359058022499084, 3.9849414825439453
5262914_2, 5, 0.5059952735900879, 0.21655020117759705, 4.979546070098877
5262914_2, 5, 0.6243026852607727, 0.2752388119697571, 5.973389148712158
5262914_2, 5, 0.6966663002967834, 0.29485616087913513, 6.970879077911377
5262914_2, 5, 0.7367545366287231, 0.30075475573539734, 7.9704508781433105
5262914_2, 5, 0.7761291265487671, 0.3065212666988373, 8.97004508972168
5262914_2, 5, 0.8632851243019104, 0.33564165234565735, 9.968009948730469
5262914_2, 5, 0.9617708921432495, 0.37405818700790405, 10.964401245117188
5262914_2, 5, 1.0563313961029053, 0.40911975502967834, 11.961426734924316
5262914_2, 5, 1.1517857313156128, 0.44529837369918823, 12.95838451385498
5262914_2, 5, 1.2403331995010376, 0.4756222367286682, 13.956438064575195
5262914_2, 5, 1.3332133293151855, 0.5086753368377686, 14.95425796508789
5262914_2, 5, 1.4266769886016846, 0.5419613718986511, 15.952011108398438
5262914_2, 5, 1.4779397249221802, 0.5514093637466431, 16.951324462890625
5262914_2, 5, 1.5324528217315674, 0.5623669028282166, 17.950504302978516
5262914_2, 5, 1.583362340927124, 0.5717785358428955, 18.949581146240234
5262914_2, 5, 1.6833534240722656, 0.6109926700592041, 19.946260452270508
5262914_2, 5, 1.777616024017334, 0.6461262702941895, 20.943805694580078
5262914_2, 5, 1.8712668418884277, 0.6799132227897644, 21.941425323486328
5262914_2, 5, 1.9628578424453735, 0.7121636271476746, 22.939090728759766
5262914_2, 5, 2.0587565898895264, 0.748400866985321, 23.93596076965332
5262914_2, 5, 2.150876998901367, 0.7812991142272949, 24.93335723876953
5262914_2, 5, 2.2407469749450684, 0.8120431900024414, 25.931224822998047
5262914_2, 5, 2.2801690101623535, 0.8182411193847656, 26.930866241455078
5262914_2, 5, 2.319197177886963, 0.8239723443984985, 27.930524826049805
5262914_2, 5, 2.4126124382019043, 0.8574550151824951, 28.92822265625
5262914_2, 5, 2.505380868911743, 0.8903505206108093, 29.92607307434082
5216902, 6, 0.09017445892095566, 0.03005349263548851, 0.9981415271759033
5216902, 6, 0.1773383468389511, 0.05761837214231491, 1.996462106704712
5216902, 6, 0.26608964800834656, 0.08589095622301102, 2.9947643280029297
5216902, 6, 0.3545079827308655, 0.114468514919281, 3.9929685592651367
5216902, 6, 0.44466182589530945, 0.14453953504562378, 4.990956783294678
5216902, 6, 0.5358969569206238, 0.17536725103855133, 5.9888596534729
5216902, 6, 0.6208134889602661, 0.20166225731372833, 6.987218856811523
5216902, 6, 0.7028856873512268, 0.22585132718086243, 7.985802173614502
5216902, 6, 0.7875487804412842, 0.25162163376808167, 8.984331130981445
5216902, 6, 0.8764583468437195, 0.28022944927215576, 9.982648849487305
5216902, 6, 0.9070145487785339, 0.2833808660507202, 10.982471466064453
5216902, 6, 0.96647047996521, 0.2961694300174713, 11.981733322143555
5216902, 6, 1.0052402019500732, 0.3013562262058258, 12.981330871582031
5216902, 6, 1.0478456020355225, 0.3076646029949188, 13.98083209991455
5216902, 6, 1.1135975122451782, 0.32316845655441284, 14.979887008666992
5216902, 6, 1.198094367980957, 0.3491125702857971, 15.97819995880127
5216902, 6, 1.2356421947479248, 0.3541339933872223, 16.977876663208008
5216902, 6, 1.326629638671875, 0.38587355613708496, 17.975444793701172
5216902, 6, 1.4138331413269043, 0.4156413674354553, 18.97313117980957
5216902, 6, 1.500620722770691, 0.44384533166885376, 19.971155166625977
5216902, 6, 1.5899125337600708, 0.47405898571014404, 20.968870162963867
5216902, 6, 1.6839860677719116, 0.5069334506988525, 21.966249465942383
5216902, 6, 1.770833969116211, 0.5353361964225769, 22.964216232299805
5216902, 6, 1.8567490577697754, 0.5621770024299622, 23.962482452392578
5216902, 6, 1.8962043523788452, 0.567840576171875, 24.962064743041992
5216902, 6, 1.930029273033142, 0.5719038844108582, 25.961816787719727
5216902, 6, 1.9630005359649658, 0.5759572386741638, 26.961570739746094
5216902, 6, 2.0000038146972656, 0.5805283188819885, 27.96122932434082
5216902, 6, 2.0875234603881836, 0.6079878807067871, 28.959585189819336
5216902, 6, 2.175142765045166, 0.6362664103507996, 29.95775032043457
5032506, 7, 0.07976620644330978, 0.022690102458000183, 0.9987038969993591
5032506, 7, 0.16094571352005005, 0.045912276953458786, 1.9973881244659424
5032506, 7, 0.2443302720785141, 0.07024169713258743, 2.995905876159668
5032506, 7, 0.3254142105579376, 0.09316560626029968, 3.9945626258850098
5032506, 7, 0.4081520438194275, 0.11659236252307892, 4.9932098388671875
5032506, 7, 0.4940966069698334, 0.14240704476833344, 5.9916253089904785
5032506, 7, 0.5779786109924316, 0.16677841544151306, 6.990138053894043
5032506, 7, 0.6598859429359436, 0.1900804489850998, 7.988816738128662
5032506, 7, 0.7435567378997803, 0.21446602046489716, 8.98740291595459
5032506, 7, 0.8277710676193237, 0.23917147517204285, 9.985954284667969
5032506, 7, 0.9095417857170105, 0.26316142082214355, 10.984570503234863
5032506, 7, 0.991909921169281, 0.2870992422103882, 11.98314094543457
5032506, 7, 1.0746700763702393, 0.31071433424949646, 12.981691360473633
5032506, 7, 1.1578741073608398, 0.33472830057144165, 13.980162620544434
5032506, 7, 1.2069932222366333, 0.34261783957481384, 14.97941780090332
5032506, 7, 1.246593952178955, 0.34806522727012634, 15.9789457321167
5032506, 7, 1.2860411405563354, 0.35366716980934143, 16.978466033935547
5032506, 7, 1.3294042348861694, 0.3603189289569855, 17.977848052978516
5032506, 7, 1.379705548286438, 0.36943817138671875, 18.9771671295166
5032506, 7, 1.4284720420837402, 0.37798765301704407, 19.97645378112793
5032506, 7, 1.472717523574829, 0.3850700557231903, 20.97575569152832
5032506, 7, 1.5545520782470703, 0.40871143341064453, 21.97419548034668
5032506, 7, 1.635061264038086, 0.43166616559028625, 22.972759246826172
5032506, 7, 1.6905391216278076, 0.4423907697200775, 23.971961975097656
5032506, 7, 1.7423514127731323, 0.4512665569782257, 24.971134185791016
5032506, 7, 1.786164402961731, 0.4575566351413727, 25.970523834228516
5032506, 7, 1.8317478895187378, 0.46428394317626953, 26.969852447509766
5032506, 7, 1.9137039184570312, 0.4876507818698883, 27.968509674072266
5032506, 7, 1.9970115423202515, 0.5113420486450195, 28.96713638305664
5032506, 7, 2.0804829597473145, 0.535642683506012, 29.965669631958008
4862367, 8, 0.09016890078783035, 0.03209812566637993, 0.9974752068519592
4862367, 8, 0.17351295053958893, 0.05901060998439789, 1.995784878730774
4862367, 8, 0.25830990076065063, 0.08689751476049423, 2.993985652923584
4862367, 8, 0.3487989008426666, 0.11852190643548965, 3.9917354583740234
4862367, 8, 0.43656426668167114, 0.14795908331871033, 4.989863395690918
4862367, 8, 0.5244317054748535, 0.17709340155124664, 5.988000869750977
4862367, 8, 0.6159582734107971, 0.20938730239868164, 6.9856414794921875
4862367, 8, 0.7021828889846802, 0.23719522356987, 7.984021186828613
4862367, 8, 0.7416024804115295, 0.24323490262031555, 8.983673095703125
4862367, 8, 0.7758064866065979, 0.24770912528038025, 9.983389854431152
4862367, 8, 0.8142980337142944, 0.2534269690513611, 10.983059883117676
4862367, 8, 0.872530460357666, 0.26682737469673157, 11.982233047485352
4862367, 8, 0.9117326140403748, 0.2726035416126251, 12.981921195983887
4862367, 8, 0.9471274614334106, 0.27728283405303955, 13.981651306152344
4862367, 8, 0.9851670265197754, 0.28259143233299255, 14.98136043548584
4862367, 8, 1.0255565643310547, 0.2884833514690399, 15.98098087310791
4862367, 8, 1.1178606748580933, 0.3215043246746063, 16.978391647338867
4862367, 8, 1.2083337306976318, 0.3536931276321411, 17.975698471069336
4862367, 8, 1.2938106060028076, 0.38186830282211304, 18.973249435424805
4862367, 8, 1.3337233066558838, 0.3872624933719635, 19.972871780395508
4862367, 8, 1.37589693069458, 0.39378467202186584, 20.97247314453125
4862367, 8, 1.4666664600372314, 0.4244404137134552, 21.97003746032715
4862367, 8, 1.5156371593475342, 0.4336918592453003, 22.96940803527832
4862367, 8, 1.5520052909851074, 0.4385262131690979, 23.969152450561523
4862367, 8, 1.585150957107544, 0.4426400661468506, 24.968921661376953
4862367, 8, 1.624822735786438, 0.448106050491333, 25.968547821044922
4862367, 8, 1.6590123176574707, 0.45231202244758606, 26.968320846557617
4862367, 8, 1.6917755603790283, 0.4562276005744934, 27.968103408813477
4862367, 8, 1.7824465036392212, 0.4862690269947052, 28.966136932373047
4862367, 8, 1.8710367679595947, 0.515919029712677, 29.96410369873047
1144246, 9, 0.0948791354894638, 0.03137548267841339, 0.9978379011154175
1144246, 9, 0.1927242875099182, 0.06369984149932861, 1.9956114292144775
1144246, 9, 0.2917143702507019, 0.09598702937364578, 2.993506908416748
1144246, 9, 0.39072319865226746, 0.12848517298698425, 3.991396903991699
1144246, 9, 0.4909602403640747, 0.16250623762607574, 4.988985061645508
1144246, 9, 0.5913437008857727, 0.1975359320640564, 5.986186504364014
1144246, 9, 0.6916940212249756, 0.23310168087482452, 6.98322057723999
1144246, 9, 0.7947927713394165, 0.27084478735923767, 7.9800519943237305
1144246, 9, 0.8971443176269531, 0.3082379698753357, 8.977071762084961
1144246, 9, 0.9993063807487488, 0.34616580605506897, 9.973916053771973
1144246, 9, 1.1000096797943115, 0.3838428854942322, 10.970627784729004
1144246, 9, 1.1576993465423584, 0.39654940366744995, 11.969512939453125
1144246, 9, 1.206150770187378, 0.40551814436912537, 12.96870231628418
1144246, 9, 1.24993896484375, 0.4126344621181488, 13.968016624450684
1144246, 9, 1.293411374092102, 0.419547975063324, 14.967338562011719
1144246, 9, 1.3367964029312134, 0.42634275555610657, 15.966641426086426
1144246, 9, 1.3803719282150269, 0.4329617917537689, 16.96595001220703
1144246, 9, 1.4339306354522705, 0.44262978434562683, 17.96505355834961
1144246, 9, 1.484061598777771, 0.45059674978256226, 18.96426010131836
1144246, 9, 1.5627344846725464, 0.4691174626350403, 19.961875915527344
1144246, 9, 1.632522702217102, 0.4844209551811218, 20.959989547729492
1144246, 9, 1.6981161832809448, 0.4989408552646637, 21.958253860473633
1144246, 9, 1.753279447555542, 0.5100272297859192, 22.957012176513672
1144246, 9, 1.7997500896453857, 0.5181016325950623, 23.9561767578125
1144246, 9, 1.8574903011322021, 0.5299662947654724, 24.955097198486328
1144246, 9, 1.9520950317382812, 0.5615894794464111, 25.952518463134766
1144246, 9, 2.0300047397613525, 0.5832841992378235, 26.950788497924805
1144246, 9, 2.069786548614502, 0.5888041257858276, 27.950313568115234
1144246, 9, 2.165653705596924, 0.6200031638145447, 28.947978973388672
1144246, 9, 2.263955593109131, 0.6529029607772827, 29.94551658630371
4841237, 10, 0.07844366878271103, 0.023061733692884445, 0.9985847473144531
4841237, 10, 0.17118024826049805, 0.05611534044146538, 1.9959449768066406
4841237, 10, 0.2772400677204132, 0.10134382545948029, 2.9914066791534424
4841237, 10, 0.3350384831428528, 0.1146351620554924, 3.989952802658081
4841237, 10, 0.37065112590789795, 0.11941049993038177, 4.989655017852783
4841237, 10, 0.40952831506729126, 0.12502925097942352, 5.989272117614746
4841237, 10, 0.4646768569946289, 0.1368052065372467, 6.988492965698242
4841237, 10, 0.5237969160079956, 0.15045131742954254, 7.987632751464844
4841237, 10, 0.6098145246505737, 0.17831361293792725, 8.985527038574219
4841237, 10, 0.699567973613739, 0.2072267383337021, 9.983392715454102
4841237, 10, 0.7338812947273254, 0.21138517558574677, 10.983109474182129
4841237, 10, 0.7697923183441162, 0.2159653604030609, 11.982793807983398
4841237, 10, 0.8049126863479614, 0.2201821506023407, 12.98250675201416
4841237, 10, 0.8396034836769104, 0.2242794930934906, 13.982199668884277
4841237, 10, 0.8762447237968445, 0.22887089848518372, 14.981844902038574
4841237, 10, 0.9189785718917847, 0.23473146557807922, 15.981304168701172
4841237, 10, 0.9618095755577087, 0.2409905642271042, 16.98076629638672
4841237, 10, 1.0054453611373901, 0.24736636877059937, 17.980222702026367
4841237, 10, 1.0530987977981567, 0.25500285625457764, 18.979530334472656
4841237, 10, 1.0958524942398071, 0.26134276390075684, 19.979032516479492
4841237, 10, 1.1353154182434082, 0.26659515500068665, 20.97862434387207
4841237, 10, 1.172748327255249, 0.271423876285553, 21.978256225585938
4841237, 10, 1.2122522592544556, 0.2765251398086548, 22.977811813354492
4841237, 10, 1.2603740692138672, 0.28468069434165955, 23.977275848388672
4841237, 10, 1.2954378128051758, 0.2887965738773346, 24.976970672607422
4841237, 10, 1.3677629232406616, 0.30830416083335876, 25.975622177124023
4841237, 10, 1.453399419784546, 0.33661144971847534, 26.973129272460938
4841237, 10, 1.5186108350753784, 0.3522125482559204, 27.97208595275879
4841237, 10, 1.554966688156128, 0.3566477596759796, 28.971744537353516
4841237, 10, 1.5913019180297852, 0.3612503111362457, 29.971397399902344
4151265, 11, 0.0825706347823143, 0.024904409423470497, 0.9985281229019165
4151265, 11, 0.16777749359607697, 0.050857916474342346, 1.996924638748169
4151265, 11, 0.25192394852638245, 0.0759095549583435, 2.995448350906372
4151265, 11, 0.3353063464164734, 0.10043998062610626, 3.993974447250366
4151265, 11, 0.4201485812664032, 0.12673868238925934, 4.992185592651367
4151265, 11, 0.5056226253509521, 0.15263284742832184, 5.990496635437012
4151265, 11, 0.5933806300163269, 0.17977498471736908, 6.988671779632568
4151265, 11, 0.6805533170700073, 0.20693953335285187, 7.986842155456543
4151265, 11, 0.7558138966560364, 0.22716762125492096, 8.98554515838623
4151265, 11, 0.818550705909729, 0.24145722389221191, 9.984637260437012
4151265, 11, 0.8990143537521362, 0.2650356590747833, 10.98301887512207
4151265, 11, 0.9781560301780701, 0.28781068325042725, 11.98153305053711
4151265, 11, 1.0604524612426758, 0.3125867545604706, 12.979778289794922
4151265, 11, 1.1448426246643066, 0.33802101016044617, 13.977928161621094
4151265, 11, 1.230483889579773, 0.3642072081565857, 14.9759521484375
4151265, 11, 1.3168668746948242, 0.39058732986450195, 15.973933219909668
4151265, 11, 1.3533494472503662, 0.394984632730484, 16.97359275817871
4151265, 11, 1.4019278287887573, 0.4033621549606323, 17.972976684570312
4151265, 11, 1.4873082637786865, 0.430102676153183, 18.970808029174805
4151265, 11, 1.569536805152893, 0.454598605632782, 19.96889877319336
4151265, 11, 1.6015015840530396, 0.45795658230781555, 20.968666076660156
4151265, 11, 1.6370680332183838, 0.46204322576522827, 21.96835708618164
4151265, 11, 1.6788381338119507, 0.46754786372184753, 22.967857360839844
4151265, 11, 1.7688837051391602, 0.49676352739334106, 23.965600967407227
4151265, 11, 1.8571168184280396, 0.5254988074302673, 24.963319778442383
4151265, 11, 1.9381699562072754, 0.5499787926673889, 25.961515426635742
4151265, 11, 2.021775007247925, 0.5757670998573303, 26.959625244140625
4151265, 11, 2.107558250427246, 0.603096604347229, 27.957576751708984
4151265, 11, 2.195378541946411, 0.6317087411880493, 28.955446243286133
4151265, 11, 2.2801003456115723, 0.6591060161590576, 29.95344352722168
4741590, 12, 0.10548929125070572, 0.04593811184167862, 0.9959731698036194
4741590, 12, 0.14586642384529114, 0.05302117392420769, 1.995417594909668
4741590, 12, 0.20346789062023163, 0.06833009421825409, 2.9941015243530273
4741590, 12, 0.30708929896354675, 0.11135952174663544, 3.9906394481658936
4741590, 12, 0.41073617339134216, 0.15425539016723633, 4.987228870391846
4741590, 12, 0.5133526921272278, 0.1976410150527954, 5.983524322509766
4741590, 12, 0.6105772256851196, 0.23576277494430542, 6.980674743652344
4741590, 12, 0.718886137008667, 0.2848648726940155, 7.9759674072265625
4741590, 12, 0.8225065469741821, 0.3282434642314911, 8.972270011901855
4741590, 12, 0.9355533719062805, 0.3820320963859558, 9.966545104980469
4741590, 12, 1.008674144744873, 0.3988499045372009, 10.96414566040039
4741590, 12, 1.0705357789993286, 0.4115266501903534, 11.962482452392578
4741590, 12, 1.1219230890274048, 0.4209127426147461, 12.96143627166748
4741590, 12, 1.1854462623596191, 0.43667301535606384, 13.95958137512207
4741590, 12, 1.2914009094238281, 0.4831540584564209, 14.954675674438477
4741590, 12, 1.3594481945037842, 0.500231921672821, 15.952535629272461
4741590, 12, 1.4673521518707275, 0.5473629832267761, 16.948163986206055
4741590, 12, 1.5388541221618652, 0.5638116598129272, 17.94588851928711
4741590, 12, 1.5909180641174316, 0.5737179517745972, 18.94495391845703
4741590, 12, 1.6881647109985352, 0.6114851832389832, 19.941762924194336
4741590, 12, 1.742383599281311, 0.6218599081039429, 20.940645217895508
4741590, 12, 1.844342827796936, 0.6629552245140076, 21.93695640563965
4741590, 12, 1.8915283679962158, 0.6718559265136719, 22.936281204223633
4741590, 12, 1.9353967905044556, 0.6788414120674133, 23.93567657470703
4741590, 12, 2.0451536178588867, 0.72784024477005, 24.930845260620117
4741590, 12, 2.1490859985351562, 0.7718623280525208, 25.92665672302246
4741590, 12, 2.202240228652954, 0.78399658203125, 26.92578887939453
4741590, 12, 2.3039841651916504, 0.8251416683197021, 27.922269821166992
4741590, 12, 2.4059391021728516, 0.8667758107185364, 28.91869354248047
4741590, 12, 2.5078392028808594, 0.9082803130149841, 29.915151596069336
4669030, 13, 0.08213488012552261, 0.025446021929383278, 0.9984493851661682
4669030, 13, 0.16461265087127686, 0.05080380290746689, 1.9969274997711182
4669030, 13, 0.24721288681030273, 0.07632683217525482, 2.995455741882324
4669030, 13, 0.33203697204589844, 0.10326439887285233, 3.9937102794647217
4669030, 13, 0.4216731786727905, 0.13382038474082947, 4.991370677947998
4669030, 13, 0.5059688687324524, 0.16062387824058533, 5.989471435546875
4669030, 13, 0.5858270525932312, 0.1844029575586319, 6.987954139709473
4669030, 13, 0.6645947694778442, 0.2074349820613861, 7.98650598526001
4669030, 13, 0.7049988508224487, 0.2136157900094986, 8.986143112182617
4669030, 13, 0.7811613082885742, 0.2361309975385666, 9.984648704528809
4669030, 13, 0.861684262752533, 0.2605421245098114, 10.982916831970215
4669030, 13, 0.9400561451911926, 0.2833380103111267, 11.981473922729492
4669030, 13, 0.9764385223388672, 0.28840363025665283, 12.981120109558105
4669030, 13, 1.0193809270858765, 0.29543617367744446, 13.980535507202148
4669030, 13, 1.0579127073287964, 0.30105268955230713, 14.980131149291992
4669030, 13, 1.10177481174469, 0.30813068151474, 15.979532241821289
4669030, 13, 1.1380534172058105, 0.3128975033760071, 16.97921371459961
4669030, 13, 1.17215895652771, 0.3170095980167389, 17.97895050048828
4669030, 13, 1.210411548614502, 0.3222697377204895, 18.97858238220215
4669030, 13, 1.2509952783584595, 0.32819077372550964, 19.97809410095215
4669030, 13, 1.297391653060913, 0.3360128700733185, 20.977344512939453
4669030, 13, 1.3356609344482422, 0.3415471315383911, 21.9769229888916
4669030, 13, 1.4129983186721802, 0.36412760615348816, 22.975284576416016
4669030, 13, 1.4940661191940308, 0.39025312662124634, 23.972999572753906
4669030, 13, 1.5795300006866455, 0.41894665360450745, 24.97040367126465
4669030, 13, 1.6593767404556274, 0.44426819682121277, 25.968421936035156
4669030, 13, 1.737886667251587, 0.46954044699668884, 26.966487884521484
4669030, 13, 1.8215538263320923, 0.49843305349349976, 27.964031219482422
4669030, 13, 1.906206727027893, 0.527545154094696, 28.961536407470703
4669030, 13, 1.986829161643982, 0.5529600977897644, 29.959646224975586
4876648, 14, 0.03975066915154457, 0.006006380543112755, 0.9996089935302734
4876648, 14, 0.11435770988464355, 0.027355829253792763, 1.9983000755310059
4876648, 14, 0.20303675532341003, 0.05722608417272568, 2.996330738067627
4876648, 14, 0.2898593842983246, 0.08611759543418884, 3.994399070739746
4876648, 14, 0.37547123432159424, 0.11401484906673431, 4.992699146270752
4876648, 14, 0.46515142917633057, 0.1452404111623764, 5.9903883934021
4876648, 14, 0.5495346188545227, 0.17200955748558044, 6.988635063171387
4876648, 14, 0.6334748864173889, 0.1983666867017746, 7.986784934997559
4876648, 14, 0.7183889150619507, 0.225506991147995, 8.984847068786621
4876648, 14, 0.8057793378829956, 0.2542245388031006, 9.982769966125488
4876648, 14, 0.8917648792266846, 0.2818934917449951, 10.980769157409668
4876648, 14, 0.9264103174209595, 0.2863844335079193, 11.980537414550781
4876648, 14, 0.9697754383087158, 0.29309725761413574, 12.980085372924805
4876648, 14, 1.0534197092056274, 0.31900015473365784, 13.978294372558594
4876648, 14, 1.0919359922409058, 0.32428669929504395, 14.977986335754395
4876648, 14, 1.1343412399291992, 0.33066266775131226, 15.977594375610352
4876648, 14, 1.2223639488220215, 0.3609815537929535, 16.97502899169922
4876648, 14, 1.3111214637756348, 0.39178937673568726, 17.97247314453125
4876648, 14, 1.3503539562225342, 0.3969717025756836, 18.972139358520508
4876648, 14, 1.3901543617248535, 0.4025729298591614, 19.97175407409668
4876648, 14, 1.4345340728759766, 0.4091746509075165, 20.971088409423828
4876648, 14, 1.520877718925476, 0.4374954104423523, 21.96881103515625
4876648, 14, 1.5562134981155396, 0.44208696484565735, 22.968557357788086
4876648, 14, 1.5921621322631836, 0.44678795337677, 23.968307495117188
4876648, 14, 1.6818662881851196, 0.47786036133766174, 24.96563720703125
4876648, 14, 1.763135552406311, 0.502727210521698, 25.963926315307617
4876648, 14, 1.8426578044891357, 0.5264726281166077, 26.96225929260254
4876648, 14, 1.9200632572174072, 0.5487887263298035, 27.960817337036133
4876648, 14, 2.0020968914031982, 0.574046790599823, 28.959033966064453
4876648, 14, 2.0835061073303223, 0.5984019041061401, 29.957448959350586
4762480, 15, 0.08631805330514908, 0.02932640165090561, 0.9977656602859497
4762480, 15, 0.1718824803829193, 0.05746510624885559, 1.9958750009536743
4762480, 15, 0.26065951585769653, 0.08783747255802155, 2.9935755729675293
4762480, 15, 0.34990912675857544, 0.11861478537321091, 3.9912304878234863
4762480, 15, 0.4410724341869354, 0.15107454359531403, 4.988658905029297
4762480, 15, 0.5294082760810852, 0.18143358826637268, 5.986457824707031
4762480, 15, 0.5887796878814697, 0.19592608511447906, 6.9853596687316895
4762480, 15, 0.6650926470756531, 0.21940802037715912, 7.983654975891113
4762480, 15, 0.7617583870887756, 0.25648316740989685, 8.980513572692871
4762480, 15, 0.8309066891670227, 0.2753373980522156, 9.979168891906738
4762480, 15, 0.8906733989715576, 0.28948065638542175, 10.978142738342285
4762480, 15, 0.9844266176223755, 0.3237064480781555, 11.975534439086914
4762480, 15, 1.0813751220703125, 0.3605719208717346, 12.97245979309082
4762480, 15, 1.1220625638961792, 0.3666037321090698, 13.972046852111816
4762480, 15, 1.163666009902954, 0.372741162776947, 14.971617698669434
4762480, 15, 1.2057846784591675, 0.3789593577384949, 15.971214294433594
4762480, 15, 1.2551952600479126, 0.38756775856018066, 16.970355987548828
4762480, 15, 1.2992887496948242, 0.39420104026794434, 17.96983528137207
4762480, 15, 1.3484647274017334, 0.4021211266517639, 18.969039916992188
4762480, 15, 1.392796516418457, 0.40875446796417236, 19.96854591369629
4762480, 15, 1.4373927116394043, 0.41566723585128784, 20.968093872070312
4762480, 15, 1.4841301441192627, 0.4230263829231262, 21.967517852783203
4762480, 15, 1.5315760374069214, 0.4309086501598358, 22.96697235107422
4762480, 15, 1.6276543140411377, 0.46654266119003296, 23.96413230895996
4762480, 15, 1.7355834245681763, 0.5128376483917236, 24.959407806396484
4762480, 15, 1.8312660455703735, 0.5485589504241943, 25.95649528503418
4762480, 15, 1.93220055103302, 0.5882923007011414, 26.952951431274414
4762480, 15, 1.9823176860809326, 0.5977055430412292, 27.952102661132812
4762480, 15, 2.0754072666168213, 0.6327694058418274, 28.949254989624023
4762480, 15, 2.1683237552642822, 0.6671048998832703, 29.946533203125
5050023, 16, 0.09852121770381927, 0.03907425329089165, 0.9970836043357849
5050023, 16, 0.19425329566001892, 0.07616811990737915, 1.9942975044250488
5050023, 16, 0.28680655360221863, 0.11123327910900116, 2.9917149543762207
5050023, 16, 0.3799622058868408, 0.14627695083618164, 3.9892096519470215
5050023, 16, 0.474303662776947, 0.18273410201072693, 4.986492156982422
5050023, 16, 0.5664488077163696, 0.21829670667648315, 5.983834266662598
5050023, 16, 0.6610512733459473, 0.2539637088775635, 6.981305122375488
5050023, 16, 0.7551547884941101, 0.2891659140586853, 7.978773593902588
5050023, 16, 0.8463394641876221, 0.32200929522514343, 8.976605415344238
5050023, 16, 0.9437212347984314, 0.3602261543273926, 9.973575592041016
5050023, 16, 1.0378410816192627, 0.39496245980262756, 10.971100807189941
5050023, 16, 1.131978988647461, 0.42997118830680847, 11.968535423278809
5050023, 16, 1.2243905067443848, 0.46413594484329224, 12.965963363647461
5050023, 16, 1.2870261669158936, 0.4809778034687042, 13.964726448059082
5050023, 16, 1.3804062604904175, 0.5156475305557251, 14.962152481079102
5050023, 16, 1.4467670917510986, 0.5336520671844482, 15.960866928100586
5050023, 16, 1.5416308641433716, 0.5703975558280945, 16.957759857177734
5050023, 16, 1.641271948814392, 0.6102173328399658, 17.954444885253906
5050023, 16, 1.7318848371505737, 0.6431505680084229, 18.95194435119629
5050023, 16, 1.8284330368041992, 0.6805868148803711, 19.94919776916504
5050023, 16, 1.9258313179016113, 0.7187187671661377, 20.946027755737305
5050023, 16, 2.0272648334503174, 0.7616152167320251, 21.941978454589844
5050023, 16, 2.121727228164673, 0.7983705401420593, 22.939010620117188
5050023, 16, 2.2159910202026367, 0.8343464732170105, 23.936256408691406
5050023, 16, 2.31156587600708, 0.8705246448516846, 24.9334659576416
5050023, 16, 2.40742564201355, 0.9069587588310242, 25.930517196655273
5050023, 16, 2.506211996078491, 0.9466555714607239, 26.927040100097656
5050023, 16, 2.603313684463501, 0.983967661857605, 27.924057006835938
5050023, 16, 2.7018911838531494, 1.0219558477401733, 28.921144485473633
5050023, 16, 2.7983837127685547, 1.0568125247955322, 29.918968200683594
4794215, 17, 0.09415104240179062, 0.036274369806051254, 0.9973337650299072
4794215, 17, 0.18821808695793152, 0.07205934077501297, 1.9947588443756104
4794215, 17, 0.2837400436401367, 0.10873283445835114, 2.992067813873291
4794215, 17, 0.3787219822406769, 0.14473196864128113, 3.9894988536834717
4794215, 17, 0.47704440355300903, 0.18412847816944122, 4.9862871170043945
4794215, 17, 0.5701368451118469, 0.2192283719778061, 5.983715057373047
4794215, 17, 0.664431095123291, 0.2562446892261505, 6.980784893035889
4794215, 17, 0.7592029571533203, 0.2928619086742401, 7.977937698364258
4794215, 17, 0.8582139611244202, 0.33279722929000854, 8.974576950073242
4794215, 17, 0.9535660743713379, 0.3687918484210968, 9.971830368041992
4794215, 17, 1.0479921102523804, 0.40390095114707947, 10.96920394897461
4794215, 17, 1.086076259613037, 0.4094446301460266, 11.968876838684082
4794215, 17, 1.156036376953125, 0.4301178455352783, 12.967350006103516
4794215, 17, 1.247890591621399, 0.4643399715423584, 13.964507102966309
4794215, 17, 1.340282917022705, 0.49943214654922485, 14.961806297302246
4794215, 17, 1.4372807741165161, 0.5372622013092041, 15.958824157714844
4794215, 17, 1.5397299528121948, 0.58075350522995, 16.954849243164062
4794215, 17, 1.6389498710632324, 0.6212449073791504, 17.95114517211914
4794215, 17, 1.73287832736969, 0.6570497751235962, 18.948104858398438
4794215, 17, 1.8264809846878052, 0.6921315789222717, 19.945144653320312
4794215, 17, 1.924090027809143, 0.7307015657424927, 20.94176483154297
4794215, 17, 2.022641658782959, 0.7698493003845215, 21.938472747802734
4794215, 17, 2.1163201332092285, 0.804939866065979, 22.93583106994629
4794215, 17, 2.208721160888672, 0.8384033441543579, 23.93335723876953
4794215, 17, 2.3015964031219482, 0.8720808625221252, 24.93084716796875
4794215, 17, 2.396608352661133, 0.9076448082923889, 25.92806625366211
4794215, 17, 2.493170976638794, 0.9443926215171814, 26.925264358520508
4794215, 17, 2.5856986045837402, 0.977465808391571, 27.922964096069336
4794215, 17, 2.677389621734619, 1.0103459358215332, 28.920560836791992
4794215, 17, 2.767303228378296, 1.0413768291473389, 29.918601989746094
5194805_2, 18, 0.10295296460390091, 0.04341229051351547, 0.9962960481643677
5194805_2, 18, 0.20662760734558105, 0.0875842496752739, 1.9925014972686768
5194805_2, 18, 0.3045913577079773, 0.12753432989120483, 2.9891409873962402
5194805_2, 18, 0.3480110764503479, 0.13486696779727936, 3.9886128902435303
5194805_2, 18, 0.395589679479599, 0.14324146509170532, 4.987838268280029
5194805_2, 18, 0.4425283372402191, 0.15120165050029755, 5.987062454223633
5194805_2, 18, 0.4888966381549835, 0.15886741876602173, 6.986325263977051
5194805_2, 18, 0.5347479581832886, 0.16674062609672546, 7.985597133636475
5194805_2, 18, 0.6277685165405273, 0.19983211159706116, 8.983149528503418
5194805_2, 18, 0.6684102416038513, 0.205988347530365, 9.98279857635498
5194805_2, 18, 0.7107200026512146, 0.21218426525592804, 10.982357025146484
5194805_2, 18, 0.7532345056533813, 0.21829335391521454, 11.981881141662598
5194805_2, 18, 0.7963497042655945, 0.22545918822288513, 12.981438636779785
5194805_2, 18, 0.893873393535614, 0.26118403673171997, 13.978611946105957
5194805_2, 18, 0.9914630651473999, 0.29672887921333313, 14.975884437561035
5194805_2, 18, 1.0896257162094116, 0.3330073356628418, 15.973068237304688
5194805_2, 18, 1.194845199584961, 0.37622955441474915, 16.96903419494629
5194805_2, 18, 1.29055655002594, 0.4104279577732086, 17.96632194519043
5194805_2, 18, 1.3892877101898193, 0.4463399648666382, 18.963809967041016
5194805_2, 18, 1.4834457635879517, 0.47910380363464355, 19.961654663085938
5194805_2, 18, 1.5772217512130737, 0.5122392773628235, 20.95905303955078
5194805_2, 18, 1.6714637279510498, 0.545173704624176, 21.95663833618164
5194805_2, 18, 1.7719093561172485, 0.5825850367546082, 22.953655242919922
5194805_2, 18, 1.8695844411849976, 0.6173511147499084, 23.95124626159668
5194805_2, 18, 1.9636117219924927, 0.6498979926109314, 24.948942184448242
5194805_2, 18, 2.0593981742858887, 0.6853479743003845, 25.945913314819336
5194805_2, 18, 2.1551597118377686, 0.7189278602600098, 26.943729400634766
5194805_2, 18, 2.195986270904541, 0.7250600457191467, 27.943328857421875
5194805_2, 18, 2.2476706504821777, 0.7335607409477234, 28.942399978637695
5194805_2, 18, 2.2901594638824463, 0.7401863932609558, 29.941967010498047
4820624, 19, 0.09645724296569824, 0.03589113429188728, 0.9974511861801147
4820624, 19, 0.18880906701087952, 0.0684802383184433, 1.9953590631484985
4820624, 19, 0.27946457266807556, 0.09991519153118134, 2.9933676719665527
4820624, 19, 0.3698089122772217, 0.13175231218338013, 3.991208076477051
4820624, 19, 0.4603824317455292, 0.1631775051355362, 4.989121913909912
4820624, 19, 0.552238941192627, 0.19543513655662537, 5.98698091506958
4820624, 19, 0.6415417790412903, 0.2248927503824234, 6.985260486602783
4820624, 19, 0.7318987846374512, 0.2556207478046417, 7.983283042907715
4820624, 19, 0.8230789303779602, 0.28638190031051636, 8.981268882751465
4820624, 19, 0.9156003594398499, 0.317757785320282, 9.979290962219238
4820624, 19, 0.9965026378631592, 0.3423023223876953, 10.9777250289917
4820624, 19, 1.0326430797576904, 0.34658971428871155, 11.977478981018066
4820624, 19, 1.121427059173584, 0.37527334690093994, 12.975529670715332
4820624, 19, 1.2058024406433105, 0.40235376358032227, 13.973564147949219
4820624, 19, 1.297485113143921, 0.43470218777656555, 14.971162796020508
4820624, 19, 1.3899433612823486, 0.4682924747467041, 15.96878433227539
4820624, 19, 1.4787640571594238, 0.4998536705970764, 16.966426849365234
4820624, 19, 1.566947340965271, 0.5315365791320801, 17.963661193847656
4820624, 19, 1.6536113023757935, 0.5625905394554138, 18.96084213256836
4820624, 19, 1.7443857192993164, 0.5936340093612671, 19.958423614501953
4820624, 19, 1.8412529230117798, 0.6301243901252747, 20.955408096313477
4820624, 19, 1.933148980140686, 0.6613194942474365, 21.95313262939453
4820624, 19, 2.0207977294921875, 0.6904800534248352, 22.9509220123291
4820624, 19, 2.104778528213501, 0.7170019745826721, 23.949100494384766
4820624, 19, 2.1447575092315674, 0.722475528717041, 24.948740005493164
4820624, 19, 2.182075023651123, 0.7272083163261414, 25.948450088500977
4820624, 19, 2.273923397064209, 0.7586144208908081, 26.946247100830078
4820624, 19, 2.36285138130188, 0.7880458235740662, 27.94427490234375
4820624, 19, 2.4493327140808105, 0.8155975937843323, 28.942459106445312
4820624, 19, 2.536491870880127, 0.8438257575035095, 29.94048500061035
4733553, 20, 0.10490337759256363, 0.046768561005592346, 0.9957730174064636
4733553, 20, 0.2082943618297577, 0.09068137407302856, 1.992156744003296
4733553, 20, 0.31056803464889526, 0.1346171349287033, 2.988391637802124
4733553, 20, 0.40507832169532776, 0.1724027544260025, 3.985354423522949
4733553, 20, 0.4972469210624695, 0.20907136797904968, 4.982158660888672
4733553, 20, 0.5847072601318359, 0.24184605479240417, 5.979489803314209
4733553, 20, 0.669232964515686, 0.27217939496040344, 6.976969242095947
4733553, 20, 0.7622460722923279, 0.30820944905281067, 7.974135398864746
4733553, 20, 0.8613891005516052, 0.3481476902961731, 8.970833778381348
4733553, 20, 0.9611103534698486, 0.38895946741104126, 9.967323303222656
4733553, 20, 1.059714436531067, 0.42907780408859253, 10.963826179504395
4733553, 20, 1.1555579900741577, 0.4666682183742523, 11.960687637329102
4733553, 20, 1.2417430877685547, 0.4983571469783783, 12.957704544067383
4733553, 20, 1.3395854234695435, 0.5386105179786682, 13.953995704650879
4733553, 20, 1.4430575370788574, 0.5831151008605957, 14.949751853942871
4733553, 20, 1.5450631380081177, 0.6263954639434814, 15.9457426071167
4733553, 20, 1.637507438659668, 0.6619188189506531, 16.942813873291016
4733553, 20, 1.7304837703704834, 0.6967301368713379, 17.940221786499023
4733553, 20, 1.8318663835525513, 0.7379899024963379, 18.936805725097656
4733553, 20, 1.8883342742919922, 0.750026285648346, 19.935861587524414
4733553, 20, 1.986415147781372, 0.7885286211967468, 20.932575225830078
4733553, 20, 2.034559726715088, 0.7967553734779358, 21.931991577148438
4733553, 20, 2.081096649169922, 0.8043522238731384, 22.93145179748535
4733553, 20, 2.1266911029815674, 0.8118703365325928, 23.930923461914062
4733553, 20, 2.2227783203125, 0.8492201566696167, 24.9277400970459
4733553, 20, 2.313606023788452, 0.8826520442962646, 25.925037384033203
4733553, 20, 2.3867456912994385, 0.9044961929321289, 26.923555374145508
4733553, 20, 2.4620649814605713, 0.9282757043838501, 27.921749114990234
4733553, 20, 2.552216053009033, 0.9605932235717773, 28.91942024230957
4733553, 20, 2.636145830154419, 0.9886453151702881, 29.91756820678711
5036311, 21, 0.08625055104494095, 0.027194451540708542, 0.9983562231063843
5036311, 21, 0.17191727459430695, 0.0535934641957283, 1.9968252182006836
5036311, 21, 0.2613525390625, 0.08162897825241089, 2.995072603225708
5036311, 21, 0.35328441858291626, 0.1111745834350586, 3.993110179901123
5036311, 21, 0.44470274448394775, 0.14004191756248474, 4.991228103637695
5036311, 21, 0.533818781375885, 0.16758856177330017, 5.98952054977417
5036311, 21, 0.6236836910247803, 0.19584615528583527, 6.987739562988281
5036311, 21, 0.716813862323761, 0.22645848989486694, 7.9857001304626465
5036311, 21, 0.8099282383918762, 0.2572965621948242, 8.983623504638672
5036311, 21, 0.8636679649353027, 0.26791298389434814, 9.982593536376953
5036311, 21, 0.9205787777900696, 0.27985742688179016, 10.981354713439941
5036311, 21, 0.9708589911460876, 0.2892879247665405, 11.98055648803711
5036311, 21, 1.057626724243164, 0.3175065815448761, 12.978479385375977
5036311, 21, 1.125264286994934, 0.33414390683174133, 13.977320671081543
5036311, 21, 1.217692255973816, 0.36316344141960144, 14.975330352783203
5036311, 21, 1.2844773530960083, 0.3790038228034973, 15.973690032958984
5036311, 21, 1.3382002115249634, 0.38932594656944275, 16.97277069091797
5036311, 21, 1.3977961540222168, 0.40193790197372437, 17.971561431884766
5036311, 21, 1.4575221538543701, 0.4145228862762451, 18.970640182495117
5036311, 21, 1.5191636085510254, 0.4277224540710449, 19.969345092773438
5036311, 21, 1.5767208337783813, 0.4394715130329132, 20.968259811401367
5036311, 21, 1.6383979320526123, 0.4534861445426941, 21.96684455871582
5036311, 21, 1.730879783630371, 0.48325347900390625, 22.964824676513672
5036311, 21, 1.8173364400863647, 0.5117602944374084, 23.96273422241211
5036311, 21, 1.8979026079177856, 0.5379153490066528, 24.96068000793457
5036311, 21, 1.9479742050170898, 0.5474571585655212, 25.959980010986328
5036311, 21, 1.9883025884628296, 0.5538786053657532, 26.959487915039062
5036311, 21, 2.029973268508911, 0.5610221028327942, 27.958940505981445
5036311, 21, 2.119147300720215, 0.5918740034103394, 28.956378936767578
5036311, 21, 2.213465690612793, 0.6258208155632019, 29.95348358154297
4739356, 22, 0.0772164836525917, 0.02319902740418911, 0.9985114932060242
4739356, 22, 0.1551910638809204, 0.04603718966245651, 1.9971182346343994
4739356, 22, 0.24383670091629028, 0.0756845772266388, 2.9950053691864014
4739356, 22, 0.33198055624961853, 0.10430346429347992, 3.9931633472442627
4739356, 22, 0.41794246435165405, 0.13117340207099915, 4.991490364074707
4739356, 22, 0.504064679145813, 0.1582857370376587, 5.989870548248291
4739356, 22, 0.5898951292037964, 0.1850532591342926, 6.98828649520874
4739356, 22, 0.6752285957336426, 0.2111455202102661, 7.986719608306885
4739356, 22, 0.761590301990509, 0.23807796835899353, 8.984925270080566
4739356, 22, 0.8483885526657104, 0.26584646105766296, 9.982954978942871
4739356, 22, 0.9313949942588806, 0.2909161448478699, 10.981477737426758
4739356, 22, 1.0184316635131836, 0.3186149001121521, 11.979598999023438
4739356, 22, 1.108321189880371, 0.34833699464797974, 12.977351188659668
4739356, 22, 1.1940351724624634, 0.37559834122657776, 13.97537899017334
4739356, 22, 1.2825109958648682, 0.4046160578727722, 14.97326374053955
4739356, 22, 1.3699194192886353, 0.43253982067108154, 15.971421241760254
4739356, 22, 1.4383282661437988, 0.4508645832538605, 16.970157623291016
4739356, 22, 1.5232980251312256, 0.4788644015789032, 17.967958450317383
4739356, 22, 1.6096981763839722, 0.5078675746917725, 18.96554946899414
4739356, 22, 1.696563482284546, 0.5373983383178711, 19.96331214904785
4739356, 22, 1.7825689315795898, 0.5660829544067383, 20.961347579956055
4739356, 22, 1.872339129447937, 0.5968871712684631, 21.95893096923828
4739356, 22, 1.9596607685089111, 0.6256539821624756, 22.956764221191406
4739356, 22, 2.045696258544922, 0.6532674431800842, 23.954729080200195
4739356, 22, 2.1275219917297363, 0.6782298684120178, 24.953147888183594
4739356, 22, 2.215458631515503, 0.7075966596603394, 25.950855255126953
4739356, 22, 2.2989375591278076, 0.7343565225601196, 26.948972702026367
4739356, 22, 2.3847532272338867, 0.7620667219161987, 27.947002410888672
4739356, 22, 2.4718902111053467, 0.7912086248397827, 28.944862365722656
4739356, 22, 2.557368516921997, 0.8192227482795715, 29.942834854125977
5125441, 23, 0.08478349447250366, 0.02735850214958191, 0.9983433485031128
5125441, 23, 0.16703292727470398, 0.05271785333752632, 1.9968922138214111
5125441, 23, 0.247114360332489, 0.07641809433698654, 2.9955341815948486
5125441, 23, 0.3271821141242981, 0.10017376393079758, 3.9941911697387695
5125441, 23, 0.4118751585483551, 0.12708815932273865, 4.992473602294922
5125441, 23, 0.4985552132129669, 0.15540382266044617, 5.990596771240234
5125441, 23, 0.5846816301345825, 0.1833411306142807, 6.988677501678467
5125441, 23, 0.6722717881202698, 0.21269892156124115, 7.986532211303711
5125441, 23, 0.7647113800048828, 0.2452562302350998, 8.983918190002441
5125441, 23, 0.8558174967765808, 0.2765558362007141, 9.981417655944824
5125441, 23, 0.9421882629394531, 0.3037622570991516, 10.979521751403809
5125441, 23, 0.9822307825088501, 0.30968207120895386, 11.979106903076172
5125441, 23, 1.066766381263733, 0.33653727173805237, 12.977112770080566
5125441, 23, 1.1092802286148071, 0.3427695631980896, 13.976593971252441
5125441, 23, 1.1446062326431274, 0.34705132246017456, 14.976290702819824
5125441, 23, 1.1816184520721436, 0.3518907129764557, 15.975950241088867
5125441, 23, 1.2210180759429932, 0.35722237825393677, 16.975557327270508
5125441, 23, 1.257856845855713, 0.3618529438972473, 17.975217819213867
5125441, 23, 1.29350745677948, 0.36605143547058105, 18.974924087524414
5125441, 23, 1.3307175636291504, 0.3706945776939392, 19.974590301513672
5125441, 23, 1.3679821491241455, 0.37571981549263, 20.974241256713867
5125441, 23, 1.4487264156341553, 0.3995054066181183, 21.972503662109375
5125441, 23, 1.5281018018722534, 0.42233797907829285, 22.970996856689453
5125441, 23, 1.5755401849746704, 0.43047991394996643, 23.970474243164062
5125441, 23, 1.6527599096298218, 0.4528087377548218, 24.968852996826172
5125441, 23, 1.7318180799484253, 0.47633787989616394, 25.96718406677246
5125441, 23, 1.8166155815124512, 0.5038192868232727, 26.965085983276367
5125441, 23, 1.900733470916748, 0.5300872325897217, 27.96319580078125
5125441, 23, 1.9825620651245117, 0.5545439124107361, 28.96157455444336
5125441, 23, 2.0648984909057617, 0.5792388916015625, 29.95992660522461
4713006, 24, 0.10746550559997559, 0.043547384440898895, 0.9961265325546265
4713006, 24, 0.21371984481811523, 0.08568768203258514, 1.9924191236495972
4713006, 24, 0.32658839225769043, 0.13532708585262299, 2.9874801635742188
4713006, 24, 0.44339659810066223, 0.18934185802936554, 3.981826066970825
4713006, 24, 0.5543586611747742, 0.23741698265075684, 4.977024555206299
4713006, 24, 0.6647367477416992, 0.28394219279289246, 5.9724507331848145
4713006, 24, 0.7376333475112915, 0.30517518520355225, 6.970706939697266
4713006, 24, 0.7936356067657471, 0.3159843683242798, 7.969415187835693
4713006, 24, 0.8539779782295227, 0.32810303568840027, 8.96789264678955
4713006, 24, 0.9083163738250732, 0.3394128084182739, 9.966675758361816
4713006, 24, 1.0012547969818115, 0.3727836608886719, 10.96375846862793
4713006, 24, 1.04483163356781, 0.3804011642932892, 11.963112831115723
4713006, 24, 1.0939290523529053, 0.3881852626800537, 12.962210655212402
4713006, 24, 1.149515986442566, 0.3976973593235016, 13.960988998413086
4713006, 24, 1.202891230583191, 0.4067472815513611, 14.959858894348145
4713006, 24, 1.240237832069397, 0.4122370779514313, 15.959426879882812
4713006, 24, 1.2801802158355713, 0.41807612776756287, 16.958890914916992
4713006, 24, 1.3326226472854614, 0.42672744393348694, 17.957820892333984
4713006, 24, 1.37859046459198, 0.4336482286453247, 18.957046508789062
4713006, 24, 1.45163094997406, 0.45509570837020874, 19.954965591430664
4713006, 24, 1.4924191236495972, 0.4611703157424927, 20.95450210571289
4713006, 24, 1.529863953590393, 0.4668487012386322, 21.954084396362305
4713006, 24, 1.5705499649047852, 0.47316157817840576, 22.953533172607422
4713006, 24, 1.6158676147460938, 0.4803966283798218, 23.952743530273438
4713006, 24, 1.6796716451644897, 0.4927099645137787, 24.951038360595703
4713006, 24, 1.7134981155395508, 0.4975435733795166, 25.950725555419922
4713006, 24, 1.7456239461898804, 0.5019070506095886, 26.950443267822266
4713006, 24, 1.7893277406692505, 0.5096287727355957, 27.949851989746094
4713006, 24, 1.8235348463058472, 0.5144215226173401, 28.949539184570312
4713006, 24, 1.8636114597320557, 0.520661473274231, 29.949125289916992
4699088, 25, 0.07230287790298462, 0.0192766971886158, 0.9989302754402161
4699088, 25, 0.15323519706726074, 0.04379836469888687, 1.9972288608551025
4699088, 25, 0.2402048408985138, 0.07170411944389343, 2.995213508605957
4699088, 25, 0.32315629720687866, 0.09621334820985794, 3.993649482727051
4699088, 25, 0.40690577030181885, 0.12112664431333542, 4.992125511169434
4699088, 25, 0.4902467727661133, 0.1454155296087265, 5.990683078765869
4699088, 25, 0.572016179561615, 0.16860978305339813, 6.989313125610352
4699088, 25, 0.655575156211853, 0.19353067874908447, 7.987617015838623
4699088, 25, 0.7373658418655396, 0.21757462620735168, 8.986017227172852
4699088, 25, 0.8177123069763184, 0.24112722277641296, 9.984418869018555
4699088, 25, 0.8834198713302612, 0.2568591237068176, 10.983306884765625
4699088, 25, 0.922419011592865, 0.26172947883605957, 11.982771873474121
4699088, 25, 0.9543084502220154, 0.2656790018081665, 12.982501983642578
4699088, 25, 0.9962058067321777, 0.2722185254096985, 13.981956481933594
4699088, 25, 1.0307585000991821, 0.27682942152023315, 14.981635093688965
4699088, 25, 1.0724551677703857, 0.2830739915370941, 15.981138229370117
4699088, 25, 1.1092222929000854, 0.2873975336551666, 16.980804443359375
4699088, 25, 1.1479653120040894, 0.292227566242218, 17.980453491210938
4699088, 25, 1.186694622039795, 0.2971020042896271, 18.980070114135742
4699088, 25, 1.2314531803131104, 0.30377933382987976, 19.97947120666504
4699088, 25, 1.2689836025238037, 0.3086434006690979, 20.979095458984375
4699088, 25, 1.3578846454620361, 0.3396187424659729, 21.97583770751953
4699088, 25, 1.396157145500183, 0.34466707706451416, 22.97540283203125
4699088, 25, 1.4287924766540527, 0.3489808142185211, 23.97512435913086
4699088, 25, 1.4649927616119385, 0.3535900115966797, 24.974750518798828
4699088, 25, 1.5018818378448486, 0.3586646616458893, 25.97435188293457
4699088, 25, 1.5447838306427002, 0.36501988768577576, 26.973726272583008
4699088, 25, 1.583363652229309, 0.37084606289863586, 27.973318099975586
4699088, 25, 1.6419475078582764, 0.3842625021934509, 28.971940994262695
4699088, 25, 1.713364601135254, 0.4041192829608917, 29.970294952392578
4772763, 26, 0.06943017244338989, 0.018282491713762283, 0.9989510774612427
4772763, 26, 0.14653022587299347, 0.04033829644322395, 1.997673749923706
4772763, 26, 0.22798465192317963, 0.06508710980415344, 2.996016263961792
4772763, 26, 0.2661348581314087, 0.07122544944286346, 3.995608329772949
4772763, 26, 0.3058047592639923, 0.0776408240199089, 4.995211601257324
4772763, 26, 0.3429652452468872, 0.08315571397542953, 5.994853496551514
4772763, 26, 0.37789779901504517, 0.08793070912361145, 6.994583606719971
4772763, 26, 0.42840057611465454, 0.09796712547540665, 7.9939866065979
4772763, 26, 0.507439911365509, 0.12119944393634796, 8.992469787597656
4772763, 26, 0.5432811975479126, 0.1262398064136505, 9.992188453674316
4772763, 26, 0.5777652263641357, 0.13075217604637146, 10.991915702819824
4772763, 26, 0.6165269613265991, 0.13614371418952942, 11.991523742675781
4772763, 26, 0.6586331129074097, 0.14257042109966278, 12.991150856018066
4772763, 26, 0.6965278387069702, 0.1476462483406067, 13.990790367126465
4772763, 26, 0.7408281564712524, 0.15488383173942566, 14.990221977233887
4772763, 26, 0.8287587761878967, 0.18401171267032623, 15.987847328186035
4772763, 26, 0.8813471794128418, 0.19494779407978058, 16.987154006958008
4772763, 26, 0.9650272130966187, 0.22082924842834473, 17.985109329223633
4772763, 26, 1.0320062637329102, 0.23781397938728333, 18.983736038208008
4772763, 26, 1.0759369134902954, 0.24470238387584686, 19.9831485748291
4772763, 26, 1.115067481994629, 0.24993789196014404, 20.98276138305664
4772763, 26, 1.1559958457946777, 0.2551737129688263, 21.982309341430664
4772763, 26, 1.195937991142273, 0.2608291208744049, 22.98192596435547
4772763, 26, 1.2288480997085571, 0.2646176218986511, 23.98171043395996
4772763, 26, 1.3146986961364746, 0.29139530658721924, 24.979726791381836
4772763, 26, 1.3476455211639404, 0.2953987121582031, 25.97949981689453
4772763, 26, 1.3796790838241577, 0.29929929971694946, 26.97928237915039
4772763, 26, 1.4627554416656494, 0.32486778497695923, 27.977319717407227
4772763, 26, 1.5446109771728516, 0.34929704666137695, 28.97563362121582
4772763, 26, 1.6297533512115479, 0.3766508996486664, 29.973539352416992
4850951, 27, 0.10884035378694534, 0.04882856458425522, 0.9952847361564636
4850951, 27, 0.21720701456069946, 0.09771186113357544, 1.9905025959014893
4850951, 27, 0.3241676092147827, 0.14582206308841705, 2.9857044219970703
4850951, 27, 0.42872530221939087, 0.19094830751419067, 3.981388568878174
4850951, 27, 0.5290131568908691, 0.2312457114458084, 4.977746963500977
4850951, 27, 0.6301929354667664, 0.2722797095775604, 5.974053382873535
4850951, 27, 0.7308529019355774, 0.3122742772102356, 6.970593452453613
4850951, 27, 0.8323341608047485, 0.3527801036834717, 7.9671783447265625
4850951, 27, 0.9258817434310913, 0.38537663221359253, 8.964981079101562
4850951, 27, 1.0188006162643433, 0.4172212779521942, 9.962957382202148
4850951, 27, 1.1117680072784424, 0.4485829472541809, 10.961033821105957
4850951, 27, 1.2066154479980469, 0.4814755916595459, 11.958687782287598
4850951, 27, 1.2978953123092651, 0.5113862156867981, 12.956732749938965
4850951, 27, 1.3896222114562988, 0.541553258895874, 13.954679489135742
4850951, 27, 1.4834959506988525, 0.574691653251648, 14.952337265014648
4850951, 27, 1.532533884048462, 0.5833780765533447, 15.95174789428711
4850951, 27, 1.621739387512207, 0.6134916543960571, 16.949670791625977
4850951, 27, 1.6986594200134277, 0.637103259563446, 17.947999954223633
4850951, 27, 1.7920913696289062, 0.6703463792800903, 18.945663452148438
4850951, 27, 1.8887524604797363, 0.7053977251052856, 19.942811965942383
4850951, 27, 1.9853698015213013, 0.7394847869873047, 20.940101623535156
4850951, 27, 2.081496238708496, 0.7732090353965759, 21.937541961669922
4850951, 27, 2.1765198707580566, 0.8063741326332092, 22.935134887695312
4850951, 27, 2.215414524078369, 0.8115613460540771, 23.934825897216797
4850951, 27, 2.2553465366363525, 0.8171717524528503, 24.934457778930664
4850951, 27, 2.293053388595581, 0.8222876191139221, 25.934120178222656
4850951, 27, 2.33190655708313, 0.8277651071548462, 26.93375015258789
4850951, 27, 2.374356746673584, 0.833979070186615, 27.93329620361328
4850951, 27, 2.4112167358398438, 0.8392242789268494, 28.93294906616211
4850951, 27, 2.505841016769409, 0.8717420101165771, 29.930870056152344
2265761, 28, 0.08145403116941452, 0.02476980723440647, 0.998637318611145
2265761, 28, 0.16399440169334412, 0.050027959048748016, 1.9972000122070312
2265761, 28, 0.24617673456668854, 0.07439663261175156, 2.995856285095215
2265761, 28, 0.3278404474258423, 0.09818001091480255, 3.9945740699768066
2265761, 28, 0.41117870807647705, 0.12253749370574951, 4.993272304534912
2265761, 28, 0.5003087520599365, 0.14999283850193024, 5.991544246673584
2265761, 28, 0.5881705284118652, 0.17615799605846405, 6.9899163246154785
2265761, 28, 0.6399091482162476, 0.1857665479183197, 7.989315986633301
2265761, 28, 0.7048470377922058, 0.2010250687599182, 8.988286018371582
2265761, 28, 0.7619828581809998, 0.21271127462387085, 9.987543106079102
2265761, 28, 0.7976884841918945, 0.21729911863803864, 10.987222671508789
2265761, 28, 0.8370397090911865, 0.22261542081832886, 11.98681640625
2265761, 28, 0.8772530555725098, 0.22811903059482574, 12.986390113830566
2265761, 28, 0.9316263794898987, 0.23796242475509644, 13.985380172729492
2265761, 28, 0.9776700735092163, 0.2448815256357193, 14.984758377075195
2265761, 28, 1.0187653303146362, 0.25048133730888367, 15.984296798706055
2265761, 28, 1.0666292905807495, 0.2582886517047882, 16.983577728271484
2265761, 28, 1.1184121370315552, 0.2676522433757782, 17.98267364501953
2265761, 28, 1.1596871614456177, 0.27350035309791565, 18.982202529907227
2265761, 28, 1.2006638050079346, 0.27908855676651, 19.98175811767578
2265761, 28, 1.2463717460632324, 0.28617775440216064, 20.98114776611328
2265761, 28, 1.286629319190979, 0.2916593551635742, 21.98072624206543
2265761, 28, 1.3280909061431885, 0.29746854305267334, 22.980276107788086
2265761, 28, 1.3640373945236206, 0.3018249273300171, 23.979955673217773
2265761, 28, 1.3988523483276367, 0.306006520986557, 24.97966957092285
2265761, 28, 1.4459656476974487, 0.3138750493526459, 25.979143142700195
2265761, 28, 1.5270359516143799, 0.3368830978870392, 26.9776611328125
2265761, 28, 1.6093560457229614, 0.3602188229560852, 27.976163864135742
2265761, 28, 1.6908531188964844, 0.3832085430622101, 28.974672317504883
2265761, 28, 1.7750459909439087, 0.40834957361221313, 29.972841262817383
5038881, 29, 0.09038960188627243, 0.030530693009495735, 0.9981789588928223
5038881, 29, 0.1835366189479828, 0.06252969056367874, 1.9962879419326782
5038881, 29, 0.27714312076568604, 0.09457321465015411, 2.994354248046875
5038881, 29, 0.37236320972442627, 0.12838022410869598, 3.9921836853027344
5038881, 29, 0.4694065749645233, 0.16283731162548065, 4.989933490753174
5038881, 29, 0.5697636604309082, 0.2006107121706009, 5.987087249755859
5038881, 29, 0.6713025569915771, 0.2392645627260208, 6.9840779304504395
5038881, 29, 0.7190949320793152, 0.24807411432266235, 7.983444690704346
5038881, 29, 0.764616072177887, 0.2563599944114685, 8.982904434204102
5038881, 29, 0.8580795526504517, 0.28812718391418457, 9.980870246887207
5038881, 29, 0.9564330577850342, 0.32247215509414673, 10.978704452514648
5038881, 29, 1.0252660512924194, 0.3400256037712097, 11.97737979888916
5038881, 29, 1.12549889087677, 0.3754631280899048, 12.974967956542969
5038881, 29, 1.2257393598556519, 0.4120022654533386, 13.972257614135742
5038881, 29, 1.3304858207702637, 0.45239466428756714, 14.968949317932129
5038881, 29, 1.3955155611038208, 0.46882113814353943, 15.967686653137207
5038881, 29, 1.4507699012756348, 0.48087212443351746, 16.96676254272461
5038881, 29, 1.5055084228515625, 0.49190106987953186, 17.965911865234375
5038881, 29, 1.5581386089324951, 0.5018617510795593, 18.965145111083984
5038881, 29, 1.6161912679672241, 0.5143358111381531, 19.96413803100586
5038881, 29, 1.6909314393997192, 0.5350958704948425, 20.962636947631836
5038881, 29, 1.7926883697509766, 0.5728435516357422, 21.9597110748291
5038881, 29, 1.8939045667648315, 0.609406054019928, 22.957040786743164
5038881, 29, 1.9945040941238403, 0.645077109336853, 23.95449447631836
5038881, 29, 2.0443315505981445, 0.6547583937644958, 24.953670501708984
5038881, 29, 2.0952725410461426, 0.664890468120575, 25.952777862548828
5038881, 29, 2.1976075172424316, 0.7016347646713257, 26.95028305053711
5038881, 29, 2.2985453605651855, 0.7377309799194336, 27.94782829284668
5038881, 29, 2.398573875427246, 0.7739856243133545, 28.945384979248047
5038881, 29, 2.4979188442230225, 0.8091944456100464, 29.94297981262207
4785791, 30, 0.09572821110486984, 0.03638328239321709, 0.9970803260803223
4785791, 30, 0.14477552473545074, 0.04666588082909584, 1.9963016510009766
4785791, 30, 0.18492551147937775, 0.05350319668650627, 2.9958033561706543
4785791, 30, 0.2806828022003174, 0.08967521786689758, 3.9931936264038086
4785791, 30, 0.3792293667793274, 0.1290876567363739, 4.990105152130127
4785791, 30, 0.47686293721199036, 0.1685185432434082, 5.9868364334106445
4785791, 30, 0.5667688846588135, 0.20243440568447113, 6.9840288162231445
4785791, 30, 0.6517494916915894, 0.23105861246585846, 7.982023239135742
4785791, 30, 0.7424150705337524, 0.26659101247787476, 8.978575706481934
4785791, 30, 0.8305205702781677, 0.2960072159767151, 9.976741790771484
4785791, 30, 0.9217917323112488, 0.32763737440109253, 10.974671363830566
4785791, 30, 1.0192153453826904, 0.36479300260543823, 11.971698760986328
4785791, 30, 1.1126621961593628, 0.39922016859054565, 12.969121932983398
4785791, 30, 1.2064064741134644, 0.43404319882392883, 13.966399192810059
4785791, 30, 1.2992149591445923, 0.4674813151359558, 14.963956832885742
4785791, 30, 1.3938121795654297, 0.5029858946800232, 15.961114883422852
4785791, 30, 1.4926860332489014, 0.5425114631652832, 16.95786476135254
4785791, 30, 1.6005462408065796, 0.5902839303016663, 17.953222274780273
4785791, 30, 1.699971318244934, 0.629567563533783, 18.949949264526367
4785791, 30, 1.7937250137329102, 0.6637076139450073, 19.947145462036133
4785791, 30, 1.8871166706085205, 0.6984565258026123, 20.94410514831543
4785791, 30, 1.9755289554595947, 0.7311937808990479, 21.941158294677734
4785791, 30, 2.0505623817443848, 0.7540168166160583, 22.939498901367188
4785791, 30, 2.1352176666259766, 0.7816464304924011, 23.93759536743164
4785791, 30, 2.224799871444702, 0.8125100135803223, 24.93536949157715
4785791, 30, 2.317331075668335, 0.8453882336616516, 25.932987213134766
4785791, 30, 2.3576395511627197, 0.8512452244758606, 26.932632446289062
4785791, 30, 2.4491631984710693, 0.8846772313117981, 27.930009841918945
4785791, 30, 2.537365674972534, 0.9154252409934998, 28.92786979675293
4785791, 30, 2.638848066329956, 0.9590936899185181, 29.923681259155273
1089412, 31, 0.08079438656568527, 0.025553319603204727, 0.9983146786689758
1089412, 31, 0.16555242240428925, 0.05354633182287216, 1.9963808059692383
1089412, 31, 0.250381737947464, 0.08087838441133499, 2.9946866035461426
1089412, 31, 0.33442094922065735, 0.10806705057621002, 3.9928908348083496
1089412, 31, 0.4170159697532654, 0.13395777344703674, 4.99125337600708
1089412, 31, 0.5071467757225037, 0.16588708758354187, 5.9887895584106445
1089412, 31, 0.5953980684280396, 0.19633153080940247, 6.98651123046875
1089412, 31, 0.6827579736709595, 0.22519156336784363, 7.9845380783081055
1089412, 31, 0.7674892544746399, 0.25215306878089905, 8.982786178588867
1089412, 31, 0.8527229428291321, 0.279029905796051, 9.98104476928711
1089412, 31, 0.9355591535568237, 0.30407649278640747, 10.979562759399414
1089412, 31, 0.9691593050956726, 0.3081544041633606, 11.979338645935059
1089412, 31, 1.0018442869186401, 0.3119989037513733, 12.979129791259766
1089412, 31, 1.0645313262939453, 0.32681509852409363, 13.978172302246094
1089412, 31, 1.148542881011963, 0.35276874899864197, 14.976503372192383
1089412, 31, 1.2336430549621582, 0.37969720363616943, 15.974589347839355
1089412, 31, 1.3239363431930542, 0.4112570583820343, 16.972009658813477
1089412, 31, 1.4116781949996948, 0.4404601752758026, 17.96982192993164
1089412, 31, 1.4965949058532715, 0.4676874279975891, 18.967988967895508
1089412, 31, 1.579209804534912, 0.493380606174469, 19.966238021850586
1089412, 31, 1.6478054523468018, 0.5122001767158508, 20.964948654174805
1089412, 31, 1.693767786026001, 0.5203016996383667, 21.964393615722656
1089412, 31, 1.7381588220596313, 0.5280933976173401, 22.963956832885742
1089412, 31, 1.8257741928100586, 0.5563270449638367, 23.96200942993164
1089412, 31, 1.8794194459915161, 0.5670843124389648, 24.961341857910156
1089412, 31, 1.91489839553833, 0.5718594193458557, 25.9610595703125
1089412, 31, 1.9519590139389038, 0.5769977569580078, 26.960737228393555
1089412, 31, 1.9849740266799927, 0.5811066031455994, 27.96051788330078
1089412, 31, 2.0260159969329834, 0.5877898931503296, 28.96001625061035
1089412, 31, 2.1052732467651367, 0.6111566424369812, 29.958602905273438
4996894, 32, 0.09275238960981369, 0.03306883946061134, 0.9978770017623901
4996894, 32, 0.1821403056383133, 0.06329144537448883, 1.9960567951202393
4996894, 32, 0.27175018191337585, 0.09351363778114319, 2.994171142578125
4996894, 32, 0.3649468421936035, 0.12677964568138123, 3.9918594360351562
4996894, 32, 0.4568650722503662, 0.15882611274719238, 4.98973274230957
4996894, 32, 0.5481342673301697, 0.19045108556747437, 5.987649917602539
4996894, 32, 0.6382951140403748, 0.22038790583610535, 6.985774993896484
4996894, 32, 0.725692093372345, 0.24801819026470184, 7.984225273132324
4996894, 32, 0.8122663497924805, 0.27499884366989136, 8.982685089111328
4996894, 32, 0.8972665071487427, 0.301593154668808, 9.981088638305664
4996894, 32, 0.982681155204773, 0.3283390402793884, 10.979528427124023
4996894, 32, 1.07008957862854, 0.35638612508773804, 11.97771167755127
4996894, 32, 1.156698226928711, 0.3848247826099396, 12.975732803344727
4996894, 32, 1.2413092851638794, 0.41370952129364014, 13.973557472229004
4996894, 32, 1.3194798231124878, 0.43942952156066895, 14.971508979797363
4996894, 32, 1.4108244180679321, 0.4723530411720276, 15.968963623046875
4996894, 32, 1.502251386642456, 0.5041460990905762, 16.966543197631836
4996894, 32, 1.5919493436813354, 0.5348673462867737, 17.964035034179688
4996894, 32, 1.635707974433899, 0.5416409969329834, 18.963594436645508
4996894, 32, 1.726418375968933, 0.571739673614502, 19.961166381835938
4996894, 32, 1.8180233240127563, 0.6025131344795227, 20.958839416503906
4996894, 32, 1.9028427600860596, 0.629245936870575, 21.956863403320312
4996894, 32, 1.9892911911010742, 0.6562573313713074, 22.9550724029541
4996894, 32, 2.0774669647216797, 0.6849666833877563, 23.95315933227539
4996894, 32, 2.1615488529205322, 0.7114519476890564, 24.951547622680664
4996894, 32, 2.2439053058624268, 0.7361577153205872, 25.95014190673828
4996894, 32, 2.325206995010376, 0.7599064707756042, 26.948816299438477
4996894, 32, 2.4062819480895996, 0.7837246060371399, 27.947446823120117
4996894, 32, 2.4864583015441895, 0.8063084483146667, 28.94623565673828
4996894, 32, 2.569462776184082, 0.8309308290481567, 29.944826126098633
1217886, 33, 0.07712249457836151, 0.02069242112338543, 0.9988064765930176
1217886, 33, 0.1579066962003708, 0.04298780485987663, 1.9974768161773682
1217886, 33, 0.2447667419910431, 0.06919622421264648, 2.995687246322632
1217886, 33, 0.33323776721954346, 0.09681706130504608, 3.9937829971313477
1217886, 33, 0.4160264730453491, 0.12039827555418015, 4.992428779602051
1217886, 33, 0.4984496533870697, 0.14383313059806824, 5.991084575653076
1217886, 33, 0.5770614743232727, 0.16527444124221802, 6.989861011505127
1217886, 33, 0.6548587679862976, 0.18599644303321838, 7.988662242889404
1217886, 33, 0.739621639251709, 0.2110193967819214, 8.986924171447754
1217886, 33, 0.7701297998428345, 0.2142326682806015, 9.986688613891602
1217886, 33, 0.7974613308906555, 0.21689310669898987, 10.986515998840332
1217886, 33, 0.880664050579071, 0.2410038709640503, 11.984886169433594
1217886, 33, 0.9596061706542969, 0.2630235254764557, 12.983470916748047
1217886, 33, 1.038564920425415, 0.2849966883659363, 13.982044219970703
1217886, 33, 1.1178230047225952, 0.30814334750175476, 14.98047161102295
1217886, 33, 1.205765962600708, 0.3368854522705078, 15.977950096130371
1217886, 33, 1.2430815696716309, 0.34167957305908203, 16.97757339477539
1217886, 33, 1.2980502843856812, 0.3515624701976776, 17.976490020751953
1217886, 33, 1.3491430282592773, 0.3601771593093872, 18.975627899169922
1217886, 33, 1.3954740762710571, 0.3673188090324402, 19.974971771240234
1217886, 33, 1.4753729104995728, 0.3886050581932068, 20.973588943481445
1217886, 33, 1.5565658807754517, 0.41181042790412903, 21.972116470336914
1217886, 33, 1.6405766010284424, 0.4373757839202881, 22.970211029052734
1217886, 33, 1.6733999252319336, 0.44085922837257385, 23.969928741455078
1217886, 33, 1.711881160736084, 0.445505827665329, 24.96946907043457
1217886, 33, 1.7528266906738281, 0.45083779096603394, 25.96894073486328
1217886, 33, 1.7837837934494019, 0.4542646110057831, 26.968708038330078
1217886, 33, 1.8153555393218994, 0.4578835666179657, 27.96846580505371
1217886, 33, 1.8615061044692993, 0.46545282006263733, 28.967981338500977
1217886, 33, 1.9129167795181274, 0.47466132044792175, 29.967370986938477
4820909, 34, 0.13851802051067352, 0.07839974015951157, 0.9904242753982544
4820909, 34, 0.2770293951034546, 0.15737459063529968, 1.9808179140090942
4820909, 34, 0.4126685857772827, 0.2346993088722229, 2.9713938236236572
4820909, 34, 0.5408945083618164, 0.30441614985466003, 3.9631333351135254
4820909, 34, 0.656488299369812, 0.36090487241744995, 4.957197189331055
4820909, 34, 0.7608951330184937, 0.4041527211666107, 5.953429698944092
4820909, 34, 0.862781822681427, 0.4480850100517273, 6.949149131774902
4820909, 34, 0.9782798290252686, 0.5036025643348694, 7.943216800689697
4820909, 34, 1.0935795307159424, 0.5572080612182617, 8.937671661376953
4820909, 34, 1.2160733938217163, 0.6170284152030945, 9.930903434753418
4820909, 34, 1.3387341499328613, 0.6773600578308105, 10.924005508422852
4820909, 34, 1.4562331438064575, 0.734089732170105, 11.917834281921387
4820909, 34, 1.5787240266799927, 0.7958366274833679, 12.9108304977417
4820909, 34, 1.6996313333511353, 0.856296956539154, 13.903961181640625
4820909, 34, 1.8190816640853882, 0.9156322479248047, 14.897525787353516
4820909, 34, 1.8735322952270508, 0.9261775016784668, 15.896347045898438
4820909, 34, 1.946751356124878, 0.9431107044219971, 16.893951416015625
4820909, 34, 2.0316436290740967, 0.9648889899253845, 17.890655517578125
4820909, 34, 2.1583662033081055, 1.028573751449585, 18.88319206237793
4820909, 34, 2.2655844688415527, 1.0744215250015259, 19.87883949279785
4820909, 34, 2.3773624897003174, 1.1240688562393188, 20.87384033203125
4820909, 34, 2.4911458492279053, 1.1756876707077026, 21.868412017822266
4820909, 34, 2.5957469940185547, 1.2187349796295166, 22.864355087280273
4820909, 34, 2.7040822505950928, 1.2655428647994995, 23.859569549560547
4820909, 34, 2.823089599609375, 1.323121190071106, 24.853103637695312
4820909, 34, 2.9352824687957764, 1.3751626014709473, 25.84755516052246
4820909, 34, 3.040548324584961, 1.4208203554153442, 26.843103408813477
4820909, 34, 3.1455698013305664, 1.4667335748672485, 27.838600158691406
4820909, 34, 3.2628300189971924, 1.5237579345703125, 28.832290649414062
4820909, 34, 3.3662729263305664, 1.567801833152771, 29.82822036743164
1221647, 35, 0.07720876485109329, 0.020709389820694923, 0.9988043308258057
1221647, 35, 0.15815356373786926, 0.04310697317123413, 1.9974644184112549
1221647, 35, 0.24489028751850128, 0.06925806403160095, 2.995680570602417
1221647, 35, 0.3334459364414215, 0.09693852066993713, 3.993778705596924
1221647, 35, 0.4160517156124115, 0.12039195746183395, 4.992434501647949
1221647, 35, 0.4983767569065094, 0.14376333355903625, 5.991097450256348
1221647, 35, 0.5773699879646301, 0.16534556448459625, 6.989871025085449
1221647, 35, 0.6552792191505432, 0.18617810308933258, 7.98866605758667
1221647, 35, 0.7402464151382446, 0.21132691204547882, 8.986910820007324
1221647, 35, 0.7707928419113159, 0.21452946960926056, 9.986676216125488
1221647, 35, 0.798050045967102, 0.21716400980949402, 10.986507415771484
1221647, 35, 0.8812003135681152, 0.24113531410694122, 11.98488998413086
1221647, 35, 0.9604083299636841, 0.2632496654987335, 12.983464241027832
1221647, 35, 1.039535403251648, 0.285249799489975, 13.982040405273438
1221647, 35, 1.1187708377838135, 0.30839085578918457, 14.980466842651367
1221647, 35, 1.206555724143982, 0.3370975852012634, 15.977931022644043
1221647, 35, 1.2439240217208862, 0.34191468358039856, 16.977554321289062
1221647, 35, 1.298980712890625, 0.35186314582824707, 17.976465225219727
1221647, 35, 1.3500388860702515, 0.36047080159187317, 18.975605010986328
1221647, 35, 1.3964234590530396, 0.3676411211490631, 19.974946975708008
1221647, 35, 1.471114158630371, 0.3864109516143799, 20.97368049621582
1221647, 35, 1.5522074699401855, 0.40959808230400085, 21.97220230102539
1221647, 35, 1.636447787284851, 0.43519681692123413, 22.97029685974121
1221647, 35, 1.6690937280654907, 0.43866342306137085, 23.970016479492188
1221647, 35, 1.7075146436691284, 0.44329148530960083, 24.969558715820312
1221647, 35, 1.7484910488128662, 0.4486215114593506, 25.969030380249023
1221647, 35, 1.7793670892715454, 0.4520488977432251, 26.968799591064453
1221647, 35, 1.8109005689620972, 0.4556524455547333, 27.968557357788086
1221647, 35, 1.8606595993041992, 0.46450376510620117, 28.96799659729004
1221647, 35, 1.9299614429473877, 0.4814256429672241, 29.966920852661133
5195398, 36, 0.0811924859881401, 0.02546652965247631, 0.9983538389205933
5195398, 36, 0.1661553680896759, 0.05331842601299286, 1.9964027404785156
5195398, 36, 0.24985264241695404, 0.07943446934223175, 2.994762897491455
5195398, 36, 0.32688432931900024, 0.10095972567796707, 3.9935696125030518
5195398, 36, 0.4039545953273773, 0.12262461334466934, 4.992272853851318
5195398, 36, 0.4859998822212219, 0.1475285142660141, 5.990625381469727
5195398, 36, 0.5673301815986633, 0.17117109894752502, 6.989210605621338
5195398, 36, 0.6293253898620605, 0.18519458174705505, 7.988365650177002
5195398, 36, 0.6785774230957031, 0.1940440982580185, 8.987850189208984
5195398, 36, 0.7610763907432556, 0.21897825598716736, 9.986160278320312
5195398, 36, 0.8412719368934631, 0.24265077710151672, 10.984685897827148
5195398, 36, 0.9211130142211914, 0.26596498489379883, 11.983184814453125
5195398, 36, 0.955593466758728, 0.2702966034412384, 12.982894897460938
5195398, 36, 0.9922669529914856, 0.2752479016780853, 13.982556343078613
5195398, 36, 1.029403805732727, 0.2803683578968048, 14.982209205627441
5195398, 36, 1.0716187953948975, 0.2868907153606415, 15.981704711914062
5195398, 36, 1.106288194656372, 0.29110729694366455, 16.981435775756836
5195398, 36, 1.1739048957824707, 0.30843010544776917, 17.980195999145508
5195398, 36, 1.2595798969268799, 0.33550548553466797, 18.97820472717285
5195398, 36, 1.345689058303833, 0.3627989590167999, 19.9759464263916
5195398, 36, 1.3841649293899536, 0.36777451634407043, 20.975610733032227
5195398, 36, 1.4204351902008057, 0.3722323477268219, 21.975324630737305
5195398, 36, 1.4554885625839233, 0.37642523646354675, 22.975059509277344
5195398, 36, 1.537179946899414, 0.39960217475891113, 23.97353172302246
5195398, 36, 1.6193901300430298, 0.4241168797016144, 24.97176742553711
5195398, 36, 1.6667102575302124, 0.43230944871902466, 25.971277236938477
5195398, 36, 1.750930905342102, 0.4580557644367218, 26.969430923461914
5195398, 36, 1.8329236507415771, 0.48230740427970886, 27.9677677154541
5195398, 36, 1.9120718240737915, 0.5047534704208374, 28.96639633178711
5195398, 36, 1.9942891597747803, 0.5291202068328857, 29.96483612060547
5007479, 37, 0.04748251289129257, 0.008102783001959324, 0.9993551969528198
5007479, 37, 0.09137876331806183, 0.015123667195439339, 1.9987335205078125
5007479, 37, 0.13463769853115082, 0.021816600114107132, 2.998213291168213
5007479, 37, 0.17868170142173767, 0.028698783367872238, 3.997704029083252
5007479, 37, 0.22214117646217346, 0.03529941290616989, 4.9972052574157715
5007479, 37, 0.2667207419872284, 0.042231664061546326, 5.996660232543945
5007479, 37, 0.30860739946365356, 0.04827459901571274, 6.996215343475342
5007479, 37, 0.3495592772960663, 0.05407311022281647, 7.995779514312744
5007479, 37, 0.39165714383125305, 0.06013559550046921, 8.995262145996094
5007479, 37, 0.4336557984352112, 0.06609977036714554, 9.994762420654297
5007479, 37, 0.47978484630584717, 0.0733974352478981, 10.994071960449219
5007479, 37, 0.5190909504890442, 0.07864254713058472, 11.993622779846191
5007479, 37, 0.5570642948150635, 0.08346475660800934, 12.993191719055176
5007479, 37, 0.6007723212242126, 0.08966302126646042, 13.992500305175781
5007479, 37, 0.6418419480323792, 0.09523092955350876, 14.991964340209961
5007479, 37, 0.6844893097877502, 0.10137152671813965, 15.991379737854004
5007479, 37, 0.7277160286903381, 0.10784322768449783, 16.99074935913086
5007479, 37, 0.7696376442909241, 0.11441150307655334, 17.990182876586914
5007479, 37, 0.8114431500434875, 0.12070968002080917, 18.989627838134766
5007479, 37, 0.8525592088699341, 0.12668278813362122, 19.989120483398438
5007479, 37, 0.8924522399902344, 0.13227392733097076, 20.988670349121094
5007479, 37, 0.9317786693572998, 0.1376470923423767, 21.988250732421875
5007479, 37, 0.9750425815582275, 0.1440729796886444, 22.987693786621094
5007479, 37, 1.0175727605819702, 0.150472491979599, 23.987133026123047
5007479, 37, 1.0590236186981201, 0.15644989907741547, 24.986610412597656
5007479, 37, 1.1025856733322144, 0.16314804553985596, 25.986032485961914
5007479, 37, 1.148176670074463, 0.1702621728181839, 26.985252380371094
5007479, 37, 1.200429916381836, 0.17961369454860687, 27.984086990356445
5007479, 37, 1.2573202848434448, 0.19052956998348236, 28.982643127441406
5007479, 37, 1.3118821382522583, 0.20276544988155365, 29.981229782104492
4431350, 38, 0.08631711453199387, 0.02830936200916767, 0.9979820251464844
4431350, 38, 0.17255976796150208, 0.05678657069802284, 1.9960548877716064
4431350, 38, 0.26037031412124634, 0.08627744764089584, 2.9940078258514404
4431350, 38, 0.3503459095954895, 0.11795434355735779, 3.9915196895599365
4431350, 38, 0.4372361898422241, 0.1467496007680893, 4.989466190338135
4431350, 38, 0.5216779112815857, 0.17352668941020966, 5.987683296203613
4431350, 38, 0.6090760827064514, 0.20282287895679474, 6.985439777374268
4431350, 38, 0.6973099708557129, 0.23283395171165466, 7.9830498695373535
4431350, 38, 0.7864431738853455, 0.2629130184650421, 8.9806547164917
4431350, 38, 0.8723539710044861, 0.2901409864425659, 9.97871208190918
4431350, 38, 0.9573962688446045, 0.31705862283706665, 10.976776123046875
4431350, 38, 0.9920749664306641, 0.321471631526947, 11.976530075073242
4431350, 38, 1.0274451971054077, 0.32615044713020325, 12.976265907287598
4431350, 38, 1.0640501976013184, 0.331175297498703, 13.975968360900879
4431350, 38, 1.151257038116455, 0.35895079374313354, 14.97390079498291
4431350, 38, 1.233015537261963, 0.38489148020744324, 15.97201156616211
4431350, 38, 1.3204838037490845, 0.4154769778251648, 16.969440460205078
4431350, 38, 1.413413166999817, 0.4500260353088379, 17.966039657592773
4431350, 38, 1.4924715757369995, 0.47396397590637207, 18.964096069335938
4431350, 38, 1.5331027507781982, 0.47969144582748413, 19.96369171142578
4431350, 38, 1.577083706855774, 0.4868406355381012, 20.963214874267578
4431350, 38, 1.6212154626846313, 0.494183212518692, 21.962764739990234
4431350, 38, 1.7095258235931396, 0.5242393016815186, 22.96026039123535
4431350, 38, 1.7465275526046753, 0.529473602771759, 23.95996856689453
4431350, 38, 1.7812845706939697, 0.5336674451828003, 24.959692001342773
4431350, 38, 1.8141978979110718, 0.5374038219451904, 25.959474563598633
4431350, 38, 1.8949052095413208, 0.5617697238922119, 26.95771598815918
4431350, 38, 1.9777789115905762, 0.588194727897644, 27.95572853088379
4431350, 38, 2.0241119861602783, 0.5968380570411682, 28.955211639404297
4431350, 38, 2.072899341583252, 0.6064300537109375, 29.954545974731445
5144366, 39, 0.08332937210798264, 0.025455301627516747, 0.9983591437339783
5144366, 39, 0.1634460687637329, 0.048060156404972076, 1.9970824718475342
5144366, 39, 0.24638769030570984, 0.07253055274486542, 2.99564266204834
5144366, 39, 0.3325239419937134, 0.09857595711946487, 3.9939680099487305
5144366, 39, 0.4194267690181732, 0.12483282387256622, 4.992270469665527
5144366, 39, 0.5070310235023499, 0.15145888924598694, 5.9904680252075195
5144366, 39, 0.5665915012359619, 0.16442923247814178, 6.989555358886719
5144366, 39, 0.6157122254371643, 0.1737004667520523, 7.988851070404053
5144366, 39, 0.6872653365135193, 0.19195933640003204, 8.987494468688965
5144366, 39, 0.776645839214325, 0.21981963515281677, 9.985328674316406
5144366, 39, 0.865723729133606, 0.24834541976451874, 10.983089447021484
5144366, 39, 0.9107701182365417, 0.25647908449172974, 11.982261657714844
5144366, 39, 0.9603749513626099, 0.2658337652683258, 12.981247901916504
5144366, 39, 1.0089256763458252, 0.2747211456298828, 13.980313301086426
5144366, 39, 1.0593249797821045, 0.28386905789375305, 14.97932243347168
5144366, 39, 1.1083385944366455, 0.292631059885025, 15.978401184082031
5144366, 39, 1.1606125831604004, 0.30283915996551514, 16.97730255126953
5144366, 39, 1.2083736658096313, 0.3117479681968689, 17.97641944885254
5144366, 39, 1.254621982574463, 0.32012003660202026, 18.975624084472656
5144366, 39, 1.2957688570022583, 0.32682594656944275, 19.975055694580078
5144366, 39, 1.3357770442962646, 0.33322110772132874, 20.974536895751953
5144366, 39, 1.374779224395752, 0.3391225039958954, 21.97404670715332
5144366, 39, 1.421095371246338, 0.34712761640548706, 22.973440170288086
5144366, 39, 1.4678517580032349, 0.3556525707244873, 23.972749710083008
5144366, 39, 1.5383554697036743, 0.37451571226119995, 24.971376419067383
5144366, 39, 1.6193654537200928, 0.39955174922943115, 25.969472885131836
5144366, 39, 1.6961063146591187, 0.4208358824253082, 26.96798324584961
5144366, 39, 1.751381754875183, 0.4327390491962433, 27.96701431274414
5144366, 39, 1.8179315328598022, 0.44918006658554077, 28.965831756591797
5144366, 39, 1.9037851095199585, 0.4759982228279114, 29.963911056518555
5037673, 40, 0.0856751799583435, 0.027606457471847534, 0.9982873797416687
5037673, 40, 0.17118865251541138, 0.055198632180690765, 1.9966096878051758
5037673, 40, 0.2589726448059082, 0.08377986401319504, 2.994847059249878
5037673, 40, 0.34643813967704773, 0.11165206134319305, 3.9930496215820312
5037673, 40, 0.43479904532432556, 0.14093978703022003, 4.990995407104492
5037673, 40, 0.5192775726318359, 0.16683335602283478, 5.989547252655029
5037673, 40, 0.5933820009231567, 0.1871640533208847, 6.988350868225098
5037673, 40, 0.6555164456367493, 0.20130836963653564, 7.987454414367676
5037673, 40, 0.7405348420143127, 0.226963073015213, 8.985990524291992
5037673, 40, 0.8274575471878052, 0.2537139356136322, 9.984448432922363
5037673, 40, 0.9136049151420593, 0.28015637397766113, 10.982921600341797
5037673, 40, 0.9616347551345825, 0.28769075870513916, 11.982232093811035
5037673, 40, 1.0046616792678833, 0.29389888048171997, 12.981730461120605
5037673, 40, 1.0474512577056885, 0.3000691533088684, 13.981254577636719
5037673, 40, 1.1320544481277466, 0.32579225301742554, 14.979578018188477
5037673, 40, 1.2231531143188477, 0.35701215267181396, 15.977161407470703
5037673, 40, 1.3209038972854614, 0.39307913184165955, 16.974239349365234
5037673, 40, 1.4100974798202515, 0.42323529720306396, 17.972049713134766
5037673, 40, 1.4917854070663452, 0.44841548800468445, 18.970178604125977
5037673, 40, 1.5443711280822754, 0.4585845470428467, 19.969552993774414
5037673, 40, 1.6311976909637451, 0.48616504669189453, 20.967653274536133
5037673, 40, 1.722556471824646, 0.5173471570014954, 21.965229034423828
5037673, 40, 1.8087834119796753, 0.5443145632743835, 22.963403701782227
5037673, 40, 1.8954826593399048, 0.5712782144546509, 23.961606979370117
5037673, 40, 1.9339162111282349, 0.5765249133110046, 24.961238861083984
5037673, 40, 1.9737461805343628, 0.5821578502655029, 25.96082305908203
5037673, 40, 2.0131938457489014, 0.5878387093544006, 26.96041488647461
5037673, 40, 2.0565598011016846, 0.5951909422874451, 27.9599552154541
5037673, 40, 2.1425278186798096, 0.6221563220024109, 28.958316802978516
5037673, 40, 2.2169418334960938, 0.6426326036453247, 29.95708465576172
4766524, 41, 0.09684011340141296, 0.03816676884889603, 0.997101366519928
4766524, 41, 0.15341629087924957, 0.05201416090130806, 1.9961001873016357
4766524, 41, 0.25604596734046936, 0.09391999244689941, 2.992914915084839
4766524, 41, 0.35571029782295227, 0.13341060280799866, 3.9899754524230957
4766524, 41, 0.45055821537971497, 0.16922049224376678, 4.987519264221191
4766524, 41, 0.5456283688545227, 0.20460999011993408, 5.9851155281066895
4766524, 41, 0.6423064470291138, 0.24104911088943481, 6.98245096206665
4766524, 41, 0.7310556173324585, 0.27262941002845764, 7.980313301086426
4766524, 41, 0.7662421464920044, 0.27784353494644165, 8.980034828186035
4766524, 41, 0.8577344417572021, 0.3112885653972626, 9.977643013000488
4766524, 41, 0.9516763091087341, 0.347287654876709, 10.9746675491333
4766524, 41, 1.0469908714294434, 0.38370224833488464, 11.971687316894531
4766524, 41, 1.1415445804595947, 0.41876086592674255, 12.968995094299316
4766524, 41, 1.2376824617385864, 0.4560422897338867, 13.965937614440918
4766524, 41, 1.3331828117370605, 0.4930923581123352, 14.962869644165039
4766524, 41, 1.432849645614624, 0.533153235912323, 15.959561347961426
4766524, 41, 1.5313754081726074, 0.5733327865600586, 16.956199645996094
4766524, 41, 1.6297731399536133, 0.6127894520759583, 17.952896118164062
4766524, 41, 1.723483920097351, 0.6484269499778748, 18.94997215270996
4766524, 41, 1.822645664215088, 0.688291072845459, 19.946504592895508
4766524, 41, 1.9150280952453613, 0.7229043245315552, 20.943756103515625
4766524, 41, 2.0106606483459473, 0.7603228688240051, 21.94077491760254
4766524, 41, 2.1022589206695557, 0.7943194508552551, 22.938261032104492
4766524, 41, 2.194753885269165, 0.8296851515769958, 23.93522071838379
4766524, 41, 2.289050579071045, 0.866121768951416, 24.93229866027832
4766524, 41, 2.3840932846069336, 0.9028162956237793, 25.92948341369629
4766524, 41, 2.4767346382141113, 0.937020480632782, 26.92707061767578
4766524, 41, 2.5704901218414307, 0.9720003008842468, 27.924545288085938
4766524, 41, 2.6610043048858643, 1.004196047782898, 28.922439575195312
4766524, 41, 2.7576797008514404, 1.0419880151748657, 29.919334411621094
1262475, 42, 0.08375535905361176, 0.025378305464982986, 0.9985339045524597
1262475, 42, 0.16809138655662537, 0.05051508545875549, 1.997085452079773
1262475, 42, 0.256399005651474, 0.07741893827915192, 2.9954748153686523
1262475, 42, 0.34591883420944214, 0.1054522842168808, 3.9937655925750732
1262475, 42, 0.43624013662338257, 0.1345893293619156, 4.991747856140137
1262475, 42, 0.5221524238586426, 0.16068261861801147, 5.990043640136719
1262475, 42, 0.6066193580627441, 0.1851804554462433, 6.988544464111328
1262475, 42, 0.6594313383102417, 0.19460688531398773, 7.9878106117248535
1262475, 42, 0.7087240219116211, 0.20277491211891174, 8.987060546875
1262475, 42, 0.7672566771507263, 0.21480917930603027, 9.98615837097168
1262475, 42, 0.8511607050895691, 0.23897698521614075, 10.984660148620605
1262475, 42, 0.8985307812690735, 0.24665828049182892, 11.983953475952148
1262475, 42, 0.948908805847168, 0.2553239166736603, 12.983137130737305
1262475, 42, 1.0013841390609741, 0.2646770179271698, 13.982211112976074
1262475, 42, 1.050837516784668, 0.273083359003067, 14.981378555297852
1262475, 42, 1.1048883199691772, 0.28331974148750305, 15.980581283569336
1262475, 42, 1.1599386930465698, 0.29399925470352173, 16.979860305786133
1262475, 42, 1.244543433189392, 0.3198351562023163, 17.977937698364258
1262475, 42, 1.2851113080978394, 0.32550370693206787, 18.97747039794922
1262475, 42, 1.328674077987671, 0.33205777406692505, 19.976884841918945
1262475, 42, 1.3803069591522217, 0.341248482465744, 20.975927352905273
1262475, 42, 1.4246217012405396, 0.34827765822410583, 21.975255966186523
1262475, 42, 1.511676549911499, 0.37560683488845825, 22.97321319580078
1262475, 42, 1.5955266952514648, 0.40271997451782227, 23.971019744873047
1262475, 42, 1.6399399042129517, 0.40944308042526245, 24.970375061035156
1262475, 42, 1.6760952472686768, 0.41393643617630005, 25.969999313354492
1262475, 42, 1.7134692668914795, 0.4188084006309509, 26.969568252563477
1262475, 42, 1.7475039958953857, 0.42314499616622925, 27.969236373901367
1262475, 42, 1.7824640274047852, 0.4277186691761017, 28.96890640258789
1262475, 42, 1.8645931482315063, 0.45116737484931946, 29.967374801635742
5010602, 43, 0.06509444862604141, 0.016179867088794708, 0.9990363121032715
5010602, 43, 0.13865196704864502, 0.036751724779605865, 1.9978156089782715
5010602, 43, 0.2214329093694687, 0.062448322772979736, 2.9962120056152344
5010602, 43, 0.3031448423862457, 0.08758054673671722, 3.9946541786193848
5010602, 43, 0.3861859142780304, 0.1139911562204361, 4.9928998947143555
5010602, 43, 0.46581217646598816, 0.1386173516511917, 5.991399765014648
5010602, 43, 0.5478509664535522, 0.1642289161682129, 6.989683151245117
5010602, 43, 0.6302991509437561, 0.18924173712730408, 7.988051891326904
5010602, 43, 0.7085010409355164, 0.21166712045669556, 8.98667049407959
5010602, 43, 0.7438801527023315, 0.21605899930000305, 9.986321449279785
5010602, 43, 0.7828432321548462, 0.2214169204235077, 10.98583984375
5010602, 43, 0.8246277570724487, 0.22741641104221344, 11.985249519348145
5010602, 43, 0.8637694120407104, 0.23261010646820068, 12.984761238098145
5010602, 43, 0.9004453420639038, 0.2370608001947403, 13.984380722045898
5010602, 43, 0.9357163310050964, 0.24132895469665527, 14.984057426452637
5010602, 43, 0.9732962846755981, 0.24622541666030884, 15.983680725097656
5010602, 43, 1.0154807567596436, 0.2525937557220459, 16.983158111572266
5010602, 43, 1.0620993375778198, 0.2605783939361572, 17.982398986816406
5010602, 43, 1.1085233688354492, 0.2682179808616638, 18.98166275024414
5010602, 43, 1.1561170816421509, 0.27620571851730347, 19.980894088745117
5010602, 43, 1.201204538345337, 0.2834721803665161, 20.980234146118164
5010602, 43, 1.24578857421875, 0.29067325592041016, 21.979591369628906
5010602, 43, 1.2872488498687744, 0.2966652512550354, 22.97907257080078
5010602, 43, 1.3241307735443115, 0.30112600326538086, 23.978696823120117
5010602, 43, 1.3576642274856567, 0.3048338294029236, 24.97840690612793
5010602, 43, 1.393799901008606, 0.3092130422592163, 25.978050231933594
5010602, 43, 1.4294419288635254, 0.3134928047657013, 26.977718353271484
5010602, 43, 1.4631671905517578, 0.3173382580280304, 27.977445602416992
5010602, 43, 1.4988981485366821, 0.32197827100753784, 28.977113723754883
5010602, 43, 1.5710422992706299, 0.3425750136375427, 29.97583770751953
4961513, 44, 0.08456124365329742, 0.02774076722562313, 0.9983751773834229
4961513, 44, 0.16805216670036316, 0.054536059498786926, 1.9968031644821167
4961513, 44, 0.252579003572464, 0.08219556510448456, 2.9951281547546387
4961513, 44, 0.3368331789970398, 0.10973691940307617, 3.9933829307556152
4961513, 44, 0.42162543535232544, 0.13727112114429474, 4.9916510581970215
4961513, 44, 0.5091297626495361, 0.1667679399251938, 5.989572525024414
4961513, 44, 0.5988284945487976, 0.1979801505804062, 6.987277984619141
4961513, 44, 0.6828376650810242, 0.2251809984445572, 7.985366344451904
4961513, 44, 0.7672488689422607, 0.25182095170021057, 8.983813285827637
4961513, 44, 0.8545026183128357, 0.27971798181533813, 9.98204231262207
4961513, 44, 0.8867464065551758, 0.28362590074539185, 10.981840133666992
4961513, 44, 0.9240899682044983, 0.2887011766433716, 11.981528282165527
4961513, 44, 0.9587607383728027, 0.29324039816856384, 12.981268882751465
4961513, 44, 0.997372031211853, 0.29876238107681274, 13.98093318939209
4961513, 44, 1.0356614589691162, 0.30381396412849426, 14.980528831481934
4961513, 44, 1.0751739740371704, 0.30919912457466125, 15.980130195617676
4961513, 44, 1.1632884740829468, 0.3386193811893463, 16.977928161621094
4961513, 44, 1.2546406984329224, 0.37141597270965576, 17.975008010864258
4961513, 44, 1.2969104051589966, 0.3777281939983368, 18.974571228027344
4961513, 44, 1.33881413936615, 0.38430729508399963, 19.974117279052734
4961513, 44, 1.4288294315338135, 0.4155023992061615, 20.971376419067383
4961513, 44, 1.4690380096435547, 0.4215582311153412, 21.970993041992188
4961513, 44, 1.5123752355575562, 0.42862263321876526, 22.97051239013672
4961513, 44, 1.596929907798767, 0.4551912546157837, 23.968656539916992
4961513, 44, 1.6294969320297241, 0.4591238498687744, 24.968448638916016
4961513, 44, 1.6620838642120361, 0.4630409777164459, 25.968238830566406
4961513, 44, 1.7485442161560059, 0.4915572702884674, 26.966211318969727
4961513, 44, 1.8399916887283325, 0.5238049626350403, 27.96376609802246
4961513, 44, 1.9297230243682861, 0.5540686845779419, 28.96164321899414
4961513, 44, 2.018017530441284, 0.5832448601722717, 29.959657669067383
5059948, 45, 0.09294924139976501, 0.033515963703393936, 0.9972862601280212
5059948, 45, 0.18520255386829376, 0.06597694754600525, 1.994882345199585
5059948, 45, 0.2725294232368469, 0.0941232442855835, 2.9930262565612793
5059948, 45, 0.363869309425354, 0.12557631731033325, 3.9907114505767822
5059948, 45, 0.4532395601272583, 0.1564355194568634, 4.988276958465576
5059948, 45, 0.48833686113357544, 0.1613079458475113, 5.987860679626465
5059948, 45, 0.5273944735527039, 0.1668655276298523, 6.987301349639893
5059948, 45, 0.5893957614898682, 0.18128307163715363, 7.986225128173828
5059948, 45, 0.6771291494369507, 0.20684467256069183, 8.984537124633789
5059948, 45, 0.7367212772369385, 0.2192259579896927, 9.983606338500977
5059948, 45, 0.7707998752593994, 0.22375087440013885, 10.983257293701172
5059948, 45, 0.8059773445129395, 0.22849209606647491, 11.982868194580078
5059948, 45, 0.8441510200500488, 0.2337883859872818, 12.982401847839355
5059948, 45, 0.8824431300163269, 0.2391054332256317, 13.981919288635254
5059948, 45, 0.9241747260093689, 0.24514256417751312, 14.981317520141602
5059948, 45, 0.9650994539260864, 0.2511584758758545, 15.98076057434082
5059948, 45, 1.0055729150772095, 0.257009893655777, 16.9802303314209
5059948, 45, 1.0504846572875977, 0.26417016983032227, 17.979631423950195
5059948, 45, 1.0920937061309814, 0.27014702558517456, 18.979156494140625
5059948, 45, 1.1349730491638184, 0.2762846052646637, 19.97859764099121
5059948, 45, 1.1749191284179688, 0.2821369767189026, 20.97817039489746
5059948, 45, 1.2123459577560425, 0.2873161733150482, 21.9777774810791
5059948, 45, 1.2507612705230713, 0.2928304076194763, 22.977340698242188
5059948, 45, 1.3526020050048828, 0.3327523469924927, 23.97334861755371
5059948, 45, 1.4433648586273193, 0.3614606559276581, 24.97113609313965
5059948, 45, 1.4813777208328247, 0.3667909801006317, 25.97068214416504
5059948, 45, 1.5800338983535767, 0.40152376890182495, 26.967809677124023
5059948, 45, 1.6736149787902832, 0.4318777620792389, 27.965578079223633
5059948, 45, 1.7683029174804688, 0.46344512701034546, 28.963132858276367
5059948, 45, 1.8627725839614868, 0.4944278299808502, 29.960737228393555
4855738, 46, 0.08867713809013367, 0.02961082197725773, 0.9983077645301819
4855738, 46, 0.1763746440410614, 0.05819632485508919, 1.9967526197433472
4855738, 46, 0.2681806683540344, 0.08932022750377655, 2.9949252605438232
4855738, 46, 0.3590921461582184, 0.12013088166713715, 3.9930226802825928
4855738, 46, 0.44609299302101135, 0.14817692339420319, 4.991296291351318
4855738, 46, 0.5292162299156189, 0.17345978319644928, 5.9898295402526855
4855738, 46, 0.6119840145111084, 0.1981176733970642, 6.988410472869873
4855738, 46, 0.6936740875244141, 0.22186240553855896, 7.987096309661865
4855738, 46, 0.776185929775238, 0.24595361948013306, 8.985766410827637
4855738, 46, 0.8588377237319946, 0.2700977325439453, 9.984458923339844
4855738, 46, 0.9408910870552063, 0.2935558557510376, 10.983153343200684
4855738, 46, 1.0188140869140625, 0.314628541469574, 11.982006072998047
4855738, 46, 1.0531448125839233, 0.3189457058906555, 12.981731414794922
4855738, 46, 1.0927091836929321, 0.3246219754219055, 13.981313705444336
4855738, 46, 1.133557677268982, 0.330527126789093, 14.980883598327637
4855738, 46, 1.171433925628662, 0.335737407207489, 15.980559349060059
4855738, 46, 1.254402995109558, 0.36146947741508484, 16.978862762451172
4855738, 46, 1.34018075466156, 0.38977760076522827, 17.976621627807617
4855738, 46, 1.4002220630645752, 0.4039207100868225, 18.975706100463867
4855738, 46, 1.448211908340454, 0.412462055683136, 19.974971771240234
4855738, 46, 1.490865707397461, 0.41916337609291077, 20.974563598632812
4855738, 46, 1.5710558891296387, 0.44237053394317627, 21.973173141479492
4855738, 46, 1.6533490419387817, 0.46632713079452515, 22.971675872802734
4855738, 46, 1.7316001653671265, 0.4885447025299072, 23.9704532623291
4855738, 46, 1.8095064163208008, 0.510473906993866, 24.969276428222656
4855738, 46, 1.8879497051239014, 0.5327764749526978, 25.96805763244629
4855738, 46, 1.967137098312378, 0.5554627776145935, 26.966794967651367
4855738, 46, 2.0470378398895264, 0.5786440372467041, 27.96553611755371
4855738, 46, 2.128854513168335, 0.6026811003684998, 28.964229583740234
4855738, 46, 2.210775136947632, 0.6265944838523865, 29.96289825439453
