Case_ID, Slide_ID, mae, mse, ssim
5266205, 1, 0.046893518418073654, 0.007776335347443819, 0.9995328187942505
5266205, 1, 0.09307679533958435, 0.015087672509253025, 1.9991085529327393
5266205, 1, 0.13978348672389984, 0.022357163950800896, 2.9986753463745117
5266205, 1, 0.18923772871494293, 0.029490645974874496, 3.9981675148010254
5266205, 1, 0.24576744437217712, 0.0399768203496933, 4.997578144073486
5266205, 1, 0.32244348526000977, 0.05896538868546486, 5.996424674987793
5266205, 1, 0.37672334909439087, 0.06890790164470673, 6.995789527893066
5266205, 1, 0.4344993829727173, 0.07947510480880737, 7.994997978210449
5266205, 1, 0.4969768226146698, 0.09163700044155121, 8.99404239654541
5266205, 1, 0.5621318221092224, 0.10494926571846008, 9.9929838180542
5266205, 1, 0.6245551705360413, 0.1175684928894043, 10.992019653320312
5266205, 1, 0.6922084093093872, 0.13159051537513733, 11.99087142944336
5266205, 1, 0.7544084191322327, 0.14364370703697205, 12.989936828613281
5266205, 1, 0.8207128047943115, 0.1568223387002945, 13.98880672454834
5266205, 1, 0.8692188262939453, 0.16466784477233887, 14.988321304321289
5266205, 1, 0.9243678450584412, 0.17414367198944092, 15.987570762634277
5266205, 1, 0.9867035150527954, 0.18564511835575104, 16.986473083496094
5266205, 1, 1.0478438138961792, 0.19675342738628387, 17.985431671142578
5266205, 1, 1.1041172742843628, 0.20638075470924377, 18.984588623046875
5266205, 1, 1.1563071012496948, 0.21507003903388977, 19.983854293823242
5266205, 1, 1.2053874731063843, 0.22329239547252655, 20.983341217041016
5266205, 1, 1.2721340656280518, 0.23861736059188843, 21.982528686523438
5266205, 1, 1.3432108163833618, 0.25473999977111816, 22.981670379638672
5266205, 1, 1.419825553894043, 0.27288034558296204, 23.980688095092773
5266205, 1, 1.4934937953948975, 0.2899143099784851, 24.979766845703125
5266205, 1, 1.5750818252563477, 0.31002312898635864, 25.978252410888672
5266205, 1, 1.640921711921692, 0.32287120819091797, 26.977256774902344
5266205, 1, 1.6796382665634155, 0.3276021182537079, 27.97695541381836
5266205, 1, 1.7204744815826416, 0.3326302468776703, 28.97661018371582
5266205, 1, 1.7613332271575928, 0.33817097544670105, 29.976299285888672
5110047, 2, 0.04885028675198555, 0.008194565773010254, 0.9994795918464661
5110047, 2, 0.09775061905384064, 0.016462204977869987, 1.998953938484192
5110047, 2, 0.14708362519741058, 0.025385335087776184, 2.9984138011932373
5110047, 2, 0.19424566626548767, 0.033674947917461395, 3.9979331493377686
5110047, 2, 0.24155983328819275, 0.041862308979034424, 4.997465133666992
5110047, 2, 0.28679922223091125, 0.04902748018503189, 5.997053146362305
5110047, 2, 0.33403831720352173, 0.05643820762634277, 6.996562957763672
5110047, 2, 0.3807600438594818, 0.06429122388362885, 7.996106147766113
5110047, 2, 0.42750224471092224, 0.072133369743824, 8.995645523071289
5110047, 2, 0.4738454222679138, 0.0797421857714653, 9.995208740234375
5110047, 2, 0.5216046571731567, 0.08783860504627228, 10.994749069213867
5110047, 2, 0.5742807984352112, 0.09722352027893066, 11.99420166015625
5110047, 2, 0.6235445737838745, 0.10577535629272461, 12.993744850158691
5110047, 2, 0.6709941625595093, 0.11373744159936905, 13.993325233459473
5110047, 2, 0.7155721783638, 0.12072108685970306, 14.992952346801758
5110047, 2, 0.7592352032661438, 0.12706181406974792, 15.992597579956055
5110047, 2, 0.8023297786712646, 0.13319151103496552, 16.992244720458984
5110047, 2, 0.8474955558776855, 0.14005665481090546, 17.99180793762207
5110047, 2, 0.891274631023407, 0.14643576741218567, 18.99141502380371
5110047, 2, 0.9344910979270935, 0.15262043476104736, 19.991037368774414
5110047, 2, 0.9783918261528015, 0.15903975069522858, 20.990633010864258
5110047, 2, 1.0645654201507568, 0.1818164438009262, 21.988723754882812
5110047, 2, 1.1375776529312134, 0.199031263589859, 22.98758888244629
5110047, 2, 1.2119462490081787, 0.21679267287254333, 23.98636245727539
5110047, 2, 1.2775777578353882, 0.23039662837982178, 24.985462188720703
5110047, 2, 1.3404453992843628, 0.24267755448818207, 25.98464012145996
5110047, 2, 1.4182826280593872, 0.2622804641723633, 26.983348846435547
5110047, 2, 1.4990273714065552, 0.2840690016746521, 27.981904983520508
5110047, 2, 1.5424338579177856, 0.29014521837234497, 28.981462478637695
5110047, 2, 1.5859297513961792, 0.29623228311538696, 29.98095703125
4954663, 3, 0.05193095654249191, 0.007970521226525307, 0.9994324445724487
4954663, 3, 0.10260628163814545, 0.015726584941148758, 1.9988998174667358
4954663, 3, 0.15346378087997437, 0.023974601179361343, 2.9983479976654053
4954663, 3, 0.20896077156066895, 0.03457452356815338, 3.9976983070373535
4954663, 3, 0.3008338510990143, 0.06185120344161987, 4.995889663696289
4954663, 3, 0.3922065794467926, 0.08866575360298157, 5.994176387786865
4954663, 3, 0.48411571979522705, 0.11595343053340912, 6.992364883422852
4954663, 3, 0.5698256492614746, 0.14044269919395447, 7.990813255310059
4954663, 3, 0.6568582653999329, 0.16484825313091278, 8.989152908325195
4954663, 3, 0.750674307346344, 0.19378140568733215, 9.986997604370117
4954663, 3, 0.8388949632644653, 0.21928074955940247, 10.985450744628906
4954663, 3, 0.9286020994186401, 0.24489793181419373, 11.983692169189453
4954663, 3, 1.013471007347107, 0.2673919200897217, 12.982288360595703
4954663, 3, 1.0971992015838623, 0.288770467042923, 13.980982780456543
4954663, 3, 1.1799529790878296, 0.31031420826911926, 14.979629516601562
4954663, 3, 1.2494497299194336, 0.3257356584072113, 15.978492736816406
4954663, 3, 1.3372070789337158, 0.350019246339798, 16.97695541381836
4954663, 3, 1.4258891344070435, 0.3744574189186096, 17.975379943847656
4954663, 3, 1.512024164199829, 0.39743268489837646, 18.973854064941406
4954663, 3, 1.60233473777771, 0.42267757654190063, 19.972192764282227
4954663, 3, 1.691380262374878, 0.446785569190979, 20.970441818237305
4954663, 3, 1.7762356996536255, 0.4690936207771301, 21.96886444091797
4954663, 3, 1.8572760820388794, 0.49000033736228943, 22.96759605407715
4954663, 3, 1.9426500797271729, 0.5131447315216064, 23.96599769592285
4954663, 3, 2.027651786804199, 0.5359494686126709, 24.96452522277832
4954663, 3, 2.1225671768188477, 0.5643409490585327, 25.96214485168457
4954663, 3, 2.210400342941284, 0.5893380045890808, 26.960418701171875
4954663, 3, 2.298063278198242, 0.6140413880348206, 27.958580017089844
4954663, 3, 2.348611831665039, 0.6215786933898926, 28.957996368408203
4954663, 3, 2.4042446613311768, 0.6299708485603333, 29.95719337463379
4899760, 4, 0.04893720895051956, 0.007327735889703035, 0.9995059370994568
4899760, 4, 0.09886211156845093, 0.015200037509202957, 1.999068260192871
4899760, 4, 0.1496795415878296, 0.023192785680294037, 2.998619318008423
4899760, 4, 0.19715116918087006, 0.030203215777873993, 3.9982495307922363
4899760, 4, 0.24374164640903473, 0.03689640015363693, 4.9978461265563965
4899760, 4, 0.29428038001060486, 0.0446932278573513, 5.997323989868164
4899760, 4, 0.36377114057540894, 0.060079917311668396, 6.996239185333252
4899760, 4, 0.449910968542099, 0.08348633348941803, 7.994622707366943
4899760, 4, 0.5296512842178345, 0.10445062071084976, 8.993400573730469
4899760, 4, 0.6148611307144165, 0.12782293558120728, 9.991727828979492
4899760, 4, 0.6927545666694641, 0.14794600009918213, 10.990489959716797
4899760, 4, 0.7773967385292053, 0.17092137038707733, 11.988996505737305
4899760, 4, 0.8625314831733704, 0.1942787617444992, 12.98747730255127
4899760, 4, 0.9085624814033508, 0.20079733431339264, 13.987142562866211
4899760, 4, 0.9566932320594788, 0.2073860615491867, 14.98676872253418
4899760, 4, 1.003481388092041, 0.21363551914691925, 15.986420631408691
4899760, 4, 1.0761569738388062, 0.23113328218460083, 16.985437393188477
4899760, 4, 1.1659948825836182, 0.25796693563461304, 17.983516693115234
4899760, 4, 1.2528305053710938, 0.28245025873184204, 18.98187255859375
4899760, 4, 1.3421540260314941, 0.30838701128959656, 19.980186462402344
4899760, 4, 1.4321839809417725, 0.3348996043205261, 20.97850227355957
4899760, 4, 1.520413875579834, 0.3606610596179962, 21.976911544799805
4899760, 4, 1.6106934547424316, 0.3867031931877136, 22.97527503967285
4899760, 4, 1.70982825756073, 0.4169342517852783, 23.972877502441406
4899760, 4, 1.8100745677947998, 0.4486137926578522, 24.97015380859375
4899760, 4, 1.9065982103347778, 0.4788564145565033, 25.96769142150879
4899760, 4, 1.9992883205413818, 0.5068888664245605, 26.965560913085938
4899760, 4, 2.0929572582244873, 0.5355757474899292, 27.963485717773438
4899760, 4, 2.185455083847046, 0.5635361075401306, 28.961292266845703
4899760, 4, 2.2827394008636475, 0.5948435664176941, 29.958730697631836
5262914_2, 5, 0.05666964128613472, 0.010384749621152878, 0.9993714094161987
5262914_2, 5, 0.11027274280786514, 0.019634932279586792, 1.9988141059875488
5262914_2, 5, 0.16596709191799164, 0.030003249645233154, 2.9981861114501953
5262914_2, 5, 0.2195986658334732, 0.038439687341451645, 3.997687339782715
5262914_2, 5, 0.2758569121360779, 0.048876527696847916, 4.9970703125
5262914_2, 5, 0.33159446716308594, 0.05909028649330139, 5.99647855758667
5262914_2, 5, 0.39779454469680786, 0.07226256281137466, 6.995695114135742
5262914_2, 5, 0.48933276534080505, 0.09821237623691559, 7.994022846221924
5262914_2, 5, 0.544120192527771, 0.10809357464313507, 8.99344253540039
5262914_2, 5, 0.6092544198036194, 0.12338963896036148, 9.992500305175781
5262914_2, 5, 0.7393970489501953, 0.17111852765083313, 10.987112998962402
5262914_2, 5, 0.8658079504966736, 0.2161761373281479, 11.9822359085083
5262914_2, 5, 0.9947178959846497, 0.2628875970840454, 12.97700309753418
5262914_2, 5, 1.127021074295044, 0.31042200326919556, 13.971426010131836
5262914_2, 5, 1.2341879606246948, 0.343456506729126, 14.968682289123535
5262914_2, 5, 1.3565073013305664, 0.38569316267967224, 15.964452743530273
5262914_2, 5, 1.464210033416748, 0.41922885179519653, 16.96190643310547
5262914_2, 5, 1.5652726888656616, 0.4489227831363678, 17.96007537841797
5262914_2, 5, 1.6614482402801514, 0.4761882424354553, 18.958467483520508
5262914_2, 5, 1.7568448781967163, 0.5028889179229736, 19.956830978393555
5262914_2, 5, 1.847658395767212, 0.5275922417640686, 20.95530891418457
5262914_2, 5, 1.9393365383148193, 0.5531493425369263, 21.95372200012207
5262914_2, 5, 1.9931787252426147, 0.5631557106971741, 22.95304298400879
5262914_2, 5, 2.0460543632507324, 0.5728934407234192, 23.952396392822266
5262914_2, 5, 2.0991220474243164, 0.5827188491821289, 24.95174789428711
5262914_2, 5, 2.192223072052002, 0.6096428632736206, 25.949771881103516
5262914_2, 5, 2.2884345054626465, 0.6387583017349243, 26.947582244873047
5262914_2, 5, 2.3803210258483887, 0.6662629842758179, 27.945817947387695
5262914_2, 5, 2.476141929626465, 0.6960636973381042, 28.94368553161621
5262914_2, 5, 2.5724198818206787, 0.7264447212219238, 29.941537857055664
5216902, 6, 0.045656874775886536, 0.0070452033542096615, 0.9995432496070862
5216902, 6, 0.09524448215961456, 0.014731783419847488, 1.9989771842956543
5216902, 6, 0.13882364332675934, 0.020892761647701263, 2.998613119125366
5216902, 6, 0.2251220941543579, 0.04352263733744621, 3.9971446990966797
5216902, 6, 0.3178008198738098, 0.06983842700719833, 4.995147705078125
5216902, 6, 0.4130944013595581, 0.0979023203253746, 5.993007183074951
5216902, 6, 0.5047386288642883, 0.12374556064605713, 6.991151332855225
5216902, 6, 0.594914436340332, 0.14875201880931854, 7.989440441131592
5216902, 6, 0.6868796348571777, 0.1744275838136673, 8.987578392028809
5216902, 6, 0.781200110912323, 0.20112529397010803, 9.985567092895508
5216902, 6, 0.8720146417617798, 0.22624588012695312, 10.983794212341309
5216902, 6, 0.958330512046814, 0.24877677857875824, 11.982287406921387
5216902, 6, 1.0426621437072754, 0.2705351412296295, 12.980915069580078
5216902, 6, 1.1216976642608643, 0.2897191345691681, 13.979850769042969
5216902, 6, 1.170557975769043, 0.2972956895828247, 14.979376792907715
5216902, 6, 1.2139759063720703, 0.303739070892334, 15.978998184204102
5216902, 6, 1.261681318283081, 0.3114260733127594, 16.978530883789062
5216902, 6, 1.3049384355545044, 0.31767091155052185, 17.978193283081055
5216902, 6, 1.3479315042495728, 0.32349950075149536, 18.977848052978516
5216902, 6, 1.4146007299423218, 0.3373154401779175, 19.977012634277344
5216902, 6, 1.5025063753128052, 0.3603054881095886, 20.975154876708984
5216902, 6, 1.5674930810928345, 0.3727441430091858, 21.974252700805664
5216902, 6, 1.6286954879760742, 0.3841800093650818, 22.973567962646484
5216902, 6, 1.7165379524230957, 0.4087021052837372, 23.97179412841797
5216902, 6, 1.8093303442001343, 0.4358763098716736, 24.969722747802734
5216902, 6, 1.8692622184753418, 0.44705140590667725, 25.968908309936523
5216902, 6, 1.9625511169433594, 0.4747407138347626, 26.966711044311523
5216902, 6, 2.0502724647521973, 0.5000145435333252, 27.96492576599121
5216902, 6, 2.1408987045288086, 0.5269776582717896, 28.962940216064453
5216902, 6, 2.207123279571533, 0.5419536232948303, 29.96188735961914
5032506, 7, 0.04144519940018654, 0.00568573921918869, 0.9996389150619507
5032506, 7, 0.08264019340276718, 0.011469965800642967, 1.9992883205413818
5032506, 7, 0.12865760922431946, 0.018123028799891472, 2.998800754547119
5032506, 7, 0.18615305423736572, 0.027331680059432983, 3.9979541301727295
5032506, 7, 0.23117896914482117, 0.03355547785758972, 4.997523784637451
5032506, 7, 0.28506895899772644, 0.042930684983730316, 5.9969916343688965
5032506, 7, 0.33193206787109375, 0.04929211735725403, 6.996524810791016
5032506, 7, 0.38007161021232605, 0.05605057626962662, 7.996025085449219
5032506, 7, 0.42823997139930725, 0.06294132024049759, 8.995525360107422
5032506, 7, 0.48962387442588806, 0.07345913350582123, 9.99454116821289
5032506, 7, 0.5484490394592285, 0.0833490714430809, 10.993636131286621
5032506, 7, 0.6068028211593628, 0.09321897476911545, 11.992727279663086
5032506, 7, 0.6585280299186707, 0.1011878252029419, 12.992074012756348
5032506, 7, 0.70904541015625, 0.10894383490085602, 13.991474151611328
5032506, 7, 0.757099449634552, 0.1159752681851387, 14.990938186645508
5032506, 7, 0.8009178042411804, 0.12187385559082031, 15.990516662597656
5032506, 7, 0.8495107889175415, 0.1288490891456604, 16.989931106567383
5032506, 7, 0.8932732939720154, 0.13466273248195648, 17.98949432373047
5032506, 7, 0.9411044120788574, 0.1414671689271927, 18.98894500732422
5032506, 7, 0.990864634513855, 0.14891265332698822, 19.988340377807617
5032506, 7, 1.0359138250350952, 0.15570399165153503, 20.987878799438477
5032506, 7, 1.103050708770752, 0.17086397111415863, 21.986936569213867
5032506, 7, 1.1668084859848022, 0.18469037115573883, 22.986133575439453
5032506, 7, 1.2205411195755005, 0.19417396187782288, 23.98552894592285
5032506, 7, 1.2671083211898804, 0.2011536955833435, 24.985092163085938
5032506, 7, 1.3325287103652954, 0.21473343670368195, 25.98419189453125
5032506, 7, 1.3749741315841675, 0.22055943310260773, 26.983850479125977
5032506, 7, 1.4125301837921143, 0.22505663335323334, 27.98356056213379
5032506, 7, 1.4474323987960815, 0.2290334850549698, 28.983299255371094
5032506, 7, 1.4853655099868774, 0.2334907501935959, 29.982986450195312
4862367, 8, 0.04737728461623192, 0.007579604163765907, 0.9995855093002319
4862367, 8, 0.09657502174377441, 0.016046009957790375, 1.9990570545196533
4862367, 8, 0.1453193575143814, 0.024377215653657913, 2.9985599517822266
4862367, 8, 0.19037726521492004, 0.031158700585365295, 3.9981794357299805
4862367, 8, 0.2344813495874405, 0.03727378323674202, 4.997795104980469
4862367, 8, 0.27781111001968384, 0.043325379490852356, 5.997463226318359
4862367, 8, 0.3606518805027008, 0.06432152539491653, 6.9961090087890625
4862367, 8, 0.4409787356853485, 0.08457303792238235, 7.994903564453125
4862367, 8, 0.5234057903289795, 0.10584205389022827, 8.99344253540039
4862367, 8, 0.6059038639068604, 0.12750206887722015, 9.99182415008545
4862367, 8, 0.6838228702545166, 0.14753887057304382, 10.990569114685059
4862367, 8, 0.7614386677742004, 0.16765081882476807, 11.989316940307617
4862367, 8, 0.843652606010437, 0.1887568235397339, 12.987930297851562
4862367, 8, 0.9355267286300659, 0.21464331448078156, 13.986090660095215
4862367, 8, 1.0216643810272217, 0.23790031671524048, 14.984620094299316
4862367, 8, 1.0684527158737183, 0.24554595351219177, 15.98420238494873
4862367, 8, 1.1462482213974, 0.26535987854003906, 16.98282814025879
4862367, 8, 1.1939092874526978, 0.2727050185203552, 17.982318878173828
4862367, 8, 1.2417528629302979, 0.2798975110054016, 18.981821060180664
4862367, 8, 1.3343753814697266, 0.30644935369491577, 19.979568481445312
4862367, 8, 1.4260770082473755, 0.332341730594635, 20.97739028930664
4862367, 8, 1.5117355585098267, 0.35527724027633667, 21.97574234008789
4862367, 8, 1.5981576442718506, 0.3780396282672882, 22.974069595336914
4862367, 8, 1.6844706535339355, 0.4010879099369049, 23.972333908081055
4862367, 8, 1.7746031284332275, 0.4261470437049866, 24.970458984375
4862367, 8, 1.8633365631103516, 0.45103907585144043, 25.968557357788086
4862367, 8, 1.9530446529388428, 0.4765298664569855, 26.96660804748535
4862367, 8, 2.0563583374023438, 0.5094711780548096, 27.963354110717773
4862367, 8, 2.147052049636841, 0.5354663133621216, 28.961265563964844
4862367, 8, 2.2350974082946777, 0.5603976845741272, 29.959470748901367
1144246, 9, 0.05799901857972145, 0.009656110778450966, 0.9991546869277954
1144246, 9, 0.11784543097019196, 0.01981673389673233, 1.998262882232666
1144246, 9, 0.18158400058746338, 0.031794026494026184, 2.997481346130371
1144246, 9, 0.25741147994995117, 0.0497593879699707, 3.996342658996582
1144246, 9, 0.3448374271392822, 0.07405104488134384, 4.994837760925293
1144246, 9, 0.4348936080932617, 0.09975728392601013, 5.993139266967773
1144246, 9, 0.5242887139320374, 0.12489162385463715, 6.99142599105835
1144246, 9, 0.6100038886070251, 0.1481582671403885, 7.989894866943359
1144246, 9, 0.6711390614509583, 0.15899015963077545, 8.989067077636719
1144246, 9, 0.7294054627418518, 0.16860684752464294, 9.988279342651367
1144246, 9, 0.7869448661804199, 0.1778440922498703, 10.987540245056152
1144246, 9, 0.8458143472671509, 0.18743084371089935, 11.986780166625977
1144246, 9, 0.9084334373474121, 0.1981995701789856, 12.985879898071289
1144246, 9, 0.9669986963272095, 0.2076563686132431, 13.985139846801758
1144246, 9, 1.0240141153335571, 0.21686390042304993, 14.984440803527832
1144246, 9, 1.087565541267395, 0.2280210703611374, 15.983457565307617
1144246, 9, 1.1515055894851685, 0.23935435712337494, 16.98245620727539
1144246, 9, 1.2240456342697144, 0.25493961572647095, 17.98123550415039
1144246, 9, 1.311245083808899, 0.27918338775634766, 18.979616165161133
1144246, 9, 1.3961693048477173, 0.30212631821632385, 19.978103637695312
1144246, 9, 1.4818313121795654, 0.3249164819717407, 20.9766788482666
1144246, 9, 1.5720139741897583, 0.34896114468574524, 21.975215911865234
1144246, 9, 1.664351224899292, 0.37387487292289734, 22.97361946105957
1144246, 9, 1.754307508468628, 0.3981880247592926, 23.972021102905273
1144246, 9, 1.8426804542541504, 0.4216129183769226, 24.970483779907227
1144246, 9, 1.9289454221725464, 0.4439278542995453, 25.969074249267578
1144246, 9, 2.0130615234375, 0.46521854400634766, 26.967756271362305
1144246, 9, 2.09686541557312, 0.4866655468940735, 27.966386795043945
1144246, 9, 2.1791718006134033, 0.5082905292510986, 28.965042114257812
1144246, 9, 2.260654926300049, 0.5298658609390259, 29.963714599609375
4841237, 10, 0.04550842568278313, 0.006850070785731077, 0.9995744824409485
4841237, 10, 0.09348104894161224, 0.01418084092438221, 1.9991145133972168
4841237, 10, 0.1541478931903839, 0.026868227869272232, 2.998363494873047
4841237, 10, 0.20386001467704773, 0.03467118740081787, 3.997878313064575
4841237, 10, 0.2501555383205414, 0.04164551943540573, 4.997457027435303
4841237, 10, 0.2968046963214874, 0.04872371628880501, 5.997000694274902
4841237, 10, 0.3463762104511261, 0.056797776371240616, 6.996486663818359
4841237, 10, 0.40308091044425964, 0.066961869597435, 7.995761871337891
4841237, 10, 0.4558509290218353, 0.07605528086423874, 8.995172500610352
4841237, 10, 0.5118452310562134, 0.08619479089975357, 9.994475364685059
4841237, 10, 0.5693314671516418, 0.09671978652477264, 10.993743896484375
4841237, 10, 0.6293972134590149, 0.10806174576282501, 11.992894172668457
4841237, 10, 0.6869140863418579, 0.11847728490829468, 12.992154121398926
4841237, 10, 0.7444918751716614, 0.1288556307554245, 13.99144458770752
4841237, 10, 0.8010067343711853, 0.1389976292848587, 14.990751266479492
4841237, 10, 0.8572123646736145, 0.14914382994174957, 15.9900484085083
4841237, 10, 0.9106971025466919, 0.158230721950531, 16.989459991455078
4841237, 10, 0.9639654159545898, 0.1671207994222641, 17.988895416259766
4841237, 10, 1.0124480724334717, 0.17427916824817657, 18.98845863342285
4841237, 10, 1.0620372295379639, 0.18215996026992798, 19.98799705505371
4841237, 10, 1.118720293045044, 0.19240853190422058, 20.987287521362305
4841237, 10, 1.186469316482544, 0.20673374831676483, 21.9860897064209
4841237, 10, 1.2727380990982056, 0.22986936569213867, 22.984006881713867
4841237, 10, 1.358176589012146, 0.2524038255214691, 23.981952667236328
4841237, 10, 1.4417483806610107, 0.27407217025756836, 24.979909896850586
4841237, 10, 1.5229783058166504, 0.29480355978012085, 25.977920532226562
4841237, 10, 1.6091128587722778, 0.3177131414413452, 26.97551918029785
4841237, 10, 1.6895511150360107, 0.3378824293613434, 27.97345733642578
4841237, 10, 1.758690357208252, 0.350902259349823, 28.97184944152832
4841237, 10, 1.821368932723999, 0.3617407977581024, 29.97054672241211
4151265, 11, 0.058216314762830734, 0.01121128723025322, 0.9992977380752563
4151265, 11, 0.12911909818649292, 0.028318513184785843, 1.9983177185058594
4151265, 11, 0.2010699212551117, 0.04614649713039398, 2.997251272201538
4151265, 11, 0.2729073166847229, 0.06420280039310455, 3.996171236038208
4151265, 11, 0.3443220853805542, 0.08136877417564392, 4.9951677322387695
4151265, 11, 0.4167732000350952, 0.09847110509872437, 5.994125843048096
4151265, 11, 0.48681512475013733, 0.11068005114793777, 6.992818832397461
4151265, 11, 0.5689880847930908, 0.12683022022247314, 7.990898132324219
4151265, 11, 0.6466636657714844, 0.14135736227035522, 8.989235877990723
4151265, 11, 0.7251861691474915, 0.15590210258960724, 9.98755168914795
4151265, 11, 0.7985953092575073, 0.16885782778263092, 10.986130714416504
4151265, 11, 0.8559415340423584, 0.17738136649131775, 11.985381126403809
4151265, 11, 0.9089661240577698, 0.18538056313991547, 12.984811782836914
4151265, 11, 0.9674423336982727, 0.194673553109169, 13.98401927947998
4151265, 11, 1.0106168985366821, 0.2001527100801468, 14.98366928100586
4151265, 11, 1.0604236125946045, 0.2068384736776352, 15.983113288879395
4151265, 11, 1.1255296468734741, 0.21744540333747864, 16.981948852539062
4151265, 11, 1.1868740320205688, 0.2269953042268753, 17.980937957763672
4151265, 11, 1.2302619218826294, 0.23215427994728088, 18.98058319091797
4151265, 11, 1.2953288555145264, 0.24406275153160095, 19.97959327697754
4151265, 11, 1.3535616397857666, 0.25439855456352234, 20.978906631469727
4151265, 11, 1.4111019372940063, 0.2655399739742279, 21.978296279907227
4151265, 11, 1.472469449043274, 0.2779830992221832, 22.977582931518555
4151265, 11, 1.5390263795852661, 0.2924360930919647, 23.976587295532227
4151265, 11, 1.5993249416351318, 0.30568090081214905, 24.975799560546875
4151265, 11, 1.6555852890014648, 0.31782639026641846, 25.97505760192871
4151265, 11, 1.7094167470932007, 0.32850757241249084, 26.97442054748535
4151265, 11, 1.7633512020111084, 0.3386593759059906, 27.973844528198242
4151265, 11, 1.8151119947433472, 0.34738412499427795, 28.973373413085938
4151265, 11, 1.86806321144104, 0.3560124635696411, 29.972856521606445
4741590, 12, 0.09980107843875885, 0.03148115798830986, 0.9974113702774048
4741590, 12, 0.20728327333927155, 0.06780864298343658, 1.99407958984375
4741590, 12, 0.3134915828704834, 0.10421254485845566, 2.9908974170684814
4741590, 12, 0.4232665002346039, 0.1430572271347046, 3.9871644973754883
4741590, 12, 0.5259092450141907, 0.17690914869308472, 4.984148979187012
4741590, 12, 0.5957554578781128, 0.19159860908985138, 5.982611656188965
4741590, 12, 0.6673052310943604, 0.2086399793624878, 6.9812750816345215
4741590, 12, 0.7907487750053406, 0.25363630056381226, 7.976201057434082
4741590, 12, 0.8893812894821167, 0.28410792350769043, 8.973426818847656
4741590, 12, 0.9412118792533875, 0.29266515374183655, 9.972764015197754
4741590, 12, 0.9919588565826416, 0.30123889446258545, 10.97215747833252
4741590, 12, 1.0899925231933594, 0.3320779502391815, 11.969611167907715
4741590, 12, 1.2215076684951782, 0.38199979066848755, 12.963767051696777
4741590, 12, 1.3414099216461182, 0.4250681400299072, 13.959091186523438
4741590, 12, 1.4076858758926392, 0.43751010298728943, 14.957724571228027
4741590, 12, 1.4692671298980713, 0.4488723576068878, 15.956618309020996
4741590, 12, 1.5196278095245361, 0.4575049877166748, 16.956138610839844
4741590, 12, 1.579776406288147, 0.46885931491851807, 17.955280303955078
4741590, 12, 1.6463197469711304, 0.4815974831581116, 18.954025268554688
4741590, 12, 1.7692954540252686, 0.5267866253852844, 19.94927978515625
4741590, 12, 1.8872731924057007, 0.5683799982070923, 20.944997787475586
4741590, 12, 1.9883854389190674, 0.6002547144889832, 21.942337036132812
4741590, 12, 2.096148729324341, 0.6359712481498718, 22.93895721435547
4741590, 12, 2.203453302383423, 0.6712190508842468, 23.935771942138672
4741590, 12, 2.313575267791748, 0.7084312438964844, 24.93201446533203
4741590, 12, 2.425902843475342, 0.7473210096359253, 25.927976608276367
4741590, 12, 2.532031774520874, 0.7829257249832153, 26.924602508544922
4741590, 12, 2.6292691230773926, 0.8135960698127747, 27.921733856201172
4741590, 12, 2.7470548152923584, 0.8573520183563232, 28.917011260986328
4741590, 12, 2.8558099269866943, 0.8960555195808411, 29.913114547729492
4669030, 13, 0.06780081987380981, 0.014853699132800102, 0.9989045262336731
4669030, 13, 0.13108506798744202, 0.027318231761455536, 1.9979438781738281
4669030, 13, 0.18338605761528015, 0.03564591333270073, 2.9973130226135254
4669030, 13, 0.23301807045936584, 0.04390159621834755, 3.9967093467712402
4669030, 13, 0.2829975187778473, 0.05242104455828667, 4.996109962463379
4669030, 13, 0.33491063117980957, 0.06173289939761162, 5.995433330535889
4669030, 13, 0.3851478695869446, 0.07036424428224564, 6.994772911071777
4669030, 13, 0.4441969394683838, 0.0822807028889656, 7.993688583374023
4669030, 13, 0.49979543685913086, 0.09322907775640488, 8.992801666259766
4669030, 13, 0.5593518018722534, 0.10590869188308716, 9.99173355102539
4669030, 13, 0.610205888748169, 0.11534897238016129, 10.99106502532959
4669030, 13, 0.6572333574295044, 0.12321549654006958, 11.990523338317871
4669030, 13, 0.7044873833656311, 0.13162678480148315, 12.989958763122559
4669030, 13, 0.751279890537262, 0.139727383852005, 13.989439964294434
4669030, 13, 0.7970556616783142, 0.1472015380859375, 14.98896312713623
4669030, 13, 0.8464364409446716, 0.15586689114570618, 15.9883394241333
4669030, 13, 0.8954251408576965, 0.16435043513774872, 16.98773765563965
4669030, 13, 0.949530839920044, 0.17506179213523865, 17.986879348754883
4669030, 13, 1.0067964792251587, 0.18656988441944122, 18.986173629760742
4669030, 13, 1.080316424369812, 0.2043808549642563, 19.98484992980957
4669030, 13, 1.1480168104171753, 0.22037473320960999, 20.983776092529297
4669030, 13, 1.2135529518127441, 0.2348083108663559, 21.982751846313477
4669030, 13, 1.273750901222229, 0.2472260296344757, 22.981943130493164
4669030, 13, 1.3362139463424683, 0.26055288314819336, 23.981033325195312
4669030, 13, 1.3995734453201294, 0.2739262878894806, 24.980026245117188
4669030, 13, 1.4555227756500244, 0.28307366371154785, 25.979171752929688
4669030, 13, 1.4960435628890991, 0.2879023253917694, 26.978796005249023
4669030, 13, 1.535841703414917, 0.29276418685913086, 27.978424072265625
4669030, 13, 1.5761058330535889, 0.29799777269363403, 28.97804832458496
4669030, 13, 1.617924690246582, 0.30360281467437744, 29.9776668548584
4876648, 14, 0.05065321922302246, 0.008352594450116158, 0.9994980692863464
4876648, 14, 0.09868770837783813, 0.015864165499806404, 1.9990885257720947
4876648, 14, 0.14874854683876038, 0.024335291236639023, 2.9986114501953125
4876648, 14, 0.19748538732528687, 0.03248758241534233, 3.998145818710327
4876648, 14, 0.2415258139371872, 0.03884907066822052, 4.997815132141113
4876648, 14, 0.28473716974258423, 0.04460770636796951, 5.997491359710693
4876648, 14, 0.32800590991973877, 0.050817426294088364, 6.997161865234375
4876648, 14, 0.37330448627471924, 0.05750121548771858, 7.996767997741699
4876648, 14, 0.42059019207954407, 0.06467436999082565, 8.996329307556152
4876648, 14, 0.4650411605834961, 0.07113240659236908, 9.995972633361816
4876648, 14, 0.5085152983665466, 0.07714356482028961, 10.99561595916748
4876648, 14, 0.5670376420021057, 0.08703432232141495, 11.99463939666748
4876648, 14, 0.6095579266548157, 0.09296534210443497, 12.994319915771484
4876648, 14, 0.6511768698692322, 0.09839769452810287, 13.99398422241211
4876648, 14, 0.6975269317626953, 0.1053151860833168, 14.993575096130371
4876648, 14, 0.7411097884178162, 0.11160839349031448, 15.9932279586792
4876648, 14, 0.7854054570198059, 0.11750442534685135, 16.992849349975586
4876648, 14, 0.8303397297859192, 0.12388825416564941, 17.992475509643555
4876648, 14, 0.8757594227790833, 0.13046832382678986, 18.992082595825195
4876648, 14, 0.9215662479400635, 0.13707710802555084, 19.9916934967041
4876648, 14, 0.9808339476585388, 0.14833936095237732, 20.99103355407715
4876648, 14, 1.061448335647583, 0.1686858981847763, 21.989599227905273
4876648, 14, 1.1358933448791504, 0.18654616177082062, 22.988460540771484
4876648, 14, 1.2135372161865234, 0.20550251007080078, 23.987205505371094
4876648, 14, 1.295873761177063, 0.22633296251296997, 24.98558807373047
4876648, 14, 1.3497416973114014, 0.23448988795280457, 25.98492431640625
4876648, 14, 1.3931173086166382, 0.24018056690692902, 26.984573364257812
4876648, 14, 1.4345471858978271, 0.24546396732330322, 27.984281539916992
4876648, 14, 1.4769197702407837, 0.25091788172721863, 28.983959197998047
4876648, 14, 1.5209038257598877, 0.2570248544216156, 29.983610153198242
4762480, 15, 0.060344498604536057, 0.010845514014363289, 0.9991092681884766
4762480, 15, 0.12663957476615906, 0.024094318971037865, 1.9980595111846924
4762480, 15, 0.20056506991386414, 0.04165567830204964, 2.996838092803955
4762480, 15, 0.30632486939430237, 0.07614956051111221, 3.9938902854919434
4762480, 15, 0.36983874440193176, 0.0875706821680069, 4.992868900299072
4762480, 15, 0.4298895299434662, 0.09780475497245789, 5.99199104309082
4762480, 15, 0.4901198446750641, 0.10852223634719849, 6.991144180297852
4762480, 15, 0.5513374209403992, 0.11959517002105713, 7.990232467651367
4762480, 15, 0.6121698021888733, 0.1307426393032074, 8.989375114440918
4762480, 15, 0.6735470294952393, 0.1412375122308731, 9.988412857055664
4762480, 15, 0.734428882598877, 0.15199992060661316, 10.987473487854004
4762480, 15, 0.7994319200515747, 0.1637495458126068, 11.986283302307129
4762480, 15, 0.8619844317436218, 0.175328329205513, 12.985272407531738
4762480, 15, 0.9580385684967041, 0.2036101073026657, 13.982706069946289
4762480, 15, 1.052168607711792, 0.23083923757076263, 14.980143547058105
4762480, 15, 1.1128052473068237, 0.24182403087615967, 15.979217529296875
4762480, 15, 1.1714327335357666, 0.25214511156082153, 16.97835350036621
4762480, 15, 1.2305796146392822, 0.2624017000198364, 17.977428436279297
4762480, 15, 1.3514214754104614, 0.3056127429008484, 18.972537994384766
4762480, 15, 1.4530150890350342, 0.3367675542831421, 19.96938705444336
4762480, 15, 1.551964282989502, 0.36638832092285156, 20.966440200805664
4762480, 15, 1.649269461631775, 0.3954497277736664, 21.963531494140625
4762480, 15, 1.7420920133590698, 0.42194825410842896, 22.96088409423828
4762480, 15, 1.809291958808899, 0.43563926219940186, 23.959487915039062
4762480, 15, 1.8759291172027588, 0.448574423789978, 24.958011627197266
4762480, 15, 1.9414341449737549, 0.4617738425731659, 25.95663833618164
4762480, 15, 2.0210301876068115, 0.4812884032726288, 26.954614639282227
4762480, 15, 2.1218783855438232, 0.5128149390220642, 27.95122528076172
4762480, 15, 2.2224855422973633, 0.5449582934379578, 28.947864532470703
4762480, 15, 2.3336167335510254, 0.5833183526992798, 29.94375991821289
5050023, 16, 0.10493558645248413, 0.033869292587041855, 0.9972942471504211
5050023, 16, 0.19736769795417786, 0.06171799078583717, 1.9953322410583496
5050023, 16, 0.28921040892601013, 0.08938367664813995, 2.9932587146759033
5050023, 16, 0.3814421594142914, 0.1176387220621109, 3.991299867630005
5050023, 16, 0.4758138656616211, 0.14672692120075226, 4.989239692687988
5050023, 16, 0.576366662979126, 0.17824970185756683, 5.9867024421691895
5050023, 16, 0.6784268617630005, 0.21032214164733887, 6.983807563781738
5050023, 16, 0.7841915488243103, 0.2444244921207428, 7.980584144592285
5050023, 16, 0.8439987897872925, 0.2564186751842499, 8.979774475097656
5050023, 16, 0.897802472114563, 0.2661067247390747, 9.97912311553955
5050023, 16, 0.9965527653694153, 0.2968447506427765, 10.976934432983398
5050023, 16, 1.0894620418548584, 0.3250264525413513, 11.975102424621582
5050023, 16, 1.1668760776519775, 0.3447319269180298, 12.973976135253906
5050023, 16, 1.254662036895752, 0.3697793185710907, 13.972508430480957
5050023, 16, 1.3026247024536133, 0.3777979612350464, 14.972047805786133
5050023, 16, 1.3481831550598145, 0.3850041925907135, 15.971601486206055
5050023, 16, 1.3992223739624023, 0.393934428691864, 16.971084594726562
5050023, 16, 1.466822862625122, 0.41004815697669983, 17.970064163208008
5050023, 16, 1.5127012729644775, 0.41737857460975647, 18.9695987701416
5050023, 16, 1.610514760017395, 0.4473746418952942, 19.967382431030273
5050023, 16, 1.7103759050369263, 0.47840574383735657, 20.964948654174805
5050023, 16, 1.802656650543213, 0.5048201680183411, 21.963191986083984
5050023, 16, 1.8901363611221313, 0.529658317565918, 22.961750030517578
5050023, 16, 1.9813839197158813, 0.5564394593238831, 23.95989990234375
5050023, 16, 2.0734198093414307, 0.5838398933410645, 24.957921981811523
5050023, 16, 2.161109685897827, 0.6084960103034973, 25.956180572509766
5050023, 16, 2.251267433166504, 0.6340916156768799, 26.9542236328125
5050023, 16, 2.30617618560791, 0.6440333724021912, 27.953582763671875
5050023, 16, 2.390826940536499, 0.667303204536438, 28.951902389526367
5050023, 16, 2.4861321449279785, 0.6967288255691528, 29.949560165405273
4794215, 17, 0.06666022539138794, 0.011627420783042908, 0.9988139867782593
4794215, 17, 0.1291605681180954, 0.021938009187579155, 1.9978883266448975
4794215, 17, 0.18746718764305115, 0.030852943658828735, 2.997119426727295
4794215, 17, 0.23728395998477936, 0.038920871913433075, 3.996706962585449
4794215, 17, 0.2901701033115387, 0.04792926460504532, 4.996230602264404
4794215, 17, 0.3430843949317932, 0.05729544535279274, 5.995768070220947
4794215, 17, 0.39507460594177246, 0.06615353375673294, 6.995337009429932
4794215, 17, 0.44994738698005676, 0.07545699179172516, 7.994812965393066
4794215, 17, 0.5062691569328308, 0.08616239577531815, 8.994242668151855
4794215, 17, 0.5587011575698853, 0.09489887952804565, 9.993803024291992
4794215, 17, 0.6114698648452759, 0.10365098714828491, 10.993356704711914
4794215, 17, 0.6641649007797241, 0.11248483508825302, 11.992853164672852
4794215, 17, 0.7203009128570557, 0.12363062053918839, 12.992280006408691
4794215, 17, 0.7731611728668213, 0.1327054649591446, 13.991803169250488
4794215, 17, 0.8253378868103027, 0.1418701857328415, 14.991371154785156
4794215, 17, 0.8777148723602295, 0.15109196305274963, 15.990934371948242
4794215, 17, 0.9316390752792358, 0.1606898456811905, 16.99043846130371
4794215, 17, 1.0229065418243408, 0.1869165599346161, 17.988834381103516
4794215, 17, 1.119447112083435, 0.216317817568779, 18.986949920654297
4794215, 17, 1.2190008163452148, 0.24677909910678864, 19.98480224609375
4794215, 17, 1.3127868175506592, 0.273944228887558, 20.983013153076172
4794215, 17, 1.4170315265655518, 0.3073940873146057, 21.980276107788086
4794215, 17, 1.5166124105453491, 0.33843451738357544, 22.97798728942871
4794215, 17, 1.6171852350234985, 0.3701756000518799, 23.975561141967773
4794215, 17, 1.7312283515930176, 0.41044479608535767, 24.97178077697754
4794215, 17, 1.818013072013855, 0.43512576818466187, 25.969947814941406
4794215, 17, 1.9169831275939941, 0.4670960605144501, 26.96743392944336
4794215, 17, 2.0116970539093018, 0.49730175733566284, 27.96525001525879
4794215, 17, 2.109473943710327, 0.5296226143836975, 28.962696075439453
4794215, 17, 2.204937219619751, 0.5608062744140625, 29.960268020629883
5194805_2, 18, 0.05535474419593811, 0.010046551935374737, 0.9993790984153748
5194805_2, 18, 0.11101634800434113, 0.020821627229452133, 1.9987497329711914
5194805_2, 18, 0.16843819618225098, 0.032204367220401764, 2.998121500015259
5194805_2, 18, 0.26619940996170044, 0.0633627325296402, 3.996420383453369
5194805_2, 18, 0.3655600845813751, 0.09518715739250183, 4.994397163391113
5194805_2, 18, 0.4683922231197357, 0.12834645807743073, 5.992273807525635
5194805_2, 18, 0.5675206780433655, 0.15933749079704285, 6.990450859069824
5194805_2, 18, 0.6232315897941589, 0.16993258893489838, 7.989885330200195
5194805_2, 18, 0.6810844540596008, 0.18129922449588776, 8.989280700683594
5194805_2, 18, 0.7806159257888794, 0.21207410097122192, 9.986719131469727
5194805_2, 18, 0.8367738723754883, 0.22255347669124603, 10.986175537109375
5194805_2, 18, 0.8956432342529297, 0.23422251641750336, 11.98554801940918
5194805_2, 18, 0.9600741863250732, 0.24828192591667175, 12.984712600708008
5194805_2, 18, 1.0160826444625854, 0.2587951421737671, 13.98414421081543
5194805_2, 18, 1.0743762254714966, 0.26873984932899475, 14.983466148376465
5194805_2, 18, 1.1302233934402466, 0.2790364921092987, 15.982906341552734
5194805_2, 18, 1.188981294631958, 0.2891802489757538, 16.982181549072266
5194805_2, 18, 1.2540552616119385, 0.30104905366897583, 17.981189727783203
5194805_2, 18, 1.3625638484954834, 0.3364209532737732, 18.97853660583496
5194805_2, 18, 1.4657646417617798, 0.36928924918174744, 19.976194381713867
5194805_2, 18, 1.5771914720535278, 0.40798941254615784, 20.972816467285156
5194805_2, 18, 1.6860109567642212, 0.4452786147594452, 21.969722747802734
5194805_2, 18, 1.7880513668060303, 0.4783819913864136, 22.967267990112305
5194805_2, 18, 1.8862881660461426, 0.5092458128929138, 23.965116500854492
5194805_2, 18, 1.9427204132080078, 0.5189896821975708, 24.9644832611084
5194805_2, 18, 2.0043351650238037, 0.5300853252410889, 25.9634952545166
5194805_2, 18, 2.0679829120635986, 0.5415964126586914, 26.962385177612305
5194805_2, 18, 2.1315407752990723, 0.5550858378410339, 27.96139907836914
5194805_2, 18, 2.2384166717529297, 0.5928357839584351, 28.9581298828125
5194805_2, 18, 2.340406894683838, 0.6279006600379944, 29.955387115478516
4820624, 19, 0.04854349046945572, 0.007438831962645054, 0.9995774626731873
4820624, 19, 0.0997518002986908, 0.015383876860141754, 1.9990726709365845
4820624, 19, 0.1525810956954956, 0.023722577840089798, 2.998522996902466
4820624, 19, 0.20408834517002106, 0.03156140446662903, 3.998065948486328
4820624, 19, 0.2779913544654846, 0.050159160047769547, 4.997005462646484
4820624, 19, 0.3632294535636902, 0.07319597154855728, 5.995515823364258
4820624, 19, 0.44874340295791626, 0.09674988687038422, 6.994180202484131
4820624, 19, 0.5327892303466797, 0.12007489055395126, 7.992773532867432
4820624, 19, 0.5833146572113037, 0.1284007728099823, 8.992265701293945
4820624, 19, 0.6349566578865051, 0.1371999979019165, 9.991741180419922
4820624, 19, 0.7172762155532837, 0.16003316640853882, 10.990194320678711
4820624, 19, 0.7753972411155701, 0.169674351811409, 11.989541053771973
4820624, 19, 0.8368247151374817, 0.18155013024806976, 12.988870620727539
4820624, 19, 0.9080721139907837, 0.19868603348731995, 13.98795223236084
4820624, 19, 0.9653488993644714, 0.2077340930700302, 14.987293243408203
4820624, 19, 1.0216935873031616, 0.21650883555412292, 15.986655235290527
4820624, 19, 1.0862449407577515, 0.22940164804458618, 16.98591423034668
4820624, 19, 1.167653203010559, 0.25039970874786377, 17.98476791381836
4820624, 19, 1.2512180805206299, 0.2725425064563751, 18.98324966430664
4820624, 19, 1.3338600397109985, 0.2947293817996979, 19.981660842895508
4820624, 19, 1.4102658033370972, 0.3139420449733734, 20.98044204711914
4820624, 19, 1.4894521236419678, 0.33401891589164734, 21.97908592224121
4820624, 19, 1.5680525302886963, 0.35369378328323364, 22.977739334106445
4820624, 19, 1.6504112482070923, 0.3750223219394684, 23.976205825805664
4820624, 19, 1.7418290376663208, 0.4016391634941101, 24.974184036254883
4820624, 19, 1.8288397789001465, 0.4262900650501251, 25.972383499145508
4820624, 19, 1.9164172410964966, 0.45177561044692993, 26.97049903869629
4820624, 19, 2.004284381866455, 0.47713199257850647, 27.96857452392578
4820624, 19, 2.091416835784912, 0.5021975040435791, 28.966876983642578
4820624, 19, 2.1810810565948486, 0.5291252136230469, 29.964908599853516
4733553, 20, 0.07950811088085175, 0.016599034890532494, 0.9982564449310303
4733553, 20, 0.15400296449661255, 0.031133655458688736, 1.9968280792236328
4733553, 20, 0.2252662479877472, 0.044574491679668427, 2.995527744293213
4733553, 20, 0.2998102307319641, 0.060647860169410706, 3.9940972328186035
4733553, 20, 0.3690844774246216, 0.07413607835769653, 4.992994785308838
4733553, 20, 0.47482404112815857, 0.1086333692073822, 5.990179538726807
4733553, 20, 0.582388162612915, 0.14414414763450623, 6.987043857574463
4733553, 20, 0.6514023542404175, 0.1582530289888382, 7.985987663269043
4733553, 20, 0.7191145420074463, 0.1723209172487259, 8.985004425048828
4733553, 20, 0.7897016406059265, 0.18663229048252106, 9.983865737915039
4733553, 20, 0.8632514476776123, 0.20188815891742706, 10.98258113861084
4733553, 20, 0.93302983045578, 0.2162967175245285, 11.981449127197266
4733553, 20, 1.0044832229614258, 0.2309560924768448, 12.980263710021973
4733553, 20, 1.0753238201141357, 0.24532374739646912, 13.979117393493652
4733553, 20, 1.1447956562042236, 0.25874578952789307, 14.977983474731445
4733553, 20, 1.2134685516357422, 0.27239516377449036, 15.976897239685059
4733553, 20, 1.2794063091278076, 0.2854185700416565, 16.975969314575195
4733553, 20, 1.349278450012207, 0.2987446188926697, 17.974802017211914
4733553, 20, 1.4176135063171387, 0.31142863631248474, 18.97368621826172
4733553, 20, 1.4900012016296387, 0.3262048661708832, 19.972389221191406
4733553, 20, 1.5623937845230103, 0.34076857566833496, 20.9710636138916
4733553, 20, 1.6495733261108398, 0.36230018734931946, 21.968849182128906
4733553, 20, 1.7324565649032593, 0.3816964626312256, 22.966779708862305
4733553, 20, 1.8440405130386353, 0.420184463262558, 23.96295928955078
4733553, 20, 1.9623922109603882, 0.46304231882095337, 24.95851707458496
4733553, 20, 2.0810892581939697, 0.5063730478286743, 25.954113006591797
4733553, 20, 2.203603506088257, 0.5526585578918457, 26.949081420898438
4733553, 20, 2.322636127471924, 0.5973847508430481, 27.944259643554688
4733553, 20, 2.4355127811431885, 0.6385699510574341, 28.940204620361328
4733553, 20, 2.5514025688171387, 0.6815811991691589, 29.935895919799805
5036311, 21, 0.09551762789487839, 0.028020963072776794, 0.997761070728302
5036311, 21, 0.18434199690818787, 0.0525054857134819, 1.9960346221923828
5036311, 21, 0.27448874711990356, 0.07713553309440613, 2.994215965270996
5036311, 21, 0.3313222825527191, 0.08747261762619019, 3.993569850921631
5036311, 21, 0.4139261841773987, 0.10873270034790039, 4.99227237701416
5036311, 21, 0.4989161491394043, 0.13069210946559906, 5.990949630737305
5036311, 21, 0.5847247838973999, 0.15333369374275208, 6.989648818969727
5036311, 21, 0.6580459475517273, 0.17094922065734863, 7.988235950469971
5036311, 21, 0.7322649359703064, 0.1880708634853363, 8.986729621887207
5036311, 21, 0.8019958138465881, 0.20323629677295685, 9.98537540435791
5036311, 21, 0.8759603500366211, 0.2202933132648468, 10.983734130859375
5036311, 21, 0.9488575458526611, 0.23738397657871246, 11.982108116149902
5036311, 21, 1.0145241022109985, 0.25184330344200134, 12.980884552001953
5036311, 21, 1.0779445171356201, 0.26523107290267944, 13.979823112487793
5036311, 21, 1.142417073249817, 0.27854400873184204, 14.978866577148438
5036311, 21, 1.2164639234542847, 0.29577192664146423, 15.977179527282715
5036311, 21, 1.2898447513580322, 0.3128235936164856, 16.97550392150879
5036311, 21, 1.3714144229888916, 0.33342286944389343, 17.97330665588379
5036311, 21, 1.4419130086898804, 0.3493835926055908, 18.971763610839844
5036311, 21, 1.5144444704055786, 0.36625880002975464, 19.970115661621094
5036311, 21, 1.5712507963180542, 0.37684497237205505, 20.969266891479492
5036311, 21, 1.6353214979171753, 0.3905157148838043, 21.96799659729004
5036311, 21, 1.704007863998413, 0.40593937039375305, 22.966529846191406
5036311, 21, 1.7610085010528564, 0.41687750816345215, 23.965646743774414
5036311, 21, 1.836840033531189, 0.4351840913295746, 24.964447021484375
5036311, 21, 1.8867237567901611, 0.44337204098701477, 25.963834762573242
5036311, 21, 1.937961220741272, 0.45214423537254333, 26.963165283203125
5036311, 21, 1.9875988960266113, 0.4605712890625, 27.96255111694336
5036311, 21, 2.067894697189331, 0.48110076785087585, 28.961231231689453
5036311, 21, 2.1210737228393555, 0.4901621639728546, 29.960664749145508
4739356, 22, 0.0513448491692543, 0.008371849544346333, 0.9994097948074341
4739356, 22, 0.10028550028800964, 0.016385585069656372, 1.998896598815918
4739356, 22, 0.14879080653190613, 0.024408729746937752, 2.998403549194336
4739356, 22, 0.20116594433784485, 0.0338628813624382, 3.9978184700012207
4739356, 22, 0.28796815872192383, 0.05758243799209595, 4.996415615081787
4739356, 22, 0.3759171664714813, 0.0821203887462616, 5.995079040527344
4739356, 22, 0.46455293893814087, 0.10609790682792664, 6.993592262268066
4739356, 22, 0.5443218350410461, 0.12729761004447937, 7.992380619049072
4739356, 22, 0.5998668670654297, 0.13768266141414642, 8.99174690246582
4739356, 22, 0.6567426323890686, 0.1489388346672058, 9.9910249710083
4739356, 22, 0.7148782014846802, 0.16059577465057373, 10.990226745605469
4739356, 22, 0.7753214836120605, 0.17287369072437286, 11.989374160766602
4739356, 22, 0.8368659019470215, 0.1858798712491989, 12.988483428955078
4739356, 22, 0.8878857493400574, 0.19463884830474854, 13.987908363342285
4739356, 22, 0.936954915523529, 0.20307524502277374, 14.987381935119629
4739356, 22, 0.9885655641555786, 0.21250678598880768, 15.986773490905762
4739356, 22, 1.0396606922149658, 0.22180666029453278, 16.986167907714844
4739356, 22, 1.0942847728729248, 0.2323206663131714, 17.985443115234375
4739356, 22, 1.1773200035095215, 0.25372254848480225, 18.984167098999023
4739356, 22, 1.2616435289382935, 0.27538931369781494, 19.98280906677246
4739356, 22, 1.3434984683990479, 0.2966673970222473, 20.981470108032227
4739356, 22, 1.4180740118026733, 0.31451085209846497, 21.98039436340332
4739356, 22, 1.494516134262085, 0.3334488868713379, 22.97918701171875
4739356, 22, 1.5836007595062256, 0.35767632722854614, 23.977153778076172
4739356, 22, 1.6634291410446167, 0.3775447905063629, 24.975799560546875
4739356, 22, 1.7424914836883545, 0.39744833111763, 25.97454833984375
4739356, 22, 1.820134162902832, 0.4170546531677246, 26.97317886352539
4739356, 22, 1.8947542905807495, 0.435327410697937, 27.97199821472168
4739356, 22, 1.9870578050613403, 0.46153753995895386, 28.969459533691406
4739356, 22, 2.034497022628784, 0.4681897461414337, 29.968994140625
5125441, 23, 0.04634170979261398, 0.0068467361852526665, 0.999563992023468
5125441, 23, 0.09892541170120239, 0.015855681151151657, 1.998878836631775
5125441, 23, 0.15913793444633484, 0.027238789945840836, 2.9978771209716797
5125441, 23, 0.21994715929031372, 0.03879666328430176, 3.996826171875
5125441, 23, 0.28000110387802124, 0.05065986514091492, 4.99611234664917
5125441, 23, 0.35505545139312744, 0.06908135116100311, 5.995046615600586
5125441, 23, 0.4311842620372772, 0.0878652036190033, 6.993866920471191
5125441, 23, 0.48679667711257935, 0.09842538088560104, 7.993134021759033
5125441, 23, 0.5440154075622559, 0.10912299156188965, 8.992263793945312
5125441, 23, 0.5999820828437805, 0.11936788260936737, 9.99146556854248
5125441, 23, 0.6658192276954651, 0.1322709321975708, 10.990259170532227
5125441, 23, 0.7313841581344604, 0.14481203258037567, 11.9890718460083
5125441, 23, 0.799909770488739, 0.15816278755664825, 12.987747192382812
5125441, 23, 0.8583025932312012, 0.1681872308254242, 13.986888885498047
5125441, 23, 0.9201815724372864, 0.17929407954216003, 14.985867500305176
5125441, 23, 0.9792993664741516, 0.18965037167072296, 15.984917640686035
5125441, 23, 1.0444656610488892, 0.2023800015449524, 16.983642578125
5125441, 23, 1.0960659980773926, 0.2109980285167694, 17.982940673828125
5125441, 23, 1.1493631601333618, 0.22023095190525055, 18.982131958007812
5125441, 23, 1.2026326656341553, 0.2294289916753769, 19.981287002563477
5125441, 23, 1.260993242263794, 0.24024133384227753, 20.980161666870117
5125441, 23, 1.3152590990066528, 0.2506982088088989, 21.979419708251953
5125441, 23, 1.3854504823684692, 0.2667940855026245, 22.97844696044922
5125441, 23, 1.4589604139328003, 0.2841719686985016, 23.977375030517578
5125441, 23, 1.5332016944885254, 0.3015071451663971, 24.976226806640625
5125441, 23, 1.611907720565796, 0.3203272521495819, 25.974884033203125
5125441, 23, 1.687196135520935, 0.3376433849334717, 26.973772048950195
5125441, 23, 1.7475255727767944, 0.34842270612716675, 27.973037719726562
5125441, 23, 1.7868613004684448, 0.3531701862812042, 28.972759246826172
5125441, 23, 1.829010009765625, 0.35878321528434753, 29.97245216369629
4713006, 24, 0.05923997983336449, 0.009955723769962788, 0.9989885687828064
4713006, 24, 0.10424630343914032, 0.017030920833349228, 1.9985623359680176
4713006, 24, 0.21012035012245178, 0.050521429628133774, 2.9951672554016113
4713006, 24, 0.3239486515522003, 0.0884118527173996, 3.9910411834716797
4713006, 24, 0.41614675521850586, 0.11500993371009827, 4.988880634307861
4713006, 24, 0.5334252119064331, 0.15617457032203674, 5.98457145690918
4713006, 24, 0.6622728109359741, 0.20488034188747406, 6.979085445404053
4713006, 24, 0.7765238881111145, 0.24415159225463867, 7.97523307800293
4713006, 24, 0.8521588444709778, 0.2592437267303467, 8.973442077636719
4713006, 24, 0.9202830791473389, 0.2715149521827698, 9.972015380859375
4713006, 24, 0.9711204767227173, 0.28081560134887695, 10.97130012512207
4713006, 24, 1.022657871246338, 0.29041892290115356, 11.970590591430664
4713006, 24, 1.074204921722412, 0.2998838424682617, 12.969841957092285
4713006, 24, 1.1246017217636108, 0.30921679735183716, 13.96911334991455
4713006, 24, 1.173634648323059, 0.3173176646232605, 14.968463897705078
4713006, 24, 1.2827242612838745, 0.35194307565689087, 15.964799880981445
4713006, 24, 1.3966633081436157, 0.3895256817340851, 16.960670471191406
4713006, 24, 1.5156028270721436, 0.4297126233577728, 17.955978393554688
4713006, 24, 1.6219446659088135, 0.46265268325805664, 18.952329635620117
4713006, 24, 1.6749907732009888, 0.47160840034484863, 19.951656341552734
4713006, 24, 1.7614721059799194, 0.4952399432659149, 20.94953727722168
4713006, 24, 1.840736746788025, 0.5154256224632263, 21.947914123535156
4713006, 24, 1.919366717338562, 0.5350487232208252, 22.94623374938965
4713006, 24, 2.0009689331054688, 0.5556978583335876, 23.944400787353516
4713006, 24, 2.089233160018921, 0.5790663957595825, 24.942161560058594
4713006, 24, 2.1882691383361816, 0.6079772710800171, 25.93907356262207
4713006, 24, 2.2867610454559326, 0.6362862586975098, 26.936016082763672
4713006, 24, 2.3726930618286133, 0.6586511135101318, 27.933818817138672
4713006, 24, 2.465782403945923, 0.684865415096283, 28.93109893798828
4713006, 24, 2.5638723373413086, 0.7139169573783875, 29.92797088623047
4699088, 25, 0.042596884071826935, 0.006256084889173508, 0.9996286034584045
4699088, 25, 0.08708749711513519, 0.013215184211730957, 1.9991998672485352
4699088, 25, 0.1363087296485901, 0.02123357728123665, 2.9986417293548584
4699088, 25, 0.19002196192741394, 0.03038768097758293, 3.9979209899902344
4699088, 25, 0.23458948731422424, 0.03705825284123421, 4.99751091003418
4699088, 25, 0.2761835753917694, 0.04286160692572594, 5.997172832489014
4699088, 25, 0.3192979395389557, 0.04911741614341736, 6.99678897857666
4699088, 25, 0.37734854221343994, 0.06055492162704468, 7.996129035949707
4699088, 25, 0.4263405203819275, 0.06886425614356995, 8.995560646057129
4699088, 25, 0.4806658625602722, 0.0766640454530716, 9.994800567626953
4699088, 25, 0.5254712104797363, 0.08296386152505875, 10.994364738464355
4699088, 25, 0.5678437352180481, 0.08872754126787186, 11.994004249572754
4699088, 25, 0.628153920173645, 0.09997236728668213, 12.992975234985352
4699088, 25, 0.6732054352760315, 0.10657672584056854, 13.992549896240234
4699088, 25, 0.7316529154777527, 0.11685050278902054, 14.991670608520508
4699088, 25, 0.7874175310134888, 0.126559779047966, 15.990837097167969
4699088, 25, 0.8405993580818176, 0.13563752174377441, 16.99004364013672
4699088, 25, 0.8868540525436401, 0.1427871137857437, 17.989473342895508
4699088, 25, 0.9398553967475891, 0.1523277908563614, 18.988645553588867
4699088, 25, 0.9927214980125427, 0.16187797486782074, 19.987821578979492
4699088, 25, 1.0464469194412231, 0.17196302115917206, 20.987037658691406
4699088, 25, 1.111487865447998, 0.18566302955150604, 21.986175537109375
4699088, 25, 1.1819114685058594, 0.2007562667131424, 22.985044479370117
4699088, 25, 1.2515809535980225, 0.21572443842887878, 23.983959197998047
4699088, 25, 1.3198199272155762, 0.23031912744045258, 24.982879638671875
4699088, 25, 1.3854295015335083, 0.24463073909282684, 25.98184585571289
4699088, 25, 1.431715726852417, 0.25140655040740967, 26.981401443481445
4699088, 25, 1.4726060628890991, 0.25728583335876465, 27.981040954589844
4699088, 25, 1.5396907329559326, 0.2679596245288849, 28.979623794555664
4699088, 25, 1.5805203914642334, 0.27341926097869873, 29.979265213012695
4772763, 26, 0.04508284479379654, 0.0069888015277683735, 0.9995709657669067
4772763, 26, 0.08947625756263733, 0.013920946046710014, 1.9991214275360107
4772763, 26, 0.13365384936332703, 0.02033163793385029, 2.9987258911132812
4772763, 26, 0.1818154752254486, 0.026869162917137146, 3.998258590698242
4772763, 26, 0.25529494881629944, 0.043159402906894684, 4.99692440032959
4772763, 26, 0.3033342957496643, 0.05060559883713722, 5.996461391448975
4772763, 26, 0.35172757506370544, 0.058297049254179, 6.995973110198975
4772763, 26, 0.4012331962585449, 0.06590726971626282, 7.99545955657959
4772763, 26, 0.45076584815979004, 0.07423005998134613, 8.994887351989746
4772763, 26, 0.5029358267784119, 0.0841565951704979, 9.994176864624023
4772763, 26, 0.5579901337623596, 0.09512954950332642, 10.993387222290039
4772763, 26, 0.6140446066856384, 0.1062522754073143, 11.992600440979004
4772763, 26, 0.6715856194496155, 0.11796337366104126, 12.991745948791504
4772763, 26, 0.7241814136505127, 0.12772680819034576, 13.991085052490234
4772763, 26, 0.7743420004844666, 0.13610756397247314, 14.990554809570312
4772763, 26, 0.8272634744644165, 0.14602048695087433, 15.989859580993652
4772763, 26, 0.881301760673523, 0.1563578099012375, 16.989099502563477
4772763, 26, 0.9371128082275391, 0.16773471236228943, 17.98819923400879
4772763, 26, 0.9929606914520264, 0.17925697565078735, 18.987247467041016
4772763, 26, 1.0478458404541016, 0.19007818400859833, 19.986391067504883
4772763, 26, 1.1243982315063477, 0.2085168957710266, 20.9852237701416
4772763, 26, 1.19554603099823, 0.22501367330551147, 21.984193801879883
4772763, 26, 1.275000810623169, 0.24445641040802002, 22.98274040222168
4772763, 26, 1.3563547134399414, 0.2647366225719452, 23.981168746948242
4772763, 26, 1.4450019598007202, 0.28820469975471497, 24.979000091552734
4772763, 26, 1.5283594131469727, 0.3095489740371704, 25.977128982543945
4772763, 26, 1.6115851402282715, 0.330919474363327, 26.975351333618164
4772763, 26, 1.6586477756500244, 0.3373267948627472, 27.974882125854492
4772763, 26, 1.6995954513549805, 0.34222733974456787, 28.974546432495117
4772763, 26, 1.7418999671936035, 0.34712958335876465, 29.974163055419922
4850951, 27, 0.05723782256245613, 0.009674753993749619, 0.9993717670440674
4850951, 27, 0.11351494491100311, 0.01897146925330162, 1.9987471103668213
4850951, 27, 0.16506338119506836, 0.02684713900089264, 2.9982426166534424
4850951, 27, 0.21973168849945068, 0.03552403301000595, 3.997640609741211
4850951, 27, 0.27683207392692566, 0.04481489956378937, 4.996953964233398
4850951, 27, 0.3296148180961609, 0.05284837633371353, 5.996389865875244
4850951, 27, 0.3842523396015167, 0.06160178408026695, 6.995795249938965
4850951, 27, 0.4469865560531616, 0.07289241999387741, 7.994945049285889
4850951, 27, 0.5458558797836304, 0.10294003784656525, 8.992202758789062
4850951, 27, 0.6490292549133301, 0.13519033789634705, 9.988920211791992
4850951, 27, 0.73686683177948, 0.16038691997528076, 10.986660957336426
4850951, 27, 0.8032264113426208, 0.17191074788570404, 11.985575675964355
4850951, 27, 0.8514807224273682, 0.1793207973241806, 12.98512077331543
4850951, 27, 0.9102686047554016, 0.190702423453331, 13.984460830688477
4850951, 27, 0.9750521183013916, 0.20253874361515045, 14.983476638793945
4850951, 27, 1.0347093343734741, 0.2132141888141632, 15.982683181762695
4850951, 27, 1.0989028215408325, 0.22473014891147614, 16.98168182373047
4850951, 27, 1.1556406021118164, 0.2340928316116333, 17.980960845947266
4850951, 27, 1.206586241722107, 0.24213376641273499, 18.980459213256836
4850951, 27, 1.2514877319335938, 0.24864314496517181, 19.98011016845703
4850951, 27, 1.3071019649505615, 0.25768354535102844, 20.979434967041016
4850951, 27, 1.3877612352371216, 0.2779751718044281, 21.978282928466797
4850951, 27, 1.4707022905349731, 0.29919296503067017, 22.977033615112305
4850951, 27, 1.5589889287948608, 0.32296222448349, 23.975542068481445
4850951, 27, 1.6447100639343262, 0.34571683406829834, 24.97425079345703
4850951, 27, 1.738784909248352, 0.3726477026939392, 25.972354888916016
4850951, 27, 1.8112009763717651, 0.3890018165111542, 26.97149658203125
4850951, 27, 1.8780372142791748, 0.4029421806335449, 27.970767974853516
4850951, 27, 1.931138515472412, 0.4117821455001831, 28.970266342163086
4850951, 27, 2.015549421310425, 0.43371397256851196, 29.968900680541992
2265761, 28, 0.04171770066022873, 0.005989344324916601, 0.99964439868927
2265761, 28, 0.08552926033735275, 0.012249995023012161, 1.999253273010254
2265761, 28, 0.1436334252357483, 0.02268344722688198, 2.9985287189483643
2265761, 28, 0.19251608848571777, 0.03062109649181366, 3.998027801513672
2265761, 28, 0.23964639008045197, 0.03790021687746048, 4.9975714683532715
2265761, 28, 0.2878381609916687, 0.04518668353557587, 5.997109413146973
2265761, 28, 0.34435197710990906, 0.05479278787970543, 6.996476650238037
2265761, 28, 0.40000730752944946, 0.06394365429878235, 7.995771884918213
2265761, 28, 0.4512611925601959, 0.0716981515288353, 8.995198249816895
2265761, 28, 0.49986031651496887, 0.07905217260122299, 9.99470329284668
2265761, 28, 0.5480456948280334, 0.08624012768268585, 10.99422550201416
2265761, 28, 0.5962011218070984, 0.09336729347705841, 11.993743896484375
2265761, 28, 0.6450136303901672, 0.10078144818544388, 12.993217468261719
2265761, 28, 0.7158135771751404, 0.11531942337751389, 13.991752624511719
2265761, 28, 0.7844972610473633, 0.12892690300941467, 14.990419387817383
2265761, 28, 0.8317852020263672, 0.1355740875005722, 15.989969253540039
2265761, 28, 0.8824647665023804, 0.14255785942077637, 16.989377975463867
2265761, 28, 0.9333505034446716, 0.15055805444717407, 17.988704681396484
2265761, 28, 1.007327914237976, 0.16605456173419952, 18.987022399902344
2265761, 28, 1.087721347808838, 0.1869460791349411, 19.98577880859375
2265761, 28, 1.1677061319351196, 0.20642881095409393, 20.984636306762695
2265761, 28, 1.255821943283081, 0.22891446948051453, 21.982927322387695
2265761, 28, 1.3415762186050415, 0.25030338764190674, 22.981407165527344
2265761, 28, 1.4160932302474976, 0.26831385493278503, 23.98039436340332
2265761, 28, 1.4963030815124512, 0.2874734401702881, 24.979028701782227
2265761, 28, 1.5828756093978882, 0.30926036834716797, 25.977144241333008
2265761, 28, 1.6766228675842285, 0.3351753056049347, 26.97456932067871
2265761, 28, 1.7231040000915527, 0.34171557426452637, 27.97422218322754
2265761, 28, 1.7691187858581543, 0.34790804982185364, 28.973722457885742
2265761, 28, 1.8174654245376587, 0.35504820942878723, 29.9732723236084
5038881, 29, 0.04798157513141632, 0.006876005791127682, 0.9995235800743103
5038881, 29, 0.09383450448513031, 0.013710873201489449, 1.9991143941879272
5038881, 29, 0.14005431532859802, 0.02037886157631874, 2.998670816421509
5038881, 29, 0.18706165254116058, 0.027109939604997635, 3.9981765747070312
5038881, 29, 0.23248353600502014, 0.03369579464197159, 4.997752666473389
5038881, 29, 0.27560579776763916, 0.03998803719878197, 5.997405529022217
5038881, 29, 0.3197736442089081, 0.04645794630050659, 6.997036933898926
5038881, 29, 0.3663858473300934, 0.053446244448423386, 7.9966139793396
5038881, 29, 0.4130881428718567, 0.060423512011766434, 8.996177673339844
5038881, 29, 0.5001237988471985, 0.08418194204568863, 9.99475383758545
5038881, 29, 0.5473957657814026, 0.09142061322927475, 10.994264602661133
5038881, 29, 0.5963382124900818, 0.09932956099510193, 11.993734359741211
5038881, 29, 0.6443293690681458, 0.10692408680915833, 12.99325942993164
5038881, 29, 0.6949552297592163, 0.1150721088051796, 13.992700576782227
5038881, 29, 0.7462736368179321, 0.1232849583029747, 14.992108345031738
5038881, 29, 0.7923681735992432, 0.1300109624862671, 15.991681098937988
5038881, 29, 0.8435885310173035, 0.13860277831554413, 16.991064071655273
5038881, 29, 0.9074742197990417, 0.15165193378925323, 17.990385055541992
5038881, 29, 0.9849656820297241, 0.1706351935863495, 18.98935890197754
5038881, 29, 1.0634368658065796, 0.190162792801857, 19.98821258544922
5038881, 29, 1.1332154273986816, 0.2056049406528473, 20.9873104095459
5038881, 29, 1.196637749671936, 0.21829327940940857, 21.986616134643555
5038881, 29, 1.2452278137207031, 0.22611740231513977, 22.9862003326416
5038881, 29, 1.3189845085144043, 0.2431863248348236, 23.985107421875
5038881, 29, 1.3978285789489746, 0.2627893388271332, 24.98381996154785
5038881, 29, 1.4856361150741577, 0.287333607673645, 25.98180389404297
5038881, 29, 1.5689383745193481, 0.3099030554294586, 26.980119705200195
5038881, 29, 1.6519365310668945, 0.33237066864967346, 27.978456497192383
5038881, 29, 1.7375140190124512, 0.3561962842941284, 28.976722717285156
5038881, 29, 1.829309105873108, 0.3838479816913605, 29.97446632385254
4785791, 30, 0.052817702293395996, 0.00848193746060133, 0.9994592666625977
4785791, 30, 0.10462814569473267, 0.01693011075258255, 1.9989497661590576
4785791, 30, 0.15618903934955597, 0.025499526411294937, 2.998492479324341
4785791, 30, 0.20750528573989868, 0.034066036343574524, 3.9980900287628174
4785791, 30, 0.30323711037635803, 0.06395401060581207, 4.995964050292969
4785791, 30, 0.39754098653793335, 0.09315469861030579, 5.994007587432861
4785791, 30, 0.49806100130081177, 0.12627337872982025, 6.991388320922852
4785791, 30, 0.596412181854248, 0.157248854637146, 7.988979339599609
4785791, 30, 0.6923643946647644, 0.18671199679374695, 8.986948013305664
4785791, 30, 0.7877541780471802, 0.21667060256004333, 9.984830856323242
4785791, 30, 0.8431068062782288, 0.226521834731102, 10.98423957824707
4785791, 30, 0.946340799331665, 0.25982093811035156, 11.981340408325195
4785791, 30, 1.0397090911865234, 0.2879294455051422, 12.97939682006836
4785791, 30, 1.0998905897140503, 0.29925259947776794, 13.978530883789062
4785791, 30, 1.2083255052566528, 0.3353211283683777, 14.97520637512207
4785791, 30, 1.3128902912139893, 0.3694906532764435, 15.972237586975098
4785791, 30, 1.4068840742111206, 0.39841753244400024, 16.97015953063965
4785791, 30, 1.4650242328643799, 0.40928882360458374, 17.969478607177734
4785791, 30, 1.5664305686950684, 0.4422922730445862, 18.966812133789062
4785791, 30, 1.6740785837173462, 0.47851502895355225, 19.963546752929688
4785791, 30, 1.802220106124878, 0.5274839401245117, 20.957828521728516
4785791, 30, 1.9177229404449463, 0.5682464241981506, 21.953353881835938
4785791, 30, 2.0485177040100098, 0.6189822554588318, 22.94721794128418
4785791, 30, 2.1220788955688477, 0.6363208889961243, 23.945878982543945
4785791, 30, 2.214212417602539, 0.66410893201828, 24.943851470947266
4785791, 30, 2.3049910068511963, 0.6916519403457642, 25.941787719726562
4785791, 30, 2.389662265777588, 0.7161136865615845, 26.939891815185547
4785791, 30, 2.480617046356201, 0.7439874410629272, 27.9377384185791
4785791, 30, 2.5770044326782227, 0.7742442488670349, 28.93528175354004
4785791, 30, 2.6759965419769287, 0.8058744668960571, 29.932533264160156
1089412, 31, 0.05003485828638077, 0.008726180531084538, 0.9994663000106812
1089412, 31, 0.10049006342887878, 0.017114270478487015, 1.9989289045333862
1089412, 31, 0.15290798246860504, 0.026066944003105164, 2.9982855319976807
1089412, 31, 0.2067224085330963, 0.03572624921798706, 3.997687339782715
1089412, 31, 0.2863585650920868, 0.0558442547917366, 4.996581077575684
1089412, 31, 0.36578822135925293, 0.07618679106235504, 5.995453357696533
1089412, 31, 0.4467867612838745, 0.09740083664655685, 6.994252681732178
1089412, 31, 0.5025662183761597, 0.10765218734741211, 7.993592262268066
1089412, 31, 0.5567195415496826, 0.11742077022790909, 8.99298095703125
1089412, 31, 0.6119844913482666, 0.12732574343681335, 9.992338180541992
1089412, 31, 0.6688490509986877, 0.13745276629924774, 10.991669654846191
1089412, 31, 0.7254707217216492, 0.14769256114959717, 11.990998268127441
1089412, 31, 0.7799937129020691, 0.15770286321640015, 12.990335464477539
1089412, 31, 0.8403188586235046, 0.16979588568210602, 13.989439964294434
1089412, 31, 0.9008077383041382, 0.18169666826725006, 14.988579750061035
1089412, 31, 0.957471489906311, 0.19243715703487396, 15.98782730102539
1089412, 31, 1.0057168006896973, 0.20022721588611603, 16.987367630004883
1089412, 31, 1.052855372428894, 0.20751717686653137, 17.9869441986084
1089412, 31, 1.0992554426193237, 0.21475952863693237, 18.986520767211914
1089412, 31, 1.1674113273620605, 0.22979149222373962, 19.98563575744629
1089412, 31, 1.24630606174469, 0.24882322549819946, 20.984405517578125
1089412, 31, 1.3274147510528564, 0.26907166838645935, 21.983016967773438
1089412, 31, 1.4106500148773193, 0.29066190123558044, 22.98158073425293
1089412, 31, 1.5029281377792358, 0.3164657950401306, 23.979511260986328
1089412, 31, 1.59231436252594, 0.3413173258304596, 24.977771759033203
1089412, 31, 1.6886476278305054, 0.36995697021484375, 25.97532081604004
1089412, 31, 1.7370997667312622, 0.3771636486053467, 26.974834442138672
1089412, 31, 1.7917115688323975, 0.38546931743621826, 27.974058151245117
1089412, 31, 1.8382855653762817, 0.39223912358283997, 28.973657608032227
1089412, 31, 1.92464017868042, 0.4159390926361084, 29.971818923950195
4996894, 32, 0.04770338535308838, 0.007672508247196674, 0.9995518326759338
4996894, 32, 0.09370351582765579, 0.014578552916646004, 1.9991283416748047
4996894, 32, 0.13969096541404724, 0.021539553999900818, 2.9987025260925293
4996894, 32, 0.18511135876178741, 0.028191417455673218, 3.998298168182373
4996894, 32, 0.2321045696735382, 0.035521745681762695, 4.9978532791137695
4996894, 32, 0.28766071796417236, 0.04538993164896965, 5.997315406799316
4996894, 32, 0.3340774178504944, 0.05239907279610634, 6.996926307678223
4996894, 32, 0.3810961842536926, 0.059366825968027115, 7.996511459350586
4996894, 32, 0.42564114928245544, 0.066032275557518, 8.996143341064453
4996894, 32, 0.47088611125946045, 0.0730409175157547, 9.995753288269043
4996894, 32, 0.5199022889137268, 0.08081667870283127, 10.995279312133789
4996894, 32, 0.569393515586853, 0.08849768340587616, 11.99480152130127
4996894, 32, 0.6258665323257446, 0.09808845818042755, 12.994086265563965
4996894, 32, 0.6731109619140625, 0.10524600744247437, 13.993651390075684
4996894, 32, 0.7177014350891113, 0.11169135570526123, 14.993278503417969
4996894, 32, 0.7653998136520386, 0.11863669753074646, 15.992817878723145
4996894, 32, 0.8236067891120911, 0.1286611557006836, 16.991968154907227
4996894, 32, 0.8832018375396729, 0.13924498856067657, 17.99106216430664
4996894, 32, 0.9377663135528564, 0.1483524739742279, 18.990379333496094
4996894, 32, 1.0172040462493896, 0.16813543438911438, 19.98933982849121
4996894, 32, 1.0968774557113647, 0.18831945955753326, 20.988136291503906
4996894, 32, 1.1790086030960083, 0.2097547948360443, 21.986722946166992
4996894, 32, 1.2549169063568115, 0.22882047295570374, 22.98568344116211
4996894, 32, 1.3292162418365479, 0.2467237114906311, 23.98470115661621
4996894, 32, 1.4081774950027466, 0.26674383878707886, 24.98354148864746
4996894, 32, 1.4865963459014893, 0.2862727642059326, 25.982439041137695
4996894, 32, 1.5653775930404663, 0.30599653720855713, 26.981203079223633
4996894, 32, 1.6046382188796997, 0.3108198642730713, 27.98090362548828
4996894, 32, 1.6456695795059204, 0.31607112288475037, 28.980558395385742
4996894, 32, 1.6874027252197266, 0.3218476176261902, 29.98019790649414
1217886, 33, 0.04058239236474037, 0.004578023683279753, 0.9996546506881714
1217886, 33, 0.10249186307191849, 0.014069320634007454, 1.9985636472702026
1217886, 33, 0.156062513589859, 0.022034043446183205, 2.9978952407836914
1217886, 33, 0.2374095320701599, 0.04191167652606964, 3.996623992919922
1217886, 33, 0.3184240460395813, 0.061996884644031525, 4.995217323303223
1217886, 33, 0.3724607527256012, 0.0699373334646225, 5.994476318359375
1217886, 33, 0.423252671957016, 0.07695595920085907, 6.9938459396362305
1217886, 33, 0.47755780816078186, 0.0847737267613411, 7.9930925369262695
1217886, 33, 0.5280611515045166, 0.09173884242773056, 8.99247932434082
1217886, 33, 0.5868488550186157, 0.10092536360025406, 9.991569519042969
1217886, 33, 0.6513271927833557, 0.11186078190803528, 10.990421295166016
1217886, 33, 0.7202971577644348, 0.12404610961675644, 11.989078521728516
1217886, 33, 0.7882205247879028, 0.13618643581867218, 12.987760543823242
1217886, 33, 0.832120954990387, 0.14198169112205505, 13.987349510192871
1217886, 33, 0.8948997855186462, 0.15272603929042816, 14.986242294311523
1217886, 33, 0.9608659148216248, 0.16424331068992615, 15.984984397888184
1217886, 33, 1.0116326808929443, 0.1714291125535965, 16.984357833862305
1217886, 33, 1.0698474645614624, 0.18222947418689728, 17.983688354492188
1217886, 33, 1.141167163848877, 0.198972687125206, 18.98264503479004
1217886, 33, 1.2120592594146729, 0.21508774161338806, 19.981630325317383
1217886, 33, 1.26468825340271, 0.2239307165145874, 20.98094940185547
1217886, 33, 1.3129712343215942, 0.23111402988433838, 21.980342864990234
1217886, 33, 1.3728870153427124, 0.2430262267589569, 22.979671478271484
1217886, 33, 1.4318864345550537, 0.2544828951358795, 23.979013442993164
1217886, 33, 1.4899958372116089, 0.26524651050567627, 24.978374481201172
1217886, 33, 1.5472652912139893, 0.27585455775260925, 25.977724075317383
1217886, 33, 1.605877161026001, 0.2870374023914337, 26.976947784423828
1217886, 33, 1.66416335105896, 0.2982548475265503, 27.976167678833008
1217886, 33, 1.7144856452941895, 0.3071209788322449, 28.97565269470215
1217886, 33, 1.7705285549163818, 0.317142516374588, 29.974960327148438
4820909, 34, 0.15624359250068665, 0.06458701938390732, 0.9914700388908386
4820909, 34, 0.3079504370689392, 0.12436230480670929, 1.9834368228912354
4820909, 34, 0.4038369655609131, 0.1462322473526001, 2.9803688526153564
4820909, 34, 0.46409714221954346, 0.15733447670936584, 3.9794435501098633
4820909, 34, 0.5654401183128357, 0.18723195791244507, 4.9761176109313965
4820909, 34, 0.685854971408844, 0.2307920604944229, 5.971586227416992
4820909, 34, 0.7498494982719421, 0.24233603477478027, 6.970403671264648
4820909, 34, 0.812957227230072, 0.25381752848625183, 7.969242572784424
4820909, 34, 0.8770761489868164, 0.2666841447353363, 8.968133926391602
4820909, 34, 1.0148810148239136, 0.3148849904537201, 9.961649894714355
4820909, 34, 1.1276366710662842, 0.3428446650505066, 10.95742130279541
4820909, 34, 1.236421823501587, 0.36898887157440186, 11.95350456237793
4820909, 34, 1.348019003868103, 0.39709606766700745, 12.949344635009766
4820909, 34, 1.4562156200408936, 0.42338305711746216, 13.94546127319336
4820909, 34, 1.5949665307998657, 0.47316625714302063, 14.938916206359863
4820909, 34, 1.6631649732589722, 0.48656633496284485, 15.937501907348633
4820909, 34, 1.734705924987793, 0.5003661513328552, 16.935882568359375
4820909, 34, 1.801866054534912, 0.512664794921875, 17.93453025817871
4820909, 34, 1.9222931861877441, 0.5558554530143738, 18.92983627319336
4820909, 34, 2.0541651248931885, 0.606152355670929, 19.923952102661133
4820909, 34, 2.180309772491455, 0.6510240435600281, 20.918601989746094
4820909, 34, 2.305497407913208, 0.6956562995910645, 21.91333770751953
4820909, 34, 2.4186060428619385, 0.7339733242988586, 22.90947151184082
4820909, 34, 2.5717713832855225, 0.7994840145111084, 23.90098762512207
4820909, 34, 2.7040884494781494, 0.8504120707511902, 24.89488410949707
4820909, 34, 2.83308744430542, 0.9003583192825317, 25.889196395874023
4820909, 34, 2.9699974060058594, 0.956475019454956, 26.882484436035156
4820909, 34, 3.0823826789855957, 0.9958276748657227, 27.878711700439453
4820909, 34, 3.1888997554779053, 1.0319105386734009, 28.8754825592041
4820909, 34, 3.334967851638794, 1.0948251485824585, 29.86760902404785
1221647, 35, 0.040685947984457016, 0.004605445545166731, 0.9996525049209595
1221647, 35, 0.10256204009056091, 0.014085572212934494, 1.9985625743865967
1221647, 35, 0.15648379921913147, 0.02222714200615883, 2.997896909713745
1221647, 35, 0.23770305514335632, 0.04206587374210358, 3.9966259002685547
1221647, 35, 0.31891340017318726, 0.06224421039223671, 4.995213985443115
1221647, 35, 0.37289419770240784, 0.07016818970441818, 5.994474411010742
1221647, 35, 0.4238072335720062, 0.07721434533596039, 6.993839263916016
1221647, 35, 0.478156715631485, 0.08503685891628265, 7.993084907531738
1221647, 35, 0.5287717580795288, 0.09203241020441055, 8.992469787597656
1221647, 35, 0.5877093076705933, 0.1012263149023056, 9.991552352905273
1221647, 35, 0.6525701284408569, 0.11227276176214218, 10.990391731262207
1221647, 35, 0.7214035987854004, 0.12440383434295654, 11.989056587219238
1221647, 35, 0.7893743515014648, 0.1365693062543869, 12.987738609313965
1221647, 35, 0.8331429958343506, 0.14232316613197327, 13.987329483032227
1221647, 35, 0.8958411812782288, 0.15306739509105682, 14.986226081848145
1221647, 35, 0.9615963697433472, 0.1645178496837616, 15.98497486114502
1221647, 35, 1.0125782489776611, 0.17171238362789154, 16.984333038330078
1221647, 35, 1.0687693357467651, 0.181640163064003, 17.983705520629883
1221647, 35, 1.1399115324020386, 0.19831909239292145, 18.982666015625
1221647, 35, 1.2115440368652344, 0.2146773636341095, 19.981639862060547
1221647, 35, 1.2638404369354248, 0.22338154911994934, 20.98095703125
1221647, 35, 1.3124107122421265, 0.23059841990470886, 21.98033905029297
1221647, 35, 1.3716458082199097, 0.24223721027374268, 22.97968292236328
1221647, 35, 1.430922508239746, 0.25380560755729675, 23.979013442993164
1221647, 35, 1.4891576766967773, 0.2646499574184418, 24.978368759155273
1221647, 35, 1.5463745594024658, 0.2752358615398407, 25.977718353271484
1221647, 35, 1.6051884889602661, 0.28648021817207336, 26.976940155029297
1221647, 35, 1.6634916067123413, 0.2977120280265808, 27.976158142089844
1221647, 35, 1.7133368253707886, 0.30642256140708923, 28.97565460205078
1221647, 35, 1.7673110961914062, 0.3156629502773285, 29.975021362304688
5195398, 36, 0.045025285333395004, 0.006859559565782547, 0.9995818138122559
5195398, 36, 0.08833951503038406, 0.012908333912491798, 1.9992166757583618
5195398, 36, 0.1340041607618332, 0.01995576173067093, 2.998732089996338
5195398, 36, 0.1826484203338623, 0.02800995111465454, 3.998159408569336
5195398, 36, 0.2545775771141052, 0.04510562866926193, 4.997127532958984
5195398, 36, 0.32889342308044434, 0.06333474814891815, 5.996027946472168
5195398, 36, 0.40022313594818115, 0.08052819222211838, 6.99501895904541
5195398, 36, 0.4565487504005432, 0.09092312306165695, 7.994243621826172
5195398, 36, 0.5063917636871338, 0.0992472916841507, 8.993697166442871
5195398, 36, 0.5586872696876526, 0.10814600437879562, 9.993016242980957
5195398, 36, 0.6068699359893799, 0.11557914316654205, 10.9924955368042
5195398, 36, 0.6552973389625549, 0.1231226846575737, 11.991990089416504
5195398, 36, 0.7122551798820496, 0.13325540721416473, 12.991180419921875
5195398, 36, 0.7619391083717346, 0.14129282534122467, 13.990635871887207
5195398, 36, 0.8141998052597046, 0.15029850602149963, 14.989951133728027
5195398, 36, 0.8638125061988831, 0.15840810537338257, 15.989356994628906
5195398, 36, 0.9135011434555054, 0.16646206378936768, 16.988737106323242
5195398, 36, 0.9571975469589233, 0.1727052927017212, 17.988330841064453
5195398, 36, 1.0046765804290771, 0.18011270463466644, 18.987812042236328
5195398, 36, 1.0735595226287842, 0.19553419947624207, 19.986913681030273
5195398, 36, 1.1458181142807007, 0.21212393045425415, 20.98583221435547
5195398, 36, 1.2247042655944824, 0.2311657965183258, 21.984254837036133
5195398, 36, 1.2901254892349243, 0.24552105367183685, 22.983346939086914
5195398, 36, 1.3579623699188232, 0.26059266924858093, 23.982358932495117
5195398, 36, 1.4342072010040283, 0.2786506116390228, 24.980876922607422
5195398, 36, 1.4935065507888794, 0.29048094153404236, 25.980180740356445
5195398, 36, 1.5302573442459106, 0.2945604622364044, 26.97994613647461
5195398, 36, 1.566889762878418, 0.2988046407699585, 27.979698181152344
5195398, 36, 1.6034719944000244, 0.3029797375202179, 28.979450225830078
5195398, 36, 1.641187310218811, 0.30718839168548584, 29.979188919067383
5007479, 37, 0.10747964680194855, 0.03678980842232704, 0.9969774484634399
5007479, 37, 0.21066197752952576, 0.07150435447692871, 1.9942445755004883
5007479, 37, 0.31247347593307495, 0.10481031984090805, 2.991788387298584
5007479, 37, 0.38322708010673523, 0.12130017578601837, 3.9906818866729736
5007479, 37, 0.4386357367038727, 0.13129273056983948, 4.989927291870117
5007479, 37, 0.4943646788597107, 0.1411135345697403, 5.989202976226807
5007479, 37, 0.5508778691291809, 0.1506357192993164, 6.988439083099365
5007479, 37, 0.6074905395507812, 0.1605222225189209, 7.987688064575195
5007479, 37, 0.6675170660018921, 0.1714363694190979, 8.986798286437988
5007479, 37, 0.7240575551986694, 0.18119126558303833, 9.986044883728027
5007479, 37, 0.7792145013809204, 0.1900176703929901, 10.98532772064209
5007479, 37, 0.8396390676498413, 0.20061561465263367, 11.984496116638184
5007479, 37, 0.8961347937583923, 0.2098950743675232, 12.983777046203613
5007479, 37, 0.9568087458610535, 0.22071897983551025, 13.982949256896973
5007479, 37, 1.013586163520813, 0.2300516664981842, 14.982245445251465
5007479, 37, 1.0752686262130737, 0.24079298973083496, 15.981392860412598
5007479, 37, 1.1398143768310547, 0.2534179985523224, 16.980527877807617
5007479, 37, 1.200987458229065, 0.26382458209991455, 17.979623794555664
5007479, 37, 1.2713474035263062, 0.2776956260204315, 18.978227615356445
5007479, 37, 1.3349193334579468, 0.28943750262260437, 19.977277755737305
5007479, 37, 1.4312564134597778, 0.319364070892334, 20.975238800048828
5007479, 37, 1.5058330297470093, 0.3362302780151367, 21.974071502685547
5007479, 37, 1.5775197744369507, 0.35141777992248535, 22.97301483154297
5007479, 37, 1.6614165306091309, 0.37205952405929565, 23.971467971801758
5007479, 37, 1.7585797309875488, 0.40002745389938354, 24.96936798095703
5007479, 37, 1.8534373044967651, 0.4272681772708893, 25.967273712158203
5007479, 37, 1.9534695148468018, 0.4582465589046478, 26.964845657348633
5007479, 37, 2.0533671379089355, 0.4893966019153595, 27.962501525878906
5007479, 37, 2.1545095443725586, 0.5213596820831299, 28.959880828857422
5007479, 37, 2.298793077468872, 0.5825489163398743, 29.95231056213379
4431350, 38, 0.05238345265388489, 0.007995340041816235, 0.9994259476661682
4431350, 38, 0.10323511809110641, 0.015547028742730618, 1.998892068862915
4431350, 38, 0.15637314319610596, 0.02313937433063984, 2.998277425765991
4431350, 38, 0.209356889128685, 0.031090635806322098, 3.9976439476013184
4431350, 38, 0.29384005069732666, 0.053281519562006, 4.9960432052612305
4431350, 38, 0.38234633207321167, 0.07744289189577103, 5.994104385375977
4431350, 38, 0.4819963574409485, 0.10703873634338379, 6.991304874420166
4431350, 38, 0.5780891180038452, 0.1350332498550415, 7.988738059997559
4431350, 38, 0.6396164298057556, 0.14558859169483185, 8.98782730102539
4431350, 38, 0.6955331563949585, 0.1540306657552719, 9.987071990966797
4431350, 38, 0.7448856830596924, 0.1618383675813675, 10.986553192138672
4431350, 38, 0.7937244772911072, 0.16970320045948029, 11.986056327819824
4431350, 38, 0.8414682745933533, 0.17734460532665253, 12.98560619354248
4431350, 38, 0.8889100551605225, 0.18486878275871277, 13.98519515991211
4431350, 38, 0.9363186955451965, 0.19223830103874207, 14.984806060791016
4431350, 38, 0.984494149684906, 0.1998385787010193, 15.984392166137695
4431350, 38, 1.0340079069137573, 0.20752742886543274, 16.98395347595215
4431350, 38, 1.0820865631103516, 0.21491685509681702, 17.983537673950195
4431350, 38, 1.1644402742385864, 0.23511648178100586, 18.981870651245117
4431350, 38, 1.251476764678955, 0.2573763132095337, 19.979997634887695
4431350, 38, 1.3357272148132324, 0.27794066071510315, 20.97832489013672
4431350, 38, 1.4119805097579956, 0.29484596848487854, 21.977014541625977
4431350, 38, 1.5075219869613647, 0.32150256633758545, 22.974653244018555
4431350, 38, 1.6029988527297974, 0.3481639623641968, 23.97240447998047
4431350, 38, 1.6938773393630981, 0.3724291920661926, 24.97043800354004
4431350, 38, 1.7805770635604858, 0.3951420783996582, 25.96857261657715
4431350, 38, 1.8417255878448486, 0.40630796551704407, 26.96770668029785
4431350, 38, 1.9212568998336792, 0.42568439245224, 27.965900421142578
4431350, 38, 1.9939446449279785, 0.442737340927124, 28.96453857421875
4431350, 38, 2.078324794769287, 0.4660722613334656, 29.962751388549805
5144366, 39, 0.06761626899242401, 0.014758300967514515, 0.9984418749809265
5144366, 39, 0.1277913600206375, 0.026924580335617065, 1.9972293376922607
5144366, 39, 0.20074144005775452, 0.0428951233625412, 2.9954662322998047
5144366, 39, 0.2588825225830078, 0.05469281226396561, 3.99438214302063
5144366, 39, 0.323985755443573, 0.06880704313516617, 4.992958068847656
5144366, 39, 0.3958126902580261, 0.08435191959142685, 5.991191864013672
5144366, 39, 0.47239217162132263, 0.10148528963327408, 6.989217758178711
5144366, 39, 0.5661717653274536, 0.12514325976371765, 7.986352920532227
5144366, 39, 0.6535912752151489, 0.14645254611968994, 8.983874320983887
5144366, 39, 0.7437860369682312, 0.16900449991226196, 9.981224060058594
5144366, 39, 0.82691490650177, 0.18902884423732758, 10.978930473327637
5144366, 39, 0.9067873358726501, 0.20796024799346924, 11.976810455322266
5144366, 39, 0.9950915575027466, 0.2298610806465149, 12.97426986694336
5144366, 39, 1.0786300897598267, 0.24906140565872192, 13.972089767456055
5144366, 39, 1.1634501218795776, 0.2692367434501648, 14.969796180725098
5144366, 39, 1.2543667554855347, 0.29270878434181213, 15.967085838317871
5144366, 39, 1.324146032333374, 0.30845212936401367, 16.965503692626953
5144366, 39, 1.3764450550079346, 0.31803616881370544, 17.964710235595703
5144366, 39, 1.426287055015564, 0.3267236351966858, 18.963998794555664
5144366, 39, 1.4748222827911377, 0.3345671594142914, 19.963388442993164
5144366, 39, 1.545762538909912, 0.34999600052833557, 20.961654663085938
5144366, 39, 1.6049480438232422, 0.36165156960487366, 21.960683822631836
5144366, 39, 1.6714802980422974, 0.3764760494232178, 22.959413528442383
5144366, 39, 1.7431777715682983, 0.3940151333808899, 23.957937240600586
5144366, 39, 1.815523386001587, 0.4118104577064514, 24.956823348999023
5144366, 39, 1.8862847089767456, 0.4282110333442688, 25.955883026123047
5144366, 39, 1.9603580236434937, 0.4455312192440033, 26.954917907714844
5144366, 39, 2.0350875854492188, 0.46300750970840454, 27.953998565673828
5144366, 39, 2.1106150150299072, 0.48020699620246887, 28.953006744384766
5144366, 39, 2.1677722930908203, 0.4900675415992737, 29.95244598388672
5037673, 40, 0.04761209338903427, 0.007188539486378431, 0.9995689988136292
5037673, 40, 0.0951402336359024, 0.014910795725882053, 1.9991153478622437
5037673, 40, 0.14393377304077148, 0.023023899644613266, 2.9986414909362793
5037673, 40, 0.19273969531059265, 0.031087113544344902, 3.9981703758239746
5037673, 40, 0.24882932007312775, 0.040960490703582764, 4.997421741485596
5037673, 40, 0.3408820927143097, 0.06759506464004517, 5.995700836181641
5037673, 40, 0.4297635555267334, 0.09224101155996323, 6.994195461273193
5037673, 40, 0.5129319429397583, 0.11438842117786407, 7.992862224578857
5037673, 40, 0.5636370778083801, 0.12253126502037048, 8.992356300354004
5037673, 40, 0.6184990406036377, 0.132184237241745, 9.9917631149292
5037673, 40, 0.6745449900627136, 0.14181636273860931, 10.991035461425781
5037673, 40, 0.7345408201217651, 0.1527780145406723, 11.990147590637207
5037673, 40, 0.7891837954521179, 0.16182714700698853, 12.98947525024414
5037673, 40, 0.8388938307762146, 0.16974446177482605, 13.98898696899414
5037673, 40, 0.8829843997955322, 0.17615686357021332, 14.988609313964844
5037673, 40, 0.9260540008544922, 0.18205863237380981, 15.988265991210938
5037673, 40, 0.9688441753387451, 0.18792195618152618, 16.98790740966797
5037673, 40, 1.0152273178100586, 0.1946263313293457, 17.987442016601562
5037673, 40, 1.056045651435852, 0.1999129205942154, 18.987110137939453
5037673, 40, 1.121477723121643, 0.21338801085948944, 19.986312866210938
5037673, 40, 1.1994177103042603, 0.23199164867401123, 20.985082626342773
5037673, 40, 1.2781643867492676, 0.2515379786491394, 21.983808517456055
5037673, 40, 1.3595302104949951, 0.2723400294780731, 22.982412338256836
5037673, 40, 1.4131073951721191, 0.2821570336818695, 23.981863021850586
5037673, 40, 1.4956324100494385, 0.30367469787597656, 24.980459213256836
5037673, 40, 1.5764830112457275, 0.3244430124759674, 25.979154586791992
5037673, 40, 1.6248977184295654, 0.33217549324035645, 26.978740692138672
5037673, 40, 1.6715210676193237, 0.3396400213241577, 27.978322982788086
5037673, 40, 1.7156559228897095, 0.34624993801116943, 28.977933883666992
5037673, 40, 1.7691665887832642, 0.35561811923980713, 29.977420806884766
4766524, 41, 0.05615495517849922, 0.008799520321190357, 0.9993409514427185
4766524, 41, 0.11472786962985992, 0.017921466380357742, 1.998552680015564
4766524, 41, 0.1784360408782959, 0.029015105217695236, 2.997591495513916
4766524, 41, 0.27485865354537964, 0.056983113288879395, 3.9951632022857666
4766524, 41, 0.3813093900680542, 0.09053637832403183, 4.992053031921387
4766524, 41, 0.44442397356033325, 0.10253150761127472, 5.991191864013672
4766524, 41, 0.5276850461959839, 0.12362366914749146, 6.989527225494385
4766524, 41, 0.6179461479187012, 0.14852526783943176, 7.9873857498168945
4766524, 41, 0.6777278184890747, 0.1591481864452362, 8.986552238464355
4766524, 41, 0.7322510480880737, 0.16907648742198944, 9.9859619140625
4766524, 41, 0.7956604957580566, 0.18191950023174286, 10.98509693145752
4766524, 41, 0.8983014822006226, 0.21350139379501343, 11.982508659362793
4766524, 41, 0.9966585636138916, 0.24368882179260254, 12.980324745178223
4766524, 41, 1.1066526174545288, 0.2808881402015686, 13.97696304321289
4766524, 41, 1.2045032978057861, 0.3113825023174286, 14.974883079528809
4766524, 41, 1.3034826517105103, 0.34243568778038025, 15.972524642944336
4766524, 41, 1.3951239585876465, 0.36916446685791016, 16.9708194732666
4766524, 41, 1.49460768699646, 0.39992398023605347, 17.968637466430664
4766524, 41, 1.5934056043624878, 0.42993226647377014, 18.96622657775879
4766524, 41, 1.7020026445388794, 0.46509575843811035, 19.962675094604492
4766524, 41, 1.796987771987915, 0.4935072958469391, 20.96034812927246
4766524, 41, 1.858116626739502, 0.5036132335662842, 21.959388732910156
4766524, 41, 1.9126731157302856, 0.5124256014823914, 22.958715438842773
4766524, 41, 2.004452705383301, 0.5389747023582458, 23.956615447998047
4766524, 41, 2.098068952560425, 0.5665140748023987, 24.954418182373047
4766524, 41, 2.2000229358673096, 0.5991605520248413, 25.951343536376953
4766524, 41, 2.3040337562561035, 0.6335448622703552, 26.948036193847656
4766524, 41, 2.4080185890197754, 0.6683604121208191, 27.944700241088867
4766524, 41, 2.510573625564575, 0.7028496861457825, 28.941503524780273
4766524, 41, 2.6124634742736816, 0.736598014831543, 29.938270568847656
1262475, 42, 0.05673489719629288, 0.009609362110495567, 0.9991195201873779
1262475, 42, 0.12421516329050064, 0.025259042158722878, 1.9981935024261475
1262475, 42, 0.1929122656583786, 0.04158185422420502, 2.997201681137085
1262475, 42, 0.24565540254116058, 0.05062062665820122, 3.9965853691101074
1262475, 42, 0.2917947769165039, 0.05745381489396095, 4.9961256980896
1262475, 42, 0.33803489804267883, 0.06435507535934448, 5.995657444000244
1262475, 42, 0.38632816076278687, 0.07179655134677887, 6.995124816894531
1262475, 42, 0.4450685679912567, 0.08209932595491409, 7.994204998016357
1262475, 42, 0.5061976909637451, 0.0931612178683281, 8.993176460266113
1262475, 42, 0.5697119235992432, 0.10488436371088028, 9.992049217224121
1262475, 42, 0.6388133764266968, 0.11836723983287811, 10.990699768066406
1262475, 42, 0.7122511267662048, 0.133326455950737, 11.989173889160156
1262475, 42, 0.771476149559021, 0.14382390677928925, 12.988296508789062
1262475, 42, 0.8328542113304138, 0.15480183064937592, 13.987332344055176
1262475, 42, 0.8890460133552551, 0.1642025262117386, 14.986567497253418
1262475, 42, 0.9387747049331665, 0.17202848196029663, 15.986031532287598
1262475, 42, 1.0043139457702637, 0.1845477670431137, 16.98480796813965
1262475, 42, 1.0747891664505005, 0.19890989363193512, 17.983266830444336
1262475, 42, 1.1358484029769897, 0.2101219743490219, 18.982160568237305
1262475, 42, 1.1898741722106934, 0.21942926943302155, 19.981365203857422
1262475, 42, 1.2652283906936646, 0.23658788204193115, 20.980323791503906
1262475, 42, 1.3431252241134644, 0.2552294135093689, 21.97925567626953
1262475, 42, 1.4228179454803467, 0.2745644152164459, 22.978113174438477
1262475, 42, 1.5013219118118286, 0.2933354079723358, 23.976957321166992
1262475, 42, 1.579050898551941, 0.3114667534828186, 24.9758358001709
1262475, 42, 1.6444611549377441, 0.3246431350708008, 25.975080490112305
1262475, 42, 1.7061434984207153, 0.3363223969936371, 26.974403381347656
1262475, 42, 1.7672879695892334, 0.34724313020706177, 27.9737606048584
1262475, 42, 1.8223803043365479, 0.356383353471756, 28.973247528076172
1262475, 42, 1.8744624853134155, 0.3651312291622162, 29.97272300720215
5010602, 43, 0.07277090102434158, 0.016317112371325493, 0.9985988736152649
5010602, 43, 0.16764190793037415, 0.043699607253074646, 1.9963009357452393
5010602, 43, 0.2567644417285919, 0.06848439574241638, 2.9942562580108643
5010602, 43, 0.33845821022987366, 0.09053118526935577, 3.9926629066467285
5010602, 43, 0.42022454738616943, 0.11251126229763031, 4.9910454750061035
5010602, 43, 0.5182759165763855, 0.14108991622924805, 5.988279819488525
5010602, 43, 0.6174265146255493, 0.16972097754478455, 6.98553466796875
5010602, 43, 0.6817238330841064, 0.1831008940935135, 7.984317302703857
5010602, 43, 0.7585253715515137, 0.20111189782619476, 8.982433319091797
5010602, 43, 0.8409797549247742, 0.22120027244091034, 9.980205535888672
5010602, 43, 0.9192008972167969, 0.2393609881401062, 10.978228569030762
5010602, 43, 0.9912644624710083, 0.25493258237838745, 11.976612091064453
5010602, 43, 1.0714366436004639, 0.2743026316165924, 12.9744873046875
5010602, 43, 1.154690146446228, 0.2951452434062958, 13.972163200378418
5010602, 43, 1.2341632843017578, 0.31428614258766174, 14.970075607299805
5010602, 43, 1.3117281198501587, 0.33234691619873047, 15.96810245513916
5010602, 43, 1.3936991691589355, 0.3524574935436249, 16.965810775756836
5010602, 43, 1.4717804193496704, 0.37117820978164673, 17.963708877563477
5010602, 43, 1.544847846031189, 0.38772860169410706, 18.961917877197266
5010602, 43, 1.6316462755203247, 0.4112759828567505, 19.960254669189453
5010602, 43, 1.722838282585144, 0.4357248842716217, 20.95849609375
5010602, 43, 1.8134117126464844, 0.46050742268562317, 21.95675277709961
5010602, 43, 1.9039247035980225, 0.48479583859443665, 22.955018997192383
5010602, 43, 1.9934182167053223, 0.5088235139846802, 23.95338249206543
5010602, 43, 2.062272310256958, 0.5226002335548401, 24.95233917236328
5010602, 43, 2.116823196411133, 0.5310836434364319, 25.951644897460938
5010602, 43, 2.2023777961730957, 0.5525866150856018, 26.949970245361328
5010602, 43, 2.2841556072235107, 0.5731254816055298, 27.9487361907959
5010602, 43, 2.3665316104888916, 0.59453946352005, 28.94744300842285
5010602, 43, 2.4491286277770996, 0.6166994571685791, 29.94611358642578
4961513, 44, 0.04464903101325035, 0.006648602895438671, 0.9996356964111328
4961513, 44, 0.08744271099567413, 0.012761176563799381, 1.999321699142456
4961513, 44, 0.12939788401126862, 0.018519585952162743, 2.999002695083618
4961513, 44, 0.17862260341644287, 0.025623098015785217, 3.998561382293701
4961513, 44, 0.23921826481819153, 0.03786490857601166, 4.997971534729004
4961513, 44, 0.2807178199291229, 0.04361230134963989, 5.997679710388184
4961513, 44, 0.3268471956253052, 0.050361115485429764, 6.997308254241943
4961513, 44, 0.37256115674972534, 0.057010289281606674, 7.996936798095703
4961513, 44, 0.42027193307876587, 0.06452740728855133, 8.996498107910156
4961513, 44, 0.4683864116668701, 0.07192960381507874, 9.995918273925781
4961513, 44, 0.5114949345588684, 0.0782594159245491, 10.995504379272461
4961513, 44, 0.5537684559822083, 0.08439488708972931, 11.995148658752441
4961513, 44, 0.6019309163093567, 0.09175275266170502, 12.994722366333008
4961513, 44, 0.6485289931297302, 0.09887558221817017, 13.99433708190918
4961513, 44, 0.693751335144043, 0.10544168204069138, 14.99396800994873
4961513, 44, 0.7412970066070557, 0.11247352510690689, 15.993538856506348
4961513, 44, 0.7912107706069946, 0.12043476849794388, 16.993019104003906
4961513, 44, 0.8417655229568481, 0.12846970558166504, 17.992454528808594
4961513, 44, 0.8937205672264099, 0.13682030141353607, 18.99183464050293
4961513, 44, 0.9476378560066223, 0.14623276889324188, 19.99113655090332
4961513, 44, 1.034543752670288, 0.16902190446853638, 20.989398956298828
4961513, 44, 1.114381194114685, 0.18888169527053833, 21.988117218017578
4961513, 44, 1.1949111223220825, 0.20933027565479279, 22.986852645874023
4961513, 44, 1.279605746269226, 0.23136605322360992, 23.98551368713379
4961513, 44, 1.363965630531311, 0.25422918796539307, 24.984331130981445
4961513, 44, 1.4468947649002075, 0.2756098210811615, 25.983165740966797
4961513, 44, 1.5014498233795166, 0.28495973348617554, 26.982582092285156
4961513, 44, 1.5432531833648682, 0.2909241020679474, 27.982227325439453
4961513, 44, 1.5873336791992188, 0.2970316708087921, 28.981822967529297
4961513, 44, 1.6334588527679443, 0.30366867780685425, 29.98141098022461
5059948, 45, 0.04637286067008972, 0.007761738728731871, 0.9994588494300842
5059948, 45, 0.09428055584430695, 0.015481607988476753, 1.998917579650879
5059948, 45, 0.14385874569416046, 0.02308303490281105, 2.998239278793335
5059948, 45, 0.2020292431116104, 0.03317994251847267, 3.997281312942505
5059948, 45, 0.30235862731933594, 0.06202763319015503, 4.994476318359375
5059948, 45, 0.3747783899307251, 0.07887638360261917, 5.993324279785156
5059948, 45, 0.4349450170993805, 0.08895770460367203, 6.992420196533203
5059948, 45, 0.48021718859672546, 0.09587622433900833, 7.991922855377197
5059948, 45, 0.5253881216049194, 0.10267701745033264, 8.99142837524414
5059948, 45, 0.5873123407363892, 0.1135273203253746, 9.9904203414917
5059948, 45, 0.655762255191803, 0.12606659531593323, 10.989160537719727
5059948, 45, 0.7006677389144897, 0.13214530050754547, 11.988696098327637
5059948, 45, 0.7702393531799316, 0.14517633616924286, 12.987363815307617
5059948, 45, 0.8389866352081299, 0.15825703740119934, 13.98604679107666
5059948, 45, 0.887082040309906, 0.1656564176082611, 14.985498428344727
5059948, 45, 0.9358237385749817, 0.17317059636116028, 15.984926223754883
5059948, 45, 0.9858139753341675, 0.1806270331144333, 16.984336853027344
5059948, 45, 1.034842610359192, 0.18761563301086426, 17.98381805419922
5059948, 45, 1.094987154006958, 0.19882871210575104, 18.982791900634766
5059948, 45, 1.1444264650344849, 0.20667648315429688, 19.98221206665039
5059948, 45, 1.19907546043396, 0.215962216258049, 20.981462478637695
5059948, 45, 1.270142674446106, 0.23241150379180908, 21.980501174926758
5059948, 45, 1.3438447713851929, 0.2491966187953949, 22.979415893554688
5059948, 45, 1.4156171083450317, 0.265625923871994, 23.97841453552246
5059948, 45, 1.4665175676345825, 0.2736952304840088, 24.97795867919922
5059948, 45, 1.541947841644287, 0.290457546710968, 25.97686195373535
5059948, 45, 1.6201896667480469, 0.30849945545196533, 26.975627899169922
5059948, 45, 1.7132890224456787, 0.3338679373264313, 27.973012924194336
5059948, 45, 1.7873709201812744, 0.34764811396598816, 28.971223831176758
5059948, 45, 1.8278981447219849, 0.3529186248779297, 29.970867156982422
4855738, 46, 0.0600799098610878, 0.012341873720288277, 0.9989750981330872
4855738, 46, 0.11633466929197311, 0.023111164569854736, 1.9980792999267578
4855738, 46, 0.16092458367347717, 0.030004698783159256, 2.997607707977295
4855738, 46, 0.21039634943008423, 0.03809362277388573, 3.9969539642333984
4855738, 46, 0.2670060992240906, 0.04811590164899826, 4.996055603027344
4855738, 46, 0.337154358625412, 0.062159426510334015, 5.994607925415039
4855738, 46, 0.40449225902557373, 0.07518526911735535, 6.993277549743652
4855738, 46, 0.46524253487586975, 0.08881635218858719, 7.992508888244629
4855738, 46, 0.5266363620758057, 0.10232099145650864, 8.9917631149292
4855738, 46, 0.5772022008895874, 0.11016175150871277, 9.991138458251953
4855738, 46, 0.6256972551345825, 0.1174367293715477, 10.990583419799805
4855738, 46, 0.6755775213241577, 0.1253599226474762, 11.989970207214355
4855738, 46, 0.7219071388244629, 0.132225900888443, 12.989459037780762
4855738, 46, 0.7765392661094666, 0.14115670323371887, 13.988663673400879
4855738, 46, 0.8308690786361694, 0.14993569254875183, 14.98789119720459
4855738, 46, 0.8924289345741272, 0.16098202764987946, 15.98685073852539
4855738, 46, 0.9488363265991211, 0.17069795727729797, 16.985984802246094
4855738, 46, 0.9980761408805847, 0.1787562221288681, 17.985332489013672
4855738, 46, 1.041589617729187, 0.1852331906557083, 18.98485565185547
4855738, 46, 1.0927364826202393, 0.19379739463329315, 19.984086990356445
4855738, 46, 1.1462554931640625, 0.20290203392505646, 20.98323631286621
4855738, 46, 1.1916067600250244, 0.2096775621175766, 21.982704162597656
4855738, 46, 1.256974697113037, 0.22451569139957428, 22.98187255859375
4855738, 46, 1.3250832557678223, 0.2404455542564392, 23.981014251708984
4855738, 46, 1.3971953392028809, 0.2569630742073059, 24.980133056640625
4855738, 46, 1.4721558094024658, 0.2742639482021332, 25.97905158996582
4855738, 46, 1.5434222221374512, 0.28995242714881897, 26.978103637695312
4855738, 46, 1.5836752653121948, 0.2952427268028259, 27.977779388427734
4855738, 46, 1.6237611770629883, 0.3002774119377136, 28.977436065673828
4855738, 46, 1.6622897386550903, 0.30501019954681396, 29.97714614868164
