Case_ID, Slide_ID, mae, mse, ssim
5266205, 1, 0.20432280004024506, 0.2531099021434784, 0.977017343044281
5266205, 1, 0.40541934967041016, 0.5000792741775513, 1.9549899101257324
5266205, 1, 0.6043227314949036, 0.7341893315315247, 2.934288501739502
5266205, 1, 0.8142622709274292, 0.991242527961731, 3.911529779434204
5266205, 1, 1.0516953468322754, 1.2921514511108398, 4.883338451385498
5266205, 1, 1.2948336601257324, 1.597230315208435, 5.854223728179932
5266205, 1, 1.5324909687042236, 1.8994969129562378, 6.826770305633545
5266205, 1, 1.7669492959976196, 2.204272508621216, 7.799540042877197
5266205, 1, 2.003345012664795, 2.512477159500122, 8.771492958068848
5266205, 1, 2.243575096130371, 2.8211679458618164, 9.74209976196289
5266205, 1, 2.469104528427124, 3.1000864505767822, 10.716105461120605
5266205, 1, 2.6804397106170654, 3.35119891166687, 11.694192886352539
5266205, 1, 2.8993093967437744, 3.5963544845581055, 12.672155380249023
5266205, 1, 3.1068708896636963, 3.8318519592285156, 13.65172004699707
5266205, 1, 3.299278736114502, 4.161904811859131, 14.631247520446777
5266205, 1, 3.400312900543213, 4.65397310256958, 15.621221542358398
5266205, 1, 3.506380558013916, 5.144842147827148, 16.611299514770508
5266205, 1, 3.620647668838501, 5.6313276290893555, 17.60138702392578
5266205, 1, 3.728947401046753, 6.11310338973999, 18.591955184936523
5266205, 1, 3.830211639404297, 6.586245536804199, 19.582935333251953
5266205, 1, 3.935245990753174, 7.0694580078125, 20.573219299316406
5266205, 1, 4.161732196807861, 7.349350929260254, 21.54718017578125
5266205, 1, 4.3769378662109375, 7.606114387512207, 22.524330139160156
5266205, 1, 4.585426330566406, 7.837578296661377, 23.504104614257812
5266205, 1, 4.802832126617432, 8.085261344909668, 24.481935501098633
5266205, 1, 5.014756679534912, 8.338860511779785, 25.459999084472656
5266205, 1, 5.257368087768555, 8.673971176147461, 26.429058074951172
5266205, 1, 5.469143390655518, 8.945478439331055, 27.405685424804688
5266205, 1, 5.693337440490723, 9.230113983154297, 28.380308151245117
5266205, 1, 5.8978166580200195, 9.479588508605957, 29.359529495239258
5110047, 2, 0.19568213820457458, 0.25071749091148376, 0.9789182543754578
5110047, 2, 0.3970009684562683, 0.4962078034877777, 1.9577324390411377
5110047, 2, 0.6033284068107605, 0.7395902872085571, 2.9360880851745605
5110047, 2, 0.8145150542259216, 0.988545298576355, 3.9134111404418945
5110047, 2, 1.0176198482513428, 1.2444214820861816, 4.891435623168945
5110047, 2, 1.2136955261230469, 1.5144520998001099, 5.870187282562256
5110047, 2, 1.4043285846710205, 1.8087208271026611, 6.849028587341309
5110047, 2, 1.5965352058410645, 2.1265363693237305, 7.827234268188477
5110047, 2, 1.7979803085327148, 2.4167122840881348, 8.803781509399414
5110047, 2, 1.9941473007202148, 2.6765964031219482, 9.78290843963623
5110047, 2, 2.1927669048309326, 2.9124655723571777, 10.763032913208008
5110047, 2, 2.4025533199310303, 3.144402265548706, 11.741835594177246
5110047, 2, 2.614132881164551, 3.3830957412719727, 12.720417022705078
5110047, 2, 2.8256096839904785, 3.622201919555664, 13.69895076751709
5110047, 2, 3.0443737506866455, 3.882986068725586, 14.675052642822266
5110047, 2, 3.2603461742401123, 4.172421455383301, 15.65095043182373
5110047, 2, 3.3660788536071777, 4.663247585296631, 16.64118194580078
5110047, 2, 3.464252471923828, 5.170259475708008, 17.631418228149414
5110047, 2, 3.5642919540405273, 5.6613450050354, 18.6220645904541
5110047, 2, 3.6661388874053955, 6.143218517303467, 19.612918853759766
5110047, 2, 3.7632675170898438, 6.627110004425049, 20.603382110595703
5110047, 2, 3.9827754497528076, 6.897058486938477, 21.579238891601562
5110047, 2, 4.195484638214111, 7.166069984436035, 22.55556869506836
5110047, 2, 4.4082231521606445, 7.410943031311035, 23.533601760864258
5110047, 2, 4.625401020050049, 7.669027328491211, 24.51057243347168
5110047, 2, 4.835707187652588, 7.939438343048096, 25.486839294433594
5110047, 2, 5.035292625427246, 8.18558120727539, 26.4652156829834
5110047, 2, 5.22556734085083, 8.447505950927734, 27.44474983215332
5110047, 2, 5.404730319976807, 8.72455883026123, 28.42616844177246
5110047, 2, 5.587328910827637, 8.98530101776123, 29.407550811767578
4954663, 3, 0.21647310256958008, 0.29260745644569397, 0.9748035669326782
4954663, 3, 0.44273632764816284, 0.5940629243850708, 1.9475886821746826
4954663, 3, 0.6611780524253845, 0.8633012175559998, 2.9231414794921875
4954663, 3, 0.8817549347877502, 1.1420968770980835, 3.898238182067871
4954663, 3, 1.0981286764144897, 1.4061800241470337, 4.874495029449463
4954663, 3, 1.3034448623657227, 1.6822915077209473, 5.851633548736572
4954663, 3, 1.5048789978027344, 1.9462039470672607, 6.829534530639648
4954663, 3, 1.7175335884094238, 2.206132650375366, 7.805882930755615
4954663, 3, 1.9389724731445312, 2.477318048477173, 8.780891418457031
4954663, 3, 2.1587865352630615, 2.7395594120025635, 9.756392478942871
4954663, 3, 2.369163751602173, 2.978907585144043, 10.734382629394531
4954663, 3, 2.580583333969116, 3.2243008613586426, 11.71198844909668
4954663, 3, 2.7974812984466553, 3.472271203994751, 12.688889503479004
4954663, 3, 3.0226075649261475, 3.7294199466705322, 13.664134979248047
4954663, 3, 3.247159004211426, 3.990154266357422, 14.639256477355957
4954663, 3, 3.471574068069458, 4.268616676330566, 15.613218307495117
4954663, 3, 3.569833517074585, 4.7646379470825195, 16.60358238220215
4954663, 3, 3.670856475830078, 5.252368927001953, 17.59449577331543
4954663, 3, 3.7705371379852295, 5.738489151000977, 18.585344314575195
4954663, 3, 3.872851848602295, 6.229533672332764, 19.576011657714844
4954663, 3, 3.9738309383392334, 6.7192583084106445, 20.566755294799805
4954663, 3, 4.181686878204346, 7.02132511138916, 21.543357849121094
4954663, 3, 4.4029059410095215, 7.279801368713379, 22.519256591796875
4954663, 3, 4.617619514465332, 7.524085998535156, 23.496444702148438
4954663, 3, 4.840221405029297, 7.790149688720703, 24.471466064453125
4954663, 3, 5.055495262145996, 8.039521217346191, 25.448062896728516
4954663, 3, 5.274032115936279, 8.295611381530762, 26.423675537109375
4954663, 3, 5.496455192565918, 8.565340042114258, 27.39799690246582
4954663, 3, 5.725462913513184, 8.846850395202637, 28.370763778686523
4954663, 3, 5.939227104187012, 9.10867691040039, 29.346786499023438
4899760, 4, 0.246785506606102, 0.30629774928092957, 0.9695243835449219
4899760, 4, 0.4706055521965027, 0.5614321231842041, 1.9449615478515625
4899760, 4, 0.7004157304763794, 0.8136678338050842, 2.9198427200317383
4899760, 4, 0.9264470934867859, 1.0771324634552002, 3.8946404457092285
4899760, 4, 1.1475322246551514, 1.3570311069488525, 4.868995189666748
4899760, 4, 1.3677138090133667, 1.6257983446121216, 5.8439741134643555
4899760, 4, 1.597249150276184, 1.8894343376159668, 6.818122863769531
4899760, 4, 1.823259711265564, 2.1463119983673096, 7.7932538986206055
4899760, 4, 1.9521641731262207, 2.5940260887145996, 8.781237602233887
4899760, 4, 2.181797981262207, 2.8655152320861816, 9.75464153289795
4899760, 4, 2.41658616065979, 3.141685962677002, 10.726985931396484
4899760, 4, 2.56881046295166, 3.5500941276550293, 11.712624549865723
4899760, 4, 2.6837689876556396, 4.0182695388793945, 12.701669692993164
4899760, 4, 2.7915329933166504, 4.509212970733643, 13.690979957580566
4899760, 4, 2.8958277702331543, 5.00575065612793, 14.680656433105469
4899760, 4, 2.9995336532592773, 5.50656270980835, 15.6710205078125
4899760, 4, 3.10720157623291, 5.997340679168701, 16.66148567199707
4899760, 4, 3.214707136154175, 6.47372579574585, 17.651987075805664
4899760, 4, 3.322730541229248, 6.952301502227783, 18.642427444458008
4899760, 4, 3.4263031482696533, 7.436935901641846, 19.632802963256836
4899760, 4, 3.6572682857513428, 7.704854488372803, 20.606489181518555
4899760, 4, 3.8924241065979004, 7.965019702911377, 21.580642700195312
4899760, 4, 4.123194217681885, 8.222921371459961, 22.55532455444336
4899760, 4, 4.34244441986084, 8.475991249084473, 23.532033920288086
4899760, 4, 4.5648980140686035, 8.736360549926758, 24.507671356201172
4899760, 4, 4.7913103103637695, 8.999984741210938, 25.482912063598633
4899760, 4, 5.013948917388916, 9.269611358642578, 26.458505630493164
4899760, 4, 5.243767738342285, 9.558839797973633, 27.431865692138672
4899760, 4, 5.481866836547852, 9.83747386932373, 28.404481887817383
4899760, 4, 5.718059539794922, 10.120248794555664, 29.3774356842041
5262914_2, 5, 0.25419381260871887, 0.3540785610675812, 0.9672155380249023
5262914_2, 5, 0.4702247381210327, 0.628347635269165, 1.9433099031448364
5262914_2, 5, 0.6887993216514587, 0.908588171005249, 2.9189181327819824
5262914_2, 5, 0.9454004168510437, 1.2605009078979492, 3.8852055072784424
5262914_2, 5, 1.1989505290985107, 1.6098361015319824, 4.851494312286377
5262914_2, 5, 1.459380030632019, 1.9633088111877441, 5.816801071166992
5262914_2, 5, 1.7203513383865356, 2.3113913536071777, 6.782475471496582
5262914_2, 5, 1.9438565969467163, 2.595642328262329, 7.756546497344971
5262914_2, 5, 2.167792797088623, 2.8795673847198486, 8.730224609375
5262914_2, 5, 2.3875627517700195, 3.150484085083008, 9.705092430114746
5262914_2, 5, 2.627615451812744, 3.450171947479248, 10.675718307495117
5262914_2, 5, 2.8571176528930664, 3.7342822551727295, 11.647994041442871
5262914_2, 5, 3.081291437149048, 4.027958393096924, 12.6209077835083
5262914_2, 5, 3.279421091079712, 4.290757656097412, 13.59880542755127
5262914_2, 5, 3.482484817504883, 4.559122562408447, 14.575658798217773
5262914_2, 5, 3.622811794281006, 4.9608659744262695, 15.562699317932129
5262914_2, 5, 3.7271664142608643, 5.4459228515625, 16.55304718017578
5262914_2, 5, 3.8359413146972656, 5.946169853210449, 17.542884826660156
5262914_2, 5, 3.942354202270508, 6.4541425704956055, 18.53230857849121
5262914_2, 5, 4.046342849731445, 6.945488929748535, 19.522653579711914
5262914_2, 5, 4.150816440582275, 7.422336101531982, 20.513519287109375
5262914_2, 5, 4.301725387573242, 7.812464237213135, 21.49992561340332
5262914_2, 5, 4.5144453048706055, 8.090536117553711, 22.475862503051758
5262914_2, 5, 4.740362644195557, 8.381697654724121, 23.449350357055664
5262914_2, 5, 4.965576648712158, 8.652303695678711, 24.423683166503906
5262914_2, 5, 5.183657646179199, 8.910613059997559, 25.39946937561035
5262914_2, 5, 5.397559642791748, 9.168970108032227, 26.375757217407227
5262914_2, 5, 5.615539073944092, 9.439316749572754, 27.35080337524414
5262914_2, 5, 5.83311653137207, 9.716585159301758, 28.326032638549805
5262914_2, 5, 6.047044277191162, 9.980992317199707, 29.302268981933594
5216902, 6, 0.21652160584926605, 0.258833110332489, 0.9764305353164673
5216902, 6, 0.421893835067749, 0.5203387141227722, 1.954850435256958
5216902, 6, 0.6212722659111023, 0.7827001214027405, 2.9346237182617188
5216902, 6, 0.827960193157196, 1.0433387756347656, 3.9133753776550293
5216902, 6, 1.03568434715271, 1.3087742328643799, 4.891434192657471
5216902, 6, 1.2446248531341553, 1.5791476964950562, 5.8692402839660645
5216902, 6, 1.448768973350525, 1.8431267738342285, 6.848223686218262
5216902, 6, 1.6534556150436401, 2.0999698638916016, 7.827090740203857
5216902, 6, 1.861580491065979, 2.355910301208496, 8.805535316467285
5216902, 6, 2.071061849594116, 2.6163103580474854, 9.783271789550781
5216902, 6, 2.2807722091674805, 2.8879125118255615, 10.760344505310059
5216902, 6, 2.490675210952759, 3.144041061401367, 11.73807144165039
5216902, 6, 2.7058322429656982, 3.3937883377075195, 12.715520858764648
5216902, 6, 2.9217753410339355, 3.635826826095581, 13.693705558776855
5216902, 6, 3.125483989715576, 3.8970465660095215, 14.673882484436035
5216902, 6, 3.3369195461273193, 4.163592338562012, 15.651323318481445
5216902, 6, 3.5015857219696045, 4.535333156585693, 16.6353816986084
5216902, 6, 3.600708484649658, 5.042067527770996, 17.62586212158203
5216902, 6, 3.7041382789611816, 5.537902355194092, 18.616470336914062
5216902, 6, 3.8076581954956055, 6.018914699554443, 19.60724639892578
5216902, 6, 3.9104788303375244, 6.512839317321777, 20.59748649597168
5216902, 6, 4.128767490386963, 6.797782897949219, 21.573108673095703
5216902, 6, 4.349425792694092, 7.066372871398926, 22.54854965209961
5216902, 6, 4.564400672912598, 7.316625595092773, 23.525634765625
5216902, 6, 4.772515773773193, 7.562473773956299, 24.503887176513672
5216902, 6, 4.986424446105957, 7.821928024291992, 25.48065185546875
5216902, 6, 5.203901767730713, 8.073293685913086, 26.45759391784668
5216902, 6, 5.413839340209961, 8.313700675964355, 27.435991287231445
5216902, 6, 5.619810581207275, 8.55884075164795, 28.414581298828125
5216902, 6, 5.829141139984131, 8.819281578063965, 29.391996383666992
5032506, 7, 0.1940230131149292, 0.2469657063484192, 0.9796882271766663
5032506, 7, 0.3839386999607086, 0.4973744750022888, 1.9598768949508667
5032506, 7, 0.5797234773635864, 0.756094217300415, 2.9391651153564453
5032506, 7, 0.7752369046211243, 0.994664192199707, 3.919095754623413
5032506, 7, 0.9724808931350708, 1.2283669710159302, 4.898567199707031
5032506, 7, 1.177107334136963, 1.4870613813400269, 5.876028537750244
5032506, 7, 1.3763848543167114, 1.7489413022994995, 6.854123115539551
5032506, 7, 1.5716898441314697, 2.000258207321167, 7.83335018157959
5032506, 7, 1.7675272226333618, 2.2450501918792725, 8.813098907470703
5032506, 7, 1.9686613082885742, 2.4847943782806396, 9.792484283447266
5032506, 7, 2.1713695526123047, 2.7081410884857178, 10.773033142089844
5032506, 7, 2.3842434883117676, 2.9287118911743164, 11.752806663513184
5032506, 7, 2.598609447479248, 3.152195453643799, 12.732780456542969
5032506, 7, 2.817814826965332, 3.385324478149414, 13.71163558959961
5032506, 7, 3.0328800678253174, 3.6109023094177246, 14.691076278686523
5032506, 7, 3.244091033935547, 3.8415849208831787, 15.67057991027832
5032506, 7, 3.442063331604004, 4.105018138885498, 16.650991439819336
5032506, 7, 3.5483598709106445, 4.588335990905762, 17.64144515991211
5032506, 7, 3.651980400085449, 5.075392246246338, 18.63211441040039
5032506, 7, 3.7632815837860107, 5.563051223754883, 19.62230110168457
5032506, 7, 3.8778634071350098, 6.030977725982666, 20.6123046875
5032506, 7, 4.093683242797852, 6.264885425567627, 21.59084701538086
5032506, 7, 4.306278228759766, 6.4906439781188965, 22.57045555114746
5032506, 7, 4.514382839202881, 6.71506929397583, 23.55035400390625
5032506, 7, 4.714532852172852, 6.943770885467529, 24.53097152709961
5032506, 7, 4.914658069610596, 7.18298864364624, 25.510971069335938
5032506, 7, 5.11214542388916, 7.408844470977783, 26.491897583007812
5032506, 7, 5.312306880950928, 7.64245080947876, 27.472078323364258
5032506, 7, 5.506170272827148, 7.880078315734863, 28.4527587890625
5032506, 7, 5.696783542633057, 8.131237030029297, 29.433603286743164
4862367, 8, 0.21891124546527863, 0.27891892194747925, 0.9737508893013
4862367, 8, 0.42978543043136597, 0.5323565006256104, 1.9502220153808594
4862367, 8, 0.6429158449172974, 0.7951897978782654, 2.9261860847473145
4862367, 8, 0.8602077960968018, 1.0695122480392456, 3.9013805389404297
4862367, 8, 1.0694377422332764, 1.3385339975357056, 4.878174304962158
4862367, 8, 1.281006097793579, 1.6039077043533325, 5.854912757873535
4862367, 8, 1.5024728775024414, 1.8792638778686523, 6.829710960388184
4862367, 8, 1.7116219997406006, 2.1240150928497314, 7.807633399963379
4862367, 8, 1.924394130706787, 2.3828892707824707, 8.784296989440918
4862367, 8, 2.141601800918579, 2.6618611812591553, 9.759085655212402
4862367, 8, 2.347801923751831, 2.9220192432403564, 10.736798286437988
4862367, 8, 2.5594122409820557, 3.1707375049591064, 11.71429443359375
4862367, 8, 2.7738637924194336, 3.4299159049987793, 12.690866470336914
4862367, 8, 2.987467050552368, 3.7025341987609863, 13.666882514953613
4862367, 8, 3.2009472846984863, 3.951892614364624, 14.643641471862793
4862367, 8, 3.4105584621429443, 4.243032932281494, 15.619609832763672
4862367, 8, 3.5095086097717285, 4.730299949645996, 16.610225677490234
4862367, 8, 3.611525535583496, 5.213850021362305, 17.60109519958496
4862367, 8, 3.7128167152404785, 5.698774337768555, 18.591745376586914
4862367, 8, 3.810927391052246, 6.18906307220459, 19.582345962524414
4862367, 8, 3.910360336303711, 6.680564880371094, 20.572967529296875
4862367, 8, 4.123882293701172, 6.94016170501709, 21.549020767211914
4862367, 8, 4.34088134765625, 7.20094108581543, 22.524917602539062
4862367, 8, 4.552567958831787, 7.457073211669922, 23.501949310302734
4862367, 8, 4.771111965179443, 7.720377445220947, 24.47771644592285
4862367, 8, 4.973588466644287, 7.950974464416504, 25.45708656311035
4862367, 8, 5.18019437789917, 8.203391075134277, 26.434797286987305
4862367, 8, 5.389665126800537, 8.471843719482422, 27.411460876464844
4862367, 8, 5.599514961242676, 8.727363586425781, 28.38819694519043
4862367, 8, 5.811450481414795, 8.986260414123535, 29.36473274230957
1144246, 9, 0.21631558239459991, 0.257843941450119, 0.9766930937767029
1144246, 9, 0.43471723794937134, 0.5156710147857666, 1.9535367488861084
1144246, 9, 0.6396811604499817, 0.7457146048545837, 2.933978796005249
1144246, 9, 0.8450113534927368, 0.97938472032547, 3.9142651557922363
1144246, 9, 1.060921311378479, 1.2376978397369385, 4.891678333282471
1144246, 9, 1.2824000120162964, 1.511979579925537, 5.867681503295898
1144246, 9, 1.5080013275146484, 1.8006329536437988, 6.842543125152588
1144246, 9, 1.7334330081939697, 2.0935938358306885, 7.817508697509766
1144246, 9, 1.954304575920105, 2.387282371520996, 8.793683052062988
1144246, 9, 2.175238847732544, 2.6964244842529297, 9.769871711730957
1144246, 9, 2.405916690826416, 3.0055160522460938, 10.744269371032715
1144246, 9, 2.527520179748535, 3.512049436569214, 11.732681274414062
1144246, 9, 2.6372594833374023, 4.020713806152344, 12.721787452697754
1144246, 9, 2.743673086166382, 4.522567272186279, 13.711323738098145
1144246, 9, 2.850355625152588, 5.021896839141846, 14.70119571685791
1144246, 9, 2.9564108848571777, 5.521549701690674, 15.69119644165039
1144246, 9, 3.0618183612823486, 6.024941921234131, 16.68121337890625
1144246, 9, 3.1672327518463135, 6.531336784362793, 17.67120933532715
1144246, 9, 3.2785489559173584, 7.035195827484131, 18.66118812561035
1144246, 9, 3.4168951511383057, 7.532506465911865, 19.649993896484375
1144246, 9, 3.5496933460235596, 8.02059268951416, 20.6392765045166
1144246, 9, 3.682182788848877, 8.50627326965332, 21.628461837768555
1144246, 9, 3.8075177669525146, 8.989781379699707, 22.617942810058594
1144246, 9, 3.9276535511016846, 9.472975730895996, 23.607288360595703
1144246, 9, 4.046164512634277, 9.962361335754395, 24.596445083618164
1144246, 9, 4.174377918243408, 10.452507019042969, 25.584989547729492
1144246, 9, 4.4050374031066895, 10.757516860961914, 26.55978775024414
1144246, 9, 4.62874698638916, 11.06960678100586, 27.53495216369629
1144246, 9, 4.849253177642822, 11.359475135803223, 28.51128578186035
1144246, 9, 5.072982311248779, 11.63631820678711, 29.487606048583984
4841237, 10, 0.2123056799173355, 0.2448824942111969, 0.9779902696609497
4841237, 10, 0.4403066337108612, 0.5177067518234253, 1.9527435302734375
4841237, 10, 0.6902943849563599, 0.8276487588882446, 2.9226388931274414
4841237, 10, 0.9391825199127197, 1.1332566738128662, 3.8929641246795654
4841237, 10, 1.1557440757751465, 1.3914813995361328, 4.870102405548096
4841237, 10, 1.3772104978561401, 1.668354868888855, 5.845907211303711
4841237, 10, 1.5922213792800903, 1.9294912815093994, 6.82324743270874
4841237, 10, 1.8006079196929932, 2.1820409297943115, 7.801697731018066
4841237, 10, 2.0103132724761963, 2.446233034133911, 8.779439926147461
4841237, 10, 2.2185964584350586, 2.711857557296753, 9.757454872131348
4841237, 10, 2.430001735687256, 2.9668960571289062, 10.735455513000488
4841237, 10, 2.6422107219696045, 3.220207691192627, 11.713876724243164
4841237, 10, 2.865633964538574, 3.4823763370513916, 12.690617561340332
4841237, 10, 3.0992345809936523, 3.7506911754608154, 13.665642738342285
4841237, 10, 3.3218367099761963, 4.000871181488037, 14.64306354522705
4841237, 10, 3.5381927490234375, 4.248325347900391, 15.621175765991211
4841237, 10, 3.6480894088745117, 4.716167449951172, 16.61133575439453
4841237, 10, 3.7528235912323, 5.193708419799805, 17.6019229888916
4841237, 10, 3.859215021133423, 5.675287246704102, 18.59247398376465
4841237, 10, 3.960523843765259, 6.159018039703369, 19.583147048950195
4841237, 10, 4.059246063232422, 6.647470951080322, 20.573768615722656
4841237, 10, 4.156455039978027, 7.1325812339782715, 21.56413459777832
4841237, 10, 4.3727312088012695, 7.3717193603515625, 22.542993545532227
4841237, 10, 4.5910468101501465, 7.602677822113037, 23.52182388305664
4841237, 10, 4.810783863067627, 7.8381853103637695, 24.500028610229492
4841237, 10, 5.023994445800781, 8.075608253479004, 25.47924041748047
4841237, 10, 5.249358654022217, 8.337830543518066, 26.455862045288086
4841237, 10, 5.460221767425537, 8.57727336883545, 27.43496322631836
4841237, 10, 5.665179252624512, 8.816827774047852, 28.41439437866211
4841237, 10, 5.868859767913818, 9.055475234985352, 29.39398956298828
4151265, 11, 0.1962498426437378, 0.22985109686851501, 0.9791309833526611
4151265, 11, 0.39483749866485596, 0.4670049548149109, 1.9580285549163818
4151265, 11, 0.58016037940979, 0.6973517537117004, 2.939117908477783
4151265, 11, 0.7654460668563843, 0.934914231300354, 3.9205002784729004
4151265, 11, 0.964281439781189, 1.1902482509613037, 4.89988899230957
4151265, 11, 1.1602779626846313, 1.4364523887634277, 5.879908084869385
4151265, 11, 1.3600993156433105, 1.6824036836624146, 6.859344005584717
4151265, 11, 1.5578361749649048, 1.9237513542175293, 7.83923864364624
4151265, 11, 1.7505916357040405, 2.1652777194976807, 8.819642066955566
4151265, 11, 1.945295810699463, 2.414255142211914, 9.799460411071777
4151265, 11, 2.1352086067199707, 2.660223960876465, 10.779495239257812
4151265, 11, 2.327179431915283, 2.8934431076049805, 11.759674072265625
4151265, 11, 2.531346559524536, 3.1215341091156006, 12.738667488098145
4151265, 11, 2.741288900375366, 3.3444814682006836, 13.717636108398438
4151265, 11, 2.950808525085449, 3.5671589374542236, 14.696955680847168
4151265, 11, 3.159806489944458, 3.794893503189087, 15.675935745239258
4151265, 11, 3.3469443321228027, 4.082489490509033, 16.65697479248047
4151265, 11, 3.4447484016418457, 4.565987586975098, 17.64752769470215
4151265, 11, 3.539646625518799, 5.047903537750244, 18.638456344604492
4151265, 11, 3.6365456581115723, 5.525262832641602, 19.62944793701172
4151265, 11, 3.7294504642486572, 6.002596855163574, 20.620492935180664
4151265, 11, 3.8291995525360107, 6.477231025695801, 21.611074447631836
4151265, 11, 4.033918380737305, 6.7128095626831055, 22.59010124206543
4151265, 11, 4.245950222015381, 6.950033664703369, 23.56825065612793
4151265, 11, 4.455905437469482, 7.186120510101318, 24.54703712463379
4151265, 11, 4.656100749969482, 7.412600994110107, 25.526958465576172
4151265, 11, 4.858031272888184, 7.647333145141602, 26.506086349487305
4151265, 11, 5.0649333000183105, 7.899148464202881, 27.483896255493164
4151265, 11, 5.2711181640625, 8.15302848815918, 28.461503982543945
4151265, 11, 5.472254753112793, 8.394621849060059, 29.440357208251953
4741590, 12, 0.24230724573135376, 0.31002387404441833, 0.9694229364395142
4741590, 12, 0.4752412438392639, 0.600314736366272, 1.9415483474731445
4741590, 12, 0.720280110836029, 0.8927865028381348, 2.9120914936065674
4741590, 12, 0.9555333256721497, 1.1998556852340698, 3.883229970932007
4741590, 12, 1.19795823097229, 1.4853925704956055, 4.854613304138184
4741590, 12, 1.4426014423370361, 1.7862002849578857, 5.825023651123047
4741590, 12, 1.6743927001953125, 2.0632505416870117, 6.798016548156738
4741590, 12, 1.926633596420288, 2.3839199542999268, 7.766343593597412
4741590, 12, 2.169919967651367, 2.6791274547576904, 8.736952781677246
4741590, 12, 2.439246892929077, 3.019089460372925, 9.701465606689453
4741590, 12, 2.7076830863952637, 3.371373414993286, 10.665623664855957
4741590, 12, 2.966308355331421, 3.707414388656616, 11.631464958190918
4741590, 12, 3.2211031913757324, 4.02001428604126, 12.599245071411133
4741590, 12, 3.485741376876831, 4.350827693939209, 13.564933776855469
4741590, 12, 3.7447774410247803, 4.680756092071533, 14.531574249267578
4741590, 12, 3.8637712001800537, 5.2027482986450195, 15.519373893737793
4741590, 12, 3.9710052013397217, 5.714991092681885, 16.50838279724121
4741590, 12, 4.096320629119873, 6.240225791931152, 17.496431350708008
4741590, 12, 4.19867467880249, 6.7524261474609375, 18.486160278320312
4741590, 12, 4.299894332885742, 7.258237838745117, 19.476106643676758
4741590, 12, 4.408272743225098, 7.767539024353027, 20.465307235717773
4741590, 12, 4.640902519226074, 8.074871063232422, 21.436670303344727
4741590, 12, 4.871644496917725, 8.373083114624023, 22.40875244140625
4741590, 12, 5.109158039093018, 8.671613693237305, 23.3803768157959
4741590, 12, 5.366194725036621, 8.986078262329102, 24.34815216064453
4741590, 12, 5.621609687805176, 9.28973388671875, 25.31682586669922
4741590, 12, 5.854045867919922, 9.570056915283203, 26.290428161621094
4741590, 12, 6.095515727996826, 9.857793807983398, 27.26255226135254
4741590, 12, 6.338021278381348, 10.147109985351562, 28.233930587768555
4741590, 12, 6.573252201080322, 10.449317932128906, 29.205625534057617
4669030, 13, 0.19961859285831451, 0.26070255041122437, 0.9779977798461914
4669030, 13, 0.39810991287231445, 0.5165092349052429, 1.9563682079315186
4669030, 13, 0.5920404195785522, 0.7625718116760254, 2.9359405040740967
4669030, 13, 0.7927411794662476, 1.019100546836853, 3.914505958557129
4669030, 13, 1.0043197870254517, 1.2944579124450684, 4.890808582305908
4669030, 13, 1.2119433879852295, 1.5653810501098633, 5.867782115936279
4669030, 13, 1.411354899406433, 1.8316291570663452, 6.846255779266357
4669030, 13, 1.6075822114944458, 2.0907363891601562, 7.825439929962158
4669030, 13, 1.8069525957107544, 2.3398749828338623, 8.804515838623047
4669030, 13, 2.0010595321655273, 2.5726616382598877, 9.784979820251465
4669030, 13, 2.2029480934143066, 2.81241512298584, 10.764214515686035
4669030, 13, 2.4022343158721924, 3.043060779571533, 11.744341850280762
4669030, 13, 2.601691484451294, 3.283351421356201, 12.724218368530273
4669030, 13, 2.797402858734131, 3.5138773918151855, 13.704970359802246
4669030, 13, 3.002546548843384, 3.7557735443115234, 14.683938980102539
4669030, 13, 3.116240978240967, 4.2276763916015625, 15.674050331115723
4669030, 13, 3.2191648483276367, 4.707402229309082, 16.664775848388672
4669030, 13, 3.315504550933838, 5.186182498931885, 17.65593910217285
4669030, 13, 3.415958881378174, 5.657252788543701, 18.647188186645508
4669030, 13, 3.5196034908294678, 6.130972862243652, 19.638118743896484
4669030, 13, 3.633258581161499, 6.609809875488281, 20.628421783447266
4669030, 13, 3.738107204437256, 7.083761692047119, 21.61884117126465
4669030, 13, 3.93904972076416, 7.329366207122803, 22.598398208618164
4669030, 13, 4.148345947265625, 7.584939956665039, 23.576086044311523
4669030, 13, 4.362818717956543, 7.839501857757568, 24.55316925048828
4669030, 13, 4.5657429695129395, 8.074820518493652, 25.53266716003418
4669030, 13, 4.768314838409424, 8.306135177612305, 26.51218605041504
4669030, 13, 4.976955413818359, 8.552925109863281, 27.490386962890625
4669030, 13, 5.185937404632568, 8.808106422424316, 28.468358993530273
4669030, 13, 5.389554500579834, 9.058249473571777, 29.447330474853516
4876648, 14, 0.20327633619308472, 0.24428285658359528, 0.9782306551933289
4876648, 14, 0.4071866273880005, 0.4921038746833801, 1.9560303688049316
4876648, 14, 0.6127742528915405, 0.7567085027694702, 2.933140277862549
4876648, 14, 0.8175760507583618, 1.0200085639953613, 3.909947395324707
4876648, 14, 1.019585132598877, 1.2683247327804565, 4.887435436248779
4876648, 14, 1.2329115867614746, 1.536189317703247, 5.8628106117248535
4876648, 14, 1.4370965957641602, 1.7848674058914185, 6.84026575088501
4876648, 14, 1.650107979774475, 2.0410966873168945, 7.816503524780273
4876648, 14, 1.8654234409332275, 2.2936553955078125, 8.792902946472168
4876648, 14, 2.0825533866882324, 2.5408666133880615, 9.769682884216309
4876648, 14, 2.299548625946045, 2.781041383743286, 10.746891975402832
4876648, 14, 2.5123963356018066, 3.021833896636963, 11.724991798400879
4876648, 14, 2.717550039291382, 3.2484593391418457, 12.704944610595703
4876648, 14, 2.9235942363739014, 3.488409996032715, 13.6842041015625
4876648, 14, 3.0773472785949707, 3.857196569442749, 14.67007827758789
4876648, 14, 3.1826348304748535, 4.347031593322754, 15.660432815551758
4876648, 14, 3.2825024127960205, 4.849363803863525, 16.65088653564453
4876648, 14, 3.383410930633545, 5.3443217277526855, 17.64155387878418
4876648, 14, 3.4847493171691895, 5.825098514556885, 18.632396697998047
4876648, 14, 3.5839672088623047, 6.305160999298096, 19.623308181762695
4876648, 14, 3.6856305599212646, 6.794760227203369, 20.6132755279541
4876648, 14, 3.8981852531433105, 7.06503963470459, 21.590347290039062
4876648, 14, 4.1111369132995605, 7.319222450256348, 22.567441940307617
4876648, 14, 4.318367004394531, 7.561008930206299, 23.545818328857422
4876648, 14, 4.541593551635742, 7.823970317840576, 24.520614624023438
4876648, 14, 4.75220251083374, 8.065403938293457, 25.498401641845703
4876648, 14, 4.960299491882324, 8.319385528564453, 26.475725173950195
4876648, 14, 5.16378116607666, 8.565646171569824, 27.45423126220703
4876648, 14, 5.373226165771484, 8.819631576538086, 28.43162727355957
4876648, 14, 5.571592330932617, 9.071343421936035, 29.410911560058594
4762480, 15, 0.21491889655590057, 0.2856423854827881, 0.9753538370132446
4762480, 15, 0.4289553165435791, 0.550745964050293, 1.9516215324401855
4762480, 15, 0.649806022644043, 0.8215733766555786, 2.9268784523010254
4762480, 15, 0.8712926506996155, 1.0905882120132446, 3.9021544456481934
4762480, 15, 1.0939911603927612, 1.3643611669540405, 4.87697696685791
4762480, 15, 1.3071706295013428, 1.6317896842956543, 5.8538665771484375
4762480, 15, 1.5324512720108032, 1.9133508205413818, 6.828431606292725
4762480, 15, 1.752158284187317, 2.187274217605591, 7.804468154907227
4762480, 15, 1.976007342338562, 2.4819436073303223, 8.778606414794922
4762480, 15, 2.1940977573394775, 2.7539637088775635, 9.754406929016113
4762480, 15, 2.4155032634735107, 3.028130531311035, 10.729771614074707
4762480, 15, 2.635324478149414, 3.302917003631592, 11.705618858337402
4762480, 15, 2.8635261058807373, 3.586570978164673, 12.680031776428223
4762480, 15, 3.088148593902588, 3.8743953704833984, 13.655058860778809
4762480, 15, 3.3155431747436523, 4.162779808044434, 14.629467964172363
4762480, 15, 3.5407605171203613, 4.445608615875244, 15.604209899902344
4762480, 15, 3.7749576568603516, 4.763696193695068, 16.57512092590332
4762480, 15, 3.995630979537964, 5.08115291595459, 17.5482177734375
4762480, 15, 4.099449157714844, 5.578070640563965, 18.538244247436523
4762480, 15, 4.206325531005859, 6.0709099769592285, 19.52863121032715
4762480, 15, 4.310631275177002, 6.560027122497559, 20.51930046081543
4762480, 15, 4.413836479187012, 7.046504497528076, 21.509721755981445
4762480, 15, 4.638637065887451, 7.35506534576416, 22.482694625854492
4762480, 15, 4.863074779510498, 7.642796993255615, 23.456335067749023
4762480, 15, 5.094796180725098, 7.982664108276367, 24.427234649658203
4762480, 15, 5.320232391357422, 8.274787902832031, 25.401750564575195
4762480, 15, 5.553651332855225, 8.58427619934082, 26.37419891357422
4762480, 15, 5.782618999481201, 8.89247989654541, 27.34664535522461
4762480, 15, 6.007627964019775, 9.174956321716309, 28.320920944213867
4762480, 15, 6.2347025871276855, 9.453022956848145, 29.29547691345215
5050023, 16, 0.21761803328990936, 0.30541515350341797, 0.9752554297447205
5050023, 16, 0.4259908199310303, 0.612015962600708, 1.9516332149505615
5050023, 16, 0.6360605359077454, 0.9026201963424683, 2.928168773651123
5050023, 16, 0.8495614528656006, 1.1848281621932983, 3.9045426845550537
5050023, 16, 0.9857280254364014, 1.5977237224578857, 4.891422271728516
5050023, 16, 1.200374722480774, 1.8792304992675781, 5.867332458496094
5050023, 16, 1.4186009168624878, 2.159006118774414, 6.843035697937012
5050023, 16, 1.6423077583312988, 2.434556722640991, 7.817639350891113
5050023, 16, 1.8601577281951904, 2.6959588527679443, 8.79349136352539
5050023, 16, 2.091416358947754, 2.9821786880493164, 9.76615047454834
5050023, 16, 2.3011832237243652, 3.2928383350372314, 10.741849899291992
5050023, 16, 2.5267105102539062, 3.574277400970459, 11.715044975280762
5050023, 16, 2.7539618015289307, 3.8583261966705322, 12.688085556030273
5050023, 16, 2.9758944511413574, 4.15024995803833, 13.662070274353027
5050023, 16, 3.196934461593628, 4.444764614105225, 14.63611888885498
5050023, 16, 3.420609474182129, 4.729611873626709, 15.610340118408203
5050023, 16, 3.6439592838287354, 5.051232814788818, 16.583194732666016
5050023, 16, 3.778301954269409, 5.478219985961914, 17.57014274597168
5050023, 16, 3.878140926361084, 5.9624128341674805, 18.560232162475586
5050023, 16, 4.0930304527282715, 6.2689127922058105, 19.535654067993164
5050023, 16, 4.315084457397461, 6.564111232757568, 20.510528564453125
5050023, 16, 4.45496129989624, 7.036211013793945, 21.496623992919922
5050023, 16, 4.684438228607178, 7.3220038414001465, 22.470592498779297
5050023, 16, 4.909905910491943, 7.6066083908081055, 23.444543838500977
5050023, 16, 5.143895626068115, 7.882443428039551, 24.417367935180664
5050023, 16, 5.378149032592773, 8.169846534729004, 25.389707565307617
5050023, 16, 5.611776351928711, 8.474522590637207, 26.36263656616211
5050023, 16, 5.836354732513428, 8.772906303405762, 27.336957931518555
5050023, 16, 6.061976432800293, 9.063687324523926, 28.310657501220703
5050023, 16, 6.274030685424805, 9.333481788635254, 29.287044525146484
4794215, 17, 0.198265939950943, 0.31833022832870483, 0.9772018790245056
4794215, 17, 0.4147879481315613, 0.5964285731315613, 1.951399564743042
4794215, 17, 0.640146017074585, 0.8743891716003418, 2.924394130706787
4794215, 17, 0.867682695388794, 1.152806043624878, 3.8973276615142822
4794215, 17, 1.102248191833496, 1.4464625120162964, 4.8686089515686035
4794215, 17, 1.3286216259002686, 1.733107328414917, 5.84136438369751
4794215, 17, 1.5638445615768433, 2.0292677879333496, 6.812769889831543
4794215, 17, 1.7922239303588867, 2.3231618404388428, 7.785468101501465
4794215, 17, 2.0250720977783203, 2.625281572341919, 8.7567138671875
4794215, 17, 2.2510430812835693, 2.905733823776245, 9.729415893554688
4794215, 17, 2.472388982772827, 3.185957193374634, 10.703267097473145
4794215, 17, 2.6935393810272217, 3.465519905090332, 11.677543640136719
4794215, 17, 2.9141921997070312, 3.751626491546631, 12.651676177978516
4794215, 17, 3.1382503509521484, 4.048338890075684, 13.62469482421875
4794215, 17, 3.2448127269744873, 4.524095058441162, 14.614197731018066
4794215, 17, 3.342524290084839, 5.012203216552734, 15.604656219482422
4794215, 17, 3.4467785358428955, 5.500319957733154, 16.59507942199707
4794215, 17, 3.5536129474639893, 5.97335147857666, 17.585580825805664
4794215, 17, 3.6564977169036865, 6.444762706756592, 18.57632064819336
4794215, 17, 3.7586772441864014, 6.925313472747803, 19.566978454589844
4794215, 17, 3.861759901046753, 7.404644966125488, 20.55776023864746
4794215, 17, 3.9626803398132324, 7.894777774810791, 21.548107147216797
4794215, 17, 4.098079681396484, 8.322997093200684, 22.535362243652344
4794215, 17, 4.3075385093688965, 8.605501174926758, 23.51174545288086
4794215, 17, 4.5219197273254395, 8.88893985748291, 24.487213134765625
4794215, 17, 4.747220993041992, 9.170286178588867, 25.460893630981445
4794215, 17, 4.975340366363525, 9.450040817260742, 26.434171676635742
4794215, 17, 5.195114612579346, 9.71993350982666, 27.408824920654297
4794215, 17, 5.419910907745361, 9.989526748657227, 28.38275718688965
4794215, 17, 5.6347856521606445, 10.245759963989258, 29.358896255493164
5194805_2, 18, 0.2409374862909317, 0.30491718649864197, 0.971200168132782
5194805_2, 18, 0.48570579290390015, 0.6174356937408447, 1.941178560256958
5194805_2, 18, 0.7248538732528687, 0.9316138625144958, 2.9122164249420166
5194805_2, 18, 0.9536126255989075, 1.2333089113235474, 3.8858041763305664
5194805_2, 18, 1.1912827491760254, 1.546669840812683, 4.856994152069092
5194805_2, 18, 1.4280550479888916, 1.8654229640960693, 5.8280439376831055
5194805_2, 18, 1.6646212339401245, 2.1842620372772217, 6.799650192260742
5194805_2, 18, 1.897552251815796, 2.4979398250579834, 7.771981716156006
5194805_2, 18, 2.1148595809936523, 2.7826852798461914, 8.747566223144531
5194805_2, 18, 2.3345541954040527, 3.0628979206085205, 9.722994804382324
5194805_2, 18, 2.565399408340454, 3.3584976196289062, 10.695716857910156
5194805_2, 18, 2.7949893474578857, 3.668222427368164, 11.667816162109375
5194805_2, 18, 3.005826950073242, 3.951235294342041, 12.643878936767578
5194805_2, 18, 3.1230201721191406, 4.428654670715332, 13.633027076721191
5194805_2, 18, 3.231313943862915, 4.92097806930542, 14.62299919128418
5194805_2, 18, 3.3386411666870117, 5.420358180999756, 15.61325454711914
5194805_2, 18, 3.4427428245544434, 5.9254021644592285, 16.603376388549805
5194805_2, 18, 3.553874969482422, 6.418797016143799, 17.593870162963867
5194805_2, 18, 3.6656975746154785, 6.92126989364624, 18.584081649780273
5194805_2, 18, 3.7794225215911865, 7.4239630699157715, 19.574073791503906
5194805_2, 18, 3.883737325668335, 7.922605037689209, 20.564403533935547
5194805_2, 18, 3.99221134185791, 8.41421890258789, 21.554576873779297
5194805_2, 18, 4.224516868591309, 8.695003509521484, 22.52833366394043
5194805_2, 18, 4.449093341827393, 8.96352767944336, 23.50425148010254
5194805_2, 18, 4.673327445983887, 9.24194049835205, 24.479368209838867
5194805_2, 18, 4.909946441650391, 9.549373626708984, 25.450590133666992
5194805_2, 18, 5.1253814697265625, 9.82170581817627, 26.426769256591797
5194805_2, 18, 5.351634979248047, 10.11668872833252, 27.4008731842041
5194805_2, 18, 5.593677043914795, 10.4550199508667, 28.370731353759766
5194805_2, 18, 5.823176383972168, 10.75767707824707, 29.344715118408203
4820624, 19, 0.21964415907859802, 0.28114914894104004, 0.97435462474823
4820624, 19, 0.4396665096282959, 0.5500999689102173, 1.9493420124053955
4820624, 19, 0.6642313003540039, 0.8098475933074951, 2.9240455627441406
4820624, 19, 0.8949570655822754, 1.0810232162475586, 3.8976080417633057
4820624, 19, 1.1222326755523682, 1.3521506786346436, 4.871716499328613
4820624, 19, 1.3496285676956177, 1.625490427017212, 5.845831871032715
4820624, 19, 1.5635995864868164, 1.884574055671692, 6.822845458984375
4820624, 19, 1.779577374458313, 2.1517176628112793, 7.799185752868652
4820624, 19, 1.9891983270645142, 2.4250121116638184, 8.775660514831543
4820624, 19, 2.197685480117798, 2.6886749267578125, 9.752816200256348
4820624, 19, 2.412024736404419, 2.9464235305786133, 10.729340553283691
4820624, 19, 2.6303305625915527, 3.192821502685547, 11.705978393554688
4820624, 19, 2.844433069229126, 3.438075542449951, 12.683152198791504
4820624, 19, 3.0629372596740723, 3.690675735473633, 13.659249305725098
4820624, 19, 3.2817091941833496, 3.9502639770507812, 14.634695053100586
4820624, 19, 3.422468423843384, 4.362831115722656, 15.621866226196289
4820624, 19, 3.5193614959716797, 4.845427989959717, 16.612661361694336
4820624, 19, 3.6184041500091553, 5.327396392822266, 17.60365867614746
4820624, 19, 3.7162363529205322, 5.80126428604126, 18.594751358032227
4820624, 19, 3.815728187561035, 6.275341510772705, 19.58578872680664
4820624, 19, 4.048884868621826, 6.545118808746338, 20.558609008789062
4820624, 19, 4.2684454917907715, 6.81525182723999, 21.534021377563477
4820624, 19, 4.490262031555176, 7.087907314300537, 22.509136199951172
4820624, 19, 4.704102039337158, 7.33496618270874, 23.486204147338867
4820624, 19, 4.914366722106934, 7.577872276306152, 24.463912963867188
4820624, 19, 5.129157066345215, 7.82421875, 25.44087028503418
4820624, 19, 5.3464202880859375, 8.079414367675781, 26.417192459106445
4820624, 19, 5.559060096740723, 8.324939727783203, 27.395055770874023
4820624, 19, 5.7638068199157715, 8.575728416442871, 28.373435974121094
4820624, 19, 5.970521926879883, 8.835357666015625, 29.350921630859375
4733553, 20, 0.24924974143505096, 0.3111097812652588, 0.9692851305007935
4733553, 20, 0.4926592707633972, 0.6125795841217041, 1.9397917985916138
4733553, 20, 0.7342156171798706, 0.92552250623703, 2.9099228382110596
4733553, 20, 0.9661597609519958, 1.2420761585235596, 3.881551504135132
4733553, 20, 1.200441837310791, 1.5713133811950684, 4.852804660797119
4733553, 20, 1.4294096231460571, 1.890477180480957, 5.82477331161499
4733553, 20, 1.656428575515747, 2.2120940685272217, 6.796646595001221
4733553, 20, 1.886878252029419, 2.516983985900879, 7.768260478973389
4733553, 20, 2.1138916015625, 2.823728084564209, 8.74031925201416
4733553, 20, 2.345789909362793, 3.131608486175537, 9.711681365966797
4733553, 20, 2.581608772277832, 3.440889358520508, 10.682557106018066
4733553, 20, 2.809330940246582, 3.744994878768921, 11.655292510986328
4733553, 20, 3.04675555229187, 4.062723636627197, 12.625988960266113
4733553, 20, 3.186689615249634, 4.521799564361572, 13.612129211425781
4733553, 20, 3.4183261394500732, 4.850792407989502, 14.583621978759766
4733553, 20, 3.5216243267059326, 5.361309051513672, 15.57358169555664
4733553, 20, 3.63057804107666, 5.862878799438477, 16.563907623291016
4733553, 20, 3.7414984703063965, 6.35734748840332, 17.554208755493164
4733553, 20, 3.8465166091918945, 6.85184907913208, 18.544801712036133
4733553, 20, 3.9518120288848877, 7.354063987731934, 19.534711837768555
4733553, 20, 4.183948040008545, 7.640633583068848, 20.507911682128906
4733553, 20, 4.409955024719238, 7.9397759437561035, 21.481351852416992
4733553, 20, 4.636209487915039, 8.242361068725586, 22.454721450805664
4733553, 20, 4.864412307739258, 8.534147262573242, 23.427642822265625
4733553, 20, 5.090198516845703, 8.850225448608398, 24.399333953857422
4733553, 20, 5.308138847351074, 9.171356201171875, 25.372312545776367
4733553, 20, 5.518907070159912, 9.479934692382812, 26.346866607666016
4733553, 20, 5.733039855957031, 9.806511878967285, 27.32062530517578
4733553, 20, 5.950838088989258, 10.117010116577148, 28.29437255859375
4733553, 20, 6.16715145111084, 10.415565490722656, 29.269275665283203
5036311, 21, 0.192937433719635, 0.29854103922843933, 0.9792023301124573
5036311, 21, 0.38620397448539734, 0.5712517499923706, 1.9596844911575317
5036311, 21, 0.5849214792251587, 0.8583613634109497, 2.9391303062438965
5036311, 21, 0.793653666973114, 1.133528232574463, 3.916746139526367
5036311, 21, 1.0035252571105957, 1.3904370069503784, 4.894798278808594
5036311, 21, 1.204432487487793, 1.6288889646530151, 5.874837875366211
5036311, 21, 1.4051283597946167, 1.8622632026672363, 6.855105876922607
5036311, 21, 1.6058845520019531, 2.0917673110961914, 7.835475921630859
5036311, 21, 1.8037710189819336, 2.3104028701782227, 8.816753387451172
5036311, 21, 2.0036635398864746, 2.5254621505737305, 9.798232078552246
5036311, 21, 2.2060418128967285, 2.742701530456543, 10.779966354370117
5036311, 21, 2.4136712551116943, 2.9748029708862305, 11.760016441345215
5036311, 21, 2.628251791000366, 3.220263719558716, 12.738261222839355
5036311, 21, 2.8325624465942383, 3.457136869430542, 13.718563079833984
5036311, 21, 3.0483407974243164, 3.7014100551605225, 14.696974754333496
5036311, 21, 3.2637622356414795, 3.9430298805236816, 15.676207542419434
5036311, 21, 3.479724168777466, 4.215480804443359, 16.654125213623047
5036311, 21, 3.6000466346740723, 4.711221694946289, 17.643831253051758
5036311, 21, 3.7132389545440674, 5.21159553527832, 18.633684158325195
5036311, 21, 3.8373281955718994, 5.709693431854248, 19.623037338256836
5036311, 21, 3.9561917781829834, 6.191372871398926, 20.612964630126953
5036311, 21, 4.162575721740723, 6.475887298583984, 21.593250274658203
5036311, 21, 4.3801751136779785, 6.727839946746826, 22.571460723876953
5036311, 21, 4.592372417449951, 6.9752197265625, 23.54996681213379
5036311, 21, 4.799543380737305, 7.212557315826416, 24.52939796447754
5036311, 21, 5.005482196807861, 7.442989349365234, 25.509634017944336
5036311, 21, 5.213582992553711, 7.679203033447266, 26.489397048950195
5036311, 21, 5.4203362464904785, 7.914888381958008, 27.46918487548828
5036311, 21, 5.634975910186768, 8.171459197998047, 28.44669532775879
5036311, 21, 5.84856653213501, 8.432485580444336, 29.42403793334961
4739356, 22, 0.20944629609584808, 0.2576039135456085, 0.9767471551895142
4739356, 22, 0.41173404455184937, 0.516377329826355, 1.9543178081512451
4739356, 22, 0.6216390132904053, 0.797257125377655, 2.930349349975586
4739356, 22, 0.8233191967010498, 1.064595103263855, 3.9080312252044678
4739356, 22, 1.023515224456787, 1.3175595998764038, 4.886168479919434
4739356, 22, 1.22080659866333, 1.5593072175979614, 5.865011692047119
4739356, 22, 1.4183629751205444, 1.7985931634902954, 6.844152450561523
4739356, 22, 1.613991379737854, 2.0285189151763916, 7.8239593505859375
4739356, 22, 1.8159778118133545, 2.2660560607910156, 8.802690505981445
4739356, 22, 2.0232925415039062, 2.512324810028076, 9.780330657958984
4739356, 22, 2.22200345993042, 2.7348549365997314, 10.760407447814941
4739356, 22, 2.429023265838623, 2.968214273452759, 11.739084243774414
4739356, 22, 2.6409974098205566, 3.208101749420166, 12.716757774353027
4739356, 22, 2.8510022163391113, 3.452836036682129, 13.69500732421875
4739356, 22, 3.064661979675293, 3.7024083137512207, 14.672553062438965
4739356, 22, 3.275536298751831, 3.945042848587036, 15.650684356689453
4739356, 22, 3.3810839653015137, 4.416219711303711, 16.640905380249023
4739356, 22, 3.482776641845703, 4.899146556854248, 17.631839752197266
4739356, 22, 3.5798704624176025, 5.3739519119262695, 18.622926712036133
4739356, 22, 3.6790709495544434, 5.859134197235107, 19.613737106323242
4739356, 22, 3.78200364112854, 6.345761299133301, 20.60454559326172
4739356, 22, 3.8819737434387207, 6.824838638305664, 21.595243453979492
4739356, 22, 4.088889122009277, 7.084165573120117, 22.572452545166016
4739356, 22, 4.303099632263184, 7.333466053009033, 23.549535751342773
4739356, 22, 4.505372047424316, 7.559503078460693, 24.52922248840332
4739356, 22, 4.721579074859619, 7.810391902923584, 25.505949020385742
4739356, 22, 4.928720951080322, 8.05013370513916, 26.484224319458008
4739356, 22, 5.139488697052002, 8.299123764038086, 27.461257934570312
4739356, 22, 5.355847358703613, 8.55537223815918, 28.43740463256836
4739356, 22, 5.568148612976074, 8.811117172241211, 29.414445877075195
5125441, 23, 0.21033576130867004, 0.2664916217327118, 0.9759390950202942
5125441, 23, 0.4163985252380371, 0.512534499168396, 1.9536187648773193
5125441, 23, 0.6157732009887695, 0.7588928937911987, 2.932410478591919
5125441, 23, 0.8140417337417603, 1.0162925720214844, 3.9107110500335693
5125441, 23, 1.0189530849456787, 1.2872178554534912, 4.8873724937438965
5125441, 23, 1.2228114604949951, 1.5585132837295532, 5.863958835601807
5125441, 23, 1.433897852897644, 1.8209280967712402, 6.839974403381348
5125441, 23, 1.647860050201416, 2.089200019836426, 7.815600395202637
5125441, 23, 1.8678243160247803, 2.3682010173797607, 8.790000915527344
5125441, 23, 2.0868537425994873, 2.6392018795013428, 9.7651948928833
5125441, 23, 2.2949423789978027, 2.887322187423706, 10.743385314941406
5125441, 23, 2.5002849102020264, 3.1292285919189453, 11.722583770751953
5125441, 23, 2.716987133026123, 3.3781731128692627, 12.699798583984375
5125441, 23, 2.924870491027832, 3.6073081493377686, 13.678742408752441
5125441, 23, 3.1387767791748047, 3.850759267807007, 14.656119346618652
5125441, 23, 3.2479324340820312, 4.306097984313965, 15.646031379699707
5125441, 23, 3.348395824432373, 4.794935703277588, 16.63630485534668
5125441, 23, 3.4447076320648193, 5.2773942947387695, 17.62708282470703
5125441, 23, 3.540025472640991, 5.7505669593811035, 18.618154525756836
5125441, 23, 3.6332712173461914, 6.217068195343018, 19.609195709228516
5125441, 23, 3.839947462081909, 6.452096939086914, 20.587196350097656
5125441, 23, 4.049901485443115, 6.683773040771484, 21.565385818481445
5125441, 23, 4.25424861907959, 6.90484619140625, 22.545236587524414
5125441, 23, 4.4621477127075195, 7.148972034454346, 23.523550033569336
5125441, 23, 4.667824745178223, 7.4071855545043945, 24.501426696777344
5125441, 23, 4.870024681091309, 7.663068771362305, 25.47933006286621
5125441, 23, 5.078563213348389, 7.927371978759766, 26.455768585205078
5125441, 23, 5.286412715911865, 8.184239387512207, 27.43294906616211
5125441, 23, 5.493001937866211, 8.437042236328125, 28.410982131958008
5125441, 23, 5.706905841827393, 8.68722915649414, 29.38834571838379
4713006, 24, 0.24031884968280792, 0.304127037525177, 0.9717984795570374
4713006, 24, 0.4820767641067505, 0.6034416556358337, 1.9440618753433228
4713006, 24, 0.735409140586853, 0.9273949861526489, 2.913388729095459
4713006, 24, 0.9922944903373718, 1.2659538984298706, 3.881490707397461
4713006, 24, 1.2416962385177612, 1.5864570140838623, 4.851892948150635
4713006, 24, 1.4907774925231934, 1.8951318264007568, 5.822997093200684
4713006, 24, 1.7248947620391846, 2.185105562210083, 6.797022342681885
4713006, 24, 1.9728554487228394, 2.520188331604004, 7.766912460327148
4713006, 24, 2.229633331298828, 2.8573966026306152, 8.735085487365723
4713006, 24, 2.48542857170105, 3.173513889312744, 9.70438289642334
4713006, 24, 2.7270734310150146, 3.4708738327026367, 10.676629066467285
4713006, 24, 2.966888189315796, 3.7786262035369873, 11.648484230041504
4713006, 24, 3.2164130210876465, 4.110549449920654, 12.618083953857422
4713006, 24, 3.47292423248291, 4.444108486175537, 13.586211204528809
4713006, 24, 3.7310519218444824, 4.769585609436035, 14.554937362670898
4713006, 24, 3.971062660217285, 5.051029205322266, 15.52882194519043
4713006, 24, 4.210905075073242, 5.358231544494629, 16.500896453857422
4713006, 24, 4.313916206359863, 5.875525951385498, 17.490251541137695
4713006, 24, 4.418750762939453, 6.392341136932373, 18.48012351989746
4713006, 24, 4.528106689453125, 6.900606155395508, 19.470046997070312
4713006, 24, 4.62721586227417, 7.405489921569824, 20.46051025390625
4713006, 24, 4.75385856628418, 7.876584529876709, 21.449525833129883
4713006, 24, 4.995244026184082, 8.164692878723145, 22.4226016998291
4713006, 24, 5.249337196350098, 8.46967887878418, 23.3928279876709
4713006, 24, 5.518806457519531, 8.80677318572998, 24.358680725097656
4713006, 24, 5.751571178436279, 9.065011978149414, 25.334646224975586
4713006, 24, 5.982547283172607, 9.335119247436523, 26.310131072998047
4713006, 24, 6.21729040145874, 9.621338844299316, 27.283798217773438
4713006, 24, 6.443077087402344, 9.899704933166504, 28.258832931518555
4713006, 24, 6.661921501159668, 10.18015193939209, 29.234434127807617
4699088, 25, 0.19278094172477722, 0.24009986221790314, 0.9790341854095459
4699088, 25, 0.39955490827560425, 0.5023836493492126, 1.9556996822357178
4699088, 25, 0.6121988296508789, 0.7681868076324463, 2.9314727783203125
4699088, 25, 0.8156681060791016, 1.0227981805801392, 3.908874273300171
4699088, 25, 1.0170245170593262, 1.2776191234588623, 4.887408256530762
4699088, 25, 1.2164649963378906, 1.525911569595337, 5.866768836975098
4699088, 25, 1.4144428968429565, 1.768298864364624, 6.846342086791992
4699088, 25, 1.6176422834396362, 2.0124495029449463, 7.824906349182129
4699088, 25, 1.8197425603866577, 2.2440569400787354, 8.804205894470215
4699088, 25, 2.0243515968322754, 2.465562343597412, 9.78411865234375
4699088, 25, 2.2374558448791504, 2.6958022117614746, 10.762869834899902
4699088, 25, 2.4756102561950684, 2.976827621459961, 11.735873222351074
4699088, 25, 2.7045559883117676, 3.2313661575317383, 12.712093353271484
4699088, 25, 2.9205822944641113, 3.4601969718933105, 13.691337585449219
4699088, 25, 3.1458003520965576, 3.702789783477783, 14.668441772460938
4699088, 25, 3.2547473907470703, 4.188565731048584, 15.658672332763672
4699088, 25, 3.349027395248413, 4.686904430389404, 16.649293899536133
4699088, 25, 3.4458322525024414, 5.1787309646606445, 17.63997459411621
4699088, 25, 3.5443642139434814, 5.658242702484131, 18.630887985229492
4699088, 25, 3.649853467941284, 6.131755352020264, 19.62164878845215
4699088, 25, 3.870811700820923, 6.38372278213501, 20.598554611206055
4699088, 25, 4.109709739685059, 6.668872833251953, 21.571369171142578
4699088, 25, 4.347589015960693, 6.936319351196289, 22.54544448852539
4699088, 25, 4.571917533874512, 7.190120220184326, 23.522140502929688
4699088, 25, 4.799526214599609, 7.472362518310547, 24.497453689575195
4699088, 25, 5.02207088470459, 7.756348609924316, 25.473011016845703
4699088, 25, 5.246279239654541, 8.053959846496582, 26.446807861328125
4699088, 25, 5.457817077636719, 8.32575511932373, 27.423227310180664
4699088, 25, 5.6836676597595215, 8.633009910583496, 28.396343231201172
4699088, 25, 5.899622917175293, 8.917824745178223, 29.372114181518555
4772763, 26, 0.2005937099456787, 0.2571142911911011, 0.9784871935844421
4772763, 26, 0.40477243065834045, 0.5124241709709167, 1.9567842483520508
4772763, 26, 0.6193727254867554, 0.7776284217834473, 2.9335482120513916
4772763, 26, 0.8303450345993042, 1.029354453086853, 3.9117352962493896
4772763, 26, 1.0457870960235596, 1.2825725078582764, 4.889171600341797
4772763, 26, 1.2528566122055054, 1.5291157960891724, 5.867797374725342
4772763, 26, 1.4537556171417236, 1.7965916395187378, 6.846481800079346
4772763, 26, 1.6482268571853638, 2.06642746925354, 7.826456069946289
4772763, 26, 1.8382554054260254, 2.344348192214966, 8.806543350219727
4772763, 26, 2.042158365249634, 2.605118751525879, 9.784523963928223
4772763, 26, 2.2520029544830322, 2.853093147277832, 10.762724876403809
4772763, 26, 2.4590015411376953, 3.08929705619812, 11.741847038269043
4772763, 26, 2.6705474853515625, 3.3371028900146484, 12.719955444335938
4772763, 26, 2.8800365924835205, 3.576517105102539, 13.698572158813477
4772763, 26, 3.0888631343841553, 3.814301013946533, 14.677422523498535
4772763, 26, 3.307666778564453, 4.082219123840332, 15.653141975402832
4772763, 26, 3.4164178371429443, 4.556673049926758, 16.643497467041016
4772763, 26, 3.519059181213379, 5.036930084228516, 17.634206771850586
4772763, 26, 3.616955280303955, 5.518007755279541, 18.625003814697266
4772763, 26, 3.72090744972229, 6.000395774841309, 19.61566734313965
4772763, 26, 3.8189942836761475, 6.482855796813965, 20.606401443481445
4772763, 26, 3.9905099868774414, 6.857151508331299, 21.5892333984375
4772763, 26, 4.197997093200684, 7.100714206695557, 22.56794548034668
4772763, 26, 4.412762641906738, 7.346412181854248, 23.54599952697754
4772763, 26, 4.630841255187988, 7.6020402908325195, 24.523353576660156
4772763, 26, 4.838420391082764, 7.862237930297852, 25.501903533935547
4772763, 26, 5.039798259735107, 8.13744068145752, 26.480375289916992
4772763, 26, 5.244055271148682, 8.41547679901123, 27.457538604736328
4772763, 26, 5.442895412445068, 8.678991317749023, 28.436317443847656
4772763, 26, 5.649481296539307, 8.960488319396973, 29.413803100585938
4850951, 27, 0.24816948175430298, 0.3165646493434906, 0.9695117473602295
4850951, 27, 0.49789959192276, 0.6325775980949402, 1.9386014938354492
4850951, 27, 0.7489583492279053, 0.9445809721946716, 2.9071521759033203
4850951, 27, 0.9958196878433228, 1.2498599290847778, 3.876307725906372
4850951, 27, 1.23458993434906, 1.5433440208435059, 4.8473944664001465
4850951, 27, 1.4741312265396118, 1.8346678018569946, 5.819165229797363
4850951, 27, 1.708711862564087, 2.1239044666290283, 6.792239665985107
4850951, 27, 1.93771231174469, 2.4186267852783203, 7.766085147857666
4850951, 27, 2.1422617435455322, 2.690094470977783, 8.744287490844727
4850951, 27, 2.342318534851074, 2.956796646118164, 9.723394393920898
4850951, 27, 2.54045033454895, 3.214571237564087, 10.702906608581543
4850951, 27, 2.756288766860962, 3.468745470046997, 11.679971694946289
4850951, 27, 2.9667298793792725, 3.699043035507202, 12.658676147460938
4850951, 27, 3.181666374206543, 3.9277243614196777, 13.637247085571289
4850951, 27, 3.402740478515625, 4.172854900360107, 14.614365577697754
4850951, 27, 3.622483015060425, 4.4232964515686035, 15.591265678405762
4850951, 27, 3.746151924133301, 4.875346660614014, 16.579992294311523
4850951, 27, 3.8471407890319824, 5.374905586242676, 17.569910049438477
4850951, 27, 3.951202630996704, 5.860546588897705, 18.56019401550293
4850951, 27, 4.051769733428955, 6.340239524841309, 19.550649642944336
4850951, 27, 4.152968883514404, 6.81566047668457, 20.54097557067871
4850951, 27, 4.268104553222656, 7.267695426940918, 21.530702590942383
4850951, 27, 4.4296650886535645, 7.641335487365723, 22.514848709106445
4850951, 27, 4.640898704528809, 7.891833305358887, 23.491397857666016
4850951, 27, 4.850142478942871, 8.141819953918457, 24.469131469726562
4850951, 27, 5.0646820068359375, 8.395798683166504, 25.446178436279297
4850951, 27, 5.277349472045898, 8.649993896484375, 26.42314338684082
4850951, 27, 5.475356101989746, 8.90781021118164, 27.401391983032227
4850951, 27, 5.684422969818115, 9.174736022949219, 28.378093719482422
4850951, 27, 5.893954753875732, 9.427316665649414, 29.355491638183594
2265761, 28, 0.19743555784225464, 0.24833627045154572, 0.9791984558105469
2265761, 28, 0.399150550365448, 0.49700719118118286, 1.9571921825408936
2265761, 28, 0.6032627820968628, 0.7375363111495972, 2.9350786209106445
2265761, 28, 0.8070377111434937, 0.9817535281181335, 3.9129958152770996
2265761, 28, 1.0127280950546265, 1.2178711891174316, 4.891615867614746
2265761, 28, 1.2322295904159546, 1.4696860313415527, 5.868219375610352
2265761, 28, 1.4412840604782104, 1.721054196357727, 6.846506595611572
2265761, 28, 1.6462383270263672, 1.978101372718811, 7.825004577636719
2265761, 28, 1.859250545501709, 2.2261860370635986, 8.802563667297363
2265761, 28, 2.0667247772216797, 2.4678616523742676, 9.780959129333496
2265761, 28, 2.2722368240356445, 2.7211098670959473, 10.759553909301758
2265761, 28, 2.4753220081329346, 2.9692094326019287, 11.738851547241211
2265761, 28, 2.58587646484375, 3.4438164234161377, 12.728264808654785
2265761, 28, 2.7077770233154297, 3.932950019836426, 13.717424392700195
2265761, 28, 2.8182361125946045, 4.418175220489502, 14.707233428955078
2265761, 28, 2.920983076095581, 4.9009013175964355, 15.697532653808594
2265761, 28, 3.0303616523742676, 5.383480548858643, 16.68782615661621
2265761, 28, 3.13946533203125, 5.871448040008545, 17.678211212158203
2265761, 28, 3.2369883060455322, 6.363418102264404, 18.668901443481445
2265761, 28, 3.3339927196502686, 6.845750331878662, 19.65981674194336
2265761, 28, 3.4349427223205566, 7.320969104766846, 20.65061378479004
2265761, 28, 3.5321407318115234, 7.8112359046936035, 21.640880584716797
2265761, 28, 3.6361281871795654, 8.3079195022583, 22.63068199157715
2265761, 28, 3.7421810626983643, 8.797640800476074, 23.619779586791992
2265761, 28, 3.945777654647827, 9.069969177246094, 24.59765625
2265761, 28, 4.136569976806641, 9.311355590820312, 25.578289031982422
2265761, 28, 4.332634925842285, 9.54250431060791, 26.558319091796875
2265761, 28, 4.534171104431152, 9.778311729431152, 27.537708282470703
2265761, 28, 4.739490032196045, 10.012460708618164, 28.516908645629883
2265761, 28, 4.954572677612305, 10.259376525878906, 29.49437141418457
5038881, 29, 0.20783551037311554, 0.2759324908256531, 0.9773009419441223
5038881, 29, 0.41189044713974, 0.5687052011489868, 1.954716444015503
5038881, 29, 0.6166805028915405, 0.864231526851654, 2.932703971862793
5038881, 29, 0.8231914043426514, 1.1526472568511963, 3.911475419998169
5038881, 29, 1.0293207168579102, 1.4401301145553589, 4.890137672424316
5038881, 29, 1.2524518966674805, 1.731436014175415, 5.865161418914795
5038881, 29, 1.479103922843933, 2.020263671875, 6.839951992034912
5038881, 29, 1.6953681707382202, 2.2899365425109863, 7.817324638366699
5038881, 29, 1.9160112142562866, 2.5632271766662598, 8.793648719787598
5038881, 29, 2.134230136871338, 2.829775810241699, 9.770851135253906
5038881, 29, 2.3448293209075928, 3.120224714279175, 10.748794555664062
5038881, 29, 2.543447494506836, 3.4148147106170654, 11.729281425476074
5038881, 29, 2.75319504737854, 3.6953437328338623, 12.708573341369629
5038881, 29, 2.986910820007324, 3.9734838008880615, 13.68354320526123
5038881, 29, 3.2249579429626465, 4.271455764770508, 14.656869888305664
5038881, 29, 3.4473776817321777, 4.566967010498047, 15.632552146911621
5038881, 29, 3.6715986728668213, 4.87042236328125, 16.606840133666992
5038881, 29, 3.7823493480682373, 5.367040634155273, 17.59687614440918
5038881, 29, 3.8928329944610596, 5.8624348640441895, 18.58702850341797
5038881, 29, 4.009400844573975, 6.3578901290893555, 19.576946258544922
5038881, 29, 4.150055408477783, 6.814971923828125, 20.564510345458984
5038881, 29, 4.379362106323242, 7.101820945739746, 21.539926528930664
5038881, 29, 4.601812362670898, 7.387546062469482, 22.516756057739258
5038881, 29, 4.820410251617432, 7.680005073547363, 23.49395751953125
5038881, 29, 5.040842533111572, 7.970149040222168, 24.470787048339844
5038881, 29, 5.263809680938721, 8.257277488708496, 25.447099685668945
5038881, 29, 5.487753868103027, 8.53617000579834, 26.423675537109375
5038881, 29, 5.702057838439941, 8.81478500366211, 27.402063369750977
5038881, 29, 5.910885810852051, 9.080554008483887, 28.381633758544922
5038881, 29, 6.115656852722168, 9.352374076843262, 29.36181640625
4785791, 30, 0.22538089752197266, 0.28863272070884705, 0.9733425974845886
4785791, 30, 0.44350624084472656, 0.5906314849853516, 1.9474186897277832
4785791, 30, 0.6528747081756592, 0.9058012962341309, 2.9234585762023926
4785791, 30, 0.8656694889068604, 1.2078526020050049, 3.8989899158477783
4785791, 30, 1.0687189102172852, 1.5578172206878662, 4.874601364135742
4785791, 30, 1.31207275390625, 1.858139991760254, 5.844072341918945
4785791, 30, 1.5532299280166626, 2.158641815185547, 6.814416408538818
4785791, 30, 1.7757154703140259, 2.4433279037475586, 7.788572788238525
4785791, 30, 2.021984100341797, 2.7749266624450684, 8.756891250610352
4785791, 30, 2.242072343826294, 3.033161163330078, 9.73253059387207
4785791, 30, 2.4613027572631836, 3.293144702911377, 10.70814323425293
4785791, 30, 2.688326835632324, 3.5746235847473145, 11.681727409362793
4785791, 30, 2.9093410968780518, 3.8475286960601807, 12.656444549560547
4785791, 30, 3.138589382171631, 4.11921501159668, 13.629867553710938
4785791, 30, 3.363844394683838, 4.397804260253906, 14.6041259765625
4785791, 30, 3.512049913406372, 4.830683708190918, 15.589788436889648
4785791, 30, 3.6169004440307617, 5.326439380645752, 16.579513549804688
4785791, 30, 3.725313901901245, 5.831632614135742, 17.569366455078125
4785791, 30, 3.833653688430786, 6.331081867218018, 18.55972671508789
4785791, 30, 3.9340152740478516, 6.823533058166504, 19.550331115722656
4785791, 30, 4.0362701416015625, 7.318909645080566, 20.540584564208984
4785791, 30, 4.234131813049316, 7.667355060577393, 21.518442153930664
4785791, 30, 4.463000297546387, 7.941689968109131, 22.491785049438477
4785791, 30, 4.683618545532227, 8.201215744018555, 23.46727752685547
4785791, 30, 4.90743350982666, 8.466286659240723, 24.441646575927734
4785791, 30, 5.125643253326416, 8.739133834838867, 25.416887283325195
4785791, 30, 5.347970962524414, 9.014786720275879, 26.391931533813477
4785791, 30, 5.579367160797119, 9.310722351074219, 27.364501953125
4785791, 30, 5.802709102630615, 9.592859268188477, 28.338741302490234
4785791, 30, 6.051884174346924, 9.924041748046875, 29.306598663330078
1089412, 31, 0.2058221995830536, 0.26159051060676575, 0.9762429594993591
1089412, 31, 0.41923072934150696, 0.5248811841011047, 1.9514648914337158
1089412, 31, 0.6239279508590698, 0.7826447486877441, 2.9285292625427246
1089412, 31, 0.8337608575820923, 1.0527235269546509, 3.904768705368042
1089412, 31, 1.0372648239135742, 1.3078529834747314, 4.8824944496154785
1089412, 31, 1.256866216659546, 1.5883616209030151, 5.857186317443848
1089412, 31, 1.473888874053955, 1.863988995552063, 6.832560062408447
1089412, 31, 1.683671474456787, 2.123840093612671, 7.809353828430176
1089412, 31, 1.8876049518585205, 2.369558095932007, 8.7874174118042
1089412, 31, 2.0924723148345947, 2.6104109287261963, 9.76554012298584
1089412, 31, 2.2929534912109375, 2.838261842727661, 10.745028495788574
1089412, 31, 2.505133628845215, 3.0826215744018555, 11.722369194030762
1089412, 31, 2.7182576656341553, 3.3264756202697754, 12.699625968933105
1089412, 31, 2.9271106719970703, 3.5612757205963135, 13.677720069885254
1089412, 31, 3.130488395690918, 3.803654670715332, 14.655791282653809
1089412, 31, 3.2979228496551514, 4.147127151489258, 15.638910293579102
1089412, 31, 3.396204948425293, 4.63580322265625, 16.629060745239258
1089412, 31, 3.495164155960083, 5.127343654632568, 17.61961555480957
1089412, 31, 3.599290609359741, 5.61507511138916, 18.61026954650879
1089412, 31, 3.7028629779815674, 6.095712661743164, 19.601093292236328
1089412, 31, 3.8018994331359863, 6.569276332855225, 20.59195899963379
1089412, 31, 3.9124767780303955, 7.031893730163574, 21.581932067871094
1089412, 31, 4.127200126647949, 7.277324199676514, 22.559240341186523
1089412, 31, 4.341216087341309, 7.525010585784912, 23.53610610961914
1089412, 31, 4.5535807609558105, 7.768326759338379, 24.513654708862305
1089412, 31, 4.768296241760254, 8.006516456604004, 25.491233825683594
1089412, 31, 4.975738048553467, 8.243773460388184, 26.469554901123047
1089412, 31, 5.1851348876953125, 8.493236541748047, 27.44703483581543
1089412, 31, 5.380415916442871, 8.716541290283203, 28.42743682861328
1089412, 31, 5.582840919494629, 8.954739570617676, 29.4066219329834
4996894, 32, 0.2103511095046997, 0.25562986731529236, 0.9762020707130432
4996894, 32, 0.412511944770813, 0.5035582780838013, 1.9538114070892334
4996894, 32, 0.6204502582550049, 0.7600058913230896, 2.930365800857544
4996894, 32, 0.839484453201294, 1.035330057144165, 3.9048166275024414
4996894, 32, 1.0583029985427856, 1.3054914474487305, 4.879415035247803
4996894, 32, 1.2754552364349365, 1.573472023010254, 5.854416847229004
4996894, 32, 1.4884768724441528, 1.832493543624878, 6.83046817779541
4996894, 32, 1.6886922121047974, 2.073594093322754, 7.809065341949463
4996894, 32, 1.8871830701828003, 2.3095688819885254, 8.787773132324219
4996894, 32, 2.087743043899536, 2.5410494804382324, 9.766477584838867
4996894, 32, 2.28517484664917, 2.765449047088623, 10.746318817138672
4996894, 32, 2.4937241077423096, 3.0088887214660645, 11.724115371704102
4996894, 32, 2.7049224376678467, 3.262397527694702, 12.701021194458008
4996894, 32, 2.9134726524353027, 3.528831720352173, 13.677619934082031
4996894, 32, 3.060811758041382, 3.9272286891937256, 14.663220405578613
4996894, 32, 3.1620850563049316, 4.416469097137451, 15.653287887573242
4996894, 32, 3.262690782546997, 4.901020526885986, 16.643957138061523
4996894, 32, 3.362049102783203, 5.386405944824219, 17.63469696044922
4996894, 32, 3.4605817794799805, 5.865772247314453, 18.62564468383789
4996894, 32, 3.5595059394836426, 6.343926906585693, 19.61652374267578
4996894, 32, 3.675793170928955, 6.78361177444458, 20.606130599975586
4996894, 32, 3.8962159156799316, 7.031858921051025, 21.582475662231445
4996894, 32, 4.110160827636719, 7.268538951873779, 22.560691833496094
4996894, 32, 4.326578617095947, 7.514766693115234, 23.537803649902344
4996894, 32, 4.533074378967285, 7.749309539794922, 24.516616821289062
4996894, 32, 4.734868049621582, 7.982059001922607, 25.495845794677734
4996894, 32, 4.935201168060303, 8.219198226928711, 26.4749698638916
4996894, 32, 5.139214515686035, 8.464184761047363, 27.45352554321289
4996894, 32, 5.338825225830078, 8.692578315734863, 28.4334659576416
4996894, 32, 5.542179584503174, 8.928071975708008, 29.412342071533203
1217886, 33, 0.19244462251663208, 0.24306504428386688, 0.979261577129364
1217886, 33, 0.3900088369846344, 0.49076664447784424, 1.9583783149719238
1217886, 33, 0.6000128984451294, 0.7476247549057007, 2.936230421066284
1217886, 33, 0.8125580549240112, 1.0087414979934692, 3.913672685623169
1217886, 33, 1.0100650787353516, 1.2481653690338135, 4.893918991088867
1217886, 33, 1.2083666324615479, 1.487055778503418, 5.874153137207031
1217886, 33, 1.405716896057129, 1.7209696769714355, 6.854974746704102
1217886, 33, 1.6061193943023682, 1.9465688467025757, 7.835860729217529
1217886, 33, 1.818146824836731, 2.1910088062286377, 8.814081192016602
1217886, 33, 2.0272116661071777, 2.42917799949646, 9.79317855834961
1217886, 33, 2.2458298206329346, 2.6734087467193604, 10.770536422729492
1217886, 33, 2.4511404037475586, 2.894634246826172, 11.750821113586426
1217886, 33, 2.648205041885376, 3.102869749069214, 12.73286247253418
1217886, 33, 2.8417179584503174, 3.3142919540405273, 13.715043067932129
1217886, 33, 3.0418665409088135, 3.550091028213501, 14.69542407989502
1217886, 33, 3.262949228286743, 3.8195717334747314, 15.670987129211426
1217886, 33, 3.3626015186309814, 4.306206226348877, 16.661706924438477
1217886, 33, 3.477238655090332, 4.795572280883789, 17.65180206298828
1217886, 33, 3.5850989818573, 5.27816104888916, 18.642318725585938
1217886, 33, 3.6887645721435547, 5.760271072387695, 19.633132934570312
1217886, 33, 3.813074827194214, 6.22977876663208, 20.622791290283203
1217886, 33, 4.011348724365234, 6.449087142944336, 21.604087829589844
1217886, 33, 4.219168186187744, 6.685791015625, 22.58331871032715
1217886, 33, 4.431498050689697, 6.913221836090088, 23.56285285949707
1217886, 33, 4.636312961578369, 7.130250453948975, 24.54364585876465
1217886, 33, 4.834782600402832, 7.346704483032227, 25.524913787841797
1217886, 33, 5.041656494140625, 7.579246520996094, 26.504146575927734
1217886, 33, 5.248681545257568, 7.815839767456055, 27.48337745666504
1217886, 33, 5.4539475440979, 8.052959442138672, 28.46307373046875
1217886, 33, 5.656291484832764, 8.289938926696777, 29.44324493408203
4820909, 34, 0.2783435583114624, 0.3893048167228699, 0.9594079256057739
4820909, 34, 0.5522775650024414, 0.7861475944519043, 1.919562578201294
4820909, 34, 0.8274279832839966, 1.1795212030410767, 2.8795006275177
4820909, 34, 1.1030765771865845, 1.543831467628479, 3.841209650039673
4820909, 34, 1.3684237003326416, 1.8626536130905151, 4.807150840759277
4820909, 34, 1.6062660217285156, 2.1544253826141357, 5.778532981872559
4820909, 34, 1.8614000082015991, 2.456106662750244, 6.747114181518555
4820909, 34, 2.1296634674072266, 2.7731592655181885, 7.712718486785889
4820909, 34, 2.3881866931915283, 3.088012933731079, 8.680146217346191
4820909, 34, 2.6527531147003174, 3.431556463241577, 9.645079612731934
4820909, 34, 2.9207565784454346, 3.7783401012420654, 10.609262466430664
4820909, 34, 3.1817610263824463, 4.104283809661865, 11.575215339660645
4820909, 34, 3.450904607772827, 4.445458889007568, 12.539127349853516
4820909, 34, 3.6382882595062256, 4.896435737609863, 13.518643379211426
4820909, 34, 3.7592697143554688, 5.410016059875488, 14.506609916687012
4820909, 34, 3.894110679626465, 5.890291213989258, 15.493773460388184
4820909, 34, 4.141807556152344, 6.274102687835693, 16.46091079711914
4820909, 34, 4.289663791656494, 6.797229766845703, 17.445880889892578
4820909, 34, 4.415161609649658, 7.318994045257568, 18.4333553314209
4820909, 34, 4.525137424468994, 7.810036659240723, 19.422435760498047
4820909, 34, 4.769268989562988, 8.109526634216309, 20.392528533935547
4820909, 34, 5.0175042152404785, 8.413411140441895, 21.361675262451172
4820909, 34, 5.246574401855469, 8.697206497192383, 22.335248947143555
4820909, 34, 5.484733581542969, 8.998838424682617, 23.30695343017578
4820909, 34, 5.74262809753418, 9.323112487792969, 24.27435874938965
4820909, 34, 5.995115756988525, 9.628127098083496, 25.24343490600586
4820909, 34, 6.237071990966797, 9.91352653503418, 26.21498680114746
4820909, 34, 6.478601455688477, 10.201505661010742, 27.186246871948242
4820909, 34, 6.7403693199157715, 10.52032470703125, 28.152841567993164
4820909, 34, 6.978325366973877, 10.801955223083496, 29.12456512451172
1221647, 35, 0.19242282211780548, 0.2430742383003235, 0.9792665839195251
1221647, 35, 0.3899089992046356, 0.4908575415611267, 1.9583860635757446
1221647, 35, 0.599910318851471, 0.7477587461471558, 2.936239242553711
1221647, 35, 0.8124262094497681, 1.0089384317398071, 3.9136853218078613
1221647, 35, 1.0099034309387207, 1.2484029531478882, 4.893935203552246
1221647, 35, 1.2081847190856934, 1.4872982501983643, 5.874172210693359
1221647, 35, 1.4055163860321045, 1.7211954593658447, 6.854994773864746
1221647, 35, 1.605918049812317, 1.946789026260376, 7.835881233215332
1221647, 35, 1.8179328441619873, 2.1912527084350586, 8.814102172851562
1221647, 35, 2.026967763900757, 2.42946720123291, 9.793200492858887
1221647, 35, 2.245563268661499, 2.6737124919891357, 10.770559310913086
1221647, 35, 2.4509005546569824, 2.894928216934204, 11.750843048095703
1221647, 35, 2.6479732990264893, 3.103137969970703, 12.73288631439209
1221647, 35, 2.8415005207061768, 3.3145036697387695, 13.715071678161621
1221647, 35, 3.041632652282715, 3.55027174949646, 14.695453643798828
1221647, 35, 3.2626659870147705, 3.819877862930298, 15.67101764678955
1221647, 35, 3.3622779846191406, 4.306541442871094, 16.6617431640625
1221647, 35, 3.4768965244293213, 4.795882701873779, 17.651840209960938
1221647, 35, 3.5847537517547607, 5.278421878814697, 18.642358779907227
1221647, 35, 3.688398599624634, 5.7604780197143555, 19.633174896240234
1221647, 35, 3.8126542568206787, 6.229398250579834, 20.622835159301758
1221647, 35, 4.010987281799316, 6.448602199554443, 21.604127883911133
1221647, 35, 4.2187933921813965, 6.68537712097168, 22.583358764648438
1221647, 35, 4.431145668029785, 6.912845134735107, 23.562894821166992
1221647, 35, 4.635941028594971, 7.129885196685791, 24.543691635131836
1221647, 35, 4.834454536437988, 7.3462934494018555, 25.52495765686035
1221647, 35, 5.041306018829346, 7.578860282897949, 26.504192352294922
1221647, 35, 5.248348712921143, 7.815451622009277, 27.483423233032227
1221647, 35, 5.4536452293396, 8.052534103393555, 28.463115692138672
1221647, 35, 5.655976295471191, 8.289519309997559, 29.443286895751953
5195398, 36, 0.20004071295261383, 0.26120248436927795, 0.9775741100311279
5195398, 36, 0.411865234375, 0.525205135345459, 1.9535250663757324
5195398, 36, 0.6208804249763489, 0.7799274921417236, 2.9307315349578857
5195398, 36, 0.8227415084838867, 1.0243046283721924, 3.909614324569702
5195398, 36, 1.0274235010147095, 1.2757251262664795, 4.887999057769775
5195398, 36, 1.2374025583267212, 1.5319788455963135, 5.865725994110107
5195398, 36, 1.4360226392745972, 1.7779181003570557, 6.845632076263428
5195398, 36, 1.6374125480651855, 2.023862361907959, 7.825119972229004
5195398, 36, 1.8392099142074585, 2.265948534011841, 8.804460525512695
5195398, 36, 2.0462772846221924, 2.514350652694702, 9.78284740447998
5195398, 36, 2.2481324672698975, 2.754061222076416, 10.762602806091309
5195398, 36, 2.456768274307251, 2.9883410930633545, 11.742082595825195
5195398, 36, 2.6696414947509766, 3.223545551300049, 12.720871925354004
5195398, 36, 2.8793458938598633, 3.4576475620269775, 13.700345039367676
5195398, 36, 3.0894386768341064, 3.6871800422668457, 14.679404258728027
5195398, 36, 3.2898993492126465, 3.925182342529297, 15.658686637878418
5195398, 36, 3.3859665393829346, 4.406260967254639, 16.649423599243164
5195398, 36, 3.4818613529205322, 4.885397434234619, 17.64057159423828
5195398, 36, 3.583937168121338, 5.359118461608887, 18.631616592407227
5195398, 36, 3.684553623199463, 5.833137512207031, 19.622617721557617
5195398, 36, 3.783143997192383, 6.314538478851318, 20.613555908203125
5195398, 36, 3.8781063556671143, 6.7990288734436035, 21.6042537689209
5195398, 36, 4.0798444747924805, 7.071194648742676, 22.58211898803711
5195398, 36, 4.285919666290283, 7.296905517578125, 23.56186866760254
5195398, 36, 4.500795841217041, 7.53156042098999, 24.540313720703125
5195398, 36, 4.708839416503906, 7.765592098236084, 25.519519805908203
5195398, 36, 4.916855812072754, 8.016462326049805, 26.49740219116211
5195398, 36, 5.122986316680908, 8.263615608215332, 27.475440979003906
5195398, 36, 5.322110652923584, 8.493515014648438, 28.455068588256836
5195398, 36, 5.525705814361572, 8.7350435256958, 29.43351936340332
5007479, 37, 0.21131786704063416, 0.2883932888507843, 0.9759291410446167
5007479, 37, 0.4292794466018677, 0.610715389251709, 1.9499223232269287
5007479, 37, 0.6466920971870422, 0.910736083984375, 2.925330638885498
5007479, 37, 0.8611796498298645, 1.1946356296539307, 3.9020259380340576
5007479, 37, 1.0742422342300415, 1.4710478782653809, 4.879172325134277
5007479, 37, 1.2904423475265503, 1.7167937755584717, 5.856563091278076
5007479, 37, 1.5116527080535889, 1.9648021459579468, 6.832953453063965
5007479, 37, 1.735879898071289, 2.2289915084838867, 7.808197498321533
5007479, 37, 1.9655840396881104, 2.5129733085632324, 8.781699180603027
5007479, 37, 2.18939471244812, 2.7921903133392334, 9.756160736083984
5007479, 37, 2.3897271156311035, 3.0755057334899902, 10.73431396484375
5007479, 37, 2.5217981338500977, 3.5053608417510986, 11.72107219696045
5007479, 37, 2.629080057144165, 3.980879783630371, 12.70995807647705
5007479, 37, 2.7289185523986816, 4.47927713394165, 13.699153900146484
5007479, 37, 2.8259100914001465, 4.984728813171387, 14.688664436340332
5007479, 37, 2.9243197441101074, 5.494945049285889, 15.678047180175781
5007479, 37, 3.02199649810791, 6.004159450531006, 16.667457580566406
5007479, 37, 3.1193344593048096, 6.4989166259765625, 17.65727996826172
5007479, 37, 3.2148847579956055, 6.989422798156738, 18.647401809692383
5007479, 37, 3.309649705886841, 7.486025810241699, 19.637531280517578
5007479, 37, 3.4048874378204346, 7.985788345336914, 20.627544403076172
5007479, 37, 3.504167318344116, 8.485006332397461, 21.617355346679688
5007479, 37, 3.6097826957702637, 8.980070114135742, 22.607032775878906
5007479, 37, 3.7119743824005127, 9.474185943603516, 23.596885681152344
5007479, 37, 3.8095779418945312, 9.973459243774414, 24.586824417114258
5007479, 37, 3.911081314086914, 10.471824645996094, 25.576679229736328
5007479, 37, 4.020007133483887, 10.971385955810547, 26.565452575683594
5007479, 37, 4.265477657318115, 11.2909517288208, 27.53420639038086
5007479, 37, 4.518998622894287, 11.613173484802246, 28.501728057861328
5007479, 37, 4.7686028480529785, 11.926321983337402, 29.47075843811035
4431350, 38, 0.21394236385822296, 0.26223310828208923, 0.9756594300270081
4431350, 38, 0.4250011444091797, 0.521612823009491, 1.9519009590148926
4431350, 38, 0.636707067489624, 0.7916432023048401, 2.9276533126831055
4431350, 38, 0.8570813536643982, 1.07574462890625, 3.9015445709228516
4431350, 38, 1.0701904296875, 1.3439106941223145, 4.8772077560424805
4431350, 38, 1.2773112058639526, 1.603525996208191, 5.854305267333984
4431350, 38, 1.4930633306503296, 1.8714635372161865, 6.830071926116943
4431350, 38, 1.7111140489578247, 2.1375503540039062, 7.805603504180908
4431350, 38, 1.9277379512786865, 2.404205560684204, 8.781218528747559
4431350, 38, 2.135524272918701, 2.656364917755127, 9.758737564086914
4431350, 38, 2.3455493450164795, 2.9046459197998047, 10.736499786376953
4431350, 38, 2.559804916381836, 3.1494550704956055, 11.71416187286377
4431350, 38, 2.773151159286499, 3.3937277793884277, 12.691912651062012
4431350, 38, 2.984283208847046, 3.636185646057129, 13.670075416564941
4431350, 38, 3.087926149368286, 4.107712745666504, 14.660398483276367
4431350, 38, 3.1914284229278564, 4.602077007293701, 15.65059757232666
4431350, 38, 3.2930004596710205, 5.099396228790283, 16.64101219177246
4431350, 38, 3.3954734802246094, 5.592655181884766, 17.631427764892578
4431350, 38, 3.494476795196533, 6.071958065032959, 18.62238121032715
4431350, 38, 3.595268487930298, 6.547277927398682, 19.613359451293945
4431350, 38, 3.696789264678955, 7.028934955596924, 20.604021072387695
4431350, 38, 3.8068320751190186, 7.491823673248291, 21.593841552734375
4431350, 38, 4.022616863250732, 7.760336399078369, 22.56938934326172
4431350, 38, 4.234546661376953, 8.00702953338623, 23.547208786010742
4431350, 38, 4.454370498657227, 8.261500358581543, 24.523719787597656
4431350, 38, 4.671195983886719, 8.511741638183594, 25.500648498535156
4431350, 38, 4.877851963043213, 8.755095481872559, 26.479238510131836
4431350, 38, 5.082289695739746, 9.003316879272461, 27.457637786865234
4431350, 38, 5.283310890197754, 9.255451202392578, 28.436246871948242
4431350, 38, 5.490342140197754, 9.527174949645996, 29.41364288330078
5144366, 39, 0.2035784125328064, 0.26443272829055786, 0.9766114354133606
5144366, 39, 0.4003465175628662, 0.4969126582145691, 1.955864429473877
5144366, 39, 0.5990477204322815, 0.7286548018455505, 2.9351754188537598
5144366, 39, 0.8043888807296753, 0.9745131731033325, 3.913443088531494
5144366, 39, 1.0077118873596191, 1.215643286705017, 4.892198085784912
5144366, 39, 1.208699345588684, 1.4649922847747803, 5.871072769165039
5144366, 39, 1.4109182357788086, 1.7302086353302002, 6.849225044250488
5144366, 39, 1.6218948364257812, 1.998733639717102, 7.826303482055664
5144366, 39, 1.8346598148345947, 2.24527645111084, 8.804323196411133
5144366, 39, 2.0504331588745117, 2.4883711338043213, 9.781967163085938
5144366, 39, 2.266633987426758, 2.7388112545013428, 10.759550094604492
5144366, 39, 2.4772286415100098, 2.9804539680480957, 11.738327026367188
5144366, 39, 2.5958964824676514, 3.426759719848633, 12.728291511535645
5144366, 39, 2.709895133972168, 3.9038963317871094, 13.718265533447266
5144366, 39, 2.8232550621032715, 4.393947601318359, 14.708130836486816
5144366, 39, 2.933739423751831, 4.891411781311035, 15.69809341430664
5144366, 39, 3.0477659702301025, 5.3862385749816895, 16.688045501708984
5144366, 39, 3.1555473804473877, 5.874449729919434, 17.67822265625
5144366, 39, 3.2650182247161865, 6.363605499267578, 18.668027877807617
5144366, 39, 3.36716890335083, 6.857420444488525, 19.657949447631836
5144366, 39, 3.469982147216797, 7.350010871887207, 20.647872924804688
5144366, 39, 3.5743749141693115, 7.84610652923584, 21.637550354003906
5144366, 39, 3.686443328857422, 8.337970733642578, 22.62668800354004
5144366, 39, 3.8952507972717285, 8.590496063232422, 23.604188919067383
5144366, 39, 4.102208137512207, 8.834005355834961, 24.582843780517578
5144366, 39, 4.305935859680176, 9.068485260009766, 25.56256675720215
5144366, 39, 4.511544227600098, 9.303938865661621, 26.54208755493164
5144366, 39, 4.7146172523498535, 9.538498878479004, 27.521739959716797
5144366, 39, 4.91695499420166, 9.771459579467773, 28.501728057861328
5144366, 39, 5.116310119628906, 10.009721755981445, 29.48198127746582
5037673, 40, 0.2067466378211975, 0.25737738609313965, 0.9774776101112366
5037673, 40, 0.4105537533760071, 0.5101237297058105, 1.95570969581604
5037673, 40, 0.6176575422286987, 0.7569398880004883, 2.9338340759277344
5037673, 40, 0.8242208957672119, 1.0143661499023438, 3.9118378162384033
5037673, 40, 1.0332443714141846, 1.3008460998535156, 4.888570785522461
5037673, 40, 1.2208870649337769, 1.5756384134292603, 5.86884880065918
5037673, 40, 1.4018293619155884, 1.8732309341430664, 6.850428581237793
5037673, 40, 1.5957694053649902, 2.149606466293335, 7.8302717208862305
5037673, 40, 1.7979702949523926, 2.3949062824249268, 8.809270858764648
5037673, 40, 2.0044476985931396, 2.635436773300171, 9.787939071655273
5037673, 40, 2.212153673171997, 2.868756055831909, 10.766948699951172
5037673, 40, 2.4188051223754883, 3.088703155517578, 11.74686050415039
5037673, 40, 2.6334609985351562, 3.321502447128296, 12.724827766418457
5037673, 40, 2.850168228149414, 3.5572962760925293, 13.702515602111816
5037673, 40, 3.064844846725464, 3.7939538955688477, 14.680603981018066
5037673, 40, 3.198167562484741, 4.238316535949707, 15.668313026428223
5037673, 40, 3.295020818710327, 4.728789806365967, 16.658884048461914
5037673, 40, 3.3977582454681396, 5.216221809387207, 17.649614334106445
5037673, 40, 3.498389482498169, 5.708387851715088, 18.640289306640625
5037673, 40, 3.5992624759674072, 6.193125247955322, 19.631107330322266
5037673, 40, 3.7021658420562744, 6.67240571975708, 20.6219482421875
5037673, 40, 3.917879581451416, 6.955921173095703, 21.597627639770508
5037673, 40, 4.137331485748291, 7.193770885467529, 22.57526969909668
5037673, 40, 4.354718208312988, 7.432085037231445, 23.55323028564453
5037673, 40, 4.571748733520508, 7.673344612121582, 24.53130531311035
5037673, 40, 4.788453578948975, 7.919475555419922, 25.509702682495117
5037673, 40, 5.0030083656311035, 8.159794807434082, 26.488157272338867
5037673, 40, 5.218090534210205, 8.408215522766113, 27.465810775756836
5037673, 40, 5.430196762084961, 8.653881072998047, 28.443769454956055
5037673, 40, 5.639175891876221, 8.91191291809082, 29.421716690063477
4766524, 41, 0.22088104486465454, 0.28535181283950806, 0.9733294248580933
4766524, 41, 0.44769519567489624, 0.5541588068008423, 1.9465501308441162
4766524, 41, 0.685504138469696, 0.8327638506889343, 2.9181761741638184
4766524, 41, 0.9156991839408875, 1.1176835298538208, 3.8901853561401367
4766524, 41, 1.1373372077941895, 1.3916090726852417, 4.864224433898926
4766524, 41, 1.3580455780029297, 1.6698594093322754, 5.838778018951416
4766524, 41, 1.5773475170135498, 1.9568016529083252, 6.812695503234863
4766524, 41, 1.79422926902771, 2.239506721496582, 7.787343978881836
4766524, 41, 2.0106101036071777, 2.5143332481384277, 8.76265811920166
4766524, 41, 2.235506296157837, 2.793945074081421, 9.736520767211914
4766524, 41, 2.461944341659546, 3.0932905673980713, 10.709296226501465
4766524, 41, 2.6739306449890137, 3.408914804458618, 11.684581756591797
4766524, 41, 2.896383047103882, 3.700359344482422, 12.658754348754883
4766524, 41, 3.1293704509735107, 3.9925954341888428, 13.630904197692871
4766524, 41, 3.355583429336548, 4.285878658294678, 14.604039192199707
4766524, 41, 3.4575695991516113, 4.781308650970459, 15.594291687011719
4766524, 41, 3.559587001800537, 5.288142681121826, 16.584497451782227
4766524, 41, 3.660132884979248, 5.776356220245361, 17.57514762878418
4766524, 41, 3.7594003677368164, 6.253239154815674, 18.56597137451172
4766524, 41, 3.862483501434326, 6.732724666595459, 19.556474685668945
4766524, 41, 4.07124662399292, 7.050513744354248, 20.53070068359375
4766524, 41, 4.283891677856445, 7.3598856925964355, 21.50653839111328
4766524, 41, 4.5041351318359375, 7.637971878051758, 22.481502532958984
4766524, 41, 4.739828109741211, 7.927903175354004, 23.452884674072266
4766524, 41, 4.972224235534668, 8.205400466918945, 24.426006317138672
4766524, 41, 5.202096462249756, 8.475300788879395, 25.399991989135742
4766524, 41, 5.428436279296875, 8.737889289855957, 26.375003814697266
4766524, 41, 5.652029991149902, 9.010104179382324, 27.35044288635254
4766524, 41, 5.867247581481934, 9.269354820251465, 28.327388763427734
4766524, 41, 6.100800037384033, 9.55878734588623, 29.300674438476562
1262475, 42, 0.1923961043357849, 0.241367369890213, 0.9805188179016113
1262475, 42, 0.38724201917648315, 0.47879016399383545, 1.96091890335083
1262475, 42, 0.5866440534591675, 0.7171175479888916, 2.9408271312713623
1262475, 42, 0.7930487990379333, 0.9551494121551514, 3.9199650287628174
1262475, 42, 1.0141143798828125, 1.2041714191436768, 4.896864414215088
1262475, 42, 1.233697533607483, 1.4431337118148804, 5.874484539031982
1262475, 42, 1.4409916400909424, 1.6689529418945312, 6.854713439941406
1262475, 42, 1.6409969329833984, 1.9073790311813354, 7.835265159606934
1262475, 42, 1.832650065422058, 2.158308982849121, 8.816764831542969
1262475, 42, 2.0263030529022217, 2.402735948562622, 9.798209190368652
1262475, 42, 2.222548484802246, 2.6438558101654053, 10.779480934143066
1262475, 42, 2.4234256744384766, 2.882495880126953, 11.760778427124023
1262475, 42, 2.627880811691284, 3.1204214096069336, 12.741811752319336
1262475, 42, 2.8360002040863037, 3.3661346435546875, 13.721602439880371
1262475, 42, 2.9625048637390137, 3.8180041313171387, 14.710808753967285
1262475, 42, 3.07670521736145, 4.292598724365234, 15.700716018676758
1262475, 42, 3.1831586360931396, 4.765550136566162, 16.69122314453125
1262475, 42, 3.281679153442383, 5.244696617126465, 17.68203353881836
1262475, 42, 3.380575180053711, 5.726053714752197, 18.672853469848633
1262475, 42, 3.481015205383301, 6.207655906677246, 19.66360092163086
1262475, 42, 3.589132070541382, 6.677489757537842, 20.654312133789062
1262475, 42, 3.69268536567688, 7.1425862312316895, 21.64511489868164
1262475, 42, 3.7987921237945557, 7.603884696960449, 22.635440826416016
1262475, 42, 4.013045787811279, 7.853755474090576, 23.61335563659668
1262475, 42, 4.216884613037109, 8.084615707397461, 24.593719482421875
1262475, 42, 4.416255950927734, 8.327672958374023, 25.573890686035156
1262475, 42, 4.609489440917969, 8.565728187561035, 26.5546817779541
1262475, 42, 4.810162544250488, 8.81129264831543, 27.534000396728516
1262475, 42, 5.012197494506836, 9.063569068908691, 28.512929916381836
1262475, 42, 5.213962078094482, 9.315620422363281, 29.492164611816406
5010602, 43, 0.19731199741363525, 0.26223301887512207, 0.9777905941009521
5010602, 43, 0.3977273106575012, 0.5135859251022339, 1.9562296867370605
5010602, 43, 0.60343998670578, 0.7660025954246521, 2.9341578483581543
5010602, 43, 0.8052607774734497, 1.0102583169937134, 3.9128873348236084
5010602, 43, 1.0109224319458008, 1.2649635076522827, 4.890557289123535
5010602, 43, 1.2049063444137573, 1.4938830137252808, 5.871086597442627
5010602, 43, 1.406491756439209, 1.7386804819107056, 6.849869728088379
5010602, 43, 1.6055430173873901, 1.9829803705215454, 7.828945159912109
5010602, 43, 1.8017874956130981, 2.224086284637451, 8.808456420898438
5010602, 43, 2.0009379386901855, 2.4664111137390137, 9.787546157836914
5010602, 43, 2.1954290866851807, 2.7000434398651123, 10.767555236816406
5010602, 43, 2.3784523010253906, 2.9539389610290527, 11.748285293579102
5010602, 43, 2.4840505123138428, 3.4262261390686035, 12.73802661895752
5010602, 43, 2.585698366165161, 3.9010705947875977, 13.728055953979492
5010602, 43, 2.6823809146881104, 4.377378940582275, 14.71835994720459
5010602, 43, 2.7782325744628906, 4.851916313171387, 15.708935737609863
5010602, 43, 2.8757479190826416, 5.328033447265625, 16.699647903442383
5010602, 43, 2.9819467067718506, 5.815188407897949, 17.689939498901367
5010602, 43, 3.083693027496338, 6.299981117248535, 18.680442810058594
5010602, 43, 3.1848928928375244, 6.774761199951172, 19.671072006225586
5010602, 43, 3.2818360328674316, 7.250922203063965, 20.661865234375
5010602, 43, 3.379809856414795, 7.724650859832764, 21.652572631835938
5010602, 43, 3.4759089946746826, 8.199572563171387, 22.64314842224121
5010602, 43, 3.5701026916503906, 8.671154022216797, 23.633468627929688
5010602, 43, 3.689406633377075, 9.086799621582031, 24.6218204498291
5010602, 43, 3.873473644256592, 9.345366477966309, 25.601465225219727
5010602, 43, 4.053969383239746, 9.610753059387207, 26.58167839050293
5010602, 43, 4.244483947753906, 9.854960441589355, 27.5613956451416
5010602, 43, 4.441542625427246, 10.089247703552246, 28.541156768798828
5010602, 43, 4.640929698944092, 10.31305980682373, 29.52125358581543
4961513, 44, 0.20766255259513855, 0.24605631828308105, 0.9771197438240051
4961513, 44, 0.412396103143692, 0.49554529786109924, 1.9542508125305176
4961513, 44, 0.6227246522903442, 0.7452377080917358, 2.9307985305786133
4961513, 44, 0.8382872343063354, 1.0007469654083252, 3.90645170211792
4961513, 44, 1.050399661064148, 1.2616002559661865, 4.882841110229492
4961513, 44, 1.2653168439865112, 1.542373538017273, 5.8582611083984375
4961513, 44, 1.4820114374160767, 1.8314366340637207, 6.832975387573242
4961513, 44, 1.6964378356933594, 2.1184194087982178, 7.808400630950928
4961513, 44, 1.89810311794281, 2.379621744155884, 8.786425590515137
4961513, 44, 2.1081037521362305, 2.6412200927734375, 9.762887001037598
4961513, 44, 2.3215017318725586, 2.9007112979888916, 10.739049911499023
4961513, 44, 2.528730630874634, 3.1452314853668213, 11.71711254119873
4961513, 44, 2.745189905166626, 3.4007511138916016, 12.693523406982422
4961513, 44, 2.964571237564087, 3.6539549827575684, 13.669583320617676
4961513, 44, 3.197138786315918, 3.926483631134033, 14.642979621887207
4961513, 44, 3.4227333068847656, 4.200003623962402, 15.616480827331543
4961513, 44, 3.5202128887176514, 4.691000938415527, 16.606931686401367
4961513, 44, 3.620093584060669, 5.17715311050415, 17.597393035888672
4961513, 44, 3.7187342643737793, 5.658389091491699, 18.58823585510254
4961513, 44, 3.818195104598999, 6.133133411407471, 19.57896614074707
4961513, 44, 4.022843837738037, 6.444896697998047, 20.554487228393555
4961513, 44, 4.238646984100342, 6.7181830406188965, 21.530027389526367
4961513, 44, 4.458242893218994, 6.982073783874512, 22.505592346191406
4961513, 44, 4.6685709953308105, 7.239599704742432, 23.482643127441406
4961513, 44, 4.879258155822754, 7.506819248199463, 24.45886993408203
4961513, 44, 5.087242126464844, 7.766235828399658, 25.435558319091797
4961513, 44, 5.299607753753662, 8.03068733215332, 26.41131591796875
4961513, 44, 5.518933296203613, 8.304747581481934, 27.38605499267578
4961513, 44, 5.7304487228393555, 8.572441101074219, 28.362424850463867
4961513, 44, 5.930370330810547, 8.861007690429688, 29.34065055847168
5059948, 45, 0.22724749147891998, 0.27675554156303406, 0.9733880758285522
5059948, 45, 0.4449346363544464, 0.5505672693252563, 1.9485481977462769
5059948, 45, 0.6551232933998108, 0.8072654008865356, 2.925562620162964
5059948, 45, 0.8716443181037903, 1.0795395374298096, 3.9008822441101074
5059948, 45, 1.0862244367599487, 1.372889518737793, 4.876045227050781
5059948, 45, 1.304166316986084, 1.6598445177078247, 5.851119041442871
5059948, 45, 1.5318723917007446, 1.9499356746673584, 6.824968338012695
5059948, 45, 1.7500619888305664, 2.218655824661255, 7.801148891448975
5059948, 45, 1.9586896896362305, 2.4620118141174316, 8.779985427856445
5059948, 45, 2.1764745712280273, 2.7029969692230225, 9.757765769958496
5059948, 45, 2.4021048545837402, 2.9435782432556152, 10.734607696533203
5059948, 45, 2.635006904602051, 3.2021358013153076, 11.709485054016113
5059948, 45, 2.871047258377075, 3.477947235107422, 12.682909965515137
5059948, 45, 3.050279140472412, 3.8502988815307617, 13.665319442749023
5059948, 45, 3.1480116844177246, 4.3429460525512695, 14.6552152633667
5059948, 45, 3.2428555488586426, 4.8429789543151855, 15.645524978637695
5059948, 45, 3.344966411590576, 5.340888500213623, 16.635879516601562
5059948, 45, 3.4526095390319824, 5.821231365203857, 17.626466751098633
5059948, 45, 3.5568084716796875, 6.299002647399902, 18.617155075073242
5059948, 45, 3.6583259105682373, 6.788783550262451, 19.607559204101562
5059948, 45, 3.7555787563323975, 7.275102615356445, 20.597902297973633
5059948, 45, 3.975815534591675, 7.567607879638672, 21.5729923248291
5059948, 45, 4.197152614593506, 7.852512359619141, 22.548673629760742
5059948, 45, 4.43547248840332, 8.144639015197754, 23.52071189880371
5059948, 45, 4.6566290855407715, 8.394700050354004, 24.497512817382812
5059948, 45, 4.889235496520996, 8.669938087463379, 25.471853256225586
5059948, 45, 5.120491027832031, 8.95138168334961, 26.446060180664062
5059948, 45, 5.337621212005615, 9.225791931152344, 27.42265510559082
5059948, 45, 5.558840274810791, 9.497071266174316, 28.398683547973633
5059948, 45, 5.779078960418701, 9.76784610748291, 29.374862670898438
4855738, 46, 0.2025802880525589, 0.24222558736801147, 0.9779432415962219
4855738, 46, 0.4023183584213257, 0.48037979006767273, 1.9566125869750977
4855738, 46, 0.6107161641120911, 0.731223464012146, 2.9334559440612793
4855738, 46, 0.8175181746482849, 0.9949609637260437, 3.910362720489502
4855738, 46, 1.0213936567306519, 1.2682318687438965, 4.88773250579834
4855738, 46, 1.2164357900619507, 1.5434702634811401, 5.866278648376465
4855738, 46, 1.4098074436187744, 1.8189465999603271, 6.845174789428711
4855738, 46, 1.607790231704712, 2.0892269611358643, 7.823544502258301
4855738, 46, 1.8055098056793213, 2.3562190532684326, 8.802175521850586
4855738, 46, 2.0023701190948486, 2.6114110946655273, 9.781296730041504
4855738, 46, 2.19864821434021, 2.851936101913452, 10.760830879211426
4855738, 46, 2.394204616546631, 3.0822396278381348, 11.740798950195312
4855738, 46, 2.6001946926116943, 3.316072940826416, 12.719594955444336
4855738, 46, 2.8032450675964355, 3.552180767059326, 13.699189186096191
4855738, 46, 3.0074901580810547, 3.793286085128784, 14.678043365478516
4855738, 46, 3.209794759750366, 4.044499397277832, 15.656148910522461
4855738, 46, 3.307939052581787, 4.511898517608643, 16.6468448638916
4855738, 46, 3.402360200881958, 4.986597537994385, 17.637731552124023
4855738, 46, 3.501433849334717, 5.4497456550598145, 18.6287784576416
4855738, 46, 3.607450485229492, 5.916665554046631, 19.619422912597656
4855738, 46, 3.7582035064697266, 6.286164283752441, 20.605445861816406
4855738, 46, 3.9614386558532715, 6.513613700866699, 21.584495544433594
4855738, 46, 4.163558006286621, 6.743028163909912, 22.56355857849121
4855738, 46, 4.356532096862793, 6.9592108726501465, 23.54466438293457
4855738, 46, 4.547991752624512, 7.175826549530029, 24.52617835998535
4855738, 46, 4.737334251403809, 7.40017557144165, 25.50740623474121
4855738, 46, 4.934606552124023, 7.64182186126709, 26.486696243286133
4855738, 46, 5.130235195159912, 7.882694244384766, 27.46635627746582
4855738, 46, 5.323098182678223, 8.126289367675781, 28.44636344909668
4855738, 46, 5.518520832061768, 8.373196601867676, 29.425796508789062
