Case_ID, Slide_ID, mae, mse, ssim
5266205, 1, 0.16002991795539856, 0.12634246051311493, 0.9972398281097412
5266205, 1, 0.32143306732177734, 0.2512449026107788, 1.9944379329681396
5266205, 1, 0.4871462881565094, 0.3768289089202881, 2.9913768768310547
5266205, 1, 0.6450226902961731, 0.4982825517654419, 3.9887285232543945
5266205, 1, 0.7904486656188965, 0.6202269792556763, 4.985732555389404
5266205, 1, 0.9359385967254639, 0.7443477511405945, 5.982520580291748
5266205, 1, 1.0842258930206299, 0.8697296380996704, 6.979361057281494
5266205, 1, 1.2329686880111694, 0.9957996606826782, 7.976217746734619
5266205, 1, 1.3803788423538208, 1.1231528520584106, 8.972954750061035
5266205, 1, 1.5265196561813354, 1.2510082721710205, 9.969589233398438
5266205, 1, 1.680362582206726, 1.3759300708770752, 10.96675968170166
5266205, 1, 1.8451297283172607, 1.5018284320831299, 11.964009284973145
5266205, 1, 2.0101208686828613, 1.6260104179382324, 12.96121597290039
5266205, 1, 2.179886817932129, 1.7525606155395508, 13.958043098449707
5266205, 1, 2.33341908454895, 1.873961091041565, 14.95535945892334
5266205, 1, 2.4902496337890625, 1.9955250024795532, 15.952695846557617
5266205, 1, 2.6508231163024902, 2.11686372756958, 16.9499568939209
5266205, 1, 2.8161633014678955, 2.238215208053589, 17.946956634521484
5266205, 1, 2.9820923805236816, 2.3609397411346436, 18.943988800048828
5266205, 1, 3.148639678955078, 2.486961603164673, 19.941102981567383
5266205, 1, 3.3110718727111816, 2.6122682094573975, 20.938297271728516
5266205, 1, 3.465024709701538, 2.7340681552886963, 21.935535430908203
5266205, 1, 3.6251330375671387, 2.8564016819000244, 22.932863235473633
5266205, 1, 3.79263973236084, 2.9817733764648438, 23.930051803588867
5266205, 1, 3.9554622173309326, 3.1062378883361816, 24.927352905273438
5266205, 1, 4.1183576583862305, 3.229449987411499, 25.924680709838867
5266205, 1, 4.262449741363525, 3.358621597290039, 26.920738220214844
5266205, 1, 4.421300411224365, 3.4804863929748535, 27.91810417175293
5266205, 1, 4.574705123901367, 3.6024558544158936, 28.91532325744629
5266205, 1, 4.740938186645508, 3.7264564037323, 29.91257095336914
5110047, 2, 0.16038724780082703, 0.12273727357387543, 0.9971927404403687
5110047, 2, 0.3211463689804077, 0.24492061138153076, 1.994408369064331
5110047, 2, 0.48092156648635864, 0.3666226863861084, 2.9916939735412598
5110047, 2, 0.6393133997917175, 0.4883028268814087, 3.9890449047088623
5110047, 2, 0.8005355596542358, 0.6112500429153442, 4.986354827880859
5110047, 2, 0.9621084928512573, 0.7348484992980957, 5.983660697937012
5110047, 2, 1.1215845346450806, 0.8567793369293213, 6.981014728546143
5110047, 2, 1.2745321989059448, 0.9777750372886658, 7.978404998779297
5110047, 2, 1.429403305053711, 1.1007277965545654, 8.9757661819458
5110047, 2, 1.5927659273147583, 1.2265268564224243, 9.97301197052002
5110047, 2, 1.7603552341461182, 1.3541228771209717, 10.970100402832031
5110047, 2, 1.925118327140808, 1.4798072576522827, 11.967279434204102
5110047, 2, 2.0867345333099365, 1.6041767597198486, 12.964522361755371
5110047, 2, 2.2472305297851562, 1.7274802923202515, 13.961777687072754
5110047, 2, 2.4051923751831055, 1.8509905338287354, 14.95908260345459
5110047, 2, 2.5580880641937256, 1.975696086883545, 15.956289291381836
5110047, 2, 2.7154502868652344, 2.1002440452575684, 16.953481674194336
5110047, 2, 2.86460018157959, 2.2257590293884277, 17.95054817199707
5110047, 2, 3.0208451747894287, 2.3503599166870117, 18.947790145874023
5110047, 2, 3.179356575012207, 2.4742822647094727, 19.944955825805664
5110047, 2, 3.326611280441284, 2.5944254398345947, 20.942285537719727
5110047, 2, 3.476729393005371, 2.715245008468628, 21.939647674560547
5110047, 2, 3.63340425491333, 2.8391520977020264, 22.936973571777344
5110047, 2, 3.7970170974731445, 2.967200517654419, 23.934207916259766
5110047, 2, 3.959620714187622, 3.0961437225341797, 24.93144989013672
5110047, 2, 4.120168685913086, 3.223959445953369, 25.92871856689453
5110047, 2, 4.285597324371338, 3.3522701263427734, 26.925918579101562
5110047, 2, 4.453071117401123, 3.479508399963379, 27.92312240600586
5110047, 2, 4.623715400695801, 3.607703685760498, 28.92024040222168
5110047, 2, 4.7967915534973145, 3.7366726398468018, 29.917192459106445
4954663, 3, 0.14571835100650787, 0.1178775429725647, 0.9973816871643066
4954663, 3, 0.2871464490890503, 0.2340308576822281, 1.9947415590286255
4954663, 3, 0.43615251779556274, 0.35048002004623413, 2.992187976837158
4954663, 3, 0.582919716835022, 0.4664153754711151, 3.9896416664123535
4954663, 3, 0.7339224219322205, 0.5829111337661743, 4.9870734214782715
4954663, 3, 0.8862658739089966, 0.6992318034172058, 5.984524726867676
4954663, 3, 1.0437484979629517, 0.8181124329566956, 6.981921195983887
4954663, 3, 1.1977671384811401, 0.9353466033935547, 7.979395866394043
4954663, 3, 1.3459827899932861, 1.0524983406066895, 8.976825714111328
4954663, 3, 1.4975340366363525, 1.1722633838653564, 9.974255561828613
4954663, 3, 1.6555609703063965, 1.2953293323516846, 10.971595764160156
4954663, 3, 1.8121893405914307, 1.4179025888442993, 11.968952178955078
4954663, 3, 1.967652678489685, 1.5403884649276733, 12.966324806213379
4954663, 3, 2.1166810989379883, 1.6611523628234863, 13.963726997375488
4954663, 3, 2.262359619140625, 1.7789905071258545, 14.96116828918457
4954663, 3, 2.4038093090057373, 1.8957000970840454, 15.95856761932373
4954663, 3, 2.5469882488250732, 2.0154995918273926, 16.955839157104492
4954663, 3, 2.70009183883667, 2.14113187789917, 17.953035354614258
4954663, 3, 2.8559787273406982, 2.27020001411438, 18.9501953125
4954663, 3, 3.0098743438720703, 2.396275043487549, 19.947410583496094
4954663, 3, 3.157540798187256, 2.5161478519439697, 20.94473648071289
4954663, 3, 3.3021676540374756, 2.6356983184814453, 21.942058563232422
4954663, 3, 3.4519619941711426, 2.7575645446777344, 22.93937873840332
4954663, 3, 3.608184337615967, 2.8813817501068115, 23.936674118041992
4954663, 3, 3.7590713500976562, 3.003405809402466, 24.93401527404785
4954663, 3, 3.9150736331939697, 3.124662160873413, 25.931367874145508
4954663, 3, 4.067499160766602, 3.2444002628326416, 26.928796768188477
4954663, 3, 4.216179847717285, 3.361119508743286, 27.926252365112305
4954663, 3, 4.361538887023926, 3.47627329826355, 28.92365074157715
4954663, 3, 4.514745235443115, 3.5917422771453857, 29.921138763427734
4899760, 4, 0.140117809176445, 0.11763018369674683, 0.9970634579658508
4899760, 4, 0.2946205139160156, 0.23347727954387665, 1.9944987297058105
4899760, 4, 0.44774454832077026, 0.3480936288833618, 2.9919707775115967
4899760, 4, 0.6019192337989807, 0.4637890160083771, 3.989414691925049
4899760, 4, 0.7572539448738098, 0.5807135105133057, 4.986810684204102
4899760, 4, 0.9145014882087708, 0.6988160610198975, 5.984145164489746
4899760, 4, 1.0701218843460083, 0.8193718791007996, 6.981480598449707
4899760, 4, 1.228908658027649, 0.9422523975372314, 7.978729724884033
4899760, 4, 1.384233832359314, 1.062972068786621, 8.976056098937988
4899760, 4, 1.5399056673049927, 1.1842201948165894, 9.973356246948242
4899760, 4, 1.6942424774169922, 1.3080260753631592, 10.970566749572754
4899760, 4, 1.8494027853012085, 1.430145263671875, 11.967835426330566
4899760, 4, 2.003272533416748, 1.5509175062179565, 12.965166091918945
4899760, 4, 2.1513373851776123, 1.6725671291351318, 13.962360382080078
4899760, 4, 2.29713773727417, 1.7906407117843628, 14.959600448608398
4899760, 4, 2.4454541206359863, 1.9107760190963745, 15.956696510314941
4899760, 4, 2.6035547256469727, 2.0338563919067383, 16.953895568847656
4899760, 4, 2.7565157413482666, 2.1566386222839355, 17.951133728027344
4899760, 4, 2.9056503772735596, 2.2800636291503906, 18.948270797729492
4899760, 4, 3.0566229820251465, 2.399198055267334, 19.945587158203125
4899760, 4, 3.2105557918548584, 2.51764178276062, 20.942947387695312
4899760, 4, 3.3648488521575928, 2.6384456157684326, 21.940258026123047
4899760, 4, 3.522441864013672, 2.7610034942626953, 22.93753433227539
4899760, 4, 3.68534779548645, 2.884300708770752, 23.934694290161133
4899760, 4, 3.846432685852051, 3.0057764053344727, 24.931915283203125
4899760, 4, 4.006072044372559, 3.1258111000061035, 25.929176330566406
4899760, 4, 4.167212963104248, 3.2436890602111816, 26.926481246948242
4899760, 4, 4.3216705322265625, 3.3593637943267822, 27.92392349243164
4899760, 4, 4.4752607345581055, 3.4775614738464355, 28.92125129699707
4899760, 4, 4.628450870513916, 3.5959901809692383, 29.918548583984375
5262914_2, 5, 0.13085263967514038, 0.13047650456428528, 0.9956727027893066
5262914_2, 5, 0.2823532819747925, 0.25292104482650757, 1.992977499961853
5262914_2, 5, 0.4337306618690491, 0.3747801184654236, 2.990292549133301
5262914_2, 5, 0.567317545413971, 0.5045031905174255, 3.985974073410034
5262914_2, 5, 0.7025201916694641, 0.6338837742805481, 4.981721878051758
5262914_2, 5, 0.8382886648178101, 0.7683530449867249, 5.976879119873047
5262914_2, 5, 0.9741063117980957, 0.902898907661438, 6.972122669219971
5262914_2, 5, 1.1244398355484009, 1.0263780355453491, 7.969375133514404
5262914_2, 5, 1.2739200592041016, 1.1496238708496094, 8.96666145324707
5262914_2, 5, 1.4278759956359863, 1.27450692653656, 9.963959693908691
5262914_2, 5, 1.5711486339569092, 1.4017901420593262, 10.960792541503906
5262914_2, 5, 1.71855890750885, 1.5271270275115967, 11.957878112792969
5262914_2, 5, 1.8656530380249023, 1.650887370109558, 12.954948425292969
5262914_2, 5, 2.024174690246582, 1.7754298448562622, 13.95212173461914
5262914_2, 5, 2.1771833896636963, 1.8968161344528198, 14.94936752319336
5262914_2, 5, 2.327857494354248, 2.017664909362793, 15.946592330932617
5262914_2, 5, 2.4805712699890137, 2.1419668197631836, 16.943714141845703
5262914_2, 5, 2.6404356956481934, 2.2725977897644043, 17.940723419189453
5262914_2, 5, 2.7836499214172363, 2.4030981063842773, 18.93747329711914
5262914_2, 5, 2.931062698364258, 2.5279221534729004, 19.934595108032227
5262914_2, 5, 3.0845043659210205, 2.6525473594665527, 20.931657791137695
5262914_2, 5, 3.236116886138916, 2.7747528553009033, 21.928855895996094
5262914_2, 5, 3.3871631622314453, 2.8964791297912598, 22.92609977722168
5262914_2, 5, 3.5332584381103516, 3.019766092300415, 23.92315673828125
5262914_2, 5, 3.6824095249176025, 3.1438722610473633, 24.920330047607422
5262914_2, 5, 3.8354406356811523, 3.267522096633911, 25.917633056640625
5262914_2, 5, 3.9895803928375244, 3.3912172317504883, 26.91495132446289
5262914_2, 5, 4.142156600952148, 3.5140931606292725, 27.91226577758789
5262914_2, 5, 4.295090198516846, 3.6361539363861084, 28.909582138061523
5262914_2, 5, 4.450048923492432, 3.756967544555664, 29.906953811645508
5216902, 6, 0.15572093427181244, 0.11841129511594772, 0.9973863363265991
5216902, 6, 0.3146076202392578, 0.23676496744155884, 1.9946813583374023
5216902, 6, 0.47479158639907837, 0.3535332679748535, 2.9919989109039307
5216902, 6, 0.633073091506958, 0.4697016477584839, 3.989445924758911
5216902, 6, 0.7894229888916016, 0.5854042768478394, 4.986949920654297
5216902, 6, 0.9456260800361633, 0.7021600008010864, 5.984421730041504
5216902, 6, 1.1070283651351929, 0.8224608898162842, 6.981793403625488
5216902, 6, 1.2718768119812012, 0.9454463720321655, 7.979095458984375
5216902, 6, 1.4363210201263428, 1.0685971975326538, 8.97642707824707
5216902, 6, 1.5985852479934692, 1.1920863389968872, 9.973788261413574
5216902, 6, 1.7572537660598755, 1.3148201704025269, 10.971168518066406
5216902, 6, 1.9188405275344849, 1.437620997428894, 11.968499183654785
5216902, 6, 2.0812339782714844, 1.5595815181732178, 12.965819358825684
5216902, 6, 2.244337797164917, 1.6809279918670654, 13.96308422088623
5216902, 6, 2.4060916900634766, 1.8013966083526611, 14.960318565368652
5216902, 6, 2.5609302520751953, 1.9196773767471313, 15.957683563232422
5216902, 6, 2.713710308074951, 2.0377280712127686, 16.955047607421875
5216902, 6, 2.8614158630371094, 2.1571156978607178, 17.952377319335938
5216902, 6, 3.0107345581054688, 2.2830801010131836, 18.949573516845703
5216902, 6, 3.172415256500244, 2.412452459335327, 19.94658660888672
5216902, 6, 3.328805923461914, 2.5378618240356445, 20.943803787231445
5216902, 6, 3.480362892150879, 2.659437656402588, 21.9410343170166
5216902, 6, 3.6312272548675537, 2.77712345123291, 22.938459396362305
5216902, 6, 3.7876687049865723, 2.896003484725952, 23.935894012451172
5216902, 6, 3.948439359664917, 3.016289234161377, 24.933229446411133
5216902, 6, 4.105163097381592, 3.135443925857544, 25.930675506591797
5216902, 6, 4.263470649719238, 3.2568700313568115, 26.928089141845703
5216902, 6, 4.4271345138549805, 3.3794608116149902, 27.925416946411133
5216902, 6, 4.590684413909912, 3.499817371368408, 28.922813415527344
5216902, 6, 4.750690460205078, 3.619961977005005, 29.920249938964844
5032506, 7, 0.16874198615550995, 0.12469255179166794, 0.9968935251235962
5032506, 7, 0.3364841341972351, 0.24652600288391113, 1.9938750267028809
5032506, 7, 0.4984368085861206, 0.36390751600265503, 2.9912221431732178
5032506, 7, 0.6638700366020203, 0.4824194014072418, 3.9884142875671387
5032506, 7, 0.8313572406768799, 0.6023823618888855, 4.985550403594971
5032506, 7, 0.9929636716842651, 0.7199867367744446, 5.982966423034668
5032506, 7, 1.1560016870498657, 0.8392019867897034, 6.980310440063477
5032506, 7, 1.3235527276992798, 0.9627550840377808, 7.977406978607178
5032506, 7, 1.4929991960525513, 1.0894231796264648, 8.974374771118164
5032506, 7, 1.6631312370300293, 1.216968297958374, 9.971333503723145
5032506, 7, 1.8382216691970825, 1.346615195274353, 10.967975616455078
5032506, 7, 2.011758804321289, 1.4740408658981323, 11.964760780334473
5032506, 7, 2.184910774230957, 1.5999799966812134, 12.9615478515625
5032506, 7, 2.3543546199798584, 1.7244300842285156, 13.958585739135742
5032506, 7, 2.528012275695801, 1.8530519008636475, 14.955394744873047
5032506, 7, 2.6967315673828125, 1.9812204837799072, 15.952470779418945
5032506, 7, 2.8619539737701416, 2.1071324348449707, 16.949596405029297
5032506, 7, 3.024980306625366, 2.231464147567749, 17.946687698364258
5032506, 7, 3.1868717670440674, 2.356881618499756, 18.943801879882812
5032506, 7, 3.353182315826416, 2.483490228652954, 19.940778732299805
5032506, 7, 3.519664764404297, 2.609140157699585, 20.937753677368164
5032506, 7, 3.687124490737915, 2.734574317932129, 21.934720993041992
5032506, 7, 3.859003782272339, 2.861100673675537, 22.931501388549805
5032506, 7, 4.03092098236084, 2.987138032913208, 23.928457260131836
5032506, 7, 4.20607852935791, 3.1155989170074463, 24.925323486328125
5032506, 7, 4.378976821899414, 3.243816375732422, 25.92230987548828
5032506, 7, 4.553284168243408, 3.3709492683410645, 26.919189453125
5032506, 7, 4.724454402923584, 3.495553970336914, 27.91629409790039
5032506, 7, 4.899077892303467, 3.6217384338378906, 28.913246154785156
5032506, 7, 5.0712080001831055, 3.745999813079834, 29.910314559936523
4862367, 8, 0.1481020301580429, 0.12315692752599716, 0.9973031878471375
4862367, 8, 0.30456292629241943, 0.24549978971481323, 1.9945794343948364
4862367, 8, 0.45892471075057983, 0.3656117916107178, 2.991969585418701
4862367, 8, 0.6095209717750549, 0.4833272099494934, 3.989445209503174
4862367, 8, 0.7647990584373474, 0.6026074290275574, 4.98687219619751
4862367, 8, 0.9216434955596924, 0.722257673740387, 5.984264850616455
4862367, 8, 1.0735511779785156, 0.8409817218780518, 6.9817047119140625
4862367, 8, 1.2353097200393677, 0.9641473293304443, 7.97895622253418
4862367, 8, 1.392024278640747, 1.0883671045303345, 8.976313591003418
4862367, 8, 1.5433943271636963, 1.212368130683899, 9.973678588867188
4862367, 8, 1.7021477222442627, 1.3367729187011719, 10.971020698547363
4862367, 8, 1.8633239269256592, 1.4623340368270874, 11.968295097351074
4862367, 8, 2.022960901260376, 1.5878639221191406, 12.965597152709961
4862367, 8, 2.1770505905151367, 1.713628888130188, 13.962913513183594
4862367, 8, 2.332047462463379, 1.8377975225448608, 14.960253715515137
4862367, 8, 2.4796791076660156, 1.9595856666564941, 15.957566261291504
4862367, 8, 2.625950574874878, 2.0782251358032227, 16.954973220825195
4862367, 8, 2.7753703594207764, 2.201314926147461, 17.952255249023438
4862367, 8, 2.9274959564208984, 2.328679084777832, 18.949480056762695
4862367, 8, 3.0761990547180176, 2.4538490772247314, 19.946714401245117
4862367, 8, 3.2264750003814697, 2.576246738433838, 20.944034576416016
4862367, 8, 3.378648281097412, 2.6968841552734375, 21.941415786743164
4862367, 8, 3.5293989181518555, 2.8152341842651367, 22.938873291015625
4862367, 8, 3.6849734783172607, 2.936840057373047, 23.936262130737305
4862367, 8, 3.838346242904663, 3.058793783187866, 24.933666229248047
4862367, 8, 4.002434730529785, 3.183849334716797, 25.930830001831055
4862367, 8, 4.162271976470947, 3.307779550552368, 26.928159713745117
4862367, 8, 4.319113731384277, 3.428337574005127, 27.92558479309082
4862367, 8, 4.478291034698486, 3.5492172241210938, 28.92299461364746
4862367, 8, 4.635124206542969, 3.669754981994629, 29.920427322387695
1144246, 9, 0.16693919897079468, 0.12697367370128632, 0.9969104528427124
1144246, 9, 0.33407384157180786, 0.25311607122421265, 1.9939136505126953
1144246, 9, 0.5149132013320923, 0.38421866297721863, 2.990225315093994
1144246, 9, 0.6950173377990723, 0.5122482180595398, 3.9865975379943848
1144246, 9, 0.8622715473175049, 0.631391167640686, 4.983798027038574
1144246, 9, 1.0247101783752441, 0.7486717700958252, 5.981145858764648
1144246, 9, 1.1836503744125366, 0.8661689162254333, 6.978471755981445
1144246, 9, 1.3424512147903442, 0.9848340749740601, 7.975744247436523
1144246, 9, 1.505801796913147, 1.1052268743515015, 8.972979545593262
1144246, 9, 1.6685315370559692, 1.2261797189712524, 9.970175743103027
1144246, 9, 1.8287222385406494, 1.3471742868423462, 10.967342376708984
1144246, 9, 1.987127661705017, 1.4701776504516602, 11.96429443359375
1144246, 9, 2.146831750869751, 1.5951908826828003, 12.961119651794434
1144246, 9, 2.3081436157226562, 1.722853422164917, 13.957867622375488
1144246, 9, 2.4725849628448486, 1.85306715965271, 14.954499244689941
1144246, 9, 2.638150215148926, 1.9820754528045654, 15.951167106628418
1144246, 9, 2.8023383617401123, 2.1074299812316895, 16.947996139526367
1144246, 9, 2.9649641513824463, 2.2291369438171387, 17.945030212402344
1144246, 9, 3.1315011978149414, 2.3502297401428223, 18.942094802856445
1144246, 9, 3.319261074066162, 2.480196237564087, 19.937969207763672
1144246, 9, 3.5025787353515625, 2.6081387996673584, 20.934263229370117
1144246, 9, 3.6844372749328613, 2.7351813316345215, 21.930681228637695
1144246, 9, 3.860391139984131, 2.862046718597412, 22.92743492126465
1144246, 9, 4.029686450958252, 2.9901740550994873, 23.924253463745117
1144246, 9, 4.201723098754883, 3.119647979736328, 24.92101287841797
1144246, 9, 4.373985290527344, 3.2490968704223633, 25.917804718017578
1144246, 9, 4.542713165283203, 3.3780391216278076, 26.914674758911133
1144246, 9, 4.708427429199219, 3.505849838256836, 27.911577224731445
1144246, 9, 4.877608299255371, 3.6323697566986084, 28.90854263305664
1144246, 9, 5.04818058013916, 3.757465362548828, 29.905452728271484
4841237, 10, 0.1629161387681961, 0.12580269575119019, 0.9971768856048584
4841237, 10, 0.31568643450737, 0.24856357276439667, 1.9944758415222168
4841237, 10, 0.4569052755832672, 0.3726276457309723, 2.9911715984344482
4841237, 10, 0.5993568301200867, 0.49486643075942993, 3.987977981567383
4841237, 10, 0.759006142616272, 0.6156861782073975, 4.985335350036621
4841237, 10, 0.9155031442642212, 0.7381744384765625, 5.982632160186768
4841237, 10, 1.0773825645446777, 0.8611381649971008, 6.979955673217773
4841237, 10, 1.2427436113357544, 0.9851464629173279, 7.9772443771362305
4841237, 10, 1.4058268070220947, 1.108695149421692, 8.974556922912598
4841237, 10, 1.5693198442459106, 1.2321664094924927, 9.971868515014648
4841237, 10, 1.7326205968856812, 1.357292890548706, 10.969138145446777
4841237, 10, 1.8977789878845215, 1.485356330871582, 11.966341018676758
4841237, 10, 2.0608510971069336, 1.614030122756958, 12.963526725769043
4841237, 10, 2.222712755203247, 1.742909550666809, 13.960631370544434
4841237, 10, 2.392462968826294, 1.873731017112732, 14.957769393920898
4841237, 10, 2.5638301372528076, 2.0040955543518066, 15.954885482788086
4841237, 10, 2.728891611099243, 2.130032539367676, 16.952072143554688
4841237, 10, 2.8921027183532715, 2.2526445388793945, 17.94929313659668
4841237, 10, 3.057037115097046, 2.3750593662261963, 18.946455001831055
4841237, 10, 3.2180402278900146, 2.496424674987793, 19.943769454956055
4841237, 10, 3.376544952392578, 2.6151084899902344, 20.941190719604492
4841237, 10, 3.53560733795166, 2.736562728881836, 21.93855094909668
4841237, 10, 3.7033684253692627, 2.8626627922058105, 22.93575096130371
4841237, 10, 3.875763416290283, 2.9937055110931396, 23.932857513427734
4841237, 10, 4.046467304229736, 3.1251678466796875, 24.93000602722168
4841237, 10, 4.216031551361084, 3.2531285285949707, 25.92721939086914
4841237, 10, 4.375691890716553, 3.378814935684204, 26.92449188232422
4841237, 10, 4.543557167053223, 3.506261110305786, 27.921730041503906
4841237, 10, 4.712612628936768, 3.63493013381958, 28.918916702270508
4841237, 10, 4.882476806640625, 3.762127637863159, 29.916107177734375
4151265, 11, 0.1699664443731308, 0.12770923972129822, 0.9968557357788086
4151265, 11, 0.33916252851486206, 0.2547268569469452, 1.9938756227493286
4151265, 11, 0.516002357006073, 0.3860112428665161, 2.9903554916381836
4151265, 11, 0.6909002065658569, 0.5152112245559692, 3.9870059490203857
4151265, 11, 0.8584257960319519, 0.640070378780365, 4.984194755554199
4151265, 11, 1.0299034118652344, 0.7665758728981018, 5.981255054473877
4151265, 11, 1.2008484601974487, 0.8933336138725281, 6.978404521942139
4151265, 11, 1.3739506006240845, 1.0226025581359863, 7.975488662719727
4151265, 11, 1.5475913286209106, 1.1528586149215698, 8.972498893737793
4151265, 11, 1.7184886932373047, 1.2826480865478516, 9.969619750976562
4151265, 11, 1.8916295766830444, 1.4130914211273193, 10.96668815612793
4151265, 11, 2.0659844875335693, 1.543008804321289, 11.963666915893555
4151265, 11, 2.2352406978607178, 1.6701644659042358, 12.960862159729004
4151265, 11, 2.4036483764648438, 1.796954870223999, 13.958060264587402
4151265, 11, 2.5725467205047607, 1.9227941036224365, 14.955224990844727
4151265, 11, 2.740800142288208, 2.0487377643585205, 15.952375411987305
4151265, 11, 2.90535569190979, 2.17374324798584, 16.94959831237793
4151265, 11, 3.066934823989868, 2.2982537746429443, 17.946884155273438
4151265, 11, 3.2272138595581055, 2.425053358078003, 18.944129943847656
4151265, 11, 3.3911685943603516, 2.5530202388763428, 19.941267013549805
4151265, 11, 3.5520496368408203, 2.6781885623931885, 20.938554763793945
4151265, 11, 3.713536262512207, 2.800091505050659, 21.935855865478516
4151265, 11, 3.880350112915039, 2.9232006072998047, 22.932933807373047
4151265, 11, 4.043218612670898, 3.0467751026153564, 23.93027114868164
4151265, 11, 4.208891868591309, 3.174159526824951, 24.927562713623047
4151265, 11, 4.378453731536865, 3.303363561630249, 25.924724578857422
4151265, 11, 4.5475077629089355, 3.431884527206421, 26.921894073486328
4151265, 11, 4.712790012359619, 3.5585134029388428, 27.919193267822266
4151265, 11, 4.876730442047119, 3.683777093887329, 28.916536331176758
4151265, 11, 5.0446858406066895, 3.8103063106536865, 29.913799285888672
4741590, 12, 0.14095669984817505, 0.11955229938030243, 0.9970267415046692
4741590, 12, 0.2870040535926819, 0.23650266230106354, 1.9943907260894775
4741590, 12, 0.42964285612106323, 0.35351961851119995, 2.99159836769104
4741590, 12, 0.5740151405334473, 0.471186101436615, 3.988787889480591
4741590, 12, 0.719627857208252, 0.5877726078033447, 4.986038684844971
4741590, 12, 0.8634696006774902, 0.706484317779541, 5.983114719390869
4741590, 12, 1.0155484676361084, 0.8250619173049927, 6.98049783706665
4741590, 12, 1.156571388244629, 0.9470605254173279, 7.977047920227051
4741590, 12, 1.302698016166687, 1.06576406955719, 8.974156379699707
4741590, 12, 1.4367499351501465, 1.1923344135284424, 9.969918251037598
4741590, 12, 1.5701005458831787, 1.3240044116973877, 10.965246200561523
4741590, 12, 1.7081269025802612, 1.4522901773452759, 11.961215019226074
4741590, 12, 1.8505126237869263, 1.5766810178756714, 12.957778930664062
4741590, 12, 1.9889237880706787, 1.7030727863311768, 13.953757286071777
4741590, 12, 2.126739025115967, 1.8278295993804932, 14.950019836425781
4741590, 12, 2.2634053230285645, 1.953908920288086, 15.946012496948242
4741590, 12, 2.4079129695892334, 2.076342821121216, 16.942821502685547
4741590, 12, 2.541785717010498, 2.2043979167938232, 17.938444137573242
4741590, 12, 2.689866542816162, 2.331458806991577, 18.935272216796875
4741590, 12, 2.841421127319336, 2.459116220474243, 19.932308197021484
4741590, 12, 2.9869863986968994, 2.587689161300659, 20.928815841674805
4741590, 12, 3.134673833847046, 2.708897829055786, 21.925756454467773
4741590, 12, 3.28365421295166, 2.8287861347198486, 22.92293357849121
4741590, 12, 3.4307758808135986, 2.948601484298706, 23.919960021972656
4741590, 12, 3.572418451309204, 3.0703577995300293, 24.91645622253418
4741590, 12, 3.7142064571380615, 3.1909682750701904, 25.9132137298584
4741590, 12, 3.86575984954834, 3.309694290161133, 26.91057014465332
4741590, 12, 4.013956069946289, 3.4297027587890625, 27.907678604125977
4741590, 12, 4.161126613616943, 3.550082206726074, 28.90477180480957
4741590, 12, 4.308765888214111, 3.672349214553833, 29.90176773071289
4669030, 13, 0.1635182797908783, 0.12579701840877533, 0.9968245625495911
4669030, 13, 0.3280811905860901, 0.2506822943687439, 1.9937055110931396
4669030, 13, 0.4952467083930969, 0.3755682110786438, 2.990544557571411
4669030, 13, 0.6578254103660583, 0.4977722764015198, 3.987720489501953
4669030, 13, 0.8158349394798279, 0.621380627155304, 4.984955310821533
4669030, 13, 0.9767878651618958, 0.7462049722671509, 5.982195854187012
4669030, 13, 1.1415953636169434, 0.8707876801490784, 6.97943115234375
4669030, 13, 1.3092907667160034, 0.9958866238594055, 7.976602554321289
4669030, 13, 1.4752066135406494, 1.1214714050292969, 8.973841667175293
4669030, 13, 1.645134687423706, 1.249035120010376, 9.970932006835938
4669030, 13, 1.8092621564865112, 1.3744052648544312, 10.968241691589355
4669030, 13, 1.9772205352783203, 1.5005466938018799, 11.96546745300293
4669030, 13, 2.1436731815338135, 1.6286662817001343, 12.96268081665039
4669030, 13, 2.314030408859253, 1.760979413986206, 13.959657669067383
4669030, 13, 2.4783899784088135, 1.8889870643615723, 14.956836700439453
4669030, 13, 2.6444928646087646, 2.014360189437866, 15.953895568847656
4669030, 13, 2.8004262447357178, 2.1325957775115967, 16.951290130615234
4669030, 13, 2.950758218765259, 2.2504630088806152, 17.948726654052734
4669030, 13, 3.1110167503356934, 2.3748939037323, 18.94595718383789
4669030, 13, 3.277061700820923, 2.502145767211914, 19.943056106567383
4669030, 13, 3.4440267086029053, 2.6281161308288574, 20.940027236938477
4669030, 13, 3.60209059715271, 2.7495131492614746, 21.937334060668945
4669030, 13, 3.763251543045044, 2.872476100921631, 22.934587478637695
4669030, 13, 3.9208741188049316, 2.995926856994629, 23.93192481994629
4669030, 13, 4.078289031982422, 3.1227800846099854, 24.929136276245117
4669030, 13, 4.242065906524658, 3.2501320838928223, 25.92641258239746
4669030, 13, 4.405704021453857, 3.3763270378112793, 26.923709869384766
4669030, 13, 4.565348148345947, 3.50212025642395, 27.92102813720703
4669030, 13, 4.725804328918457, 3.629695415496826, 28.918270111083984
4669030, 13, 4.890893459320068, 3.759047508239746, 29.915485382080078
4876648, 14, 0.15970595180988312, 0.12060344219207764, 0.9972094297409058
4876648, 14, 0.31810712814331055, 0.23937904834747314, 1.9945217370986938
4876648, 14, 0.47328945994377136, 0.35678064823150635, 2.9919793605804443
4876648, 14, 0.629405677318573, 0.4749951958656311, 3.989422082901001
4876648, 14, 0.7911163568496704, 0.5968482494354248, 4.986706256866455
4876648, 14, 0.9458489418029785, 0.7171353101730347, 5.984139442443848
4876648, 14, 1.1058131456375122, 0.8378748893737793, 6.981479167938232
4876648, 14, 1.2622807025909424, 0.9597216844558716, 7.978882312774658
4876648, 14, 1.420634150505066, 1.084580421447754, 8.976240158081055
4876648, 14, 1.5790164470672607, 1.209966778755188, 9.973578453063965
4876648, 14, 1.7376420497894287, 1.335196614265442, 10.970905303955078
4876648, 14, 1.8981233835220337, 1.4604339599609375, 11.968214988708496
4876648, 14, 2.064971923828125, 1.5873879194259644, 12.96529483795166
4876648, 14, 2.2288379669189453, 1.7144273519515991, 13.962457656860352
4876648, 14, 2.3868651390075684, 1.8396961688995361, 14.959732055664062
4876648, 14, 2.5415754318237305, 1.9615811109542847, 15.957006454467773
4876648, 14, 2.687620162963867, 2.0778677463531494, 16.95441436767578
4876648, 14, 2.837224245071411, 2.1975202560424805, 17.951753616333008
4876648, 14, 2.991560935974121, 2.320136070251465, 18.94908332824707
4876648, 14, 3.138880729675293, 2.4398417472839355, 19.94645118713379
4876648, 14, 3.280522108078003, 2.5601563453674316, 20.943572998046875
4876648, 14, 3.4341189861297607, 2.683537006378174, 21.94091033935547
4876648, 14, 3.591665506362915, 2.8110814094543457, 22.93819236755371
4876648, 14, 3.7534639835357666, 2.9401395320892334, 23.935449600219727
4876648, 14, 3.9067270755767822, 3.0664234161376953, 24.932674407958984
4876648, 14, 4.064850807189941, 3.1908421516418457, 25.93003273010254
4876648, 14, 4.220684051513672, 3.31364107131958, 26.92744255065918
4876648, 14, 4.379236698150635, 3.435992956161499, 27.924829483032227
4876648, 14, 4.536735534667969, 3.5582993030548096, 28.9222469329834
4876648, 14, 4.698857307434082, 3.6820595264434814, 29.9195613861084
4762480, 15, 0.15174221992492676, 0.12620799243450165, 0.9972124099731445
4762480, 15, 0.3074054718017578, 0.2502579092979431, 1.9944971799850464
4762480, 15, 0.4592963457107544, 0.3716483414173126, 2.991814613342285
4762480, 15, 0.6112877130508423, 0.4920172095298767, 3.9891767501831055
4762480, 15, 0.763012170791626, 0.6109558939933777, 4.986555576324463
4762480, 15, 0.9200451970100403, 0.7323247194290161, 5.983912467956543
4762480, 15, 1.0728949308395386, 0.8543198108673096, 6.981110095977783
4762480, 15, 1.2279760837554932, 0.9762217402458191, 7.9783806800842285
4762480, 15, 1.3779133558273315, 1.098154902458191, 8.975449562072754
4762480, 15, 1.5331284999847412, 1.2225937843322754, 9.972668647766113
4762480, 15, 1.6877375841140747, 1.3498649597167969, 10.969837188720703
4762480, 15, 1.841222882270813, 1.4761691093444824, 11.967057228088379
4762480, 15, 1.9884674549102783, 1.598616361618042, 12.964231491088867
4762480, 15, 2.135667085647583, 1.7199242115020752, 13.961467742919922
4762480, 15, 2.283886432647705, 1.8435039520263672, 14.958661079406738
4762480, 15, 2.433272361755371, 1.9670072793960571, 15.955915451049805
4762480, 15, 2.5748789310455322, 2.0886027812957764, 16.952882766723633
4762480, 15, 2.71968674659729, 2.2095656394958496, 17.95003890991211
4762480, 15, 2.8613996505737305, 2.3355939388275146, 18.946712493896484
4762480, 15, 3.007032871246338, 2.4622225761413574, 19.94378662109375
4762480, 15, 3.156834125518799, 2.5875566005706787, 20.940929412841797
4762480, 15, 3.302541732788086, 2.710202693939209, 21.93800163269043
4762480, 15, 3.447807550430298, 2.8314287662506104, 22.935134887695312
4762480, 15, 3.593759298324585, 2.9512791633605957, 23.93243408203125
4762480, 15, 3.7326595783233643, 3.0752062797546387, 24.929014205932617
4762480, 15, 3.8825042247772217, 3.198127269744873, 25.926179885864258
4762480, 15, 4.031151294708252, 3.3252010345458984, 26.922988891601562
4762480, 15, 4.179491996765137, 3.450085163116455, 27.919906616210938
4762480, 15, 4.331370830535889, 3.5715315341949463, 28.917078018188477
4762480, 15, 4.484266757965088, 3.6922876834869385, 29.91426658630371
5050023, 16, 0.14833778142929077, 0.12283182144165039, 0.9972807765007019
5050023, 16, 0.2979133725166321, 0.24653780460357666, 1.9945399761199951
5050023, 16, 0.4499474763870239, 0.371059387922287, 2.9917850494384766
5050023, 16, 0.6047887802124023, 0.49652671813964844, 3.989013671875
5050023, 16, 0.757659375667572, 0.6202844381332397, 4.986298084259033
5050023, 16, 0.9114543199539185, 0.7436315417289734, 5.983602523803711
5050023, 16, 1.0651614665985107, 0.8656774163246155, 6.980926990509033
5050023, 16, 1.218283772468567, 0.9866780042648315, 7.978266716003418
5050023, 16, 1.3769991397857666, 1.1088368892669678, 8.975602149963379
5050023, 16, 1.5267823934555054, 1.231079339981079, 9.972779273986816
5050023, 16, 1.6787863969802856, 1.3514041900634766, 10.970138549804688
5050023, 16, 1.8278261423110962, 1.4691416025161743, 11.967531204223633
5050023, 16, 1.9753799438476562, 1.5863044261932373, 12.96489429473877
5050023, 16, 2.1230268478393555, 1.704036831855774, 13.962291717529297
5050023, 16, 2.2682769298553467, 1.8198559284210205, 14.959768295288086
5050023, 16, 2.413080930709839, 1.9363410472869873, 15.957222938537598
5050023, 16, 2.5519237518310547, 2.0568482875823975, 16.954410552978516
5050023, 16, 2.695322275161743, 2.181021213531494, 17.951629638671875
5050023, 16, 2.8429601192474365, 2.304922103881836, 18.948898315429688
5050023, 16, 2.989773750305176, 2.4248597621917725, 19.94622230529785
5050023, 16, 3.1364216804504395, 2.548090696334839, 20.943387985229492
5050023, 16, 3.2804453372955322, 2.6762919425964355, 21.94000816345215
5050023, 16, 3.433199167251587, 2.8015518188476562, 22.93712043762207
5050023, 16, 3.585503339767456, 2.9255688190460205, 23.934341430664062
5050023, 16, 3.737165689468384, 3.0482864379882812, 24.931608200073242
5050023, 16, 3.887983560562134, 3.1726372241973877, 25.92876625061035
5050023, 16, 4.036527633666992, 3.2981326580047607, 26.92580223083496
5050023, 16, 4.189264297485352, 3.424128532409668, 27.9229793548584
5050023, 16, 4.341511249542236, 3.5491254329681396, 28.92020606994629
5050023, 16, 4.50059175491333, 3.6717844009399414, 29.917537689208984
4794215, 17, 0.14845462143421173, 0.12236577272415161, 0.9972630143165588
4794215, 17, 0.29686692357063293, 0.2417040318250656, 1.994657278060913
4794215, 17, 0.4422221779823303, 0.3595661520957947, 2.992061138153076
4794215, 17, 0.5881657600402832, 0.4771454930305481, 3.989482879638672
4794215, 17, 0.731675922870636, 0.5960046648979187, 4.986685752868652
4794215, 17, 0.8787893056869507, 0.7148670554161072, 5.984037399291992
4794215, 17, 1.0212733745574951, 0.8327273726463318, 6.981326103210449
4794215, 17, 1.166505217552185, 0.9526349902153015, 7.978631019592285
4794215, 17, 1.3093953132629395, 1.0748096704483032, 8.975776672363281
4794215, 17, 1.4566898345947266, 1.1967556476593018, 9.973114013671875
4794215, 17, 1.6040924787521362, 1.3188307285308838, 10.970460891723633
4794215, 17, 1.751409649848938, 1.4405428171157837, 11.967827796936035
4794215, 17, 1.89726984500885, 1.5622813701629639, 12.965158462524414
4794215, 17, 2.038949966430664, 1.6840238571166992, 13.962385177612305
4794215, 17, 2.182762384414673, 1.8049201965332031, 14.959712028503418
4794215, 17, 2.3226397037506104, 1.9231775999069214, 15.957066535949707
4794215, 17, 2.462050676345825, 2.0456485748291016, 16.954132080078125
4794215, 17, 2.60630464553833, 2.1748759746551514, 17.951108932495117
4794215, 17, 2.7567942142486572, 2.3063738346099854, 18.948190689086914
4794215, 17, 2.9086480140686035, 2.436378002166748, 19.94530487060547
4794215, 17, 3.0597662925720215, 2.5652482509613037, 20.94233512878418
4794215, 17, 3.205932855606079, 2.69026517868042, 21.9394474029541
4794215, 17, 3.353748083114624, 2.8138821125030518, 22.93669891357422
4794215, 17, 3.501559019088745, 2.934671640396118, 23.934049606323242
4794215, 17, 3.649885892868042, 3.0546305179595947, 24.931413650512695
4794215, 17, 3.79805326461792, 3.1762001514434814, 25.928720474243164
4794215, 17, 3.946028470993042, 3.2983908653259277, 26.92599868774414
4794215, 17, 4.097021102905273, 3.420560836791992, 27.923381805419922
4794215, 17, 4.248616695404053, 3.54266619682312, 28.920764923095703
4794215, 17, 4.406710147857666, 3.6650145053863525, 29.91814613342285
5194805_2, 18, 0.1451144814491272, 0.12220500409603119, 0.9970020651817322
5194805_2, 18, 0.287422239780426, 0.24247577786445618, 1.9939560890197754
5194805_2, 18, 0.430286169052124, 0.3619287312030792, 2.9910168647766113
5194805_2, 18, 0.5790432095527649, 0.4804537296295166, 3.988318920135498
5194805_2, 18, 0.7244455814361572, 0.6008005142211914, 4.985368251800537
5194805_2, 18, 0.8697641491889954, 0.7226589322090149, 5.982300281524658
5194805_2, 18, 1.0160000324249268, 0.8468791842460632, 6.979187488555908
5194805_2, 18, 1.1625865697860718, 0.9719799757003784, 7.976123809814453
5194805_2, 18, 1.3185442686080933, 1.0962446928024292, 8.973388671875
5194805_2, 18, 1.4763734340667725, 1.2221956253051758, 9.970601081848145
5194805_2, 18, 1.6289477348327637, 1.3508102893829346, 10.967568397521973
5194805_2, 18, 1.778870940208435, 1.4786871671676636, 11.964499473571777
5194805_2, 18, 1.9389147758483887, 1.6055771112442017, 12.961658477783203
5194805_2, 18, 2.090487480163574, 1.7293388843536377, 13.958807945251465
5194805_2, 18, 2.2399516105651855, 1.8499696254730225, 14.956028938293457
5194805_2, 18, 2.391850709915161, 1.971320390701294, 15.953189849853516
5194805_2, 18, 2.5396788120269775, 2.0942628383636475, 16.95014190673828
5194805_2, 18, 2.6995625495910645, 2.2218434810638428, 17.947181701660156
5194805_2, 18, 2.8618483543395996, 2.3491594791412354, 18.944229125976562
5194805_2, 18, 3.027339458465576, 2.475649356842041, 19.941272735595703
5194805_2, 18, 3.1827714443206787, 2.6020195484161377, 20.93836212158203
5194805_2, 18, 3.340765953063965, 2.7282016277313232, 21.935468673706055
5194805_2, 18, 3.494089365005493, 2.8535852432250977, 22.93256950378418
5194805_2, 18, 3.6529781818389893, 2.9790139198303223, 23.929765701293945
5194805_2, 18, 3.8100428581237793, 3.1021742820739746, 24.926973342895508
5194805_2, 18, 3.9570765495300293, 3.2243804931640625, 25.92390251159668
5194805_2, 18, 4.117495536804199, 3.3480231761932373, 26.921144485473633
5194805_2, 18, 4.271842956542969, 3.4718782901763916, 27.918277740478516
5194805_2, 18, 4.415219783782959, 3.5978479385375977, 28.914709091186523
5194805_2, 18, 4.5686421394348145, 3.7198476791381836, 29.9118709564209
4820624, 19, 0.15568174421787262, 0.1266164630651474, 0.9972813725471497
4820624, 19, 0.31301450729370117, 0.25003212690353394, 1.9946255683898926
4820624, 19, 0.4691382050514221, 0.37120941281318665, 2.992037773132324
4820624, 19, 0.6227807998657227, 0.4915326237678528, 3.989469528198242
4820624, 19, 0.7776320576667786, 0.6123661398887634, 4.986892223358154
4820624, 19, 0.9318596720695496, 0.7330005168914795, 5.9843244552612305
4820624, 19, 1.0922095775604248, 0.8549849390983582, 6.981660842895508
4820624, 19, 1.2496055364608765, 0.978348970413208, 7.9790167808532715
4820624, 19, 1.4095081090927124, 1.1043381690979004, 8.976318359375
4820624, 19, 1.5693117380142212, 1.2286416292190552, 9.973638534545898
4820624, 19, 1.7264704704284668, 1.350993037223816, 10.971009254455566
4820624, 19, 1.8835095167160034, 1.4732098579406738, 11.96837043762207
4820624, 19, 2.0414934158325195, 1.5955007076263428, 12.965685844421387
4820624, 19, 2.1963465213775635, 1.7183713912963867, 13.96302604675293
4820624, 19, 2.348702907562256, 1.8394731283187866, 14.960396766662598
4820624, 19, 2.497812032699585, 1.9569342136383057, 15.957836151123047
4820624, 19, 2.6455044746398926, 2.074143886566162, 16.955257415771484
4820624, 19, 2.792778253555298, 2.195358991622925, 17.95254898071289
4820624, 19, 2.9444639682769775, 2.319960117340088, 18.949810028076172
4820624, 19, 3.100733995437622, 2.4425737857818604, 19.94709587097168
4820624, 19, 3.2478721141815186, 2.561552047729492, 20.944435119628906
4820624, 19, 3.398451328277588, 2.6813838481903076, 21.941844940185547
4820624, 19, 3.5491881370544434, 2.8029420375823975, 22.939218521118164
4820624, 19, 3.7093517780303955, 2.928133487701416, 23.93654441833496
4820624, 19, 3.8746206760406494, 3.0553085803985596, 24.93379020690918
4820624, 19, 4.037583827972412, 3.17997670173645, 25.931129455566406
4820624, 19, 4.197353363037109, 3.304333209991455, 26.928503036499023
4820624, 19, 4.36074686050415, 3.430185556411743, 27.92579460144043
4820624, 19, 4.527101993560791, 3.5574655532836914, 28.923019409179688
4820624, 19, 4.68996000289917, 3.6841771602630615, 29.920307159423828
4733553, 20, 0.13812485337257385, 0.12055142223834991, 0.9967169761657715
4733553, 20, 0.2779619097709656, 0.2386873960494995, 1.9937429428100586
4733553, 20, 0.41520506143569946, 0.35655131936073303, 2.9906511306762695
4733553, 20, 0.5548277497291565, 0.4763791561126709, 3.9876561164855957
4733553, 20, 0.6925368905067444, 0.5983898639678955, 4.984427452087402
4733553, 20, 0.8329697847366333, 0.7208147048950195, 5.981388092041016
4733553, 20, 0.9735230207443237, 0.8445056080818176, 6.978300094604492
4733553, 20, 1.1161442995071411, 0.9682750701904297, 7.975359916687012
4733553, 20, 1.258184790611267, 1.094224214553833, 8.972333908081055
4733553, 20, 1.3997557163238525, 1.2210756540298462, 9.969253540039062
4733553, 20, 1.5417346954345703, 1.3478178977966309, 10.966045379638672
4733553, 20, 1.6869360208511353, 1.4733353853225708, 11.963005065917969
4733553, 20, 1.8248976469039917, 1.5953246355056763, 12.95976448059082
4733553, 20, 1.9634722471237183, 1.7181707620620728, 13.956541061401367
4733553, 20, 2.1032660007476807, 1.8442273139953613, 14.953256607055664
4733553, 20, 2.244828701019287, 1.970320701599121, 15.949886322021484
4733553, 20, 2.3895058631896973, 2.099489688873291, 16.94666290283203
4733553, 20, 2.539006471633911, 2.2269790172576904, 17.94371223449707
4733553, 20, 2.687811851501465, 2.3557944297790527, 18.94070816040039
4733553, 20, 2.8315560817718506, 2.4824013710021973, 19.937538146972656
4733553, 20, 2.975907325744629, 2.608271837234497, 20.934389114379883
4733553, 20, 3.1220126152038574, 2.733729839324951, 21.931264877319336
4733553, 20, 3.2683684825897217, 2.859890937805176, 22.928131103515625
4733553, 20, 3.416240692138672, 2.9866228103637695, 23.924972534179688
4733553, 20, 3.560575485229492, 3.1132187843322754, 24.921611785888672
4733553, 20, 3.7069320678710938, 3.2388360500335693, 25.91842269897461
4733553, 20, 3.8579154014587402, 3.3634848594665527, 26.91546630859375
4733553, 20, 4.006042003631592, 3.4885239601135254, 27.912321090698242
4733553, 20, 4.155579090118408, 3.6113085746765137, 28.909391403198242
4733553, 20, 4.306994438171387, 3.731825828552246, 29.90662384033203
5036311, 21, 0.16427062451839447, 0.12513791024684906, 0.9969230890274048
5036311, 21, 0.33681321144104004, 0.2543807923793793, 1.9933617115020752
5036311, 21, 0.50404953956604, 0.38033950328826904, 2.9902853965759277
5036311, 21, 0.6696336269378662, 0.5059946775436401, 3.9873600006103516
5036311, 21, 0.8396060466766357, 0.6327338218688965, 4.984316825866699
5036311, 21, 1.017592191696167, 0.7625501155853271, 5.980778694152832
5036311, 21, 1.1949671506881714, 0.8907730579376221, 6.977355480194092
5036311, 21, 1.37132728099823, 1.017789363861084, 7.974073886871338
5036311, 21, 1.54683518409729, 1.1457781791687012, 8.970854759216309
5036311, 21, 1.7228195667266846, 1.2747727632522583, 9.96767807006836
5036311, 21, 1.9006577730178833, 1.4055242538452148, 10.964268684387207
5036311, 21, 2.0714151859283447, 1.5335661172866821, 11.961183547973633
5036311, 21, 2.236900568008423, 1.6594749689102173, 12.958287239074707
5036311, 21, 2.410172462463379, 1.78639817237854, 13.955057144165039
5036311, 21, 2.5796871185302734, 1.909874439239502, 14.952042579650879
5036311, 21, 2.756671190261841, 2.0387392044067383, 15.948493957519531
5036311, 21, 2.925581932067871, 2.164804220199585, 16.945430755615234
5036311, 21, 3.0987131595611572, 2.2924132347106934, 17.94221305847168
5036311, 21, 3.269840717315674, 2.421247959136963, 18.939163208007812
5036311, 21, 3.4476704597473145, 2.553109884262085, 19.93575668334961
5036311, 21, 3.618478536605835, 2.681323766708374, 20.932592391967773
5036311, 21, 3.788168430328369, 2.807583808898926, 21.929309844970703
5036311, 21, 3.959376811981201, 2.9333808422088623, 22.926063537597656
5036311, 21, 4.126965522766113, 3.0581188201904297, 23.923128128051758
5036311, 21, 4.294583797454834, 3.184170722961426, 24.920164108276367
5036311, 21, 4.46422004699707, 3.311455249786377, 25.91722297668457
5036311, 21, 4.633306980133057, 3.4397475719451904, 26.91435432434082
5036311, 21, 4.8035383224487305, 3.5695347785949707, 27.91143035888672
5036311, 21, 4.966859817504883, 3.697234869003296, 28.908540725708008
5036311, 21, 5.1293745040893555, 3.8220274448394775, 29.90574836730957
4739356, 22, 0.15745793282985687, 0.12197525799274445, 0.9973344802856445
4739356, 22, 0.31718531250953674, 0.2434903085231781, 1.994617223739624
4739356, 22, 0.4703827500343323, 0.3629153370857239, 2.992070436477661
4739356, 22, 0.6281667351722717, 0.48303213715553284, 3.9894795417785645
4739356, 22, 0.7906041741371155, 0.6046797633171082, 4.986793041229248
4739356, 22, 0.9562795162200928, 0.7278156876564026, 5.984021186828613
4739356, 22, 1.12410569190979, 0.8534520864486694, 6.981204032897949
4739356, 22, 1.2934632301330566, 0.9796279668807983, 7.978278636932373
4739356, 22, 1.456904411315918, 1.1036920547485352, 8.975567817687988
4739356, 22, 1.6177791357040405, 1.228871464729309, 9.972917556762695
4739356, 22, 1.7890230417251587, 1.3596998453140259, 10.969881057739258
4739356, 22, 1.9535422325134277, 1.487741231918335, 11.967114448547363
4739356, 22, 2.1139519214630127, 1.6134514808654785, 12.964431762695312
4739356, 22, 2.272785186767578, 1.7359964847564697, 13.961793899536133
4739356, 22, 2.4291374683380127, 1.8571258783340454, 14.959199905395508
4739356, 22, 2.5885653495788574, 1.9808526039123535, 15.956473350524902
4739356, 22, 2.743905544281006, 2.1033380031585693, 16.953760147094727
4739356, 22, 2.900907039642334, 2.229459762573242, 17.95091438293457
4739356, 22, 3.0512218475341797, 2.355503797531128, 18.948184967041016
4739356, 22, 3.201766014099121, 2.47904372215271, 19.945472717285156
4739356, 22, 3.355670690536499, 2.601077079772949, 20.942731857299805
4739356, 22, 3.5088951587677, 2.7214362621307373, 21.94007682800293
4739356, 22, 3.6640090942382812, 2.843803882598877, 22.93740463256836
4739356, 22, 3.818936586380005, 2.966472864151001, 23.93476676940918
4739356, 22, 3.981987476348877, 3.0912230014801025, 24.931888580322266
4739356, 22, 4.138393878936768, 3.2152814865112305, 25.929248809814453
4739356, 22, 4.30003547668457, 3.342684507369995, 26.926504135131836
4739356, 22, 4.45768928527832, 3.4680187702178955, 27.923837661743164
4739356, 22, 4.610999584197998, 3.5901246070861816, 28.921253204345703
4739356, 22, 4.766698360443115, 3.711298942565918, 29.918685913085938
5125441, 23, 0.15797169506549835, 0.12702766060829163, 0.9972284436225891
5125441, 23, 0.32197076082229614, 0.2561257779598236, 1.9942781925201416
5125441, 23, 0.48898184299468994, 0.38630491495132446, 2.991274356842041
5125441, 23, 0.6551127433776855, 0.5161184072494507, 3.988347053527832
5125441, 23, 0.8156613111495972, 0.6440472602844238, 4.9855852127075195
5125441, 23, 0.9752899408340454, 0.7714380621910095, 5.982852935791016
5125441, 23, 1.134004831314087, 0.8998700380325317, 6.980093955993652
5125441, 23, 1.2902319431304932, 1.0298287868499756, 7.977298736572266
5125441, 23, 1.443041443824768, 1.1601152420043945, 8.974420547485352
5125441, 23, 1.5962544679641724, 1.2882087230682373, 9.971633911132812
5125441, 23, 1.756956696510315, 1.416086196899414, 10.968881607055664
5125441, 23, 1.9206360578536987, 1.544822335243225, 11.966021537780762
5125441, 23, 2.080369472503662, 1.6718709468841553, 12.96327018737793
5125441, 23, 2.2458016872406006, 1.798446774482727, 13.960272789001465
5125441, 23, 2.404520034790039, 1.9218250513076782, 14.957559585571289
5125441, 23, 2.5631701946258545, 2.046680212020874, 15.954797744750977
5125441, 23, 2.7212274074554443, 2.1706347465515137, 16.952041625976562
5125441, 23, 2.8754501342773438, 2.2929039001464844, 17.949356079101562
5125441, 23, 3.030170440673828, 2.4141292572021484, 18.946731567382812
5125441, 23, 3.184854507446289, 2.535628318786621, 19.9440860748291
5125441, 23, 3.3406903743743896, 2.657848358154297, 20.941354751586914
5125441, 23, 3.4983651638031006, 2.7815370559692383, 21.93863296508789
5125441, 23, 3.6625587940216064, 2.9104197025299072, 22.93582534790039
5125441, 23, 3.8246910572052, 3.042020559310913, 23.933040618896484
5125441, 23, 3.984570026397705, 3.17264723777771, 24.93027114868164
5125441, 23, 4.14455509185791, 3.300849199295044, 25.92755699157715
5125441, 23, 4.300695896148682, 3.426187515258789, 26.924869537353516
5125441, 23, 4.460623741149902, 3.5520641803741455, 27.92217254638672
5125441, 23, 4.623600482940674, 3.6797380447387695, 28.919408798217773
5125441, 23, 4.786326885223389, 3.8078629970550537, 29.91660499572754
4713006, 24, 0.15155531466007233, 0.11891385167837143, 0.9972623586654663
4713006, 24, 0.30415549874305725, 0.2376345545053482, 1.9945251941680908
4713006, 24, 0.4503377079963684, 0.35867998003959656, 2.9913439750671387
4713006, 24, 0.5951017141342163, 0.4813428223133087, 3.9878287315368652
4713006, 24, 0.7468419075012207, 0.6042729020118713, 4.984631538391113
4713006, 24, 0.9017108082771301, 0.7276061773300171, 5.981467247009277
4713006, 24, 1.0631721019744873, 0.8470895886421204, 6.978748798370361
4713006, 24, 1.213881254196167, 0.9721792340278625, 7.975108623504639
4713006, 24, 1.3640117645263672, 1.1014351844787598, 8.971029281616211
4713006, 24, 1.5170118808746338, 1.2281001806259155, 9.967483520507812
4713006, 24, 1.6743613481521606, 1.3509740829467773, 10.964545249938965
4713006, 24, 1.8289728164672852, 1.473556399345398, 11.961533546447754
4713006, 24, 1.9778109788894653, 1.5997816324234009, 12.957972526550293
4713006, 24, 2.126206874847412, 1.7298498153686523, 13.953958511352539
4713006, 24, 2.2749738693237305, 1.8588800430297852, 14.950179100036621
4713006, 24, 2.4361329078674316, 1.9819724559783936, 15.9473295211792
4713006, 24, 2.5891501903533936, 2.103793144226074, 16.94437599182129
4713006, 24, 2.7323296070098877, 2.2290937900543213, 17.94075584411621
4713006, 24, 2.879060745239258, 2.3581576347351074, 18.93716812133789
4713006, 24, 3.0267083644866943, 2.4874861240386963, 19.933753967285156
4713006, 24, 3.1815264225006104, 2.608952522277832, 20.930879592895508
4713006, 24, 3.340796709060669, 2.7317569255828857, 21.928054809570312
4713006, 24, 3.4971630573272705, 2.856997489929199, 22.92506217956543
4713006, 24, 3.647291898727417, 2.980868101119995, 23.9218692779541
4713006, 24, 3.7876241207122803, 3.107516050338745, 24.9177303314209
4713006, 24, 3.9483468532562256, 3.2280192375183105, 25.915081024169922
4713006, 24, 4.107348442077637, 3.3504719734191895, 26.912418365478516
4713006, 24, 4.263463020324707, 3.473578929901123, 27.90968894958496
4713006, 24, 4.42487096786499, 3.597191333770752, 28.907011032104492
4713006, 24, 4.588247299194336, 3.71992826461792, 29.904325485229492
4699088, 25, 0.16619616746902466, 0.12681306898593903, 0.9971405267715454
4699088, 25, 0.32515597343444824, 0.2506859004497528, 1.994509220123291
4699088, 25, 0.4821500778198242, 0.37342435121536255, 2.991896629333496
4699088, 25, 0.6442418098449707, 0.4965977072715759, 3.9892666339874268
4699088, 25, 0.8075507879257202, 0.6205580234527588, 4.986576557159424
4699088, 25, 0.9735473394393921, 0.7468885183334351, 5.983769416809082
4699088, 25, 1.1420695781707764, 0.8754032850265503, 6.980869293212891
4699088, 25, 1.307779312133789, 1.0040373802185059, 7.978079795837402
4699088, 25, 1.4766831398010254, 1.133725643157959, 8.975220680236816
4699088, 25, 1.645530343055725, 1.262102484703064, 9.972362518310547
4699088, 25, 1.8094348907470703, 1.3870936632156372, 10.969640731811523
4699088, 25, 1.9597411155700684, 1.511159896850586, 11.966679573059082
4699088, 25, 2.118769645690918, 1.6351168155670166, 12.964003562927246
4699088, 25, 2.2879934310913086, 1.7631551027297974, 13.961018562316895
4699088, 25, 2.4482908248901367, 1.8885856866836548, 14.958248138427734
4699088, 25, 2.6107680797576904, 2.0140655040740967, 15.955413818359375
4699088, 25, 2.7622668743133545, 2.1335642337799072, 16.95277214050293
4699088, 25, 2.9165093898773193, 2.254711866378784, 17.950117111206055
4699088, 25, 3.0773141384124756, 2.3778135776519775, 18.94736671447754
4699088, 25, 3.24121356010437, 2.5030336380004883, 19.94441032409668
4699088, 25, 3.397665500640869, 2.6262149810791016, 20.941675186157227
4699088, 25, 3.5477094650268555, 2.751065731048584, 21.938602447509766
4699088, 25, 3.7045633792877197, 2.877653121948242, 22.935636520385742
4699088, 25, 3.869168519973755, 3.008707046508789, 23.932714462280273
4699088, 25, 4.028255462646484, 3.1404106616973877, 24.92966079711914
4699088, 25, 4.18560266494751, 3.268477201461792, 25.926769256591797
4699088, 25, 4.337562561035156, 3.3933823108673096, 26.92382049560547
4699088, 25, 4.496227741241455, 3.516526222229004, 27.921127319335938
4699088, 25, 4.647191524505615, 3.6417183876037598, 28.918012619018555
4699088, 25, 4.805590629577637, 3.7661263942718506, 29.91522979736328
4772763, 26, 0.1651400327682495, 0.13009734451770782, 0.996979296207428
4772763, 26, 0.32901573181152344, 0.25840917229652405, 1.9940037727355957
4772763, 26, 0.4875919222831726, 0.3838742971420288, 2.9912052154541016
4772763, 26, 0.6493837833404541, 0.5089215040206909, 3.9883627891540527
4772763, 26, 0.8093839287757874, 0.6325824856758118, 4.985610008239746
4772763, 26, 0.9726020097732544, 0.7582185864448547, 5.982795715332031
4772763, 26, 1.1346526145935059, 0.8836676478385925, 6.980048656463623
4772763, 26, 1.2993770837783813, 1.010533094406128, 7.977242469787598
4772763, 26, 1.4636106491088867, 1.1388344764709473, 8.974435806274414
4772763, 26, 1.6262048482894897, 1.265998125076294, 9.9716796875
4772763, 26, 1.7868746519088745, 1.3921126127243042, 10.968969345092773
4772763, 26, 1.950862169265747, 1.520608901977539, 11.966163635253906
4772763, 26, 2.1106865406036377, 1.6479533910751343, 12.963431358337402
4772763, 26, 2.2712743282318115, 1.7755019664764404, 13.960647583007812
4772763, 26, 2.434441089630127, 1.9037072658538818, 14.957711219787598
4772763, 26, 2.583909034729004, 2.0276222229003906, 15.954962730407715
4772763, 26, 2.7399134635925293, 2.152616500854492, 16.95201301574707
4772763, 26, 2.8985602855682373, 2.27744460105896, 17.949172973632812
4772763, 26, 3.0555083751678467, 2.40474271774292, 18.946374893188477
4772763, 26, 3.2171075344085693, 2.530386447906494, 19.943496704101562
4772763, 26, 3.365133762359619, 2.650404214859009, 20.940837860107422
4772763, 26, 3.5094141960144043, 2.7734158039093018, 21.938003540039062
4772763, 26, 3.66970157623291, 2.8987348079681396, 22.93517303466797
4772763, 26, 3.825653553009033, 3.021616220474243, 23.932527542114258
4772763, 26, 3.978976249694824, 3.144594192504883, 24.929906845092773
4772763, 26, 4.137315273284912, 3.269508123397827, 25.927255630493164
4772763, 26, 4.29524564743042, 3.394495964050293, 26.924606323242188
4772763, 26, 4.450227737426758, 3.5185232162475586, 27.921958923339844
4772763, 26, 4.611439228057861, 3.6430211067199707, 28.91929817199707
4772763, 26, 4.7694783210754395, 3.767603635787964, 29.916584014892578
4850951, 27, 0.14350707828998566, 0.12465658783912659, 0.9967526793479919
4850951, 27, 0.2854395806789398, 0.2468714416027069, 1.9935779571533203
4850951, 27, 0.42770203948020935, 0.3676987886428833, 2.9904627799987793
4850951, 27, 0.5730686187744141, 0.48933330178260803, 3.9874110221862793
4850951, 27, 0.7231773734092712, 0.6120559573173523, 4.984522819519043
4850951, 27, 0.8734411597251892, 0.7347933053970337, 5.981617450714111
4850951, 27, 1.0255614519119263, 0.857742965221405, 6.978795528411865
4850951, 27, 1.1784918308258057, 0.9809677600860596, 7.976005554199219
4850951, 27, 1.3425335884094238, 1.104830265045166, 8.973312377929688
4850951, 27, 1.5110808610916138, 1.232360601425171, 9.970483779907227
4850951, 27, 1.6828304529190063, 1.3625454902648926, 10.967557907104492
4850951, 27, 1.8479136228561401, 1.491584300994873, 11.964797019958496
4850951, 27, 2.018916368484497, 1.6214295625686646, 12.961841583251953
4850951, 27, 2.188183069229126, 1.7484428882598877, 13.958917617797852
4850951, 27, 2.3504910469055176, 1.8705475330352783, 14.956171035766602
4850951, 27, 2.512679100036621, 1.99158775806427, 15.95339298248291
4850951, 27, 2.6717588901519775, 2.111644744873047, 16.950708389282227
4850951, 27, 2.8268725872039795, 2.2324674129486084, 17.94805908203125
4850951, 27, 2.9887330532073975, 2.356206178665161, 18.94529914855957
4850951, 27, 3.1465911865234375, 2.480394124984741, 19.942590713500977
4850951, 27, 3.3048195838928223, 2.603729248046875, 20.93988609313965
4850951, 27, 3.4638614654541016, 2.726956367492676, 21.937164306640625
4850951, 27, 3.6210834980010986, 2.8502016067504883, 22.934484481811523
4850951, 27, 3.782275438308716, 2.9758944511413574, 23.931753158569336
4850951, 27, 3.9463911056518555, 3.1037118434906006, 24.928955078125
4850951, 27, 4.110072612762451, 3.232778787612915, 25.926130294799805
4850951, 27, 4.274820327758789, 3.3614652156829834, 26.923311233520508
4850951, 27, 4.444242477416992, 3.4918200969696045, 27.92037582397461
4850951, 27, 4.607195854187012, 3.6193599700927734, 28.917638778686523
4850951, 27, 4.772336006164551, 3.746548652648926, 29.914871215820312
2265761, 28, 0.16480673849582672, 0.12857010960578918, 0.996757447719574
2265761, 28, 0.32872796058654785, 0.2559512257575989, 1.9936847686767578
2265761, 28, 0.4940154254436493, 0.3835798501968384, 2.9906225204467773
2265761, 28, 0.6593456864356995, 0.5117560625076294, 3.9876551628112793
2265761, 28, 0.8287310600280762, 0.6404789090156555, 4.984537601470947
2265761, 28, 0.9907316565513611, 0.7650030851364136, 5.981795310974121
2265761, 28, 1.1563422679901123, 0.8907661437988281, 6.978989124298096
2265761, 28, 1.3218109607696533, 1.0164347887039185, 7.9762420654296875
2265761, 28, 1.484929084777832, 1.1409980058670044, 8.973549842834473
2265761, 28, 1.6485519409179688, 1.2652509212493896, 9.970840454101562
2265761, 28, 1.8110729455947876, 1.3901816606521606, 10.96812915802002
2265761, 28, 1.9759279489517212, 1.5165760517120361, 11.965313911437988
2265761, 28, 2.140056848526001, 1.641541838645935, 12.962532043457031
2265761, 28, 2.3126463890075684, 1.7688398361206055, 13.959305763244629
2265761, 28, 2.478551149368286, 1.8930976390838623, 14.956450462341309
2265761, 28, 2.638981819152832, 2.0149993896484375, 15.953731536865234
2265761, 28, 2.8045403957366943, 2.1378462314605713, 16.950729370117188
2265761, 28, 2.9713637828826904, 2.260406017303467, 17.947668075561523
2265761, 28, 3.1286110877990723, 2.382279634475708, 18.94495964050293
2265761, 28, 3.288717031478882, 2.5077896118164062, 19.94217872619629
2265761, 28, 3.4505038261413574, 2.633176803588867, 20.93924903869629
2265761, 28, 3.6033875942230225, 2.754438638687134, 21.936588287353516
2265761, 28, 3.7618534564971924, 2.8722033500671387, 22.9339656829834
2265761, 28, 3.9151713848114014, 2.9901411533355713, 23.931396484375
2265761, 28, 4.072582244873047, 3.1100714206695557, 24.928800582885742
2265761, 28, 4.240365505218506, 3.2334699630737305, 25.92599868774414
2265761, 28, 4.409509181976318, 3.3566055297851562, 26.923173904418945
2265761, 28, 4.577971935272217, 3.4802370071411133, 27.920381546020508
2265761, 28, 4.746786117553711, 3.606335163116455, 28.917545318603516
2265761, 28, 4.910822868347168, 3.7329940795898438, 29.914772033691406
5038881, 29, 0.16444562375545502, 0.12287094444036484, 0.9970663189888
5038881, 29, 0.3300730586051941, 0.24392107129096985, 1.994086503982544
5038881, 29, 0.4965786039829254, 0.3629451394081116, 2.991189956665039
5038881, 29, 0.6609597206115723, 0.48163488507270813, 3.9884438514709473
5038881, 29, 0.8259248733520508, 0.6008650064468384, 4.985744476318359
5038881, 29, 0.9841845631599426, 0.7195035219192505, 5.983087539672852
5038881, 29, 1.141287922859192, 0.8376714587211609, 6.980411529541016
5038881, 29, 1.3071640729904175, 0.957020103931427, 7.9776692390441895
5038881, 29, 1.469848394393921, 1.0765689611434937, 8.974987030029297
5038881, 29, 1.6362513303756714, 1.1993052959442139, 9.972101211547852
5038881, 29, 1.8042622804641724, 1.322588324546814, 10.969079971313477
5038881, 29, 1.9739822149276733, 1.4476556777954102, 11.965909957885742
5038881, 29, 2.140453338623047, 1.5727630853652954, 12.96280288696289
5038881, 29, 2.2985892295837402, 1.6959755420684814, 13.959847450256348
5038881, 29, 2.4514288902282715, 1.8192859888076782, 14.9568452835083
5038881, 29, 2.6095473766326904, 1.945776104927063, 15.953736305236816
5038881, 29, 2.7672057151794434, 2.0714662075042725, 16.950584411621094
5038881, 29, 2.9258477687835693, 2.1990363597869873, 17.947383880615234
5038881, 29, 3.0880770683288574, 2.3315815925598145, 18.944189071655273
5038881, 29, 3.2598352432250977, 2.467336893081665, 19.94090461730957
5038881, 29, 3.4268274307250977, 2.595579147338867, 20.937705993652344
5038881, 29, 3.5875885486602783, 2.7162365913391113, 21.934696197509766
5038881, 29, 3.753931999206543, 2.8387928009033203, 22.931612014770508
5038881, 29, 3.9216465950012207, 2.962862730026245, 23.928539276123047
5038881, 29, 4.088679790496826, 3.0876834392547607, 24.925464630126953
5038881, 29, 4.258739471435547, 3.2129924297332764, 25.922330856323242
5038881, 29, 4.4296555519104, 3.3372764587402344, 26.91925048828125
5038881, 29, 4.6036763191223145, 3.461059093475342, 27.916051864624023
5038881, 29, 4.782629489898682, 3.587700366973877, 28.912607192993164
5038881, 29, 4.960309982299805, 3.715303897857666, 29.909215927124023
4785791, 30, 0.14492002129554749, 0.11463761329650879, 0.9975103735923767
4785791, 30, 0.28996342420578003, 0.22711148858070374, 1.9950544834136963
4785791, 30, 0.4348970353603363, 0.33964723348617554, 2.992605209350586
4785791, 30, 0.5830510854721069, 0.45311620831489563, 3.990142822265625
4785791, 30, 0.727553129196167, 0.5694513320922852, 4.9874467849731445
4785791, 30, 0.8688308000564575, 0.686573326587677, 5.984622955322266
4785791, 30, 1.0130531787872314, 0.8055356740951538, 6.98178243637085
4785791, 30, 1.164527416229248, 0.9236109256744385, 7.979223251342773
4785791, 30, 1.3020970821380615, 1.0446473360061646, 8.97580337524414
4785791, 30, 1.4581046104431152, 1.1641037464141846, 9.973228454589844
4785791, 30, 1.614194393157959, 1.285562515258789, 10.97057819366455
4785791, 30, 1.7666761875152588, 1.4084150791168213, 11.967790603637695
4785791, 30, 1.9210567474365234, 1.5318163633346558, 12.965086936950684
4785791, 30, 2.071732521057129, 1.6541872024536133, 13.962362289428711
4785791, 30, 2.220273971557617, 1.7742624282836914, 14.959701538085938
4785791, 30, 2.363770008087158, 1.891839623451233, 15.956974029541016
4785791, 30, 2.503702402114868, 2.0075185298919678, 16.954227447509766
4785791, 30, 2.6435890197753906, 2.1301822662353516, 17.950910568237305
4785791, 30, 2.7940430641174316, 2.25891375541687, 18.9479923248291
4785791, 30, 2.946260929107666, 2.3860177993774414, 19.945234298706055
4785791, 30, 3.0965497493743896, 2.5119922161102295, 20.942363739013672
4785791, 30, 3.240997076034546, 2.6342713832855225, 21.939468383789062
4785791, 30, 3.3882577419281006, 2.75246524810791, 22.936803817749023
4785791, 30, 3.5395925045013428, 2.873234272003174, 23.93416976928711
4785791, 30, 3.693150520324707, 2.9958910942077637, 24.93150520324707
4785791, 30, 3.8475887775421143, 3.1192257404327393, 25.928842544555664
4785791, 30, 4.00136661529541, 3.2425737380981445, 26.926191329956055
4785791, 30, 4.149580001831055, 3.366225004196167, 27.92340087890625
4785791, 30, 4.30263090133667, 3.4906890392303467, 28.92070960998535
4785791, 30, 4.441125869750977, 3.6151132583618164, 29.917165756225586
1089412, 31, 0.15601864457130432, 0.12433507293462753, 0.997276782989502
1089412, 31, 0.30855101346969604, 0.24606621265411377, 1.9946541786193848
1089412, 31, 0.46276119351387024, 0.3653235137462616, 2.992064952850342
1089412, 31, 0.6133273839950562, 0.4827478528022766, 3.9895496368408203
1089412, 31, 0.7679213285446167, 0.6008291840553284, 4.986969947814941
1089412, 31, 0.9160144329071045, 0.7190958857536316, 5.98438835144043
1089412, 31, 1.0666197538375854, 0.8392089009284973, 6.981799125671387
1089412, 31, 1.2210866212844849, 0.9605567455291748, 7.979207992553711
1089412, 31, 1.3785545825958252, 1.0826621055603027, 8.976569175720215
1089412, 31, 1.5353496074676514, 1.2052760124206543, 9.973937034606934
1089412, 31, 1.6961669921875, 1.3306111097335815, 10.971156120300293
1089412, 31, 1.8506693840026855, 1.4543490409851074, 11.968536376953125
1089412, 31, 2.0048828125, 1.577936053276062, 12.965893745422363
1089412, 31, 2.163165330886841, 1.7029516696929932, 13.963147163391113
1089412, 31, 2.3210551738739014, 1.8271074295043945, 14.960389137268066
1089412, 31, 2.474817991256714, 1.9475762844085693, 15.957764625549316
1089412, 31, 2.6223838329315186, 2.0659279823303223, 16.9552001953125
1089412, 31, 2.772690773010254, 2.1864020824432373, 17.95256996154785
1089412, 31, 2.930236339569092, 2.311027765274048, 18.94974708557129
1089412, 31, 3.0918612480163574, 2.438976526260376, 19.946868896484375
1089412, 31, 3.25081467628479, 2.5683188438415527, 20.94401741027832
1089412, 31, 3.412435531616211, 2.696258783340454, 21.941085815429688
1089412, 31, 3.5677309036254883, 2.817002534866333, 22.938447952270508
1089412, 31, 3.7210564613342285, 2.934767484664917, 23.935897827148438
1089412, 31, 3.8761274814605713, 3.054694652557373, 24.933317184448242
1089412, 31, 4.0334153175354, 3.1769590377807617, 25.93068504333496
1089412, 31, 4.19389533996582, 3.2988481521606445, 26.928016662597656
1089412, 31, 4.351021766662598, 3.421391725540161, 27.925411224365234
1089412, 31, 4.51775598526001, 3.547319173812866, 28.922555923461914
1089412, 31, 4.680975437164307, 3.6709847450256348, 29.919837951660156
4996894, 32, 0.15602423250675201, 0.12171445041894913, 0.9973382353782654
4996894, 32, 0.31557685136795044, 0.2430621087551117, 1.994560718536377
4996894, 32, 0.47163933515548706, 0.36237573623657227, 2.9919755458831787
4996894, 32, 0.6224023103713989, 0.48084378242492676, 3.989449977874756
4996894, 32, 0.7759618163108826, 0.6002085208892822, 4.986929893493652
4996894, 32, 0.9304549694061279, 0.7195889353752136, 5.9843902587890625
4996894, 32, 1.0887768268585205, 0.841233491897583, 6.981752872467041
4996894, 32, 1.2548768520355225, 0.9694846272468567, 7.978816509246826
4996894, 32, 1.4219844341278076, 1.0978902578353882, 8.9758882522583
4996894, 32, 1.5873267650604248, 1.2252939939498901, 9.973024368286133
4996894, 32, 1.753692388534546, 1.3515896797180176, 10.970029830932617
4996894, 32, 1.9131121635437012, 1.472877860069275, 11.967375755310059
4996894, 32, 2.0702133178710938, 1.593198299407959, 12.96473217010498
4996894, 32, 2.2241647243499756, 1.712958812713623, 13.962099075317383
4996894, 32, 2.37327241897583, 1.8295081853866577, 14.959569931030273
4996894, 32, 2.52217698097229, 1.9451110363006592, 15.957038879394531
4996894, 32, 2.6732609272003174, 2.0631227493286133, 16.95438575744629
4996894, 32, 2.823657512664795, 2.1839311122894287, 17.951745986938477
4996894, 32, 2.978806257247925, 2.306039571762085, 18.949077606201172
4996894, 32, 3.1317899227142334, 2.427140235900879, 19.94639778137207
4996894, 32, 3.282982587814331, 2.545781373977661, 20.943771362304688
4996894, 32, 3.4339823722839355, 2.6633262634277344, 21.941246032714844
4996894, 32, 3.592907190322876, 2.7841522693634033, 22.938594818115234
4996894, 32, 3.749591588973999, 2.904937982559204, 23.936006546020508
4996894, 32, 3.9118173122406006, 3.028651714324951, 24.933303833007812
4996894, 32, 4.077001094818115, 3.1545939445495605, 25.930503845214844
4996894, 32, 4.242804527282715, 3.280670404434204, 26.92767333984375
4996894, 32, 4.404760837554932, 3.4025228023529053, 27.925012588500977
4996894, 32, 4.571352958679199, 3.5240426063537598, 28.922147750854492
4996894, 32, 4.735247611999512, 3.644427537918091, 29.919429779052734
1217886, 33, 0.1713622510433197, 0.12893223762512207, 0.9967440366744995
1217886, 33, 0.3394373655319214, 0.25520583987236023, 1.9937613010406494
1217886, 33, 0.5015547275543213, 0.37727874517440796, 2.991109848022461
1217886, 33, 0.6622005105018616, 0.49808600544929504, 3.988525867462158
1217886, 33, 0.8310183882713318, 0.6203101873397827, 4.985716342926025
1217886, 33, 1.0003880262374878, 0.7431440353393555, 5.982909202575684
1217886, 33, 1.172322392463684, 0.8682477474212646, 6.979958534240723
1217886, 33, 1.3451642990112305, 0.9940963983535767, 7.976873397827148
1217886, 33, 1.5079313516616821, 1.1169334650039673, 8.974200248718262
1217886, 33, 1.6734594106674194, 1.2412068843841553, 9.971468925476074
1217886, 33, 1.835942268371582, 1.3658971786499023, 10.9688081741333
1217886, 33, 2.00833797454834, 1.4930469989776611, 11.96597957611084
1217886, 33, 2.1860320568084717, 1.6225351095199585, 12.96286392211914
1217886, 33, 2.3644773960113525, 1.752365231513977, 13.959543228149414
1217886, 33, 2.535839319229126, 1.8786985874176025, 14.956547737121582
1217886, 33, 2.6937594413757324, 2.0007858276367188, 15.953875541687012
1217886, 33, 2.855695962905884, 2.1221885681152344, 16.95115852355957
1217886, 33, 3.029460906982422, 2.2471728324890137, 17.947818756103516
1217886, 33, 3.1999399662017822, 2.3732268810272217, 18.94465446472168
1217886, 33, 3.3643555641174316, 2.4939942359924316, 19.941829681396484
1217886, 33, 3.536442995071411, 2.6192140579223633, 20.938434600830078
1217886, 33, 3.712198257446289, 2.745988368988037, 21.935033798217773
1217886, 33, 3.879272699356079, 2.868957042694092, 22.932355880737305
1217886, 33, 4.04761266708374, 2.992924213409424, 23.929670333862305
1217886, 33, 4.221729278564453, 3.1207756996154785, 24.92683982849121
1217886, 33, 4.396798610687256, 3.2480084896087646, 25.923934936523438
1217886, 33, 4.56445837020874, 3.3725345134735107, 26.921226501464844
1217886, 33, 4.7313737869262695, 3.495374917984009, 27.91853141784668
1217886, 33, 4.899513244628906, 3.6166939735412598, 28.915822982788086
1217886, 33, 5.068056583404541, 3.7377963066101074, 29.913084030151367
4820909, 34, 0.12742678821086884, 0.14423854649066925, 0.9940485954284668
4820909, 34, 0.2552998661994934, 0.28860631585121155, 1.9880621433258057
4820909, 34, 0.3836240768432617, 0.4308137893676758, 2.982161045074463
4820909, 34, 0.5145131349563599, 0.5674182176589966, 3.977024793624878
4820909, 34, 0.6524542570114136, 0.6955356001853943, 4.973245143890381
4820909, 34, 0.801978588104248, 0.820296585559845, 5.970369338989258
4820909, 34, 0.9468784332275391, 0.9489784240722656, 6.966964244842529
4820909, 34, 1.0883721113204956, 1.0805282592773438, 7.962954044342041
4820909, 34, 1.2323464155197144, 1.2105402946472168, 8.959251403808594
4820909, 34, 1.3721565008163452, 1.3445146083831787, 9.954806327819824
4820909, 34, 1.5107146501541138, 1.4774588346481323, 10.950372695922852
4820909, 34, 1.651997685432434, 1.6058533191680908, 11.946635246276855
4820909, 34, 1.7883167266845703, 1.7377879619598389, 12.942317008972168
4820909, 34, 1.9219083786010742, 1.8684337139129639, 13.938100814819336
4820909, 34, 2.056553363800049, 1.997304916381836, 14.934124946594238
4820909, 34, 2.196882963180542, 2.123340606689453, 15.930745124816895
4820909, 34, 2.330650806427002, 2.2563247680664062, 16.926156997680664
4820909, 34, 2.4624979496002197, 2.397428274154663, 17.920501708984375
4820909, 34, 2.6010351181030273, 2.535161256790161, 18.91572380065918
4820909, 34, 2.751152515411377, 2.664496421813965, 19.912574768066406
4820909, 34, 2.8983678817749023, 2.7924931049346924, 20.909299850463867
4820909, 34, 3.0433521270751953, 2.92262601852417, 21.905746459960938
4820909, 34, 3.194300889968872, 3.051682472229004, 22.902721405029297
4820909, 34, 3.3409390449523926, 3.180903673171997, 23.899385452270508
4820909, 34, 3.4829461574554443, 3.3128950595855713, 24.895240783691406
4820909, 34, 3.6297719478607178, 3.4428067207336426, 25.891544342041016
4820909, 34, 3.7819480895996094, 3.5717101097106934, 26.888286590576172
4820909, 34, 3.933119773864746, 3.6990320682525635, 27.8851261138916
4820909, 34, 4.077295303344727, 3.8318469524383545, 28.880964279174805
4820909, 34, 4.231708526611328, 3.960639476776123, 29.87790298461914
1221647, 35, 0.1713622510433197, 0.12893225252628326, 0.9967440366744995
1221647, 35, 0.33943742513656616, 0.25520581007003784, 1.9937613010406494
1221647, 35, 0.5015547275543213, 0.3772786855697632, 2.991109848022461
1221647, 35, 0.6622004508972168, 0.4980858564376831, 3.988525867462158
1221647, 35, 0.831018328666687, 0.6203100681304932, 4.985716342926025
1221647, 35, 1.0003879070281982, 0.7431437969207764, 5.982909202575684
1221647, 35, 1.172322392463684, 0.8682476878166199, 6.979958534240723
1221647, 35, 1.345164179801941, 0.9940963387489319, 7.976873397827148
1221647, 35, 1.5079312324523926, 1.1169333457946777, 8.974200248718262
1221647, 35, 1.6734592914581299, 1.2412068843841553, 9.971468925476074
1221647, 35, 1.835942268371582, 1.365897297859192, 10.9688081741333
1221647, 35, 2.00833797454834, 1.4930471181869507, 11.965980529785156
1221647, 35, 2.1860320568084717, 1.6225351095199585, 12.962864875793457
1221647, 35, 2.3644773960113525, 1.752365231513977, 13.95954418182373
1221647, 35, 2.535839557647705, 1.878698706626892, 14.956548690795898
1221647, 35, 2.6937596797943115, 2.000786066055298, 15.953876495361328
1221647, 35, 2.855696439743042, 2.1221888065338135, 16.95115852355957
1221647, 35, 3.02946138381958, 2.2471730709075928, 17.947818756103516
1221647, 35, 3.1999406814575195, 2.373227596282959, 18.94465446472168
1221647, 35, 3.364356517791748, 2.493995189666748, 19.941829681396484
1221647, 35, 3.5364439487457275, 2.6192150115966797, 20.938434600830078
1221647, 35, 3.7121994495391846, 2.7459893226623535, 21.935033798217773
1221647, 35, 3.8792738914489746, 2.868957996368408, 22.932355880737305
1221647, 35, 4.047614097595215, 2.9929251670837402, 23.929670333862305
1221647, 35, 4.221730709075928, 3.120776653289795, 24.92683982849121
1221647, 35, 4.3968000411987305, 3.248009443283081, 25.923934936523438
1221647, 35, 4.564459800720215, 3.372535467147827, 26.921226501464844
1221647, 35, 4.731375217437744, 3.495375871658325, 27.91853141784668
1221647, 35, 4.899514675140381, 3.616694927215576, 28.915822982788086
1221647, 35, 5.068058013916016, 3.7377970218658447, 29.913084030151367
5195398, 36, 0.15939025580883026, 0.12408827245235443, 0.9972129464149475
5195398, 36, 0.31608128547668457, 0.24739661812782288, 1.9945437908172607
5195398, 36, 0.47562140226364136, 0.3712661564350128, 2.9918432235717773
5195398, 36, 0.640792965888977, 0.4976869225502014, 3.9889729022979736
5195398, 36, 0.8042893409729004, 0.622591495513916, 4.986203193664551
5195398, 36, 0.9656287431716919, 0.7458155751228333, 5.983532905578613
5195398, 36, 1.1331846714019775, 0.8719487190246582, 6.9806742668151855
5195398, 36, 1.2990872859954834, 0.9982099533081055, 7.977895736694336
5195398, 36, 1.4630461931228638, 1.1228768825531006, 8.975154876708984
5195398, 36, 1.6216717958450317, 1.244663953781128, 9.972541809082031
5195398, 36, 1.7844054698944092, 1.367366075515747, 10.969797134399414
5195398, 36, 1.9472092390060425, 1.4908503293991089, 11.967079162597656
5195398, 36, 2.109158754348755, 1.6157138347625732, 12.964346885681152
5195398, 36, 2.271310567855835, 1.7411874532699585, 13.9615478515625
5195398, 36, 2.4325358867645264, 1.8654146194458008, 14.958782196044922
5195398, 36, 2.596358299255371, 1.9895386695861816, 15.955894470214844
5195398, 36, 2.751014232635498, 2.111085891723633, 16.95325469970703
5195398, 36, 2.907222032546997, 2.2317099571228027, 17.950639724731445
5195398, 36, 3.070329189300537, 2.356041193008423, 18.947776794433594
5195398, 36, 3.2302114963531494, 2.4808292388916016, 19.94502067565918
5195398, 36, 3.388462781906128, 2.604203939437866, 20.942317962646484
5195398, 36, 3.543031930923462, 2.7268688678741455, 21.939659118652344
5195398, 36, 3.6978654861450195, 2.8480582237243652, 22.937036514282227
5195398, 36, 3.8607113361358643, 2.9717419147491455, 23.934228897094727
5195398, 36, 4.020469665527344, 3.0947763919830322, 24.931598663330078
5195398, 36, 4.183538436889648, 3.2190258502960205, 25.92891502380371
5195398, 36, 4.343504905700684, 3.3430778980255127, 26.92628288269043
5195398, 36, 4.504061698913574, 3.4677248001098633, 27.92363739013672
5195398, 36, 4.669739723205566, 3.5935416221618652, 28.920854568481445
5195398, 36, 4.833778381347656, 3.718806505203247, 29.91814422607422
5007479, 37, 0.1599913388490677, 0.12578223645687103, 0.9971107244491577
5007479, 37, 0.31149446964263916, 0.25080209970474243, 1.9942617416381836
5007479, 37, 0.4686657786369324, 0.3772783875465393, 2.9914448261260986
5007479, 37, 0.629981279373169, 0.5048830509185791, 3.988603115081787
5007479, 37, 0.7917034029960632, 0.6332389712333679, 4.985755443572998
5007479, 37, 0.9575107097625732, 0.7627627849578857, 5.98279333114624
5007479, 37, 1.1208645105361938, 0.8920516967773438, 6.979905128479004
5007479, 37, 1.280279517173767, 1.0197709798812866, 7.977097034454346
5007479, 37, 1.4353299140930176, 1.1453355550765991, 8.9743070602417
5007479, 37, 1.5923864841461182, 1.2686775922775269, 9.971573829650879
5007479, 37, 1.7584668397903442, 1.392776608467102, 10.968629837036133
5007479, 37, 1.9182411432266235, 1.5146883726119995, 11.965904235839844
5007479, 37, 2.0722033977508545, 1.6357272863388062, 12.96320629119873
5007479, 37, 2.2206194400787354, 1.757163643836975, 13.960299491882324
5007479, 37, 2.374983549118042, 1.8791093826293945, 14.957488059997559
5007479, 37, 2.53220796585083, 2.003810405731201, 15.954582214355469
5007479, 37, 2.689913511276245, 2.1307199001312256, 16.95160484313965
5007479, 37, 2.850381851196289, 2.2585813999176025, 17.9487247467041
5007479, 37, 3.0063529014587402, 2.3858084678649902, 18.945819854736328
5007479, 37, 3.1605896949768066, 2.5110621452331543, 19.942989349365234
5007479, 37, 3.3143768310546875, 2.6337480545043945, 20.94025993347168
5007479, 37, 3.4695401191711426, 2.754502773284912, 21.937583923339844
5007479, 37, 3.629288911819458, 2.8749520778656006, 22.934814453125
5007479, 37, 3.7877120971679688, 2.9953861236572266, 23.93205451965332
5007479, 37, 3.9413058757781982, 3.1155333518981934, 24.92932891845703
5007479, 37, 4.099400043487549, 3.23681640625, 25.92655372619629
5007479, 37, 4.242966175079346, 3.357590913772583, 26.92361068725586
5007479, 37, 4.3828558921813965, 3.4801390171051025, 27.920320510864258
5007479, 37, 4.520897388458252, 3.603908061981201, 28.916765213012695
5007479, 37, 4.66143274307251, 3.7249953746795654, 29.913496017456055
4431350, 38, 0.15154825150966644, 0.12014089524745941, 0.9974111318588257
4431350, 38, 0.3041449785232544, 0.2383492887020111, 1.9948796033859253
4431350, 38, 0.45612621307373047, 0.35694682598114014, 2.9923272132873535
4431350, 38, 0.6039318442344666, 0.4761829376220703, 3.9896609783172607
4431350, 38, 0.7563663721084595, 0.5964253544807434, 4.987063884735107
4431350, 38, 0.9127629995346069, 0.7189971208572388, 5.984429836273193
4431350, 38, 1.065259575843811, 0.8436263203620911, 6.981765270233154
4431350, 38, 1.2177802324295044, 0.9702286720275879, 7.979045391082764
4431350, 38, 1.3710448741912842, 1.097246527671814, 8.976313591003418
4431350, 38, 1.5285069942474365, 1.2233911752700806, 9.973627090454102
4431350, 38, 1.6838037967681885, 1.345444917678833, 10.97103500366211
4431350, 38, 1.8382768630981445, 1.467474341392517, 11.968421936035156
4431350, 38, 1.995012640953064, 1.5915086269378662, 12.965691566467285
4431350, 38, 2.1525156497955322, 1.7157667875289917, 13.96296501159668
4431350, 38, 2.3059017658233643, 1.8396810293197632, 14.96027660369873
4431350, 38, 2.459186553955078, 1.9647562503814697, 15.957523345947266
4431350, 38, 2.611208438873291, 2.0908639430999756, 16.954694747924805
4431350, 38, 2.756376266479492, 2.2197201251983643, 17.951560974121094
4431350, 38, 2.9112045764923096, 2.350320816040039, 18.94869613647461
4431350, 38, 3.065849781036377, 2.479137420654297, 19.94580841064453
4431350, 38, 3.214155435562134, 2.602518320083618, 20.943031311035156
4431350, 38, 3.361083745956421, 2.7218382358551025, 21.940406799316406
4431350, 38, 3.511850595474243, 2.846360683441162, 22.937660217285156
4431350, 38, 3.6698715686798096, 2.9728269577026367, 23.934932708740234
4431350, 38, 3.8244783878326416, 3.0977301597595215, 24.932218551635742
4431350, 38, 3.9787514209747314, 3.2216145992279053, 25.92957878112793
4431350, 38, 4.135599613189697, 3.346284866333008, 26.926937103271484
4431350, 38, 4.293262004852295, 3.470036268234253, 27.924293518066406
4431350, 38, 4.453624725341797, 3.595348834991455, 28.921607971191406
4431350, 38, 4.610919952392578, 3.7219552993774414, 29.918832778930664
5144366, 39, 0.15859390795230865, 0.12290242314338684, 0.9972866773605347
5144366, 39, 0.32686805725097656, 0.2488860934972763, 1.994215726852417
5144366, 39, 0.4946797788143158, 0.3739815950393677, 2.991257667541504
5144366, 39, 0.6587398052215576, 0.49685633182525635, 3.9885127544403076
5144366, 39, 0.8258165121078491, 0.6216318607330322, 4.985605716705322
5144366, 39, 0.9937465190887451, 0.7488923072814941, 5.982588768005371
5144366, 39, 1.157210111618042, 0.876766562461853, 6.979663372039795
5144366, 39, 1.3187578916549683, 1.0063709020614624, 7.976737022399902
5144366, 39, 1.4859036207199097, 1.1387836933135986, 8.973676681518555
5144366, 39, 1.6536203622817993, 1.2710633277893066, 9.970614433288574
5144366, 39, 1.8208519220352173, 1.401841640472412, 10.967551231384277
5144366, 39, 1.9919236898422241, 1.5309494733810425, 11.964373588562012
5144366, 39, 2.1642684936523438, 1.6588258743286133, 12.96107006072998
5144366, 39, 2.3360822200775146, 1.7873446941375732, 13.957795143127441
5144366, 39, 2.5090932846069336, 1.9173578023910522, 14.954517364501953
5144366, 39, 2.681583881378174, 2.048753499984741, 15.951285362243652
5144366, 39, 2.857043504714966, 2.182278871536255, 16.94793128967285
5144366, 39, 3.0273489952087402, 2.3153114318847656, 17.944734573364258
5144366, 39, 3.1954286098480225, 2.447925567626953, 18.941577911376953
5144366, 39, 3.356105089187622, 2.5753588676452637, 19.938547134399414
5144366, 39, 3.5179295539855957, 2.701051712036133, 20.935550689697266
5144366, 39, 3.6813974380493164, 2.8272695541381836, 21.932567596435547
5144366, 39, 3.84751033782959, 2.956664562225342, 22.929527282714844
5144366, 39, 4.020012855529785, 3.08817982673645, 23.926342010498047
5144366, 39, 4.193981170654297, 3.2185490131378174, 24.92315101623535
5144366, 39, 4.371729373931885, 3.3494186401367188, 25.9198055267334
5144366, 39, 4.548173427581787, 3.479283332824707, 26.91655921936035
5144366, 39, 4.725475311279297, 3.6099114418029785, 27.913244247436523
5144366, 39, 4.904064655303955, 3.7429001331329346, 28.909839630126953
5144366, 39, 5.083214282989502, 3.877373456954956, 29.906370162963867
5037673, 40, 0.1620095819234848, 0.12246411293745041, 0.9972021579742432
5037673, 40, 0.32530152797698975, 0.24413517117500305, 1.9943737983703613
5037673, 40, 0.48869824409484863, 0.36554330587387085, 2.9916045665740967
5037673, 40, 0.649819552898407, 0.4857211709022522, 3.988974094390869
5037673, 40, 0.8048519492149353, 0.6041547060012817, 4.986438751220703
5037673, 40, 0.9713736772537231, 0.7251492738723755, 5.983604907989502
5037673, 40, 1.137190341949463, 0.8462622165679932, 6.980804443359375
5037673, 40, 1.303765892982483, 0.9689515829086304, 7.9779791831970215
5037673, 40, 1.4720921516418457, 1.0926443338394165, 8.975051879882812
5037673, 40, 1.6392306089401245, 1.2155779600143433, 9.97219181060791
5037673, 40, 1.8043736219406128, 1.3374011516571045, 10.969366073608398
5037673, 40, 1.9725956916809082, 1.4609205722808838, 11.966348648071289
5037673, 40, 2.1362664699554443, 1.5836341381072998, 12.96354866027832
5037673, 40, 2.299211025238037, 1.7066043615341187, 13.960750579833984
5037673, 40, 2.462860107421875, 1.8293997049331665, 14.957831382751465
5037673, 40, 2.6125636100769043, 1.9463452100753784, 15.955277442932129
5037673, 40, 2.75958251953125, 2.0617427825927734, 16.95270538330078
5037673, 40, 2.91422963142395, 2.1805474758148193, 17.949987411499023
5037673, 40, 3.0698530673980713, 2.303359031677246, 18.947221755981445
5037673, 40, 3.229337453842163, 2.4273900985717773, 19.94440460205078
5037673, 40, 3.387272357940674, 2.5476109981536865, 20.941635131835938
5037673, 40, 3.5385663509368896, 2.662778854370117, 21.939088821411133
5037673, 40, 3.6960244178771973, 2.780444383621216, 22.93639373779297
5037673, 40, 3.8541884422302246, 2.8992037773132324, 23.9337158203125
5037673, 40, 4.013177871704102, 3.0205180644989014, 24.93105125427246
5037673, 40, 4.175169944763184, 3.1428163051605225, 25.9283390045166
5037673, 40, 4.337912082672119, 3.2640175819396973, 26.925640106201172
5037673, 40, 4.498337745666504, 3.3861920833587646, 27.922969818115234
5037673, 40, 4.6597795486450195, 3.5094048976898193, 28.920276641845703
5037673, 40, 4.820516586303711, 3.631713390350342, 29.917634963989258
4766524, 41, 0.14838925004005432, 0.12205633521080017, 0.9972962737083435
4766524, 41, 0.2994656264781952, 0.24398007988929749, 1.994652509689331
4766524, 41, 0.446511447429657, 0.3654511570930481, 2.9919273853302
4766524, 41, 0.5942518711090088, 0.4866553544998169, 3.989229679107666
4766524, 41, 0.7458727359771729, 0.6084539890289307, 4.986611366271973
4766524, 41, 0.8982580304145813, 0.7302730679512024, 5.983991622924805
4766524, 41, 1.0498464107513428, 0.8525276184082031, 6.981328964233398
4766524, 41, 1.201252818107605, 0.9738837480545044, 7.978706359863281
4766524, 41, 1.3521060943603516, 1.0931445360183716, 8.976149559020996
4766524, 41, 1.5011204481124878, 1.2140058279037476, 9.973504066467285
4766524, 41, 1.6463813781738281, 1.335503101348877, 10.970705032348633
4766524, 41, 1.790053129196167, 1.457166314125061, 11.967941284179688
4766524, 41, 1.9355489015579224, 1.579238772392273, 12.965241432189941
4766524, 41, 2.0782272815704346, 1.7012221813201904, 13.962418556213379
4766524, 41, 2.2196552753448486, 1.821998953819275, 14.95964241027832
4766524, 41, 2.3630337715148926, 1.945763111114502, 15.956730842590332
4766524, 41, 2.5074520111083984, 2.0720160007476807, 16.953752517700195
4766524, 41, 2.656069278717041, 2.199489116668701, 17.95090103149414
4766524, 41, 2.801783561706543, 2.3247780799865723, 18.94814682006836
4766524, 41, 2.9445810317993164, 2.4535112380981445, 19.94517707824707
4766524, 41, 3.0860037803649902, 2.5782761573791504, 20.942333221435547
4766524, 41, 3.2269351482391357, 2.6981043815612793, 21.939603805541992
4766524, 41, 3.373744010925293, 2.818711280822754, 22.93695640563965
4766524, 41, 3.5169625282287598, 2.9398903846740723, 23.934171676635742
4766524, 41, 3.665984630584717, 3.061716079711914, 24.93145179748535
4766524, 41, 3.818159580230713, 3.182516574859619, 25.928741455078125
4766524, 41, 3.9720687866210938, 3.302366256713867, 26.92611312866211
4766524, 41, 4.125256061553955, 3.4227960109710693, 27.923458099365234
4766524, 41, 4.281519889831543, 3.543377637863159, 28.92084312438965
4766524, 41, 4.428261756896973, 3.6642985343933105, 29.9179630279541
1262475, 42, 0.17365781962871552, 0.13351330161094666, 0.9965870380401611
1262475, 42, 0.3485007882118225, 0.26585519313812256, 1.9931895732879639
1262475, 42, 0.5211376547813416, 0.39520764350891113, 2.9900169372558594
1262475, 42, 0.6904728412628174, 0.5217135548591614, 3.98703932762146
1262475, 42, 0.8530955910682678, 0.6455154418945312, 4.984324932098389
1262475, 42, 1.0195941925048828, 0.7704497575759888, 5.981515884399414
1262475, 42, 1.193599820137024, 0.8980408310890198, 6.9783549308776855
1262475, 42, 1.3670974969863892, 1.0253891944885254, 7.975247859954834
1262475, 42, 1.5423883199691772, 1.1538399457931519, 8.972058296203613
1262475, 42, 1.718554139137268, 1.2822209596633911, 9.968886375427246
1262475, 42, 1.8938347101211548, 1.409684181213379, 10.96573257446289
1262475, 42, 2.0668210983276367, 1.535699486732483, 11.962641716003418
1262475, 42, 2.240107536315918, 1.6642541885375977, 12.9595308303833
1262475, 42, 2.414555549621582, 1.7975871562957764, 13.956316947937012
1262475, 42, 2.587550163269043, 1.9313443899154663, 14.953177452087402
1262475, 42, 2.7580761909484863, 2.061683177947998, 15.950157165527344
1262475, 42, 2.9232068061828613, 2.186899423599243, 16.94731903076172
1262475, 42, 3.082242012023926, 2.3079984188079834, 17.944652557373047
1262475, 42, 3.2418408393859863, 2.4286563396453857, 18.941905975341797
1262475, 42, 3.4049580097198486, 2.5508205890655518, 19.939044952392578
1262475, 42, 3.575108051300049, 2.6766598224639893, 20.93587875366211
1262475, 42, 3.7419705390930176, 2.803222894668579, 21.93290138244629
1262475, 42, 3.9050304889678955, 2.9284443855285645, 22.930139541625977
1262475, 42, 4.0670976638793945, 3.0536699295043945, 23.92741584777832
1262475, 42, 4.238271713256836, 3.180504560470581, 24.92438507080078
1262475, 42, 4.405508518218994, 3.304882287979126, 25.92156982421875
1262475, 42, 4.574845790863037, 3.4302010536193848, 26.918682098388672
1262475, 42, 4.742111682891846, 3.5545058250427246, 27.915931701660156
1262475, 42, 4.909748077392578, 3.6788735389709473, 28.91318130493164
1262475, 42, 5.078379154205322, 3.804844379425049, 29.91036605834961
5010602, 43, 0.1577882617712021, 0.12727344036102295, 0.9970644116401672
5010602, 43, 0.3186384439468384, 0.2539621591567993, 1.99403715133667
5010602, 43, 0.4778108298778534, 0.3784683644771576, 2.9911553859710693
5010602, 43, 0.6407679915428162, 0.5032858848571777, 3.9881534576416016
5010602, 43, 0.8006535768508911, 0.6264437437057495, 4.985358715057373
5010602, 43, 0.970457911491394, 0.754706859588623, 5.981971263885498
5010602, 43, 1.1321299076080322, 0.8787583708763123, 6.979115009307861
5010602, 43, 1.293074369430542, 1.0021612644195557, 7.976314544677734
5010602, 43, 1.4553827047348022, 1.126193881034851, 8.973482131958008
5010602, 43, 1.6168346405029297, 1.2517300844192505, 9.970678329467773
5010602, 43, 1.7828648090362549, 1.3813425302505493, 10.967677116394043
5010602, 43, 1.9509358406066895, 1.512147307395935, 11.964638710021973
5010602, 43, 2.1167705059051514, 1.6412383317947388, 12.961747169494629
5010602, 43, 2.280857563018799, 1.767918348312378, 13.958963394165039
5010602, 43, 2.440495252609253, 1.8940027952194214, 14.956219673156738
5010602, 43, 2.599212408065796, 2.0214455127716064, 15.953431129455566
5010602, 43, 2.759568214416504, 2.1480159759521484, 16.95063018798828
5010602, 43, 2.925283908843994, 2.276613712310791, 17.947643280029297
5010602, 43, 3.090272903442383, 2.4069864749908447, 18.94465446472168
5010602, 43, 3.256873369216919, 2.538792133331299, 19.941585540771484
5010602, 43, 3.419459819793701, 2.6668283939361572, 20.938735961914062
5010602, 43, 3.5803661346435547, 2.793280601501465, 21.935911178588867
5010602, 43, 3.7381203174591064, 2.9180495738983154, 22.933137893676758
5010602, 43, 3.893627882003784, 3.0419251918792725, 23.93041229248047
5010602, 43, 4.049376487731934, 3.165987014770508, 24.92772102355957
5010602, 43, 4.210148811340332, 3.292276382446289, 25.924938201904297
5010602, 43, 4.3714985847473145, 3.420300006866455, 26.92212677001953
5010602, 43, 4.532851219177246, 3.549769639968872, 27.91929817199707
5010602, 43, 4.69526481628418, 3.679046630859375, 28.916393280029297
5010602, 43, 4.857860088348389, 3.8087732791900635, 29.9134521484375
4961513, 44, 0.16073420643806458, 0.12276503443717957, 0.9972895383834839
4961513, 44, 0.3212227523326874, 0.243792325258255, 1.9946160316467285
4961513, 44, 0.4808233380317688, 0.36529025435447693, 2.991982936859131
4961513, 44, 0.6380990147590637, 0.4856211543083191, 3.9894120693206787
4961513, 44, 0.7964800596237183, 0.605515718460083, 4.9868550300598145
4961513, 44, 0.9506648182868958, 0.7249632477760315, 5.984321117401123
4961513, 44, 1.1039822101593018, 0.8464052081108093, 6.981733322143555
4961513, 44, 1.2588014602661133, 0.9694002270698547, 7.979113578796387
4961513, 44, 1.4208521842956543, 1.094212532043457, 8.976314544677734
4961513, 44, 1.5785069465637207, 1.2178254127502441, 9.973665237426758
4961513, 44, 1.734271764755249, 1.3392912149429321, 10.971088409423828
4961513, 44, 1.8938626050949097, 1.4604421854019165, 11.96839714050293
4961513, 44, 2.0470049381256104, 1.5804075002670288, 12.965821266174316
4961513, 44, 2.1989235877990723, 1.7010263204574585, 13.963227272033691
4961513, 44, 2.3436520099639893, 1.8197810649871826, 14.960573196411133
4961513, 44, 2.4862430095672607, 1.9376935958862305, 15.957928657531738
4961513, 44, 2.6351187229156494, 2.0546579360961914, 16.955364227294922
4961513, 44, 2.7813076972961426, 2.1763906478881836, 17.95266342163086
4961513, 44, 2.933877944946289, 2.300332546234131, 18.94992446899414
4961513, 44, 3.0891597270965576, 2.423875570297241, 19.947172164916992
4961513, 44, 3.2355616092681885, 2.5444376468658447, 20.944486618041992
4961513, 44, 3.384120225906372, 2.6641926765441895, 21.941883087158203
4961513, 44, 3.535290241241455, 2.7849490642547607, 22.93927764892578
4961513, 44, 3.692716121673584, 2.907733201980591, 23.93661117553711
4961513, 44, 3.8486597537994385, 3.0301167964935303, 24.933992385864258
4961513, 44, 4.0055460929870605, 3.1522579193115234, 25.931386947631836
4961513, 44, 4.158585548400879, 3.2730507850646973, 26.92881202697754
4961513, 44, 4.311058521270752, 3.394484758377075, 27.926151275634766
4961513, 44, 4.468085765838623, 3.5157370567321777, 28.923547744750977
4961513, 44, 4.62519645690918, 3.635159969329834, 29.920974731445312
5059948, 45, 0.1537589281797409, 0.12810765206813812, 0.9971071481704712
5059948, 45, 0.3111574649810791, 0.25559884309768677, 1.9942879676818848
5059948, 45, 0.4747828543186188, 0.38265180587768555, 2.99147629737854
5059948, 45, 0.6343156695365906, 0.5079705715179443, 3.9886951446533203
5059948, 45, 0.7903313636779785, 0.6337627172470093, 4.985867023468018
5059948, 45, 0.946667492389679, 0.7623639106750488, 5.983010292053223
5059948, 45, 1.100962519645691, 0.8942307829856873, 6.980044841766357
5059948, 45, 1.2640392780303955, 1.0273514986038208, 7.97712516784668
5059948, 45, 1.437814474105835, 1.161363959312439, 8.973976135253906
5059948, 45, 1.608834147453308, 1.291520357131958, 9.971009254455566
5059948, 45, 1.7754408121109009, 1.4178591966629028, 10.968181610107422
5059948, 45, 1.9364721775054932, 1.5427510738372803, 11.965374946594238
5059948, 45, 2.094599962234497, 1.6679954528808594, 12.962493896484375
5059948, 45, 2.251617670059204, 1.7928102016448975, 13.959606170654297
5059948, 45, 2.403630495071411, 1.9141932725906372, 14.95671558380127
5059948, 45, 2.553478240966797, 2.0333409309387207, 15.953901290893555
5059948, 45, 2.702686071395874, 2.1517932415008545, 16.951078414916992
5059948, 45, 2.862025499343872, 2.272787094116211, 17.948259353637695
5059948, 45, 3.019839286804199, 2.3949930667877197, 18.945472717285156
5059948, 45, 3.1691651344299316, 2.5161941051483154, 19.94253158569336
5059948, 45, 3.3252651691436768, 2.635906457901001, 20.939773559570312
5059948, 45, 3.481907844543457, 2.755279541015625, 21.937044143676758
5059948, 45, 3.6409354209899902, 2.876009702682495, 22.93429183959961
5059948, 45, 3.793290376663208, 2.9987263679504395, 23.931318283081055
5059948, 45, 3.9589409828186035, 3.1235735416412354, 24.928503036499023
5059948, 45, 4.117733955383301, 3.251213312149048, 25.925594329833984
5059948, 45, 4.276401996612549, 3.379781723022461, 26.92267608642578
5059948, 45, 4.4411139488220215, 3.507310628890991, 27.91988182067871
5059948, 45, 4.604254245758057, 3.633359909057617, 28.91708755493164
5059948, 45, 4.767154216766357, 3.7583343982696533, 29.914310455322266
4855738, 46, 0.16185373067855835, 0.1267203837633133, 0.9970803260803223
4855738, 46, 0.32558661699295044, 0.2540552020072937, 1.9941163063049316
4855738, 46, 0.484291672706604, 0.37907764315605164, 2.99139142036438
4855738, 46, 0.641778290271759, 0.5033766031265259, 3.98872447013855
4855738, 46, 0.7995843887329102, 0.6282100677490234, 4.986035346984863
4855738, 46, 0.9615997076034546, 0.7552441954612732, 5.983185768127441
4855738, 46, 1.126098871231079, 0.8846505284309387, 6.980275630950928
4855738, 46, 1.2933833599090576, 1.0155155658721924, 7.977311134338379
4855738, 46, 1.4603431224822998, 1.1455905437469482, 8.974374771118164
4855738, 46, 1.6267670392990112, 1.2744330167770386, 9.971452713012695
4855738, 46, 1.7940988540649414, 1.4038962125778198, 10.96849250793457
4855738, 46, 1.962146282196045, 1.5341949462890625, 11.96542739868164
4855738, 46, 2.1254916191101074, 1.6624183654785156, 12.962573051452637
4855738, 46, 2.290839195251465, 1.791335105895996, 13.959588050842285
4855738, 46, 2.45470929145813, 1.9192370176315308, 14.956609725952148
4855738, 46, 2.612065315246582, 2.0440142154693604, 15.953828811645508
4855738, 46, 2.765134334564209, 2.164219379425049, 16.95106315612793
4855738, 46, 2.912851333618164, 2.2840185165405273, 17.94843101501465
4855738, 46, 3.072293519973755, 2.411654472351074, 18.94550132751465
4855738, 46, 3.237396717071533, 2.539538621902466, 19.942293167114258
4855738, 46, 3.3875317573547363, 2.6564953327178955, 20.939739227294922
4855738, 46, 3.5490994453430176, 2.7797605991363525, 21.936758041381836
4855738, 46, 3.713070869445801, 2.908168077468872, 22.933853149414062
4855738, 46, 3.8852670192718506, 3.04239821434021, 23.930601119995117
4855738, 46, 4.060210704803467, 3.1788241863250732, 24.92719268798828
4855738, 46, 4.233463764190674, 3.3135287761688232, 25.92388153076172
4855738, 46, 4.401522636413574, 3.4442484378814697, 26.920875549316406
4855738, 46, 4.570835113525391, 3.574481725692749, 27.91779327392578
4855738, 46, 4.739767074584961, 3.702418565750122, 28.914710998535156
4855738, 46, 4.9061079025268555, 3.8276820182800293, 29.91175651550293
