Case_ID, Slide_ID, mae, mse, ssim
5266205, 1, 0.0485447533428669, 0.007702818606048822, 0.9995217323303223
5266205, 2, 0.0991387739777565, 0.015745699405670166, 1.9989944696426392
5266205, 3, 0.1519480049610138, 0.024351585656404495, 2.9984145164489746
5266205, 4, 0.21720685064792633, 0.036527927964925766, 3.9972026348114014
5266205, 5, 0.2692566215991974, 0.045034945011138916, 4.996692180633545
5266205, 6, 0.32184338569641113, 0.05401785671710968, 5.996159553527832
5266205, 7, 0.3729480504989624, 0.06269104033708572, 6.995683670043945
5266205, 8, 0.4240381717681885, 0.07150114327669144, 7.995199203491211
5266205, 9, 0.4765893816947937, 0.08084283024072647, 8.994669914245605
5266205, 10, 0.5306705236434937, 0.09088931977748871, 9.994097709655762
5266205, 11, 0.5823057889938354, 0.10004618018865585, 10.993595123291016
5266205, 12, 0.6344044208526611, 0.10931070148944855, 11.993056297302246
5266205, 13, 0.6844871044158936, 0.1174236536026001, 12.992597579956055
5266205, 14, 0.7464639544487, 0.12903709709644318, 13.991498947143555
5266205, 15, 0.7893930673599243, 0.1352800577878952, 14.991106033325195
5266205, 16, 0.8392471671104431, 0.14325907826423645, 15.990458488464355
5266205, 17, 0.8981606364250183, 0.15360650420188904, 16.989444732666016
5266205, 18, 0.9561716914176941, 0.16372914612293243, 17.988473892211914
5266205, 19, 1.0035628080368042, 0.17125394940376282, 18.98805046081543
5266205, 20, 1.0496463775634766, 0.17851537466049194, 19.987651824951172
5266205, 21, 1.0961129665374756, 0.18593549728393555, 20.987247467041016
5266205, 22, 1.1471644639968872, 0.19512243568897247, 21.98668098449707
5266205, 23, 1.1988298892974854, 0.20409880578517914, 22.98613739013672
5266205, 24, 1.2487386465072632, 0.2120853215456009, 23.98565673828125
5266205, 25, 1.2984384298324585, 0.22003330290317535, 24.98519515991211
5266205, 26, 1.3575361967086792, 0.2302759885787964, 25.984256744384766
5266205, 27, 1.4212068319320679, 0.24192126095294952, 26.983009338378906
5266205, 28, 1.4563244581222534, 0.2463974952697754, 27.98272705078125
5266205, 29, 1.521680235862732, 0.2589551508426666, 28.981374740600586
5266205, 30, 1.5788401365280151, 0.2691896855831146, 29.980501174926758
5110047, 1, 0.05809216946363449, 0.010470259934663773, 0.9990911483764648
5110047, 2, 0.11625517904758453, 0.02073952555656433, 1.998203992843628
5110047, 3, 0.16813154518604279, 0.029632313176989555, 2.9976418018341064
5110047, 4, 0.22259323298931122, 0.03901679813861847, 3.9969451427459717
5110047, 5, 0.2766176164150238, 0.048396263271570206, 4.996262550354004
5110047, 6, 0.33255860209465027, 0.05811445787549019, 5.995485782623291
5110047, 7, 0.3959396481513977, 0.06978145986795425, 6.99434757232666
5110047, 8, 0.4362710416316986, 0.07587103545665741, 7.9940032958984375
5110047, 9, 0.47571828961372375, 0.08153099566698074, 8.993690490722656
5110047, 10, 0.5156353712081909, 0.08719738572835922, 9.993379592895508
5110047, 11, 0.5705021619796753, 0.09664231538772583, 10.992673873901367
5110047, 12, 0.6164820194244385, 0.10402829945087433, 11.992218017578125
5110047, 13, 0.6591165661811829, 0.11060378700494766, 12.99184799194336
5110047, 14, 0.7001993060112, 0.11692436039447784, 13.991497993469238
5110047, 15, 0.7388637661933899, 0.1223863735795021, 14.991207122802734
5110047, 16, 0.7761470675468445, 0.1272311955690384, 15.990946769714355
5110047, 17, 0.8133751749992371, 0.1319189816713333, 16.99068260192871
5110047, 18, 0.8529332280158997, 0.13712993264198303, 17.990352630615234
5110047, 19, 0.8921656012535095, 0.14247643947601318, 18.99000358581543
5110047, 20, 0.9317701458930969, 0.14785686135292053, 19.989656448364258
5110047, 21, 0.9725044369697571, 0.15370705723762512, 20.98928451538086
5110047, 22, 1.0388611555099487, 0.1670876443386078, 21.987953186035156
5110047, 23, 1.0938667058944702, 0.17700538039207458, 22.987215042114258
5110047, 24, 1.1478832960128784, 0.18648754060268402, 23.98647689819336
5110047, 25, 1.2020890712738037, 0.19579516351222992, 24.985715866088867
5110047, 26, 1.258819580078125, 0.2058168351650238, 25.984832763671875
5110047, 27, 1.3135274648666382, 0.21562716364860535, 26.984052658081055
5110047, 28, 1.3712992668151855, 0.22653941810131073, 27.983076095581055
5110047, 29, 1.435495138168335, 0.2394443154335022, 28.98172378540039
5110047, 30, 1.5030866861343384, 0.2536626160144806, 29.98017120361328
4954663, 1, 0.07333463430404663, 0.016069382429122925, 0.9983929991722107
4954663, 2, 0.14763031899929047, 0.032212890684604645, 1.9967308044433594
4954663, 3, 0.22125065326690674, 0.048467956483364105, 2.995117664337158
4954663, 4, 0.26400408148765564, 0.05476591736078262, 3.994734287261963
4954663, 5, 0.32649463415145874, 0.06686044484376907, 4.993788242340088
4954663, 6, 0.3900655210018158, 0.07919169217348099, 5.9928436279296875
4954663, 7, 0.455882728099823, 0.09206865727901459, 6.9917893409729
4954663, 8, 0.5194025039672852, 0.10441800206899643, 7.990858554840088
4954663, 9, 0.5840404033660889, 0.11690934747457504, 8.989800453186035
4954663, 10, 0.6275572776794434, 0.12288981676101685, 9.98937702178955
4954663, 11, 0.6695972681045532, 0.12924541532993317, 10.989004135131836
4954663, 12, 0.7344627380371094, 0.14158079028129578, 11.987870216369629
4954663, 13, 0.7733336687088013, 0.14691917598247528, 12.987577438354492
4954663, 14, 0.8119706511497498, 0.1523916870355606, 13.987276077270508
4954663, 15, 0.8728557229042053, 0.16377218067646027, 14.986368179321289
4954663, 16, 0.9479160308837891, 0.18002645671367645, 15.98459529876709
4954663, 17, 1.0138648748397827, 0.19286897778511047, 16.9835147857666
4954663, 18, 1.0752054452896118, 0.20424577593803406, 17.98257064819336
4954663, 19, 1.1159700155258179, 0.20995737612247467, 18.982250213623047
4954663, 20, 1.1571820974349976, 0.21582727134227753, 19.981931686401367
4954663, 21, 1.2159825563430786, 0.22631876170635223, 20.98108673095703
4954663, 22, 1.2773466110229492, 0.23763275146484375, 21.980175018310547
4954663, 23, 1.3363333940505981, 0.24848279356956482, 22.979400634765625
4954663, 24, 1.4013797044754028, 0.2614724338054657, 23.978235244750977
4954663, 25, 1.4631474018096924, 0.2733519971370697, 24.977264404296875
4954663, 26, 1.5414015054702759, 0.291155070066452, 25.97527313232422
4954663, 27, 1.6095386743545532, 0.3053731620311737, 26.97393798828125
4954663, 28, 1.6813123226165771, 0.32103094458580017, 27.97230339050293
4954663, 29, 1.7546162605285645, 0.33732789754867554, 28.97050666809082
4954663, 30, 1.8352785110473633, 0.3564910292625427, 29.968149185180664
4899760, 1, 0.0733865424990654, 0.016255782917141914, 0.9983254075050354
4899760, 2, 0.1307920217514038, 0.026751279830932617, 1.99761164188385
4899760, 3, 0.1861094981431961, 0.0365968719124794, 2.9969587326049805
4899760, 4, 0.24511730670928955, 0.04767864942550659, 3.9960920810699463
4899760, 5, 0.31542474031448364, 0.06248337775468826, 4.99464225769043
4899760, 6, 0.3878723680973053, 0.0778273493051529, 5.993073463439941
4899760, 7, 0.45050013065338135, 0.089697927236557, 6.991989612579346
4899760, 8, 0.5102136135101318, 0.10080846399068832, 7.991044998168945
4899760, 9, 0.5651435852050781, 0.1104317307472229, 8.990447044372559
4899760, 10, 0.6261299848556519, 0.12202781438827515, 9.989480972290039
4899760, 11, 0.6811267137527466, 0.1317746341228485, 10.988818168640137
4899760, 12, 0.7384707927703857, 0.142316073179245, 11.988012313842773
4899760, 13, 0.7972339391708374, 0.15317696332931519, 12.987095832824707
4899760, 14, 0.8551757335662842, 0.16388247907161713, 13.98625659942627
4899760, 15, 0.9092666506767273, 0.17322538793087006, 14.985636711120605
4899760, 16, 0.949964702129364, 0.17840638756752014, 15.98535442352295
4899760, 17, 0.9923120737075806, 0.18423648178577423, 16.985034942626953
4899760, 18, 1.0332170724868774, 0.1897977739572525, 17.984676361083984
4899760, 19, 1.0972893238067627, 0.20264345407485962, 18.983530044555664
4899760, 20, 1.1577612161636353, 0.21444495022296906, 19.982561111450195
4899760, 21, 1.2188416719436646, 0.2261258363723755, 20.981578826904297
4899760, 22, 1.278872013092041, 0.2375015765428543, 21.980669021606445
4899760, 23, 1.3397728204727173, 0.24925757944583893, 22.979673385620117
4899760, 24, 1.4137824773788452, 0.2658955156803131, 23.977853775024414
4899760, 25, 1.493656039237976, 0.28475069999694824, 24.975601196289062
4899760, 26, 1.5708963871002197, 0.30261069536209106, 25.973508834838867
4899760, 27, 1.6440023183822632, 0.3190477192401886, 26.971782684326172
4899760, 28, 1.7137781381607056, 0.33424562215805054, 27.970266342163086
4899760, 29, 1.7900124788284302, 0.3517990708351135, 28.968292236328125
4899760, 30, 1.871852993965149, 0.37139126658439636, 29.966001510620117
5262914_2, 1, 0.07400888204574585, 0.016151253134012222, 0.9985882043838501
5262914_2, 2, 0.1488122195005417, 0.03260354697704315, 1.9970664978027344
5262914_2, 3, 0.213628888130188, 0.0456065833568573, 2.996105194091797
5262914_2, 4, 0.28721198439598083, 0.061064671725034714, 3.9946351051330566
5262914_2, 5, 0.3542591631412506, 0.07479343563318253, 4.993620872497559
5262914_2, 6, 0.4209817945957184, 0.08832207322120667, 5.992624282836914
5262914_2, 7, 0.49335816502571106, 0.1036076545715332, 6.991280555725098
5262914_2, 8, 0.5614383220672607, 0.11777340620756149, 7.990249156951904
5262914_2, 9, 0.6332948803901672, 0.1329800933599472, 8.988956451416016
5262914_2, 10, 0.690340518951416, 0.1450320929288864, 9.98815631866455
5262914_2, 11, 0.7722401022911072, 0.16093622148036957, 10.98601245880127
5262914_2, 12, 0.8475545644760132, 0.17468126118183136, 11.98426628112793
5262914_2, 13, 0.9270675778388977, 0.18979766964912415, 12.982282638549805
5262914_2, 14, 1.0131220817565918, 0.2069890797138214, 13.979937553405762
5262914_2, 15, 1.0692429542541504, 0.21620914340019226, 14.979217529296875
5262914_2, 16, 1.1376646757125854, 0.2279239296913147, 15.97789192199707
5262914_2, 17, 1.2153419256210327, 0.24502822756767273, 16.97625160217285
5262914_2, 18, 1.2691030502319336, 0.25576892495155334, 17.975603103637695
5262914_2, 19, 1.3349775075912476, 0.26989808678627014, 18.974653244018555
5262914_2, 20, 1.3994582891464233, 0.28285765647888184, 19.97373390197754
5262914_2, 21, 1.4623644351959229, 0.2955797612667084, 20.972944259643555
5262914_2, 22, 1.5148513317108154, 0.3059332072734833, 21.972253799438477
5262914_2, 23, 1.5638569593429565, 0.31449589133262634, 22.971712112426758
5262914_2, 24, 1.610644817352295, 0.3226836621761322, 23.971221923828125
5262914_2, 25, 1.677690029144287, 0.3367220163345337, 24.97018051147461
5262914_2, 26, 1.7475961446762085, 0.35149726271629333, 25.968835830688477
5262914_2, 27, 1.7911161184310913, 0.35774824023246765, 26.968435287475586
5262914_2, 28, 1.8356709480285645, 0.3648691177368164, 27.967960357666016
5262914_2, 29, 1.8802560567855835, 0.3714241087436676, 28.967464447021484
5262914_2, 30, 1.9556751251220703, 0.3877694606781006, 29.96579360961914
5216902, 1, 0.0599241629242897, 0.011140165850520134, 0.9991281628608704
5216902, 2, 0.11436457931995392, 0.0204070545732975, 1.9985204935073853
5216902, 3, 0.17255492508411407, 0.030509667471051216, 2.9976673126220703
5216902, 4, 0.228707954287529, 0.040026500821113586, 3.9968841075897217
5216902, 5, 0.26719459891319275, 0.044988688081502914, 4.996554851531982
5216902, 6, 0.33156681060791016, 0.05722540616989136, 5.995301246643066
5216902, 7, 0.39191490411758423, 0.06817005574703217, 6.994308948516846
5216902, 8, 0.4526834785938263, 0.07935292273759842, 7.993338584899902
5216902, 9, 0.516140341758728, 0.09125279635190964, 8.992178916931152
5216902, 10, 0.5819963216781616, 0.1041797399520874, 9.99094009399414
5216902, 11, 0.6477077007293701, 0.11702191829681396, 10.98978042602539
5216902, 12, 0.709089994430542, 0.12855477631092072, 11.988823890686035
5216902, 13, 0.7639097571372986, 0.13799616694450378, 12.988112449645996
5216902, 14, 0.8140631914138794, 0.14606928825378418, 13.987584114074707
5216902, 15, 0.8744727373123169, 0.15714743733406067, 14.986503601074219
5216902, 16, 0.9361253380775452, 0.16856639087200165, 15.985377311706543
5216902, 17, 0.9888049364089966, 0.17733553051948547, 16.98479652404785
5216902, 18, 1.049263596534729, 0.18826670944690704, 17.983821868896484
5216902, 19, 1.0869910717010498, 0.19294606149196625, 18.98354148864746
5216902, 20, 1.1427065134048462, 0.20246273279190063, 19.9827938079834
5216902, 21, 1.2072581052780151, 0.2148314267396927, 20.981536865234375
5216902, 22, 1.2736536264419556, 0.22776463627815247, 21.980222702026367
5216902, 23, 1.3361165523529053, 0.23944725096225739, 22.979177474975586
5216902, 24, 1.4036715030670166, 0.25285863876342773, 23.977861404418945
5216902, 25, 1.473992109298706, 0.26725977659225464, 24.976367950439453
5216902, 26, 1.513802170753479, 0.2721949517726898, 25.97599220275879
5216902, 27, 1.555263876914978, 0.27771320939064026, 26.97553253173828
5216902, 28, 1.594071626663208, 0.28290799260139465, 27.975154876708984
5216902, 29, 1.6327121257781982, 0.2878943979740143, 28.974777221679688
5216902, 30, 1.7072114944458008, 0.3047553598880768, 29.972932815551758
5032506, 1, 0.04324069246649742, 0.006019680295139551, 0.9996207356452942
5032506, 2, 0.08700035512447357, 0.012166444212198257, 1.9992341995239258
5032506, 3, 0.12807820737361908, 0.017785798758268356, 2.998948812484741
5032506, 4, 0.17036962509155273, 0.023910239338874817, 3.9986166954040527
5032506, 5, 0.21256348490715027, 0.029683509841561317, 4.998297214508057
5032506, 6, 0.2553633749485016, 0.035617269575595856, 5.997997760772705
5032506, 7, 0.29931360483169556, 0.04171915724873543, 6.997669219970703
5032506, 8, 0.3366864323616028, 0.04644566401839256, 7.9974141120910645
5032506, 9, 0.376562237739563, 0.05137893930077553, 8.997054100036621
5032506, 10, 0.4295279383659363, 0.05916406214237213, 9.996277809143066
5032506, 11, 0.47997772693634033, 0.06633590906858444, 10.995600700378418
5032506, 12, 0.5356086492538452, 0.07473510503768921, 11.994739532470703
5032506, 13, 0.5882530808448792, 0.0822678729891777, 12.993989944458008
5032506, 14, 0.6394577622413635, 0.08953864872455597, 13.993297576904297
5032506, 15, 0.6883257031440735, 0.09634121507406235, 14.992680549621582
5032506, 16, 0.731025218963623, 0.10190709680318832, 15.992239952087402
5032506, 17, 0.7789114713668823, 0.10851763933897018, 16.99164390563965
5032506, 18, 0.8201943039894104, 0.11357207596302032, 17.99124526977539
5032506, 19, 0.8653793931007385, 0.11947650462388992, 18.990707397460938
5032506, 20, 0.912883996963501, 0.12611812353134155, 19.990087509155273
5032506, 21, 0.9549559354782104, 0.13163669407367706, 20.989643096923828
5032506, 22, 0.9960744976997375, 0.13697883486747742, 21.989206314086914
5032506, 23, 1.04108464717865, 0.14361554384231567, 22.988794326782227
5032506, 24, 1.0907015800476074, 0.15114831924438477, 23.988229751586914
5032506, 25, 1.1384092569351196, 0.15823116898536682, 24.98769187927246
5032506, 26, 1.1844717264175415, 0.1650090217590332, 25.987178802490234
5032506, 27, 1.2299154996871948, 0.17199677228927612, 26.98670196533203
5032506, 28, 1.275914192199707, 0.17931827902793884, 27.986181259155273
5032506, 29, 1.3230725526809692, 0.18666377663612366, 28.9855899810791
5032506, 30, 1.3698906898498535, 0.1939048171043396, 29.985029220581055
4862367, 1, 0.05801806598901749, 0.010619435459375381, 0.9992168545722961
4862367, 2, 0.11267328262329102, 0.020350109785795212, 1.9986152648925781
4862367, 3, 0.16650699079036713, 0.029697462916374207, 2.9980311393737793
4862367, 4, 0.2073346972465515, 0.03558430075645447, 3.997713327407837
4862367, 5, 0.24811385571956635, 0.04112337902188301, 4.997381210327148
4862367, 6, 0.2879236936569214, 0.04655824974179268, 5.997095584869385
4862367, 7, 0.341190367937088, 0.05569252371788025, 6.996506214141846
4862367, 8, 0.3855677545070648, 0.06242093816399574, 7.996150493621826
4862367, 9, 0.42583927512168884, 0.06795483082532883, 8.995891571044922
4862367, 10, 0.4646909236907959, 0.07309325039386749, 9.995645523071289
4862367, 11, 0.5071813464164734, 0.0793297290802002, 10.995340347290039
4862367, 12, 0.558962881565094, 0.08812369406223297, 11.994842529296875
4862367, 13, 0.5990637540817261, 0.09387721866369247, 12.99456787109375
4862367, 14, 0.6381375789642334, 0.09914518147706985, 13.994277000427246
4862367, 15, 0.691336989402771, 0.10825476795434952, 14.993595123291016
4862367, 16, 0.7465494871139526, 0.11790217459201813, 15.992847442626953
4862367, 17, 0.8018094301223755, 0.12751944363117218, 16.99207305908203
4862367, 18, 0.84345942735672, 0.13301029801368713, 17.99166488647461
4862367, 19, 0.8853581547737122, 0.1386355459690094, 18.991254806518555
4862367, 20, 0.9258387684822083, 0.14384594559669495, 19.990896224975586
4862367, 21, 0.9920259118080139, 0.15676093101501465, 20.989559173583984
4862367, 22, 1.050819993019104, 0.16762596368789673, 21.988656997680664
4862367, 23, 1.11166250705719, 0.1789739429950714, 22.987619400024414
4862367, 24, 1.174807071685791, 0.19091646373271942, 23.986421585083008
4862367, 25, 1.2399249076843262, 0.20359298586845398, 24.98511505126953
4862367, 26, 1.2847278118133545, 0.20994241535663605, 25.98462677001953
4862367, 27, 1.3538720607757568, 0.22439788281917572, 26.983112335205078
4862367, 28, 1.4438832998275757, 0.2473117560148239, 27.98011016845703
4862367, 29, 1.5177206993103027, 0.26341599225997925, 28.97829818725586
4862367, 30, 1.5862313508987427, 0.2777009904384613, 29.976858139038086
1144246, 1, 0.056894998997449875, 0.009812048636376858, 0.9992843866348267
1144246, 2, 0.11165224015712738, 0.01891542226076126, 1.9986708164215088
1144246, 3, 0.16539832949638367, 0.027684539556503296, 2.9980151653289795
1144246, 4, 0.22098587453365326, 0.037051647901535034, 3.9972596168518066
1144246, 5, 0.2719472050666809, 0.04500410333275795, 4.9966936111450195
1144246, 6, 0.3176161050796509, 0.05130491405725479, 5.996244430541992
1144246, 7, 0.36518436670303345, 0.05815654620528221, 6.995761394500732
1144246, 8, 0.41717529296875, 0.06624338030815125, 7.995147228240967
1144246, 9, 0.4700053334236145, 0.07456719130277634, 8.994494438171387
1144246, 10, 0.5209903120994568, 0.08236591517925262, 9.99389362335205
1144246, 11, 0.5787662267684937, 0.09235120564699173, 10.993154525756836
1144246, 12, 0.637643575668335, 0.1026965007185936, 11.992400169372559
1144246, 13, 0.6957539319992065, 0.11289345473051071, 12.99170207977295
1144246, 14, 0.7446581721305847, 0.12003481388092041, 13.991189956665039
1144246, 15, 0.7930809259414673, 0.12697821855545044, 14.990686416625977
1144246, 16, 0.8481853604316711, 0.13591544330120087, 15.989947319030762
1144246, 17, 0.9042794108390808, 0.145074263215065, 16.989171981811523
1144246, 18, 0.9661033153533936, 0.15619051456451416, 17.988128662109375
1144246, 19, 1.0304508209228516, 0.16816984117031097, 18.986940383911133
1144246, 20, 1.092003345489502, 0.17910455167293549, 19.98583221435547
1144246, 21, 1.1495497226715088, 0.18930430710315704, 20.98508644104004
1144246, 22, 1.206130027770996, 0.199116051197052, 21.98438835144043
1144246, 23, 1.263333797454834, 0.20901228487491608, 22.983657836914062
1144246, 24, 1.321070909500122, 0.21941928565502167, 23.982873916625977
1144246, 25, 1.3791900873184204, 0.2299651801586151, 24.982067108154297
1144246, 26, 1.435846209526062, 0.23983439803123474, 25.9813232421875
1144246, 27, 1.4907503128051758, 0.2492131143808365, 26.980640411376953
1144246, 28, 1.5442978143692017, 0.2579649090766907, 27.98001480102539
1144246, 29, 1.598357915878296, 0.2668958306312561, 28.979398727416992
1144246, 30, 1.653597354888916, 0.2761973440647125, 29.978694915771484
4841237, 1, 0.053199585527181625, 0.008961107581853867, 0.9992973804473877
4841237, 2, 0.10091371089220047, 0.01635855808854103, 1.9988166093826294
4841237, 3, 0.14934900403022766, 0.023821726441383362, 2.9983179569244385
4841237, 4, 0.19854901731014252, 0.03158123791217804, 3.9978177547454834
4841237, 5, 0.2529504895210266, 0.04055947810411453, 4.997100830078125
4841237, 6, 0.3103623390197754, 0.05024845525622368, 5.996262073516846
4841237, 7, 0.36297470331192017, 0.058913301676511765, 6.995663642883301
4841237, 8, 0.4124308228492737, 0.0671585351228714, 7.995133399963379
4841237, 9, 0.4648405909538269, 0.07579479366540909, 8.99457836151123
4841237, 10, 0.5142906308174133, 0.08402234315872192, 9.994044303894043
4841237, 11, 0.5678533315658569, 0.09312750399112701, 10.99331283569336
4841237, 12, 0.6247786283493042, 0.1031847596168518, 11.992457389831543
4841237, 13, 0.6779530048370361, 0.11208517849445343, 12.99174690246582
4841237, 14, 0.7286549210548401, 0.12049969285726547, 13.991222381591797
4841237, 15, 0.7797274589538574, 0.12894584238529205, 14.990667343139648
4841237, 16, 0.8295126557350159, 0.13715338706970215, 15.990121841430664
4841237, 17, 0.8816394209861755, 0.1457131803035736, 16.98949432373047
4841237, 18, 0.9349637031555176, 0.15469668805599213, 17.988821029663086
4841237, 19, 0.9925530552864075, 0.16458718478679657, 18.987939834594727
4841237, 20, 1.0459541082382202, 0.17321211099624634, 19.987279891967773
4841237, 21, 1.1014666557312012, 0.18214470148086548, 20.98647117614746
4841237, 22, 1.162392020225525, 0.19250863790512085, 21.985342025756836
4841237, 23, 1.2247577905654907, 0.20335163176059723, 22.984127044677734
4841237, 24, 1.2786041498184204, 0.21149036288261414, 23.983314514160156
4841237, 25, 1.3190805912017822, 0.2165072113275528, 24.982925415039062
4841237, 26, 1.3807799816131592, 0.2271251380443573, 25.98173713684082
4841237, 27, 1.447765588760376, 0.23963387310504913, 26.980220794677734
4841237, 28, 1.5115312337875366, 0.2511126399040222, 27.978879928588867
4841237, 29, 1.569689154624939, 0.2599817216396332, 28.977703094482422
4841237, 30, 1.6395915746688843, 0.2731300890445709, 29.975921630859375
4151265, 1, 0.04507546126842499, 0.006697339471429586, 0.9995920062065125
4151265, 2, 0.08890284597873688, 0.013051950372755527, 1.9992151260375977
4151265, 3, 0.1364961415529251, 0.02048545517027378, 2.9987404346466064
4151265, 4, 0.18643222749233246, 0.028550855815410614, 3.99821138381958
4151265, 5, 0.23685075342655182, 0.03659121319651604, 4.997644901275635
4151265, 6, 0.2882689833641052, 0.044858381152153015, 5.9970574378967285
4151265, 7, 0.33927419781684875, 0.052902139723300934, 6.996487140655518
4151265, 8, 0.4167582094669342, 0.06754779815673828, 7.994686126708984
4151265, 9, 0.49033570289611816, 0.08086346834897995, 8.993083953857422
4151265, 10, 0.5651233792304993, 0.0946640819311142, 9.991449356079102
4151265, 11, 0.618722140789032, 0.10333959758281708, 10.990793228149414
4151265, 12, 0.6629734635353088, 0.10930728167295456, 11.990460395812988
4151265, 13, 0.7056407928466797, 0.1145886480808258, 12.990045547485352
4151265, 14, 0.755837619304657, 0.12163467705249786, 13.989376068115234
4151265, 15, 0.7939611673355103, 0.1260870099067688, 14.989078521728516
4151265, 16, 0.8387057185173035, 0.13166925311088562, 15.988587379455566
4151265, 17, 0.8995307087898254, 0.14106160402297974, 16.98750877380371
4151265, 18, 0.956699788570404, 0.1494954228401184, 17.986555099487305
4151265, 19, 0.993843138217926, 0.1535445600748062, 18.986265182495117
4151265, 20, 1.0369359254837036, 0.15950757265090942, 19.985857009887695
4151265, 21, 1.0793921947479248, 0.16542166471481323, 20.985492706298828
4151265, 22, 1.1203763484954834, 0.17092540860176086, 21.985153198242188
4151265, 23, 1.160834550857544, 0.17618557810783386, 22.984844207763672
4151265, 24, 1.2041237354278564, 0.18194249272346497, 23.984418869018555
4151265, 25, 1.2415560483932495, 0.18681886792182922, 24.984153747558594
4151265, 26, 1.2782742977142334, 0.19126786291599274, 25.983915328979492
4151265, 27, 1.3153108358383179, 0.1958443820476532, 26.983671188354492
4151265, 28, 1.3528645038604736, 0.20039980113506317, 27.983407974243164
4151265, 29, 1.3942457437515259, 0.2057211995124817, 28.983034133911133
4151265, 30, 1.4363359212875366, 0.21164681017398834, 29.982666015625
4741590, 1, 0.07805041968822479, 0.018250616267323494, 0.9980526566505432
4741590, 2, 0.1712644398212433, 0.0429740808904171, 1.9950230121612549
4741590, 3, 0.26049965620040894, 0.06575782597064972, 2.992311477661133
4741590, 4, 0.3523160219192505, 0.08950037509202957, 3.989340305328369
4741590, 5, 0.43266040086746216, 0.10819981247186661, 4.987188816070557
4741590, 6, 0.5283735394477844, 0.13342061638832092, 5.983865737915039
4741590, 7, 0.5831320881843567, 0.14304569363594055, 6.982990264892578
4741590, 8, 0.6579234004020691, 0.15755096077919006, 7.981076240539551
4741590, 9, 0.7369967103004456, 0.17619310319423676, 8.978976249694824
4741590, 10, 0.7875814437866211, 0.1844572126865387, 9.978262901306152
4741590, 11, 0.8356997966766357, 0.19197499752044678, 10.97769832611084
4741590, 12, 0.883110523223877, 0.19962428510189056, 11.977166175842285
4741590, 13, 0.9674278497695923, 0.21736648678779602, 12.974691390991211
4741590, 14, 1.0373706817626953, 0.23072823882102966, 13.973047256469727
4741590, 15, 1.10753333568573, 0.24420487880706787, 14.9713716506958
4741590, 16, 1.169643521308899, 0.25520914793014526, 15.970145225524902
4741590, 17, 1.2356984615325928, 0.2684306502342224, 16.968965530395508
4741590, 18, 1.2852256298065186, 0.2760566473007202, 17.968358993530273
4741590, 19, 1.3478353023529053, 0.28722137212753296, 18.967130661010742
4741590, 20, 1.4170327186584473, 0.3002220094203949, 19.965534210205078
4741590, 21, 1.47920560836792, 0.31100955605506897, 20.964344024658203
4741590, 22, 1.5284186601638794, 0.31919267773628235, 21.963869094848633
4741590, 23, 1.5826512575149536, 0.32844358682632446, 22.9631404876709
4741590, 24, 1.664037823677063, 0.34822139143943787, 23.961029052734375
4741590, 25, 1.7240591049194336, 0.3585622310638428, 24.95996856689453
4741590, 26, 1.8205760717391968, 0.3848460614681244, 25.956636428833008
4741590, 27, 1.9108779430389404, 0.40882453322410583, 26.953771591186523
4741590, 28, 2.0030860900878906, 0.43388912081718445, 27.950729370117188
4741590, 29, 2.111518383026123, 0.46672168374061584, 28.94622802734375
4741590, 30, 2.212270736694336, 0.4956287145614624, 29.94245719909668
4669030, 1, 0.06874899566173553, 0.013692802749574184, 0.9986580610275269
4669030, 2, 0.13947781920433044, 0.027874436229467392, 1.9972336292266846
4669030, 3, 0.20395487546920776, 0.039910804480314255, 2.9960880279541016
4669030, 4, 0.26144447922706604, 0.049815818667411804, 3.9952616691589355
4669030, 5, 0.31644827127456665, 0.05917905643582344, 4.994569778442383
4669030, 6, 0.37023478746414185, 0.06837353110313416, 5.993945598602295
4669030, 7, 0.42436161637306213, 0.0775110051035881, 6.993293762207031
4669030, 8, 0.47662046551704407, 0.08671022951602936, 7.992681980133057
4669030, 9, 0.5258396863937378, 0.09564248472452164, 8.991950988769531
4669030, 10, 0.579830527305603, 0.1063116267323494, 9.99101734161377
4669030, 11, 0.6262264847755432, 0.11437398195266724, 10.990428924560547
4669030, 12, 0.6828147172927856, 0.12396007031202316, 11.989585876464844
4669030, 13, 0.7244829535484314, 0.13025636970996857, 12.989155769348145
4669030, 14, 0.7651641368865967, 0.13633795082569122, 13.98876953125
4669030, 15, 0.8051764369010925, 0.14214164018630981, 14.98841381072998
4669030, 16, 0.8486353754997253, 0.14899538457393646, 15.987923622131348
4669030, 17, 0.8915217518806458, 0.1558070033788681, 16.987436294555664
4669030, 18, 0.9425535202026367, 0.16526904702186584, 17.98662757873535
4669030, 19, 0.9867665767669678, 0.1724129170179367, 18.986068725585938
4669030, 20, 1.0259112119674683, 0.17787761986255646, 19.98568344116211
4669030, 21, 1.0747785568237305, 0.1857452392578125, 20.985139846801758
4669030, 22, 1.1240769624710083, 0.1933433562517166, 21.984600067138672
4669030, 23, 1.1726919412612915, 0.20094391703605652, 22.984081268310547
4669030, 24, 1.2194981575012207, 0.20787745714187622, 23.983606338500977
4669030, 25, 1.265954613685608, 0.2144414484500885, 24.983110427856445
4669030, 26, 1.321204423904419, 0.22318348288536072, 25.982179641723633
4669030, 27, 1.3696930408477783, 0.2301815301179886, 26.981529235839844
4669030, 28, 1.4039069414138794, 0.2343529760837555, 27.98124122619629
4669030, 29, 1.4535967111587524, 0.24213723838329315, 28.980571746826172
4669030, 30, 1.5068680047988892, 0.2513505816459656, 29.979761123657227
4876648, 1, 0.056516554206609726, 0.010355725884437561, 0.9992997646331787
4876648, 2, 0.11260431259870529, 0.020521890372037888, 1.9985835552215576
4876648, 3, 0.16539211571216583, 0.029679540544748306, 2.9980127811431885
4876648, 4, 0.21507441997528076, 0.03786545991897583, 3.99753475189209
4876648, 5, 0.2669605016708374, 0.046340275555849075, 4.9968976974487305
4876648, 6, 0.3232303559780121, 0.05585991591215134, 5.996023178100586
4876648, 7, 0.374998539686203, 0.06443165987730026, 6.995384693145752
4876648, 8, 0.42784368991851807, 0.07341857999563217, 7.99470329284668
4876648, 9, 0.4845541715621948, 0.08312714099884033, 8.993852615356445
4876648, 10, 0.5247159004211426, 0.08864409476518631, 9.993570327758789
4876648, 11, 0.5622842311859131, 0.09336373209953308, 10.993311882019043
4876648, 12, 0.6100392937660217, 0.09997258335351944, 11.992650985717773
4876648, 13, 0.6505817770957947, 0.10558334738016129, 12.992356300354004
4876648, 14, 0.6894934177398682, 0.11063458770513535, 13.992071151733398
4876648, 15, 0.7342748641967773, 0.11742138117551804, 14.991677284240723
4876648, 16, 0.7739022970199585, 0.12275530397891998, 15.99140453338623
4876648, 17, 0.8122676014900208, 0.12759988009929657, 16.99110984802246
4876648, 18, 0.8662691116333008, 0.13652199506759644, 17.99039077758789
4876648, 19, 0.9209301471710205, 0.14584168791770935, 18.98969078063965
4876648, 20, 0.9753695130348206, 0.15502619743347168, 19.989017486572266
4876648, 21, 1.0305659770965576, 0.16467247903347015, 20.988346099853516
4876648, 22, 1.0871176719665527, 0.1746482253074646, 21.987558364868164
4876648, 23, 1.1394954919815063, 0.18352371454238892, 22.986953735351562
4876648, 24, 1.1947041749954224, 0.19309112429618835, 23.98621940612793
4876648, 25, 1.2550814151763916, 0.2041202336549759, 24.985183715820312
4876648, 26, 1.3231173753738403, 0.2175673544406891, 25.98372459411621
4876648, 27, 1.3825962543487549, 0.22821208834648132, 26.982723236083984
4876648, 28, 1.4370744228363037, 0.23739004135131836, 27.98194694519043
4876648, 29, 1.4954767227172852, 0.2481166422367096, 28.980937957763672
4876648, 30, 1.5550040006637573, 0.2593562602996826, 29.97991371154785
4762480, 1, 0.07835923880338669, 0.018532654270529747, 0.9981574416160583
4762480, 2, 0.154954731464386, 0.0362502858042717, 1.9963631629943848
4762480, 3, 0.22739526629447937, 0.05242597684264183, 2.9949910640716553
4762480, 4, 0.3109724223613739, 0.07282944023609161, 3.9927818775177
4762480, 5, 0.39591294527053833, 0.093219093978405, 4.990472793579102
4762480, 6, 0.4776734709739685, 0.11223822832107544, 5.988314151763916
4762480, 7, 0.5532504916191101, 0.12912121415138245, 6.986584186553955
4762480, 8, 0.6305206418037415, 0.14656899869441986, 7.9847307205200195
4762480, 9, 0.7017110586166382, 0.1619902402162552, 8.98327922821045
4762480, 10, 0.7813094258308411, 0.17997348308563232, 9.98120403289795
4762480, 11, 0.8559989929199219, 0.19597244262695312, 10.979410171508789
4762480, 12, 0.9399306178092957, 0.21490630507469177, 11.977027893066406
4762480, 13, 1.0155885219573975, 0.23107106983661652, 12.975204467773438
4762480, 14, 1.0876482725143433, 0.24657505750656128, 13.973610877990723
4762480, 15, 1.142267107963562, 0.25577422976493835, 14.972805976867676
4762480, 16, 1.1961205005645752, 0.2649175226688385, 15.972049713134766
4762480, 17, 1.2490531206130981, 0.2736152410507202, 16.971351623535156
4762480, 18, 1.3238866329193115, 0.28991031646728516, 17.969636917114258
4762480, 19, 1.3931634426116943, 0.3024997413158417, 18.968021392822266
4762480, 20, 1.453010082244873, 0.31296277046203613, 19.96695899963379
4762480, 21, 1.5280921459197998, 0.32966262102127075, 20.965164184570312
4762480, 22, 1.6055783033370972, 0.3476337194442749, 21.963176727294922
4762480, 23, 1.6819173097610474, 0.3653918206691742, 22.96119499206543
4762480, 24, 1.7611619234085083, 0.3845374286174774, 23.958972930908203
4762480, 25, 1.8178067207336426, 0.3946174383163452, 24.957883834838867
4762480, 26, 1.8696565628051758, 0.4036540389060974, 25.957015991210938
4762480, 27, 1.9224894046783447, 0.4128989577293396, 26.956100463867188
4762480, 28, 1.9773023128509521, 0.42218831181526184, 27.955110549926758
4762480, 29, 2.037769079208374, 0.43346258997917175, 28.953895568847656
4762480, 30, 2.1330344676971436, 0.4599475860595703, 29.950407028198242
5050023, 1, 0.07585827261209488, 0.015857990831136703, 0.9984517693519592
5050023, 2, 0.12928573787212372, 0.026079073548316956, 1.997725486755371
5050023, 3, 0.17972557246685028, 0.035497065633535385, 2.997091770172119
5050023, 4, 0.22896060347557068, 0.04467019811272621, 3.9965078830718994
5050023, 5, 0.27522462606430054, 0.0525890588760376, 4.996045112609863
5050023, 6, 0.3230491280555725, 0.06052377447485924, 5.995505332946777
5050023, 7, 0.3731105923652649, 0.06878548860549927, 6.994853973388672
5050023, 8, 0.4266224205493927, 0.0772700384259224, 7.994072437286377
5050023, 9, 0.47321391105651855, 0.08436257392168045, 8.993570327758789
5050023, 10, 0.5210199356079102, 0.0917326956987381, 9.992999076843262
5050023, 11, 0.5658825635910034, 0.09891223162412643, 10.992532730102539
5050023, 12, 0.609053373336792, 0.10558998584747314, 11.99216079711914
5050023, 13, 0.6544644832611084, 0.11249455064535141, 12.991724014282227
5050023, 14, 0.6989462375640869, 0.11949456483125687, 13.991312980651855
5050023, 15, 0.739033579826355, 0.12557660043239594, 14.990974426269531
5050023, 16, 0.78151535987854, 0.13181151449680328, 15.990537643432617
5050023, 17, 0.8215608596801758, 0.13770711421966553, 16.990177154541016
5050023, 18, 0.8639454245567322, 0.1438887119293213, 17.989748001098633
5050023, 19, 0.9046079516410828, 0.14973197877407074, 18.989351272583008
5050023, 20, 0.9445013999938965, 0.15553927421569824, 19.988967895507812
5050023, 21, 0.9848663806915283, 0.16135725378990173, 20.98856544494629
5050023, 22, 1.0226831436157227, 0.1663743555545807, 21.9882869720459
5050023, 23, 1.064432978630066, 0.1722002625465393, 22.987934112548828
5050023, 24, 1.1029019355773926, 0.1777685582637787, 23.98760223388672
5050023, 25, 1.141626238822937, 0.18330590426921844, 24.98723602294922
5050023, 26, 1.2054494619369507, 0.19582511484622955, 25.98604393005371
5050023, 27, 1.2432761192321777, 0.20050086081027985, 26.98569107055664
5050023, 28, 1.280251383781433, 0.20500624179840088, 27.98538589477539
5050023, 29, 1.3195791244506836, 0.21006760001182556, 28.984996795654297
5050023, 30, 1.364371657371521, 0.2162952721118927, 29.984405517578125
4794215, 1, 0.09767910093069077, 0.025984611362218857, 0.9967889785766602
4794215, 2, 0.18831366300582886, 0.04855305701494217, 1.9941033124923706
4794215, 3, 0.2757015526294708, 0.06978797912597656, 2.991624355316162
4794215, 4, 0.34256428480148315, 0.0833636000752449, 3.990567445755005
4794215, 5, 0.41197681427001953, 0.09759558737277985, 4.98938512802124
4794215, 6, 0.4805242717266083, 0.11184311658143997, 5.98832368850708
4794215, 7, 0.5522733926773071, 0.12765195965766907, 6.9871039390563965
4794215, 8, 0.629685640335083, 0.14531297981739044, 7.985421180725098
4794215, 9, 0.6969183683395386, 0.1591639369726181, 8.984461784362793
4794215, 10, 0.7670915126800537, 0.17378121614456177, 9.98320484161377
4794215, 11, 0.8163446187973022, 0.1817176342010498, 10.98277759552002
4794215, 12, 0.8667488694190979, 0.1898874044418335, 11.982283592224121
4794215, 13, 0.9172702431678772, 0.19939790666103363, 12.981843948364258
4794215, 14, 0.967545747756958, 0.20784400403499603, 13.981348037719727
4794215, 15, 1.0188781023025513, 0.2168879210948944, 14.980863571166992
4794215, 16, 1.0663920640945435, 0.22475501894950867, 15.980489730834961
4794215, 17, 1.1152093410491943, 0.23266975581645966, 16.98006248474121
4794215, 18, 1.1832449436187744, 0.2468484789133072, 17.978958129882812
4794215, 19, 1.2524864673614502, 0.2618351876735687, 18.977771759033203
4794215, 20, 1.3228768110275269, 0.27671918272972107, 19.976482391357422
4794215, 21, 1.3727511167526245, 0.2854400873184204, 20.97601318359375
4794215, 22, 1.4264533519744873, 0.2941094934940338, 21.975324630737305
4794215, 23, 1.4756488800048828, 0.30183902382850647, 22.97481918334961
4794215, 24, 1.5254508256912231, 0.3097922205924988, 23.97429847717285
4794215, 25, 1.619109034538269, 0.3349253833293915, 24.971250534057617
4794215, 26, 1.670133352279663, 0.34318339824676514, 25.97063446044922
4794215, 27, 1.7189290523529053, 0.3507358431816101, 26.97004508972168
4794215, 28, 1.7640537023544312, 0.35759636759757996, 27.969621658325195
4794215, 29, 1.8145544528961182, 0.36557069420814514, 28.968978881835938
4794215, 30, 1.9000126123428345, 0.38711169362068176, 29.96666717529297
5194805_2, 1, 0.07576240599155426, 0.017148837447166443, 0.9984517693519592
5194805_2, 2, 0.14836961030960083, 0.03347913920879364, 1.9971024990081787
5194805_2, 3, 0.22489821910858154, 0.05130524933338165, 2.9955599308013916
5194805_2, 4, 0.2952730655670166, 0.06706981360912323, 3.9945120811462402
5194805_2, 5, 0.37150782346725464, 0.0843067318201065, 4.993014335632324
5194805_2, 6, 0.44518303871154785, 0.10103795677423477, 5.991673469543457
5194805_2, 7, 0.5163502097129822, 0.11729538440704346, 6.990543842315674
5194805_2, 8, 0.5919040441513062, 0.13481006026268005, 7.989091873168945
5194805_2, 9, 0.6666485667228699, 0.15213830769062042, 8.987642288208008
5194805_2, 10, 0.7586897611618042, 0.17550452053546906, 9.984957695007324
5194805_2, 11, 0.8346764445304871, 0.19251427054405212, 10.983526229858398
5194805_2, 12, 0.9048141241073608, 0.2075023055076599, 11.98248291015625
5194805_2, 13, 0.960239052772522, 0.2189284861087799, 12.98185920715332
5194805_2, 14, 1.013611078262329, 0.22859041392803192, 13.981266975402832
5194805_2, 15, 1.0727133750915527, 0.2387828528881073, 14.980392456054688
5194805_2, 16, 1.1248528957366943, 0.24807293713092804, 15.979852676391602
5194805_2, 17, 1.1955273151397705, 0.26243895292282104, 16.978477478027344
5194805_2, 18, 1.2904095649719238, 0.2863411009311676, 17.975645065307617
5194805_2, 19, 1.3752247095108032, 0.3068225383758545, 18.97360610961914
5194805_2, 20, 1.4554797410964966, 0.3260400593280792, 19.9717960357666
5194805_2, 21, 1.5492669343948364, 0.3506905436515808, 20.968881607055664
5194805_2, 22, 1.6397079229354858, 0.37393826246261597, 21.96625518798828
5194805_2, 23, 1.7221336364746094, 0.3935174345970154, 22.96426773071289
5194805_2, 24, 1.7991721630096436, 0.4109886884689331, 23.96259117126465
5194805_2, 25, 1.8769932985305786, 0.4289919137954712, 24.960798263549805
5194805_2, 26, 1.9656301736831665, 0.4512264132499695, 25.958162307739258
5194805_2, 27, 2.0592145919799805, 0.4754347801208496, 26.955158233642578
5194805_2, 28, 2.140881299972534, 0.4956097900867462, 27.95298957824707
5194805_2, 29, 2.2325544357299805, 0.5201177597045898, 28.949996948242188
5194805_2, 30, 2.3172476291656494, 0.5419621467590332, 29.94756507873535
4820624, 1, 0.04390028864145279, 0.006149672903120518, 0.9996442198753357
4820624, 2, 0.08939400315284729, 0.01245884969830513, 1.999258279800415
4820624, 3, 0.14060437679290771, 0.020952589809894562, 2.998806953430176
4820624, 4, 0.19198830425739288, 0.029391083866357803, 3.9983620643615723
4820624, 5, 0.24120685458183289, 0.03729698434472084, 4.997934818267822
4820624, 6, 0.27949124574661255, 0.04209143668413162, 5.997703552246094
4820624, 7, 0.32278287410736084, 0.048122115433216095, 6.997376441955566
4820624, 8, 0.36624813079833984, 0.054156649857759476, 7.997044563293457
4820624, 9, 0.4076388478279114, 0.060012973845005035, 8.99671459197998
4820624, 10, 0.4500482678413391, 0.06635373085737228, 9.99636173248291
4820624, 11, 0.49167221784591675, 0.07225827127695084, 10.996048927307129
4820624, 12, 0.5413522124290466, 0.07977969944477081, 11.995555877685547
4820624, 13, 0.5890833139419556, 0.08669641613960266, 12.995119094848633
4820624, 14, 0.6384657621383667, 0.09391064196825027, 13.99463939666748
4820624, 15, 0.6872643232345581, 0.10101088881492615, 14.994170188903809
4820624, 16, 0.7345842123031616, 0.10774829983711243, 15.993731498718262
4820624, 17, 0.7849786281585693, 0.11520428210496902, 16.993209838867188
4820624, 18, 0.8301008939743042, 0.12154107540845871, 17.99283790588379
4820624, 19, 0.8700696229934692, 0.1268213987350464, 18.992536544799805
4820624, 20, 0.9116321206092834, 0.1324760466814041, 19.992212295532227
4820624, 21, 0.9553112983703613, 0.13874785602092743, 20.991836547851562
4820624, 22, 0.9973888993263245, 0.14466986060142517, 21.991487503051758
4820624, 23, 1.0377248525619507, 0.1502455621957779, 22.99115562438965
4820624, 24, 1.09662926197052, 0.16137564182281494, 23.990192413330078
4820624, 25, 1.1605921983718872, 0.173976868391037, 24.988874435424805
4820624, 26, 1.222724437713623, 0.18619656562805176, 25.987634658813477
4820624, 27, 1.2880622148513794, 0.19966571033000946, 26.98625946044922
4820624, 28, 1.3566555976867676, 0.21417173743247986, 27.98475456237793
4820624, 29, 1.4205323457717896, 0.22721435129642487, 28.9835147857666
4820624, 30, 1.492289662361145, 0.24308860301971436, 29.981788635253906
4733553, 1, 0.07164307683706284, 0.01393850240856409, 0.998510479927063
4733553, 2, 0.13806506991386414, 0.026203427463769913, 1.9972670078277588
4733553, 3, 0.2025948166847229, 0.0379239059984684, 2.9960851669311523
4733553, 4, 0.28720247745513916, 0.05855385214090347, 3.993847608566284
4733553, 5, 0.34782952070236206, 0.06906313449144363, 4.992941379547119
4733553, 6, 0.40707141160964966, 0.07978447526693344, 5.992184162139893
4733553, 7, 0.4983171224594116, 0.10318652540445328, 6.989658832550049
4733553, 8, 0.5881428718566895, 0.12599213421344757, 7.987316131591797
4733553, 9, 0.6760849952697754, 0.14846836030483246, 8.985175132751465
4733553, 10, 0.7685853838920593, 0.17305125296115875, 9.982645034790039
4733553, 11, 0.835010826587677, 0.18593333661556244, 10.981582641601562
4733553, 12, 0.8994956016540527, 0.19815382361412048, 11.980605125427246
4733553, 13, 0.9658526182174683, 0.21091172099113464, 12.979534149169922
4733553, 14, 1.0329095125198364, 0.22407689690589905, 13.978439331054688
4733553, 15, 1.0998806953430176, 0.23697003722190857, 14.977262496948242
4733553, 16, 1.1647406816482544, 0.24955403804779053, 15.976164817810059
4733553, 17, 1.2442563772201538, 0.26814767718315125, 16.974361419677734
4733553, 18, 1.3384373188018799, 0.2931937277317047, 17.971452713012695
4733553, 19, 1.4283109903335571, 0.31642934679985046, 18.968826293945312
4733553, 20, 1.5183496475219727, 0.3402697443962097, 19.966205596923828
4733553, 21, 1.6124385595321655, 0.36572718620300293, 20.963342666625977
4733553, 22, 1.714598536491394, 0.3942772150039673, 21.95977210998535
4733553, 23, 1.8159480094909668, 0.42270371317863464, 22.956165313720703
4733553, 24, 1.915844440460205, 0.4511156976222992, 23.952669143676758
4733553, 25, 2.0205836296081543, 0.48218461871147156, 24.948688507080078
4733553, 26, 2.124800443649292, 0.513553261756897, 25.944713592529297
4733553, 27, 2.2331886291503906, 0.5468074679374695, 26.94034194946289
4733553, 28, 2.347963571548462, 0.5835894346237183, 27.935449600219727
4733553, 29, 2.4542157649993896, 0.616675853729248, 28.931201934814453
4733553, 30, 2.559924602508545, 0.6493082046508789, 29.926929473876953
5036311, 1, 0.06591633707284927, 0.012449243105947971, 0.9987762570381165
5036311, 2, 0.12581968307495117, 0.023355763405561447, 1.997908115386963
5036311, 3, 0.19033676385879517, 0.035973288118839264, 2.996821880340576
5036311, 4, 0.2566336393356323, 0.04909336566925049, 3.9957168102264404
5036311, 5, 0.3192332088947296, 0.06151122599840164, 4.994873523712158
5036311, 6, 0.38437342643737793, 0.07469584047794342, 5.993958473205566
5036311, 7, 0.4502953886985779, 0.08856558799743652, 6.993055820465088
5036311, 8, 0.5169365406036377, 0.10344066470861435, 7.992056846618652
5036311, 9, 0.5829211473464966, 0.11776139587163925, 8.991079330444336
5036311, 10, 0.6478138566017151, 0.13142383098602295, 9.990156173706055
5036311, 11, 0.7144265174865723, 0.14633651077747345, 10.9890775680542
5036311, 12, 0.779936671257019, 0.16101327538490295, 11.987991333007812
5036311, 13, 0.8418936729431152, 0.17367400228977203, 12.987102508544922
5036311, 14, 0.9025524854660034, 0.18527451157569885, 13.98629093170166
5036311, 15, 0.9628645181655884, 0.1962735801935196, 14.9855318069458
5036311, 16, 1.0268545150756836, 0.20978480577468872, 15.984503746032715
5036311, 17, 1.0905026197433472, 0.22328945994377136, 16.98348045349121
5036311, 18, 1.1583988666534424, 0.23868760466575623, 17.98218536376953
5036311, 19, 1.2192333936691284, 0.2508467435836792, 18.98125648498535
5036311, 20, 1.2813059091567993, 0.2637558579444885, 19.980243682861328
5036311, 21, 1.33817720413208, 0.27384310960769653, 20.97950553894043
5036311, 22, 1.3960320949554443, 0.2849908471107483, 21.97870635986328
5036311, 23, 1.4550213813781738, 0.2965129017829895, 22.977876663208008
5036311, 24, 1.5118004083633423, 0.3064490556716919, 23.977195739746094
5036311, 25, 1.5683724880218506, 0.3161260783672333, 24.976491928100586
5036311, 26, 1.624755859375, 0.3258267045021057, 25.975770950317383
5036311, 27, 1.680245280265808, 0.3356076776981354, 26.975048065185547
5036311, 28, 1.7356112003326416, 0.34542080760002136, 27.97431182861328
5036311, 29, 1.795125126838684, 0.3562844395637512, 28.973386764526367
5036311, 30, 1.8527554273605347, 0.3671426773071289, 29.972583770751953
4739356, 1, 0.07098717242479324, 0.01515714731067419, 0.9985492825508118
4739356, 2, 0.138047993183136, 0.02857891656458378, 1.9973126649856567
4739356, 3, 0.20126450061798096, 0.04075563699007034, 2.996264696121216
4739356, 4, 0.26571449637413025, 0.05371265858411789, 3.9951438903808594
4739356, 5, 0.32363152503967285, 0.06507346779108047, 4.994357585906982
4739356, 6, 0.38099348545074463, 0.07653938233852386, 5.993645668029785
4739356, 7, 0.44251057505607605, 0.08859416842460632, 6.992773056030273
4739356, 8, 0.5024468898773193, 0.10102289170026779, 7.9919657707214355
4739356, 9, 0.5632117390632629, 0.11319170892238617, 8.991127014160156
4739356, 10, 0.6211678385734558, 0.1250220239162445, 9.990397453308105
4739356, 11, 0.6780837178230286, 0.13642072677612305, 10.989678382873535
4739356, 12, 0.7343217134475708, 0.1476227194070816, 11.988856315612793
4739356, 13, 0.7918640971183777, 0.15929634869098663, 12.987988471984863
4739356, 14, 0.8372238874435425, 0.16653800010681152, 13.987504959106445
4739356, 15, 0.8813676238059998, 0.1737976223230362, 14.987051010131836
4739356, 16, 0.9290019869804382, 0.18221184611320496, 15.986474990844727
4739356, 17, 0.9773654937744141, 0.19083243608474731, 16.98586082458496
4739356, 18, 1.0284744501113892, 0.20023351907730103, 17.98515510559082
4739356, 19, 1.0780084133148193, 0.20904429256916046, 18.9844970703125
4739356, 20, 1.1243659257888794, 0.21679556369781494, 19.98396873474121
4739356, 21, 1.1814723014831543, 0.22755439579486847, 20.983243942260742
4739356, 22, 1.2356064319610596, 0.23742255568504333, 21.98263168334961
4739356, 23, 1.2909880876541138, 0.24763405323028564, 22.981966018676758
4739356, 24, 1.356764316558838, 0.2606741487979889, 23.980714797973633
4739356, 25, 1.4152311086654663, 0.27149537205696106, 24.97989845275879
4739356, 26, 1.473354697227478, 0.2820795476436615, 25.979101181030273
4739356, 27, 1.5319539308547974, 0.29304566979408264, 26.97818946838379
4739356, 28, 1.5880964994430542, 0.3034398853778839, 27.97740936279297
4739356, 29, 1.6669237613677979, 0.32179540395736694, 28.97516632080078
4739356, 30, 1.7338930368423462, 0.3359263241291046, 29.973697662353516
5125441, 1, 0.05325670167803764, 0.008705229498445988, 0.9992955327033997
5125441, 2, 0.10219942033290863, 0.01643958128988743, 1.9988425970077515
5125441, 3, 0.1528843492269516, 0.024859480559825897, 2.9983413219451904
5125441, 4, 0.2035965621471405, 0.03333214670419693, 3.997824192047119
5125441, 5, 0.25268206000328064, 0.041199736297130585, 4.9973673820495605
5125441, 6, 0.30372416973114014, 0.04948671534657478, 5.996859550476074
5125441, 7, 0.35668832063674927, 0.05812476947903633, 6.996279239654541
5125441, 8, 0.40826961398124695, 0.06667409837245941, 7.99576997756958
5125441, 9, 0.46032434701919556, 0.07539042085409164, 8.995259284973145
5125441, 10, 0.5119868516921997, 0.08390220999717712, 9.994771003723145
5125441, 11, 0.5649563074111938, 0.09317924827337265, 10.994175910949707
5125441, 12, 0.6269393563270569, 0.10467806458473206, 11.992985725402832
5125441, 13, 0.6911713480949402, 0.11677774041891098, 12.991695404052734
5125441, 14, 0.7456021904945374, 0.1256803721189499, 13.990861892700195
5125441, 15, 0.8054541349411011, 0.13629348576068878, 14.989789962768555
5125441, 16, 0.8633981347084045, 0.14640162885189056, 15.988773345947266
5125441, 17, 0.9263839721679688, 0.1582259237766266, 16.987497329711914
5125441, 18, 0.9733926653862, 0.16533513367176056, 17.98687744140625
5125441, 19, 1.0230629444122314, 0.17314662039279938, 18.986177444458008
5125441, 20, 1.0735197067260742, 0.18119071424007416, 19.98546028137207
5125441, 21, 1.1224126815795898, 0.1894109696149826, 20.984907150268555
5125441, 22, 1.1704126596450806, 0.19732923805713654, 21.984397888183594
5125441, 23, 1.2184711694717407, 0.2051684707403183, 22.983901977539062
5125441, 24, 1.2696704864501953, 0.21369335055351257, 23.983287811279297
5125441, 25, 1.3209989070892334, 0.22195971012115479, 24.98265266418457
5125441, 26, 1.3763755559921265, 0.2312794327735901, 25.98183822631836
5125441, 27, 1.426390528678894, 0.23901864886283875, 26.981231689453125
5125441, 28, 1.4809377193450928, 0.24772487580776215, 27.9803524017334
5125441, 29, 1.5325316190719604, 0.25580471754074097, 28.97960090637207
5125441, 30, 1.5822516679763794, 0.26371443271636963, 29.978975296020508
4713006, 1, 0.08505728095769882, 0.01937589980661869, 0.9975669980049133
4713006, 2, 0.14388328790664673, 0.029568037018179893, 1.996685266494751
4713006, 3, 0.2270824909210205, 0.04782351851463318, 2.994351863861084
4713006, 4, 0.320242702960968, 0.06992801278829575, 3.991361379623413
4713006, 5, 0.38316041231155396, 0.08179618418216705, 4.990180015563965
4713006, 6, 0.4790300130844116, 0.10515346378087997, 5.987006187438965
4713006, 7, 0.590236485004425, 0.13487575948238373, 6.982728481292725
4713006, 8, 0.6808235049247742, 0.1563071757555008, 7.979945182800293
4713006, 9, 0.7856602668762207, 0.18363645672798157, 8.976160049438477
4713006, 10, 0.8541077375411987, 0.19570975005626678, 9.974635124206543
4713006, 11, 0.8966414332389832, 0.20257432758808136, 10.97411823272705
4713006, 12, 0.9384871125221252, 0.20948255062103271, 11.973649978637695
4713006, 13, 0.9832386374473572, 0.2169467657804489, 12.973078727722168
4713006, 14, 1.0282739400863647, 0.22464434802532196, 13.972495079040527
4713006, 15, 1.0731314420700073, 0.2314099669456482, 14.97192668914795
4713006, 16, 1.134987711906433, 0.24172087013721466, 15.970684051513672
4713006, 17, 1.2027220726013184, 0.25345009565353394, 16.969141006469727
4713006, 18, 1.3066622018814087, 0.28047436475753784, 17.96526336669922
4713006, 19, 1.396254301071167, 0.30135491490364075, 18.962419509887695
4713006, 20, 1.4587184190750122, 0.3129826784133911, 19.9611873626709
4713006, 21, 1.5244536399841309, 0.32578131556510925, 20.959808349609375
4713006, 22, 1.5808393955230713, 0.33582764863967896, 21.958900451660156
4713006, 23, 1.6378203630447388, 0.3458808362483978, 22.957929611206055
4713006, 24, 1.6966750621795654, 0.35633334517478943, 23.95687484741211
4713006, 25, 1.7629387378692627, 0.3690410852432251, 24.955448150634766
4713006, 26, 1.8423185348510742, 0.3862535357475281, 25.953243255615234
4713006, 27, 1.9198554754257202, 0.4026336073875427, 26.95115089416504
4713006, 28, 1.9868230819702148, 0.41520026326179504, 27.949697494506836
4713006, 29, 2.045898914337158, 0.42469698190689087, 28.948556900024414
4713006, 30, 2.1310222148895264, 0.44423723220825195, 29.9459171295166
4699088, 1, 0.04742337763309479, 0.0069761513732373714, 0.9995477199554443
4699088, 2, 0.0941915363073349, 0.014036525040864944, 1.9991350173950195
4699088, 3, 0.1403036117553711, 0.021219527348876, 2.9987494945526123
4699088, 4, 0.18713776767253876, 0.02880101092159748, 3.9983468055725098
4699088, 5, 0.23444077372550964, 0.03587156906723976, 4.997936248779297
4699088, 6, 0.2880164682865143, 0.0443243682384491, 5.997256278991699
4699088, 7, 0.3394714593887329, 0.05224251002073288, 6.9966888427734375
4699088, 8, 0.3873254656791687, 0.05949869379401207, 7.996251106262207
4699088, 9, 0.4359681010246277, 0.06702746450901031, 8.995789527893066
4699088, 10, 0.5154889225959778, 0.08297519385814667, 9.993768692016602
4699088, 11, 0.5566675066947937, 0.08811335265636444, 10.993390083312988
4699088, 12, 0.5933009386062622, 0.09289088100194931, 11.993109703063965
4699088, 13, 0.6520744562149048, 0.10384288430213928, 12.992025375366211
4699088, 14, 0.691684365272522, 0.10942826420068741, 13.991644859313965
4699088, 15, 0.7457776665687561, 0.11853867769241333, 14.990779876708984
4699088, 16, 0.7972074747085571, 0.12705858051776886, 15.98997688293457
4699088, 17, 0.8475056290626526, 0.13527920842170715, 16.989194869995117
4699088, 18, 0.8924970626831055, 0.14196939766407013, 17.98862075805664
4699088, 19, 0.9398094415664673, 0.14973251521587372, 18.98810386657715
4699088, 20, 0.9870694279670715, 0.15734289586544037, 19.987606048583984
4699088, 21, 1.034491777420044, 0.16548798978328705, 20.987083435058594
4699088, 22, 1.0810730457305908, 0.17265260219573975, 21.986623764038086
4699088, 23, 1.1302646398544312, 0.18001864850521088, 22.98602867126465
4699088, 24, 1.1766767501831055, 0.1867680847644806, 23.98554039001465
4699088, 25, 1.2220714092254639, 0.1932808756828308, 24.98507308959961
4699088, 26, 1.2661670446395874, 0.19940197467803955, 25.984638214111328
4699088, 27, 1.313277244567871, 0.20602114498615265, 26.984088897705078
4699088, 28, 1.35960054397583, 0.21278178691864014, 27.983579635620117
4699088, 29, 1.4477487802505493, 0.23305454850196838, 28.980669021606445
4699088, 30, 1.5030015707015991, 0.24227407574653625, 29.979755401611328
4772763, 1, 0.055151235312223434, 0.009085280820727348, 0.9992581009864807
4772763, 2, 0.11077415943145752, 0.018287163227796555, 1.9984900951385498
4772763, 3, 0.17244014143943787, 0.029085766524076462, 2.997448205947876
4772763, 4, 0.24104416370391846, 0.04177273437380791, 3.9960975646972656
4772763, 5, 0.30612143874168396, 0.05335856229066849, 4.994917869567871
4772763, 6, 0.3645748496055603, 0.06324534863233566, 5.9940924644470215
4772763, 7, 0.4221445918083191, 0.07308924198150635, 6.993316173553467
4772763, 8, 0.48406484723091125, 0.08393584936857224, 7.9923553466796875
4772763, 9, 0.5433976054191589, 0.09417742490768433, 8.991583824157715
4772763, 10, 0.5999181270599365, 0.10395795106887817, 9.990978240966797
4772763, 11, 0.6541811227798462, 0.11362983286380768, 10.990446090698242
4772763, 12, 0.7085274457931519, 0.12328113615512848, 11.98989486694336
4772763, 13, 0.7617067694664001, 0.1333027184009552, 12.98913288116455
4772763, 14, 0.8099779486656189, 0.14137393236160278, 13.988592147827148
4772763, 15, 0.8557133078575134, 0.14842770993709564, 14.988154411315918
4772763, 16, 0.9088941812515259, 0.15745708346366882, 15.98758316040039
4772763, 17, 0.9586238265037537, 0.166254460811615, 16.986942291259766
4772763, 18, 1.0148478746414185, 0.17667733132839203, 17.986225128173828
4772763, 19, 1.0711826086044312, 0.18721580505371094, 18.98549461364746
4772763, 20, 1.126417875289917, 0.19719888269901276, 19.98480796813965
4772763, 21, 1.1806179285049438, 0.206752210855484, 20.984174728393555
4772763, 22, 1.2359535694122314, 0.2168777734041214, 21.983501434326172
4772763, 23, 1.2960410118103027, 0.22835002839565277, 22.982595443725586
4772763, 24, 1.356358289718628, 0.23951853811740875, 23.981670379638672
4772763, 25, 1.4238444566726685, 0.2524864077568054, 24.980321884155273
4772763, 26, 1.4856890439987183, 0.2636398673057556, 25.979183197021484
4772763, 27, 1.5479809045791626, 0.27511066198349, 26.977981567382812
4772763, 28, 1.5898077487945557, 0.28039979934692383, 27.977521896362305
4772763, 29, 1.6473357677459717, 0.2903886139392853, 28.976484298706055
4772763, 30, 1.7101795673370361, 0.3020198345184326, 29.975181579589844
4850951, 1, 0.04993496835231781, 0.0076765986159443855, 0.9994739294052124
4850951, 2, 0.09879399836063385, 0.014964388683438301, 1.9989842176437378
4850951, 3, 0.15384013950824738, 0.02430087700486183, 2.9983701705932617
4850951, 4, 0.20945213735103607, 0.03395212069153786, 3.9977550506591797
4850951, 5, 0.2600683569908142, 0.041859377175569534, 4.997315406799316
4850951, 6, 0.30969977378845215, 0.04936441034078598, 5.996867656707764
4850951, 7, 0.35872453451156616, 0.05674729123711586, 6.996431827545166
4850951, 8, 0.40828707814216614, 0.06433137506246567, 7.995999336242676
4850951, 9, 0.47712215781211853, 0.07717075198888779, 8.994527816772461
4850951, 10, 0.5295391082763672, 0.08496014028787613, 9.993672370910645
4850951, 11, 0.5923329591751099, 0.09633918851613998, 10.992477416992188
4850951, 12, 0.6426247358322144, 0.10455033928155899, 11.992000579833984
4850951, 13, 0.6837176084518433, 0.11030328273773193, 12.991677284240723
4850951, 14, 0.7308170795440674, 0.11708714812994003, 13.99120807647705
4850951, 15, 0.7899731993675232, 0.12696662545204163, 14.990299224853516
4850951, 16, 0.8452017903327942, 0.13605952262878418, 15.989542961120605
4850951, 17, 0.9054213762283325, 0.14663413166999817, 16.988616943359375
4850951, 18, 0.9580830335617065, 0.1548169106245041, 17.987993240356445
4850951, 19, 1.0038902759552002, 0.16158567368984222, 18.987573623657227
4850951, 20, 1.0460286140441895, 0.1674724817276001, 19.987258911132812
4850951, 21, 1.101080298423767, 0.17623881995677948, 20.986522674560547
4850951, 22, 1.145297884941101, 0.18214187026023865, 21.986112594604492
4850951, 23, 1.188460111618042, 0.1878269761800766, 22.985715866088867
4850951, 24, 1.2412452697753906, 0.19638322293758392, 23.985118865966797
4850951, 25, 1.2933071851730347, 0.2051120400428772, 24.984588623046875
4850951, 26, 1.3580973148345947, 0.21751274168491364, 25.983407974243164
4850951, 27, 1.4125370979309082, 0.22717724740505219, 26.982772827148438
4850951, 28, 1.4677913188934326, 0.2372918576002121, 27.98206901550293
4850951, 29, 1.5229036808013916, 0.24731087684631348, 28.981367111206055
4850951, 30, 1.5837374925613403, 0.25883910059928894, 29.980321884155273
2265761, 1, 0.05767485871911049, 0.010103332810103893, 0.9991487264633179
2265761, 2, 0.11212426424026489, 0.019111234694719315, 1.9984265565872192
2265761, 3, 0.1732904314994812, 0.02983776666224003, 2.9973559379577637
2265761, 4, 0.22903618216514587, 0.03914879262447357, 3.9965662956237793
2265761, 5, 0.28565651178359985, 0.04868144541978836, 4.995782852172852
2265761, 6, 0.34381240606307983, 0.05860142782330513, 5.994950294494629
2265761, 7, 0.3875845670700073, 0.06460002064704895, 6.994539260864258
2265761, 8, 0.45689985156059265, 0.07808130979537964, 7.993081092834473
2265761, 9, 0.5022860765457153, 0.08414950966835022, 8.99258804321289
2265761, 10, 0.5442352890968323, 0.08955235779285431, 9.99220085144043
2265761, 11, 0.6022485494613647, 0.0994093120098114, 10.991374015808105
2265761, 12, 0.6597866415977478, 0.10904748737812042, 11.990547180175781
2265761, 13, 0.713559091091156, 0.1176338866353035, 12.989890098571777
2265761, 14, 0.7781134843826294, 0.12993907928466797, 13.988585472106934
2265761, 15, 0.8415541052818298, 0.141681969165802, 14.987336158752441
2265761, 16, 0.8806852102279663, 0.14649631083011627, 15.987011909484863
2265761, 17, 0.9241241812705994, 0.15181483328342438, 16.986547470092773
2265761, 18, 0.9706281423568726, 0.15862606465816498, 17.985960006713867
2265761, 19, 1.026414155960083, 0.1688455492258072, 18.98513412475586
2265761, 20, 1.0821104049682617, 0.17914874851703644, 19.984365463256836
2265761, 21, 1.1338032484054565, 0.18743740022182465, 20.98383331298828
2265761, 22, 1.194707989692688, 0.1979905515909195, 21.982845306396484
2265761, 23, 1.2498453855514526, 0.20662754774093628, 22.982099533081055
2265761, 24, 1.2953702211380005, 0.2139284461736679, 23.981618881225586
2265761, 25, 1.3463447093963623, 0.22151455283164978, 24.98097038269043
2265761, 26, 1.4087059497833252, 0.23250873386859894, 25.979759216308594
2265761, 27, 1.484669804573059, 0.24832893908023834, 26.977725982666016
2265761, 28, 1.525651216506958, 0.2537820637226105, 27.97742462158203
2265761, 29, 1.5663082599639893, 0.2593082785606384, 28.97711944580078
2265761, 30, 1.6126338243484497, 0.26619067788124084, 29.976659774780273
5038881, 1, 0.07255697250366211, 0.016149256378412247, 0.9983519911766052
5038881, 2, 0.14133772253990173, 0.030668623745441437, 1.996999979019165
5038881, 3, 0.21635273098945618, 0.04722028970718384, 2.995206356048584
5038881, 4, 0.29349830746650696, 0.0644015371799469, 3.993199348449707
5038881, 5, 0.36580905318260193, 0.07965829223394394, 4.991451740264893
5038881, 6, 0.4251876175403595, 0.09064897149801254, 5.990482330322266
5038881, 7, 0.482205867767334, 0.10110857337713242, 6.989663124084473
5038881, 8, 0.5392266511917114, 0.11149818450212479, 7.9889092445373535
5038881, 9, 0.5962892770767212, 0.12209977209568024, 8.988105773925781
5038881, 10, 0.6546585559844971, 0.13300544023513794, 9.98723316192627
5038881, 11, 0.6955527663230896, 0.13871152698993683, 10.986872673034668
5038881, 12, 0.739141583442688, 0.14513491094112396, 11.986454010009766
5038881, 13, 0.7805031538009644, 0.15103119611740112, 12.986117362976074
5038881, 14, 0.8255484700202942, 0.1577821522951126, 13.985685348510742
5038881, 15, 0.872331976890564, 0.16483518481254578, 14.985183715820312
5038881, 16, 0.9123458862304688, 0.17026297748088837, 15.98487377166748
5038881, 17, 0.9554229378700256, 0.17677360773086548, 16.984439849853516
5038881, 18, 1.008292555809021, 0.18578919768333435, 17.98385238647461
5038881, 19, 1.0622730255126953, 0.1953522264957428, 18.983261108398438
5038881, 20, 1.103697419166565, 0.20134393870830536, 19.982919692993164
5038881, 21, 1.1585417985916138, 0.21094940602779388, 20.98226547241211
5038881, 22, 1.215950846672058, 0.2213072031736374, 21.981550216674805
5038881, 23, 1.2741996049880981, 0.2321818619966507, 22.980756759643555
5038881, 24, 1.3335840702056885, 0.2434820830821991, 23.979856491088867
5038881, 25, 1.3940105438232422, 0.2550124228000641, 24.97887420654297
5038881, 26, 1.464966893196106, 0.26980286836624146, 25.977231979370117
5038881, 27, 1.530538558959961, 0.28271710872650146, 26.975919723510742
5038881, 28, 1.5942178964614868, 0.2953932285308838, 27.974634170532227
5038881, 29, 1.6577705144882202, 0.30803394317626953, 28.973390579223633
5038881, 30, 1.7297866344451904, 0.3239728808403015, 29.971616744995117
4785791, 1, 0.07961700111627579, 0.01942123845219612, 0.997992992401123
4785791, 2, 0.1576724350452423, 0.038230396807193756, 1.996069312095642
4785791, 3, 0.23048526048660278, 0.05480338633060455, 2.9945108890533447
4785791, 4, 0.29758507013320923, 0.0690544843673706, 3.9933955669403076
4785791, 5, 0.368842750787735, 0.08470967411994934, 4.991947650909424
4785791, 6, 0.43717724084854126, 0.09914698451757431, 5.990683555603027
4785791, 7, 0.5143601894378662, 0.11697270721197128, 6.988834381103516
4785791, 8, 0.5909057855606079, 0.1344207376241684, 7.987059116363525
4785791, 9, 0.6632382869720459, 0.15069830417633057, 8.98558521270752
4785791, 10, 0.7346054911613464, 0.166573628783226, 9.984148979187012
4785791, 11, 0.7836174964904785, 0.1747518926858902, 10.983659744262695
4785791, 12, 0.8363491892814636, 0.18373502790927887, 11.982982635498047
4785791, 13, 0.8852929472923279, 0.19197773933410645, 12.982561111450195
4785791, 14, 0.9413524270057678, 0.20170120894908905, 13.981693267822266
4785791, 15, 1.0035868883132935, 0.2131432443857193, 14.98048210144043
4785791, 16, 1.0613230466842651, 0.22307100892066956, 15.979507446289062
4785791, 17, 1.1100013256072998, 0.23087607324123383, 16.978960037231445
4785791, 18, 1.1593255996704102, 0.23881320655345917, 17.978412628173828
4785791, 19, 1.2373461723327637, 0.2572031319141388, 18.97641372680664
4785791, 20, 1.3225858211517334, 0.2781062126159668, 19.97389030456543
4785791, 21, 1.4437565803527832, 0.3165193498134613, 20.968324661254883
4785791, 22, 1.5472073554992676, 0.34605973958969116, 21.96434783935547
4785791, 23, 1.668540596961975, 0.38421183824539185, 22.958845138549805
4785791, 24, 1.7508301734924316, 0.40382492542266846, 23.956626892089844
4785791, 25, 1.8274749517440796, 0.42166927456855774, 24.95477294921875
4785791, 26, 1.904981255531311, 0.4402058720588684, 25.95276641845703
4785791, 27, 1.9858466386795044, 0.46011295914649963, 26.95049476623535
4785791, 28, 2.0673916339874268, 0.4804016351699829, 27.94812774658203
4785791, 29, 2.152125358581543, 0.5019739866256714, 28.94554328918457
4785791, 30, 2.242419719696045, 0.5262308120727539, 29.94253921508789
1089412, 1, 0.04419942572712898, 0.006817443296313286, 0.9996175765991211
1089412, 2, 0.0960417240858078, 0.015252671204507351, 1.999103307723999
1089412, 3, 0.14607304334640503, 0.023410614579916, 2.9986915588378906
1089412, 4, 0.19628819823265076, 0.03139699250459671, 3.9982528686523438
1089412, 5, 0.24760174751281738, 0.03975119814276695, 4.997827053070068
1089412, 6, 0.300701379776001, 0.04868532717227936, 5.997373580932617
1089412, 7, 0.35445281863212585, 0.05798202008008957, 6.996889591217041
1089412, 8, 0.4077713191509247, 0.06695020943880081, 7.996400833129883
1089412, 9, 0.4610148072242737, 0.07586511969566345, 8.995904922485352
1089412, 10, 0.5089486241340637, 0.08365269005298615, 9.995429992675781
1089412, 11, 0.5584149956703186, 0.09168382734060287, 10.994901657104492
1089412, 12, 0.6077226996421814, 0.09974895417690277, 11.994410514831543
1089412, 13, 0.6561480164527893, 0.10755044221878052, 12.99389362335205
1089412, 14, 0.710859477519989, 0.11745181679725647, 13.993107795715332
1089412, 15, 0.766136646270752, 0.12750279903411865, 14.992300033569336
1089412, 16, 0.8179811239242554, 0.13666635751724243, 15.991641998291016
1089412, 17, 0.8701889514923096, 0.14504854381084442, 16.991079330444336
1089412, 18, 0.9111531376838684, 0.15067295730113983, 17.99077033996582
1089412, 19, 0.9536079168319702, 0.15702536702156067, 18.990398406982422
1089412, 20, 0.9982350468635559, 0.16408833861351013, 19.989948272705078
1089412, 21, 1.0415681600570679, 0.17085473239421844, 20.989505767822266
1089412, 22, 1.1003230810165405, 0.18133635818958282, 21.98865509033203
1089412, 23, 1.1580790281295776, 0.1917192041873932, 22.98785972595215
1089412, 24, 1.2254698276519775, 0.20503561198711395, 23.98653793334961
1089412, 25, 1.2889198064804077, 0.2176111936569214, 24.985458374023438
1089412, 26, 1.3669737577438354, 0.23543453216552734, 25.983428955078125
1089412, 27, 1.4325889348983765, 0.24826863408088684, 26.982131958007812
1089412, 28, 1.5094455480575562, 0.2651211619377136, 27.980073928833008
1089412, 29, 1.5713324546813965, 0.27733224630355835, 28.978979110717773
1089412, 30, 1.6407623291015625, 0.2922723889350891, 29.97745704650879
4996894, 1, 0.06081856042146683, 0.011800665408372879, 0.9990861415863037
4996894, 2, 0.11894091963768005, 0.022410798817873, 1.9982099533081055
4996894, 3, 0.17310097813606262, 0.0318479984998703, 2.997525691986084
4996894, 4, 0.22561246156692505, 0.04076471924781799, 3.9969253540039062
4996894, 5, 0.27617916464805603, 0.04889295995235443, 4.99638557434082
4996894, 6, 0.3284163773059845, 0.0573662705719471, 5.995777130126953
4996894, 7, 0.38556376099586487, 0.06734757125377655, 6.9949445724487305
4996894, 8, 0.43805012106895447, 0.07588029652833939, 7.994379043579102
4996894, 9, 0.492825984954834, 0.08502314984798431, 8.9937162399292
4996894, 10, 0.5323922038078308, 0.09066786617040634, 9.993402481079102
4996894, 11, 0.5752955079078674, 0.09722715616226196, 10.993013381958008
4996894, 12, 0.625927209854126, 0.10571011900901794, 11.992535591125488
4996894, 13, 0.6755052208900452, 0.11420340836048126, 12.992132186889648
4996894, 14, 0.7262424826622009, 0.12268967181444168, 13.991628646850586
4996894, 15, 0.7652988433837891, 0.12829440832138062, 14.991339683532715
4996894, 16, 0.8048803210258484, 0.13383525609970093, 15.991035461425781
4996894, 17, 0.8501196503639221, 0.14093831181526184, 16.990617752075195
4996894, 18, 0.901500940322876, 0.14976327121257782, 17.99016571044922
4996894, 19, 0.9515000581741333, 0.15795931220054626, 18.989723205566406
4996894, 20, 1.0005292892456055, 0.16570761799812317, 19.989274978637695
4996894, 21, 1.055126428604126, 0.17519202828407288, 20.988567352294922
4996894, 22, 1.1134837865829468, 0.18586787581443787, 21.987682342529297
4996894, 23, 1.165030598640442, 0.19457238912582397, 22.987167358398438
4996894, 24, 1.217199683189392, 0.20339950919151306, 23.98663330078125
4996894, 25, 1.2700151205062866, 0.21247778832912445, 24.986040115356445
4996894, 26, 1.3210501670837402, 0.22104288637638092, 25.985462188720703
4996894, 27, 1.3768539428710938, 0.23098589479923248, 26.984628677368164
4996894, 28, 1.434894323348999, 0.24180829524993896, 27.98360824584961
4996894, 29, 1.4964380264282227, 0.2539033591747284, 28.982397079467773
4996894, 30, 1.5562185049057007, 0.2654682397842407, 29.981382369995117
1217886, 1, 0.04548446461558342, 0.006399181205779314, 0.9996156692504883
1217886, 2, 0.08949431777000427, 0.012712407857179642, 1.9992176294326782
1217886, 3, 0.1308886855840683, 0.01835751160979271, 2.9989025592803955
1217886, 4, 0.17877821624279022, 0.02532588504254818, 3.9983487129211426
1217886, 5, 0.2303258180618286, 0.033244095742702484, 4.997617244720459
1217886, 6, 0.27141714096069336, 0.03876828774809837, 5.997286319732666
1217886, 7, 0.31217309832572937, 0.044096000492572784, 6.996982097625732
1217886, 8, 0.35461661219596863, 0.04991208016872406, 7.996638298034668
1217886, 9, 0.39593714475631714, 0.05569853633642197, 8.99631404876709
1217886, 10, 0.44018471240997314, 0.06237776577472687, 9.995865821838379
1217886, 11, 0.4858079254627228, 0.06925880908966064, 10.99535083770752
1217886, 12, 0.5507819652557373, 0.08008361607789993, 11.994050025939941
1217886, 13, 0.6131584048271179, 0.0902959406375885, 12.992851257324219
1217886, 14, 0.6510936617851257, 0.09471508860588074, 13.992500305175781
1217886, 15, 0.708721399307251, 0.10357941687107086, 14.991482734680176
1217886, 16, 0.7691435217857361, 0.11316749453544617, 15.990347862243652
1217886, 17, 0.8116455078125, 0.11889687180519104, 16.9899959564209
1217886, 18, 0.8531848192214966, 0.12445905059576035, 17.989662170410156
1217886, 19, 0.8941279053688049, 0.13017845153808594, 18.989320755004883
1217886, 20, 0.9349178671836853, 0.13585133850574493, 19.988971710205078
1217886, 21, 0.9743795394897461, 0.14109627902507782, 20.988656997680664
1217886, 22, 1.014281153678894, 0.14633798599243164, 21.988340377807617
1217886, 23, 1.0530345439910889, 0.15121997892856598, 22.98805046081543
1217886, 24, 1.0903488397598267, 0.15567640960216522, 23.9877986907959
1217886, 25, 1.1276934146881104, 0.16024143993854523, 24.987558364868164
1217886, 26, 1.164146065711975, 0.16467177867889404, 25.987323760986328
1217886, 27, 1.2019097805023193, 0.16922292113304138, 26.987022399902344
1217886, 28, 1.2418402433395386, 0.17408543825149536, 27.986658096313477
1217886, 29, 1.275761604309082, 0.17802011966705322, 28.986373901367188
1217886, 30, 1.3064079284667969, 0.18133994936943054, 29.986167907714844
4820909, 1, 0.10954692214727402, 0.02736968733370304, 0.9958202242851257
4820909, 2, 0.2521626353263855, 0.07378970831632614, 1.9886438846588135
4820909, 3, 0.37725406885147095, 0.11061813682317734, 2.9831440448760986
4820909, 4, 0.46078962087631226, 0.12999355792999268, 3.9809067249298096
4820909, 5, 0.5390089750289917, 0.1455303579568863, 4.9788594245910645
4820909, 6, 0.6091258525848389, 0.15898728370666504, 5.977257251739502
4820909, 7, 0.6754652261734009, 0.1712970733642578, 6.975867748260498
4820909, 8, 0.7631080150604248, 0.19208747148513794, 7.973303318023682
4820909, 9, 0.8419907093048096, 0.21013575792312622, 8.97131633758545
4820909, 10, 0.9472886323928833, 0.23509597778320312, 9.967541694641113
4820909, 11, 1.0628941059112549, 0.26446226239204407, 10.962992668151855
4820909, 12, 1.1790015697479248, 0.2941412925720215, 11.9583740234375
4820909, 13, 1.2945582866668701, 0.32380998134613037, 12.95377254486084
4820909, 14, 1.4077177047729492, 0.3522709906101227, 13.949377059936523
4820909, 15, 1.5478781461715698, 0.39699292182922363, 14.942530632019043
4820909, 16, 1.6099441051483154, 0.4075934588909149, 15.941303253173828
4820909, 17, 1.678168535232544, 0.41957396268844604, 16.93977928161621
4820909, 18, 1.7445824146270752, 0.43100807070732117, 17.938383102416992
4820909, 19, 1.849212408065796, 0.45852431654930115, 18.934528350830078
4820909, 20, 1.9654053449630737, 0.4915347397327423, 19.92967414855957
4820909, 21, 2.0434858798980713, 0.506829559803009, 20.927600860595703
4820909, 22, 2.1175544261932373, 0.5210554599761963, 21.925762176513672
4820909, 23, 2.2075233459472656, 0.5431297421455383, 22.922962188720703
4820909, 24, 2.346207857131958, 0.5902196764945984, 23.91575050354004
4820909, 25, 2.464954376220703, 0.6264122724533081, 24.91042709350586
4820909, 26, 2.5791549682617188, 0.661270260810852, 25.905498504638672
4820909, 27, 2.702432632446289, 0.7017479538917542, 26.899660110473633
4820909, 28, 2.7983901500701904, 0.7281952500343323, 27.89632797241211
4820909, 29, 2.889605760574341, 0.7525412440299988, 28.893381118774414
4820909, 30, 3.033024311065674, 0.8071125745773315, 29.885061264038086
1221647, 1, 0.04543224722146988, 0.0063890619203448296, 0.9996141195297241
1221647, 2, 0.08935918658971786, 0.012686846777796745, 1.9992175102233887
1221647, 3, 0.13044831156730652, 0.018247442319989204, 2.9989094734191895
1221647, 4, 0.17838755249977112, 0.025245551019906998, 3.998352527618408
1221647, 5, 0.22995984554290771, 0.03319087624549866, 4.997616767883301
1221647, 6, 0.27080124616622925, 0.0386657640337944, 5.997290134429932
1221647, 7, 0.3114471435546875, 0.04395762085914612, 6.996988773345947
1221647, 8, 0.35388949513435364, 0.04978017136454582, 7.996644020080566
1221647, 9, 0.39534133672714233, 0.05560111999511719, 8.996316909790039
1221647, 10, 0.439486563205719, 0.06226103752851486, 9.995870590209961
1221647, 11, 0.48512816429138184, 0.06915760785341263, 10.995354652404785
1221647, 12, 0.5501704812049866, 0.07998860627412796, 11.99405288696289
1221647, 13, 0.612559974193573, 0.09018293768167496, 12.9928560256958
1221647, 14, 0.6504026055335999, 0.09458573907613754, 13.992507934570312
1221647, 15, 0.7080585956573486, 0.10344443470239639, 14.991490364074707
1221647, 16, 0.7684201598167419, 0.11299815773963928, 15.990357398986816
1221647, 17, 0.8109779357910156, 0.11875299364328384, 16.990001678466797
1221647, 18, 0.8522835373878479, 0.12426654994487762, 17.98967170715332
1221647, 19, 0.89310622215271, 0.1299533098936081, 18.98933219909668
1221647, 20, 0.9337201118469238, 0.13557668030261993, 19.98898696899414
1221647, 21, 0.9730575084686279, 0.14079998433589935, 20.98867416381836
1221647, 22, 1.0130116939544678, 0.14605693519115448, 21.98835563659668
1221647, 23, 1.0518732070922852, 0.15096382796764374, 22.988061904907227
1221647, 24, 1.0890802145004272, 0.15537545084953308, 23.98781394958496
1221647, 25, 1.1264580488204956, 0.15994152426719666, 24.987571716308594
1221647, 26, 1.162919044494629, 0.1643955409526825, 25.987337112426758
1221647, 27, 1.2007791996002197, 0.1689806580543518, 26.987031936645508
1221647, 28, 1.2405554056167603, 0.17381402850151062, 27.986669540405273
1221647, 29, 1.2745176553726196, 0.17776738107204437, 28.98638343811035
1221647, 30, 1.3050079345703125, 0.18104450404644012, 29.986181259155273
5195398, 1, 0.051686715334653854, 0.008195053786039352, 0.9994218945503235
5195398, 2, 0.10385359823703766, 0.01637265458703041, 1.9987568855285645
5195398, 3, 0.15043625235557556, 0.023253589868545532, 2.9983410835266113
5195398, 4, 0.19699625670909882, 0.03035498410463333, 3.9979352951049805
5195398, 5, 0.24456587433815002, 0.03727938234806061, 4.997522354125977
5195398, 6, 0.28693240880966187, 0.04344547539949417, 5.997137546539307
5195398, 7, 0.3371793031692505, 0.05126837268471718, 6.996670246124268
5195398, 8, 0.3880294859409332, 0.05960451066493988, 7.996180534362793
5195398, 9, 0.4390808939933777, 0.06758611649274826, 8.995687484741211
5195398, 10, 0.4892481565475464, 0.07563111931085587, 9.995229721069336
5195398, 11, 0.5378344655036926, 0.08317569643259048, 10.994799613952637
5195398, 12, 0.5834537148475647, 0.09018386900424957, 11.994285583496094
5195398, 13, 0.6384056210517883, 0.09968244284391403, 12.993409156799316
5195398, 14, 0.6846107840538025, 0.10659603029489517, 13.99287223815918
5195398, 15, 0.7332395911216736, 0.11410486698150635, 14.992242813110352
5195398, 16, 0.7794626951217651, 0.12108829617500305, 15.991673469543457
5195398, 17, 0.8264142274856567, 0.12831227481365204, 16.991069793701172
5195398, 18, 0.8738794326782227, 0.13505621254444122, 17.990636825561523
5195398, 19, 0.9202054738998413, 0.14168918132781982, 18.990251541137695
5195398, 20, 0.9660175442695618, 0.1482337862253189, 19.9898624420166
5195398, 21, 1.0153347253799438, 0.15569649636745453, 20.989364624023438
5195398, 22, 1.0746378898620605, 0.16588550806045532, 21.9884033203125
5195398, 23, 1.1244745254516602, 0.1734316200017929, 22.98788070678711
5195398, 24, 1.1716495752334595, 0.1803842931985855, 23.987424850463867
5195398, 25, 1.2246835231781006, 0.18870338797569275, 24.986682891845703
5195398, 26, 1.2680474519729614, 0.19458961486816406, 25.986328125
5195398, 27, 1.3154385089874268, 0.20129980146884918, 26.985755920410156
5195398, 28, 1.3625209331512451, 0.2079346626996994, 27.985206604003906
5195398, 29, 1.4126311540603638, 0.21561844646930695, 28.984533309936523
5195398, 30, 1.4677112102508545, 0.22483612596988678, 29.98367691040039
5007479, 1, 0.08092866092920303, 0.018921563401818275, 0.997795581817627
5007479, 2, 0.1598982810974121, 0.03735148906707764, 1.9957165718078613
5007479, 3, 0.23402562737464905, 0.05393891781568527, 2.9940218925476074
5007479, 4, 0.2894582152366638, 0.06422118842601776, 3.9932327270507812
5007479, 5, 0.33914291858673096, 0.07264125347137451, 4.992615222930908
5007479, 6, 0.39058834314346313, 0.08141793310642242, 5.991981506347656
5007479, 7, 0.4425945281982422, 0.08989673107862473, 6.991285800933838
5007479, 8, 0.49030399322509766, 0.09741682559251785, 7.9907546043396
5007479, 9, 0.5404735207557678, 0.10563793033361435, 8.990129470825195
5007479, 10, 0.5881932377815247, 0.11280981451272964, 9.98957347869873
5007479, 11, 0.6627328991889954, 0.1290806531906128, 10.987834930419922
5007479, 12, 0.7139256000518799, 0.13725411891937256, 11.98727035522461
5007479, 13, 0.7631610035896301, 0.14468564093112946, 12.986722946166992
5007479, 14, 0.8142948150634766, 0.1528644561767578, 13.986154556274414
5007479, 15, 0.8631561398506165, 0.16013669967651367, 14.985617637634277
5007479, 16, 0.9142068028450012, 0.1681746244430542, 15.98501968383789
5007479, 17, 0.9619551301002502, 0.17524872720241547, 16.984495162963867
5007479, 18, 1.0145190954208374, 0.18370114266872406, 17.983823776245117
5007479, 19, 1.076563835144043, 0.1954255998134613, 18.98270034790039
5007479, 20, 1.1311668157577515, 0.2045418620109558, 19.981924057006836
5007479, 21, 1.1847798824310303, 0.21353010833263397, 20.981224060058594
5007479, 22, 1.2414520978927612, 0.22384744882583618, 21.98042106628418
5007479, 23, 1.2947096824645996, 0.23306898772716522, 22.97974967956543
5007479, 24, 1.3682388067245483, 0.24975010752677917, 23.97810173034668
5007479, 25, 1.4358716011047363, 0.2642308175563812, 24.976821899414062
5007479, 26, 1.5048038959503174, 0.2793540954589844, 25.975414276123047
5007479, 27, 1.576539397239685, 0.29576852917671204, 26.973833084106445
5007479, 28, 1.6487597227096558, 0.3126073479652405, 27.972259521484375
5007479, 29, 1.7290701866149902, 0.3323412537574768, 28.9702091217041
5007479, 30, 1.8666350841522217, 0.3824135661125183, 29.962726593017578
4431350, 1, 0.0640406608581543, 0.011904755607247353, 0.9988341331481934
4431350, 2, 0.1278245449066162, 0.02360188215970993, 1.9977457523345947
4431350, 3, 0.19693642854690552, 0.036666568368673325, 2.996354103088379
4431350, 4, 0.2679192125797272, 0.050280459225177765, 3.994845390319824
4431350, 5, 0.3253026008605957, 0.0602244958281517, 4.994088172912598
4431350, 6, 0.388641893863678, 0.07170631736516953, 5.993040561676025
4431350, 7, 0.4649406969547272, 0.08726301789283752, 6.991247653961182
4431350, 8, 0.5369771718978882, 0.10136175155639648, 7.989684104919434
4431350, 9, 0.6100969314575195, 0.11574626713991165, 8.988020896911621
4431350, 10, 0.6856662631034851, 0.13104790449142456, 9.986180305480957
4431350, 11, 0.7299041152000427, 0.13748669624328613, 10.98577880859375
4431350, 12, 0.7728129029273987, 0.1436837613582611, 11.985443115234375
4431350, 13, 0.8151016235351562, 0.14999403059482574, 12.98511028289795
4431350, 14, 0.8577723503112793, 0.1564314216375351, 13.984779357910156
4431350, 15, 0.9008947014808655, 0.16287097334861755, 14.984442710876465
4431350, 16, 0.9438526630401611, 0.16930034756660461, 15.984098434448242
4431350, 17, 0.9868714809417725, 0.17558664083480835, 16.983755111694336
4431350, 18, 1.0290241241455078, 0.18167084455490112, 17.983442306518555
4431350, 19, 1.072356939315796, 0.18725094199180603, 18.983078002929688
4431350, 20, 1.1392273902893066, 0.20007985830307007, 19.981796264648438
4431350, 21, 1.206005573272705, 0.21320012211799622, 20.980501174926758
4431350, 22, 1.2726331949234009, 0.22631831467151642, 21.9792537689209
4431350, 23, 1.342882752418518, 0.2402745485305786, 22.9777889251709
4431350, 24, 1.4110316038131714, 0.2535308301448822, 23.976449966430664
4431350, 25, 1.4746507406234741, 0.2654097080230713, 24.97533416748047
4431350, 26, 1.5416640043258667, 0.27857375144958496, 25.973934173583984
4431350, 27, 1.6079285144805908, 0.29154708981513977, 26.972496032714844
4431350, 28, 1.6871267557144165, 0.30937322974205017, 27.970197677612305
4431350, 29, 1.7616041898727417, 0.3258190453052521, 28.968294143676758
4431350, 30, 1.8333326578140259, 0.3415994644165039, 29.966632843017578
5144366, 1, 0.0588400773704052, 0.012303546071052551, 0.9989094734191895
5144366, 2, 0.11117667704820633, 0.022371899336576462, 1.9980814456939697
5144366, 3, 0.16867753863334656, 0.03422235697507858, 2.9970345497131348
5144366, 4, 0.22119183838367462, 0.04405068978667259, 3.996208429336548
5144366, 5, 0.27645766735076904, 0.05558500438928604, 4.995180130004883
5144366, 6, 0.3339904546737671, 0.06805010885000229, 5.994022846221924
5144366, 7, 0.39458632469177246, 0.08153387159109116, 6.992732048034668
5144366, 8, 0.46792173385620117, 0.09951063245534897, 7.990874290466309
5144366, 9, 0.5355356931686401, 0.11532814800739288, 8.989298820495605
5144366, 10, 0.6051040291786194, 0.13178028166294098, 9.98762321472168
5144366, 11, 0.6708119511604309, 0.14680115878582, 10.98611068725586
5144366, 12, 0.7495789527893066, 0.16499492526054382, 11.983908653259277
5144366, 13, 0.8316236138343811, 0.18460628390312195, 12.98153018951416
5144366, 14, 0.9113529324531555, 0.2023841291666031, 13.979362487792969
5144366, 15, 0.9917657971382141, 0.2204485684633255, 14.977163314819336
5144366, 16, 1.0776995420455933, 0.2413935661315918, 15.974594116210938
5144366, 17, 1.1419059038162231, 0.25492799282073975, 16.973112106323242
5144366, 18, 1.198126196861267, 0.2650710344314575, 17.97222900390625
5144366, 19, 1.2551721334457397, 0.27553632855415344, 18.971336364746094
5144366, 20, 1.3125821352005005, 0.28563329577445984, 19.97049331665039
5144366, 21, 1.3695697784423828, 0.2970487177371979, 20.969512939453125
5144366, 22, 1.4226130247116089, 0.3065307140350342, 21.96880340576172
5144366, 23, 1.4768155813217163, 0.3165382742881775, 22.96800422668457
5144366, 24, 1.533841848373413, 0.3276579976081848, 23.967023849487305
5144366, 25, 1.5860923528671265, 0.3371132016181946, 24.966297149658203
5144366, 26, 1.633696436882019, 0.34484317898750305, 25.965547561645508
5144366, 27, 1.6741230487823486, 0.35059526562690735, 26.965049743652344
5144366, 28, 1.7168946266174316, 0.35671451687812805, 27.96448516845703
5144366, 29, 1.7511911392211914, 0.36068087816238403, 28.964197158813477
5144366, 30, 1.7845932245254517, 0.3644185960292816, 29.96394920349121
5037673, 1, 0.060607172548770905, 0.011265912093222141, 0.9990737438201904
5037673, 2, 0.1143207848072052, 0.020602522417902946, 1.998448133468628
5037673, 3, 0.16621609032154083, 0.029206624254584312, 2.9978723526000977
5037673, 4, 0.217784121632576, 0.03774021565914154, 3.997297763824463
5037673, 5, 0.2647315561771393, 0.044724494218826294, 4.996774673461914
5037673, 6, 0.3047500550746918, 0.05008253455162048, 5.9964799880981445
5037673, 7, 0.3487708568572998, 0.056442443281412125, 6.996082305908203
5037673, 8, 0.394456148147583, 0.0631338506937027, 7.995617866516113
5037673, 9, 0.43688929080963135, 0.06902587413787842, 8.995271682739258
5037673, 10, 0.47964468598365784, 0.07513938844203949, 9.994915008544922
5037673, 11, 0.5290663242340088, 0.08302518725395203, 10.994335174560547
5037673, 12, 0.5820682048797607, 0.09184298664331436, 11.993607521057129
5037673, 13, 0.6274596452713013, 0.09899241477251053, 12.993220329284668
5037673, 14, 0.669467031955719, 0.1050979495048523, 13.992894172668457
5037673, 15, 0.7073814868927002, 0.10990207642316818, 14.992615699768066
5037673, 16, 0.7440872192382812, 0.11427842080593109, 15.992364883422852
5037673, 17, 0.787339448928833, 0.11999602615833282, 16.991987228393555
5037673, 18, 0.8372233510017395, 0.12773148715496063, 17.99144744873047
5037673, 19, 0.8737818002700806, 0.13203217089176178, 18.99118423461914
5037673, 20, 0.9115141034126282, 0.1366075724363327, 19.99091911315918
5037673, 21, 0.9659917950630188, 0.1457182914018631, 20.990188598632812
5037673, 22, 1.0219404697418213, 0.155572310090065, 21.98938751220703
5037673, 23, 1.0789644718170166, 0.1655007153749466, 22.988563537597656
5037673, 24, 1.1333565711975098, 0.17480041086673737, 23.987911224365234
5037673, 25, 1.195827841758728, 0.18660126626491547, 24.98682975769043
5037673, 26, 1.254215121269226, 0.1971701830625534, 25.985877990722656
5037673, 27, 1.305039405822754, 0.20584158599376678, 26.98525619506836
5037673, 28, 1.357102632522583, 0.2149713635444641, 27.984594345092773
5037673, 29, 1.4143792390823364, 0.22559669613838196, 28.983684539794922
5037673, 30, 1.4679142236709595, 0.23514573276042938, 29.98297119140625
4766524, 1, 0.08097520470619202, 0.0192907452583313, 0.9979903697967529
4766524, 2, 0.16750726103782654, 0.04082011058926582, 1.9955554008483887
4766524, 3, 0.2555486261844635, 0.062407486140728, 2.993070602416992
4766524, 4, 0.3403310179710388, 0.08242721855640411, 3.990854024887085
4766524, 5, 0.4335777759552002, 0.10586737096309662, 4.988079071044922
4766524, 6, 0.51853346824646, 0.12596537172794342, 5.9859490394592285
4766524, 7, 0.6014942526817322, 0.14533521234989166, 6.983966827392578
4766524, 8, 0.6819151043891907, 0.16413335502147675, 7.981977939605713
4766524, 9, 0.7635953426361084, 0.18290342390537262, 8.979881286621094
4766524, 10, 0.8358348608016968, 0.19856464862823486, 9.978425025939941
4766524, 11, 0.910245954990387, 0.21497929096221924, 10.976845741271973
4766524, 12, 0.9621279835700989, 0.2236895114183426, 11.976235389709473
4766524, 13, 1.034652829170227, 0.2395743578672409, 12.974749565124512
4766524, 14, 1.1232036352157593, 0.2610486149787903, 13.972138404846191
4766524, 15, 1.193565845489502, 0.27626389265060425, 14.97082233428955
4766524, 16, 1.2702932357788086, 0.29333364963531494, 15.969085693359375
4766524, 17, 1.3371127843856812, 0.3071579039096832, 16.967988967895508
4766524, 18, 1.4106868505477905, 0.32312294840812683, 17.96647071838379
4766524, 19, 1.4881813526153564, 0.34066176414489746, 18.964683532714844
4766524, 20, 1.5483283996582031, 0.35015028715133667, 19.963661193847656
4766524, 21, 1.5964030027389526, 0.3572824001312256, 20.96315574645996
4766524, 22, 1.6475143432617188, 0.36480987071990967, 21.96249771118164
4766524, 23, 1.7267687320709229, 0.38320860266685486, 22.960529327392578
4766524, 24, 1.8024753332138062, 0.40034279227256775, 23.95876693725586
4766524, 25, 1.8459992408752441, 0.40659624338150024, 24.958351135253906
4766524, 26, 1.898604154586792, 0.4146175682544708, 25.957544326782227
4766524, 27, 1.952343463897705, 0.4229740798473358, 26.95667266845703
4766524, 28, 2.0087645053863525, 0.4320806562900543, 27.955699920654297
4766524, 29, 2.0650572776794434, 0.4412568509578705, 28.95477867126465
4766524, 30, 2.1621792316436768, 0.4692748486995697, 29.951313018798828
1262475, 1, 0.04642075300216675, 0.00748131237924099, 0.9995185732841492
1262475, 2, 0.09471262246370316, 0.015317603014409542, 1.998964548110962
1262475, 3, 0.14495953917503357, 0.023577289655804634, 2.998347759246826
1262475, 4, 0.1902514398097992, 0.030357226729393005, 3.997936487197876
1262475, 5, 0.23103179037570953, 0.03588436543941498, 4.997566223144531
1262475, 6, 0.2730311155319214, 0.04169007018208504, 5.997143745422363
1262475, 7, 0.3177301287651062, 0.04810764640569687, 6.996637344360352
1262475, 8, 0.3734729290008545, 0.05746491253376007, 7.995725631713867
1262475, 9, 0.4303807020187378, 0.06726124882698059, 8.994746208190918
1262475, 10, 0.4895284175872803, 0.07772690057754517, 9.993660926818848
1262475, 11, 0.5550942420959473, 0.09021694958209991, 10.992313385009766
1262475, 12, 0.6248339414596558, 0.10405557602643967, 11.990777969360352
1262475, 13, 0.6790345311164856, 0.113070547580719, 12.989935874938965
1262475, 14, 0.7347396016120911, 0.12244945019483566, 13.989019393920898
1262475, 15, 0.7852148413658142, 0.130328968167305, 14.988292694091797
1262475, 16, 0.826825737953186, 0.13609060645103455, 15.987868309020996
1262475, 17, 0.8867937922477722, 0.14676888287067413, 16.986751556396484
1262475, 18, 0.9528703689575195, 0.15937186777591705, 17.985332489013672
1262475, 19, 1.0078235864639282, 0.16863183677196503, 18.984392166137695
1262475, 20, 1.0527477264404297, 0.17571008205413818, 19.983949661254883
1262475, 21, 1.0989065170288086, 0.1826426237821579, 20.9835147857666
1262475, 22, 1.1451585292816162, 0.18999655544757843, 21.983062744140625
1262475, 23, 1.192939281463623, 0.19741463661193848, 22.98257827758789
1262475, 24, 1.2423657178878784, 0.20506514608860016, 23.98207664489746
1262475, 25, 1.2921894788742065, 0.21289454400539398, 24.981544494628906
1262475, 26, 1.3423964977264404, 0.22096936404705048, 25.980993270874023
1262475, 27, 1.3940069675445557, 0.22917594015598297, 26.98038673400879
1262475, 28, 1.4471874237060547, 0.2376544326543808, 27.979656219482422
1262475, 29, 1.4987951517105103, 0.2458682805299759, 28.97896957397461
1262475, 30, 1.550345778465271, 0.2541730999946594, 29.97830581665039
5010602, 1, 0.08253875374794006, 0.01840055175125599, 0.997804582118988
5010602, 2, 0.15232935547828674, 0.031753309071063995, 1.9963231086730957
5010602, 3, 0.21759021282196045, 0.04379674047231674, 2.9950859546661377
5010602, 4, 0.27664846181869507, 0.054731905460357666, 3.994152784347534
5010602, 5, 0.336038202047348, 0.06570500135421753, 4.993222236633301
5010602, 6, 0.41247591376304626, 0.0815223976969719, 5.991417407989502
5010602, 7, 0.4872058629989624, 0.09654723107814789, 6.989758014678955
5010602, 8, 0.5471282005310059, 0.10786673426628113, 7.9889140129089355
5010602, 9, 0.6118155717849731, 0.12115631252527237, 8.987836837768555
5010602, 10, 0.6794499158859253, 0.1357911229133606, 9.986570358276367
5010602, 11, 0.7449361085891724, 0.14928977191448212, 10.985451698303223
5010602, 12, 0.8125901222229004, 0.16322052478790283, 11.98396110534668
5010602, 13, 0.889613687992096, 0.18105673789978027, 12.981942176818848
5010602, 14, 0.9711999893188477, 0.2009241133928299, 13.979658126831055
5010602, 15, 1.0503568649291992, 0.21983221173286438, 14.97754192352295
5010602, 16, 1.1267777681350708, 0.23756583034992218, 15.975586891174316
5010602, 17, 1.207442283630371, 0.2570360004901886, 16.973352432250977
5010602, 18, 1.2859337329864502, 0.27554935216903687, 17.9711971282959
5010602, 19, 1.3596667051315308, 0.2920892834663391, 18.969322204589844
5010602, 20, 1.4250409603118896, 0.30550897121429443, 19.968244552612305
5010602, 21, 1.4863520860671997, 0.31654953956604004, 20.967418670654297
5010602, 22, 1.5497655868530273, 0.32930421829223633, 21.966381072998047
5010602, 23, 1.6112180948257446, 0.34050336480140686, 22.965482711791992
5010602, 24, 1.6720694303512573, 0.35172680020332336, 23.964599609375
5010602, 25, 1.7379900217056274, 0.36423614621162415, 24.963422775268555
5010602, 26, 1.807275652885437, 0.3778955936431885, 25.961992263793945
5010602, 27, 1.873932123184204, 0.3906240463256836, 26.960643768310547
5010602, 28, 1.928267478942871, 0.40029212832450867, 27.959896087646484
5010602, 29, 1.9830948114395142, 0.4095920920372009, 28.95914649963379
5010602, 30, 2.0379183292388916, 0.4189693331718445, 29.958419799804688
4961513, 1, 0.06085794419050217, 0.011504460126161575, 0.9989427328109741
4961513, 2, 0.1160428375005722, 0.020981349050998688, 1.9981727600097656
4961513, 3, 0.1759749799966812, 0.031976666301488876, 2.9972081184387207
4961513, 4, 0.22523395717144012, 0.03997526690363884, 3.996785879135132
4961513, 5, 0.27234193682670593, 0.04745742678642273, 4.99641227722168
4961513, 6, 0.3298521637916565, 0.057298362255096436, 5.9955291748046875
4961513, 7, 0.38111573457717896, 0.0654323548078537, 6.994966983795166
4961513, 8, 0.41995522379875183, 0.07062707841396332, 7.994685649871826
4961513, 9, 0.45997318625450134, 0.07620459049940109, 8.994368553161621
4961513, 10, 0.5042415261268616, 0.08214853703975677, 9.993863105773926
4961513, 11, 0.5421537160873413, 0.08699865639209747, 10.993562698364258
4961513, 12, 0.5785982608795166, 0.0915818139910698, 11.993327140808105
4961513, 13, 0.6208339333534241, 0.09765366464853287, 12.992972373962402
4961513, 14, 0.663812518119812, 0.10394304990768433, 13.992610931396484
4961513, 15, 0.706301212310791, 0.10992731899023056, 14.992259979248047
4961513, 16, 0.7496808767318726, 0.11616674065589905, 15.991891860961914
4961513, 17, 0.7939610481262207, 0.12279035896062851, 16.99148178100586
4961513, 18, 0.8397652506828308, 0.12975198030471802, 17.990989685058594
4961513, 19, 0.886323869228363, 0.13678613305091858, 18.990453720092773
4961513, 20, 0.9383667707443237, 0.1453469693660736, 19.989730834960938
4961513, 21, 0.9772205948829651, 0.150428906083107, 20.989418029785156
4961513, 22, 1.031659483909607, 0.15966594219207764, 21.988798141479492
4961513, 23, 1.0846612453460693, 0.1685788780450821, 22.988252639770508
4961513, 24, 1.1366090774536133, 0.17701232433319092, 23.987688064575195
4961513, 25, 1.187198519706726, 0.18552401661872864, 24.987234115600586
4961513, 26, 1.2409918308258057, 0.1948876678943634, 25.986648559570312
4961513, 27, 1.3011208772659302, 0.20598745346069336, 26.985637664794922
4961513, 28, 1.3557559251785278, 0.21554511785507202, 27.98487663269043
4961513, 29, 1.4177722930908203, 0.22739452123641968, 28.983732223510742
4961513, 30, 1.4787440299987793, 0.23906661570072174, 29.982677459716797
5059948, 1, 0.05863937735557556, 0.011256244964897633, 0.9990280270576477
5059948, 2, 0.11155980825424194, 0.020451003685593605, 1.9983210563659668
5059948, 3, 0.18195338547229767, 0.034009337425231934, 2.9967830181121826
5059948, 4, 0.255742609500885, 0.04917488247156143, 3.9950034618377686
5059948, 5, 0.33062073588371277, 0.06459180265665054, 4.9931745529174805
5059948, 6, 0.3798832595348358, 0.07273878157138824, 5.992563724517822
5059948, 7, 0.42896974086761475, 0.0809185802936554, 6.991969108581543
5059948, 8, 0.4883168041706085, 0.09120844304561615, 7.990963935852051
5059948, 9, 0.5428829789161682, 0.1003052219748497, 8.990206718444824
5059948, 10, 0.5949252247810364, 0.1093570739030838, 9.989524841308594
5059948, 11, 0.6481614708900452, 0.11888429522514343, 10.988783836364746
5059948, 12, 0.7111477255821228, 0.12957696616649628, 11.98766803741455
5059948, 13, 0.7659709453582764, 0.1392429620027542, 12.986869812011719
5059948, 14, 0.8202400803565979, 0.14886264503002167, 13.986105918884277
5059948, 15, 0.8762968182563782, 0.15790943801403046, 14.985278129577637
5059948, 16, 0.9349443316459656, 0.16776904463768005, 15.984333038330078
5059948, 17, 0.9973081350326538, 0.1786727011203766, 16.98324966430664
5059948, 18, 1.0574970245361328, 0.18880783021450043, 17.982255935668945
5059948, 19, 1.1095975637435913, 0.19754531979560852, 18.981626510620117
5059948, 20, 1.1593544483184814, 0.20543868839740753, 19.981101989746094
5059948, 21, 1.2080575227737427, 0.21364817023277283, 20.980615615844727
5059948, 22, 1.2562897205352783, 0.22172772884368896, 21.980133056640625
5059948, 23, 1.304404616355896, 0.22897332906723022, 22.97964859008789
5059948, 24, 1.3483426570892334, 0.23520655930042267, 23.979156494140625
5059948, 25, 1.3976936340332031, 0.24259813129901886, 24.978639602661133
5059948, 26, 1.4364268779754639, 0.24760554730892181, 25.978317260742188
5059948, 27, 1.4885272979736328, 0.2555917203426361, 26.977609634399414
5059948, 28, 1.5623517036437988, 0.27040353417396545, 27.975711822509766
5059948, 29, 1.657224178314209, 0.2942865192890167, 28.972280502319336
5059948, 30, 1.7141942977905273, 0.3040470778942108, 29.971303939819336
4855738, 1, 0.05477738380432129, 0.009960641153156757, 0.9993994832038879
4855738, 2, 0.10404161363840103, 0.018340077251195908, 1.9989391565322876
4855738, 3, 0.15090368688106537, 0.025524700060486794, 2.9985475540161133
4855738, 4, 0.19634728133678436, 0.03268371522426605, 3.998171806335449
4855738, 5, 0.24283990263938904, 0.04031772539019585, 4.997721195220947
4855738, 6, 0.2966598868370056, 0.050470754504203796, 5.996942520141602
4855738, 7, 0.3487778902053833, 0.059877660125494, 6.99624490737915
4855738, 8, 0.3953826129436493, 0.06732597947120667, 7.995776176452637
4855738, 9, 0.4414798617362976, 0.07451450079679489, 8.995331764221191
4855738, 10, 0.4866679608821869, 0.0811769962310791, 9.994948387145996
4855738, 11, 0.5320038795471191, 0.08803799003362656, 10.994394302368164
4855738, 12, 0.5779897570610046, 0.09520422667264938, 11.993806838989258
4855738, 13, 0.6210605502128601, 0.10160104930400848, 12.993305206298828
4855738, 14, 0.6723156571388245, 0.10988742858171463, 13.992525100708008
4855738, 15, 0.7238651514053345, 0.11794179677963257, 14.991753578186035
4855738, 16, 0.7840102910995483, 0.12865497171878815, 15.990633010864258
4855738, 17, 0.8378461003303528, 0.1377488672733307, 16.989749908447266
4855738, 18, 0.8840444684028625, 0.14476093649864197, 17.989131927490234
4855738, 19, 0.9239752292633057, 0.15035943686962128, 18.988723754882812
4855738, 20, 0.9723505973815918, 0.15804767608642578, 19.988019943237305
4855738, 21, 1.016636610031128, 0.16497689485549927, 20.987586975097656
4855738, 22, 1.060420274734497, 0.17143042385578156, 21.98723030090332
4855738, 23, 1.105408787727356, 0.17853790521621704, 22.986839294433594
4855738, 24, 1.151127815246582, 0.18600845336914062, 23.986413955688477
4855738, 25, 1.1965527534484863, 0.19289818406105042, 24.986064910888672
4855738, 26, 1.2449517250061035, 0.20025062561035156, 25.985593795776367
4855738, 27, 1.2927628755569458, 0.20762676000595093, 26.985095977783203
4855738, 28, 1.3402115106582642, 0.21496731042861938, 27.984619140625
4855738, 29, 1.3865454196929932, 0.22201494872570038, 28.984167098999023
4855738, 30, 1.4346024990081787, 0.22947506606578827, 29.983623504638672
